#!ascii label  , from subject sub-v2s7x29665_ses-1 vox2ras=TkReg
1349
47877  -41.248  -20.305  29.043 0.0000000000
39278  -31.022  -29.875  34.836 0.0000000000
51657  -49.968  -16.464  23.268 0.0000000000
50818  -37.446  -17.476  18.783 0.0000000000
53332  -42.840  -14.270  26.058 0.0000000000
41083  -39.521  -28.150  29.146 0.0000000000
128603  -29.400  -26.239  23.886 0.0000000000
45251  -34.926  -24.204  18.297 0.0000000000
38368  -20.778  -31.612  35.228 0.0000000000
107558  -47.297  -9.653  21.568 0.0000000000
112664  -20.841  -27.948  24.011 0.0000000000
49020  -38.694  -19.229  23.570 0.0000000000
52519  -39.761  -15.953  22.275 0.0000000000
128793  -39.830  -15.143  28.639 0.0000000000
44274  -42.367  -24.063  28.412 0.0000000000
43521  -38.231  -25.124  24.845 0.0000000000
46064  -40.257  -22.718  21.932 0.0000000000
47983  -35.866  -20.732  18.332 0.0000000000
57721  -46.710  -9.258  18.275 0.0000000000
39258  -26.003  -30.139  35.825 0.0000000000
40204  -21.306  -29.970  30.217 0.0000000000
41858  -26.493  -27.718  30.964 0.0000000000
119338  -45.829  -16.976  25.133 0.0000000000
39333  -35.685  -30.606  31.724 0.0000000000
41074  -31.027  -28.890  28.977 0.0000000000
42714  -34.357  -26.791  27.219 0.0000000000
45180  -32.439  -23.401  22.320 0.0000000000
38330  -16.871  -31.173  37.061 0.0000000000
54122  -46.677  -13.485  31.466 0.0000000000
54181  -48.912  -13.287  27.512 0.0000000000
57670  -48.795  -7.889  24.037 0.0000000000
112391  -46.763  -13.573  23.993 0.0000000000
54246  -45.799  -13.636  19.920 0.0000000000
40182  -16.971  -30.116  31.023 0.0000000000
42756  -25.489  -26.763  24.624 0.0000000000
47912  -39.941  -20.213  26.120 0.0000000000
114428  -39.145  -17.668  26.064 0.0000000000
50727  -40.152  -17.602  29.286 0.0000000000
46876  -42.496  -22.111  28.401 0.0000000000
44323  -41.438  -24.043  24.754 0.0000000000
46929  -41.560  -21.908  24.648 0.0000000000
47947  -40.405  -20.994  22.644 0.0000000000
51681  -49.311  -16.446  20.706 0.0000000000
123258  -51.793  -15.201  23.027 0.0000000000
40118  -28.703  -29.576  35.291 0.0000000000
41012  -26.521  -28.649  33.801 0.0000000000
41029  -28.832  -28.196  32.722 0.0000000000
52560  -37.751  -15.551  18.109 0.0000000000
108239  -40.875  -15.584  24.215 0.0000000000
109946  -41.203  -15.723  22.277 0.0000000000
52495  -42.601  -15.793  24.313 0.0000000000
114312  -43.704  -16.486  22.462 0.0000000000
53348  -44.125  -15.391  25.937 0.0000000000
122088  -37.993  -29.825  30.392 0.0000000000
41078  -35.182  -28.813  29.382 0.0000000000
41890  -37.135  -27.717  28.362 0.0000000000
45206  -36.331  -24.267  21.510 0.0000000000
115755  -35.080  -24.111  23.856 0.0000000000
45222  -33.983  -23.102  20.658 0.0000000000
49967  -35.984  -18.910  18.251 0.0000000000
54155  -48.597  -13.832  29.758 0.0000000000
55028  -46.251  -11.557  25.210 0.0000000000
112746  -45.842  -11.220  23.248 0.0000000000
54241  -46.271  -13.656  21.640 0.0000000000
122139  -44.862  -11.949  21.413 0.0000000000
56860  -44.271  -10.455  17.519 0.0000000000
38346  -18.723  -31.850  36.201 0.0000000000
108631  -17.051  -30.717  34.031 0.0000000000
38417  -18.730  -31.487  32.730 0.0000000000
41098  -21.428  -28.582  27.385 0.0000000000
112477  -19.616  -29.830  27.078 0.0000000000
40274  -19.042  -29.458  24.417 0.0000000000
41916  -30.141  -28.189  26.181 0.0000000000
41901  -28.054  -28.104  27.067 0.0000000000
41952  -27.782  -27.486  23.885 0.0000000000
49959  -38.460  -18.543  20.393 0.0000000000
51675  -38.429  -16.515  20.485 0.0000000000
50787  -38.667  -17.674  23.587 0.0000000000
52477  -39.661  -15.872  25.349 0.0000000000
54188  -40.816  -13.571  27.080 0.0000000000
42708  -41.144  -26.266  28.775 0.0000000000
42719  -39.060  -26.849  27.248 0.0000000000
43515  -40.265  -25.408  25.340 0.0000000000
127916  -39.182  -24.707  22.856 0.0000000000
45224  -37.626  -24.153  20.168 0.0000000000
46104  -35.880  -22.880  18.171 0.0000000000
46094  -37.820  -22.470  19.773 0.0000000000
47977  -38.445  -20.420  19.919 0.0000000000
107555  -47.108  -9.576  20.077 0.0000000000
59350  -50.424  -7.453  20.522 0.0000000000
39232  -23.884  -30.731  36.035 0.0000000000
39291  -21.606  -30.793  33.241 0.0000000000
40148  -23.696  -29.486  33.287 0.0000000000
126568  -24.076  -28.137  30.733 0.0000000000
124940  -23.779  -27.249  28.127 0.0000000000
52552  -38.985  -15.130  19.836 0.0000000000
124515  -45.734  -17.412  22.038 0.0000000000
51655  -47.193  -17.376  23.282 0.0000000000
39309  -33.132  -30.283  33.101 0.0000000000
41043  -31.299  -28.925  32.011 0.0000000000
40208  -33.176  -29.443  30.657 0.0000000000
41104  -32.220  -28.525  27.947 0.0000000000
42746  -31.815  -26.479  25.559 0.0000000000
43499  -36.189  -25.555  26.580 0.0000000000
44306  -33.734  -25.127  25.191 0.0000000000
43531  -31.037  -24.810  23.823 0.0000000000
124370  -40.942  -17.042  32.458 0.0000000000
38355  -32.846  -30.696  35.638 0.0000000000
39314  -37.916  -31.083  32.583 0.0000000000
40194  -39.710  -29.509  31.656 0.0000000000
53267  -39.896  -14.858  31.497 0.0000000000
54136  -40.184  -12.969  30.295 0.0000000000
54988  -41.900  -12.121  29.386 0.0000000000
108031  -44.223  -11.505  33.077 0.0000000000
54166  -44.840  -13.665  28.630 0.0000000000
53319  -45.793  -15.368  27.862 0.0000000000
52466  -48.214  -16.805  27.444 0.0000000000
52483  -50.723  -15.564  25.639 0.0000000000
56733  -47.446  -10.215  26.425 0.0000000000
54203  -48.519  -13.686  26.186 0.0000000000
53377  -51.637  -14.538  24.472 0.0000000000
116224  -49.666  -13.582  22.768 0.0000000000
55976  -44.690  -11.424  19.779 0.0000000000
40129  -14.991  -29.760  34.816 0.0000000000
39361  -15.106  -30.120  28.275 0.0000000000
39346  -19.324  -30.898  30.335 0.0000000000
40247  -17.111  -29.659  27.506 0.0000000000
41055  -28.976  -28.107  29.949 0.0000000000
42713  -25.777  -27.114  27.250 0.0000000000
115408  -23.293  -26.323  23.802 0.0000000000
41159  -23.930  -28.390  20.184 0.0000000000
47913  -40.374  -20.324  26.861 0.0000000000
48969  -39.777  -18.822  27.692 0.0000000000
48952  -40.147  -19.061  28.335 0.0000000000
111408  -41.852  -21.026  28.871 0.0000000000
46005  -42.157  -21.887  26.794 0.0000000000
47903  -41.445  -21.084  27.267 0.0000000000
47924  -40.342  -20.817  25.210 0.0000000000
51670  -47.723  -17.211  21.511 0.0000000000
120858  -49.018  -16.711  21.556 0.0000000000
51682  -50.692  -15.937  21.886 0.0000000000
51671  -50.274  -16.248  22.529 0.0000000000
40136  -30.205  -29.708  35.097 0.0000000000
41000  -28.642  -28.749  34.150 0.0000000000
41016  -29.900  -28.666  33.431 0.0000000000
108801  -36.424  -16.668  17.366 0.0000000000
51696  -37.502  -16.455  18.449 0.0000000000
53345  -41.729  -14.751  25.343 0.0000000000
52494  -41.794  -15.606  24.201 0.0000000000
53346  -42.490  -14.821  25.467 0.0000000000
52496  -43.409  -16.041  24.515 0.0000000000
53347  -43.292  -15.059  25.680 0.0000000000
41059  -39.087  -29.195  30.117 0.0000000000
41080  -37.129  -28.857  29.320 0.0000000000
41096  -38.700  -28.221  28.782 0.0000000000
44379  -36.143  -24.413  19.821 0.0000000000
121948  -35.248  -23.663  21.592 0.0000000000
45236  -34.512  -23.605  19.471 0.0000000000
45221  -33.441  -22.944  19.878 0.0000000000
49969  -37.268  -18.238  18.804 0.0000000000
49975  -35.296  -18.372  17.678 0.0000000000
119958  -35.707  -17.714  17.591 0.0000000000
56784  -46.980  -10.112  23.437 0.0000000000
117108  -45.875  -10.831  22.094 0.0000000000
55062  -45.219  -11.687  22.031 0.0000000000
107677  -46.090  -10.488  21.465 0.0000000000
38366  -19.540  -31.929  35.911 0.0000000000
121896  -19.008  -31.861  35.249 0.0000000000
38385  -20.189  -31.672  34.565 0.0000000000
41115  -21.127  -28.278  25.706 0.0000000000
41106  -20.622  -28.935  26.154 0.0000000000
41126  -20.353  -28.605  24.455 0.0000000000
40290  -19.385  -29.780  22.850 0.0000000000
41144  -20.475  -28.630  22.670 0.0000000000
42744  -30.145  -27.022  24.961 0.0000000000
124371  -28.827  -27.701  24.850 0.0000000000
41953  -28.546  -27.379  24.245 0.0000000000
49043  -38.822  -19.384  21.573 0.0000000000
50802  -38.411  -17.630  21.778 0.0000000000
49936  -38.524  -18.470  23.139 0.0000000000
51589  -39.508  -16.643  27.552 0.0000000000
50755  -39.261  -16.950  25.966 0.0000000000
52447  -39.588  -15.739  27.215 0.0000000000
52462  -40.192  -14.696  26.222 0.0000000000
53300  -39.926  -14.689  27.887 0.0000000000
43479  -41.533  -25.498  28.327 0.0000000000
43489  -40.866  -25.983  27.002 0.0000000000
43504  -41.288  -25.285  26.586 0.0000000000
45173  -40.935  -23.448  23.121 0.0000000000
44335  -40.398  -24.256  23.221 0.0000000000
45185  -39.978  -23.643  22.146 0.0000000000
123598  -38.477  -24.430  21.546 0.0000000000
45225  -38.268  -23.952  20.604 0.0000000000
124248  -37.514  -23.611  19.751 0.0000000000
46080  -39.321  -22.104  20.896 0.0000000000
115696  -39.761  -20.509  22.584 0.0000000000
119695  -39.672  -20.709  21.206 0.0000000000
47964  -39.229  -19.937  20.867 0.0000000000
49053  -38.542  -19.077  19.986 0.0000000000
39257  -25.169  -30.204  35.687 0.0000000000
39276  -23.469  -30.206  34.545 0.0000000000
40131  -24.719  -29.494  34.306 0.0000000000
41027  -26.607  -28.062  32.395 0.0000000000
114774  -25.133  -28.338  32.366 0.0000000000
41846  -24.844  -27.928  30.973 0.0000000000
41871  -24.076  -27.598  29.399 0.0000000000
113146  -24.870  -27.469  29.444 0.0000000000
51665  -39.034  -16.237  21.862 0.0000000000
52539  -38.670  -15.677  20.163 0.0000000000
52528  -39.565  -15.681  21.387 0.0000000000
52542  -41.557  -15.442  20.797 0.0000000000
53406  -40.783  -15.106  20.293 0.0000000000
52553  -41.682  -15.211  19.984 0.0000000000
51627  -45.154  -16.876  24.464 0.0000000000
109618  -44.994  -17.162  22.095 0.0000000000
51654  -45.510  -17.317  22.765 0.0000000000
108242  -46.391  -17.453  22.539 0.0000000000
51640  -46.973  -17.330  24.192 0.0000000000
39310  -33.980  -30.587  32.830 0.0000000000
40171  -33.185  -29.937  32.270 0.0000000000
117289  -34.266  -29.877  31.180 0.0000000000
41888  -35.205  -27.767  28.317 0.0000000000
41091  -33.855  -28.443  28.675 0.0000000000
41903  -33.922  -27.479  27.685 0.0000000000
41918  -32.521  -27.429  26.843 0.0000000000
42729  -33.006  -26.687  26.431 0.0000000000
43501  -38.870  -25.944  26.152 0.0000000000
42734  -38.050  -26.134  26.734 0.0000000000
121161  -36.896  -25.236  26.084 0.0000000000
45170  -34.021  -23.664  23.078 0.0000000000
44315  -33.886  -24.677  24.632 0.0000000000
109797  -33.262  -24.469  24.123 0.0000000000
43519  -31.982  -25.283  24.621 0.0000000000
46978  -35.854  -21.715  18.237 0.0000000000
39316  -39.202  -30.410  32.766 0.0000000000
43435  -41.686  -25.588  31.288 0.0000000000
51546  -40.585  -16.323  32.179 0.0000000000
54950  -39.762  -12.209  32.434 0.0000000000
55853  -40.689  -11.804  31.336 0.0000000000
129577  -41.276  -12.189  29.925 0.0000000000
55845  -42.050  -11.371  31.992 0.0000000000
54965  -45.319  -12.759  32.060 0.0000000000
54976  -44.123  -12.389  30.606 0.0000000000
54992  -45.520  -13.564  30.663 0.0000000000
54180  -45.337  -14.499  28.247 0.0000000000
54152  -46.642  -14.723  30.197 0.0000000000
54168  -48.988  -14.151  29.072 0.0000000000
52440  -48.761  -16.107  28.869 0.0000000000
53320  -49.453  -15.386  28.272 0.0000000000
52482  -50.058  -16.095  26.536 0.0000000000
53337  -49.909  -15.351  27.309 0.0000000000
57655  -48.797  -8.123  25.058 0.0000000000
54210  -46.046  -12.969  24.254 0.0000000000
121788  -46.613  -12.432  25.815 0.0000000000
54212  -48.239  -13.854  25.313 0.0000000000
53364  -50.638  -14.390  25.178 0.0000000000
53375  -49.041  -13.867  23.946 0.0000000000
53388  -50.570  -13.636  23.773 0.0000000000
53387  -48.524  -13.798  22.984 0.0000000000
113690  -45.911  -13.636  20.695 0.0000000000
53395  -47.866  -13.860  21.375 0.0000000000
53407  -47.662  -13.834  20.585 0.0000000000
57714  -47.588  -9.237  19.533 0.0000000000
107839  -45.456  -10.604  20.033 0.0000000000
57713  -46.237  -9.643  18.844 0.0000000000
39304  -17.414  -30.684  32.480 0.0000000000
40146  -15.772  -29.795  33.158 0.0000000000
40181  -16.089  -29.650  31.303 0.0000000000
40222  -15.067  -29.776  29.628 0.0000000000
40223  -15.902  -29.564  29.377 0.0000000000
39331  -21.315  -30.538  31.560 0.0000000000
39330  -20.172  -31.080  31.374 0.0000000000
40203  -20.548  -30.496  30.244 0.0000000000
109532  -18.065  -29.925  27.454 0.0000000000
37673  -17.453  -32.046  23.492 0.0000000000
41057  -30.827  -28.778  30.338 0.0000000000
109186  -30.250  -28.467  31.022 0.0000000000
130569  -29.554  -28.427  29.309 0.0000000000
41923  -27.215  -27.655  25.940 0.0000000000
127395  -27.405  -27.801  27.129 0.0000000000
42726  -25.657  -26.948  26.352 0.0000000000
42725  -24.246  -26.668  26.306 0.0000000000
42755  -24.584  -26.456  24.556 0.0000000000
41153  -22.685  -27.819  21.104 0.0000000000
117075  -39.107  -19.705  24.737 0.0000000000
49008  -38.776  -19.129  24.439 0.0000000000
110965  -39.357  -19.220  26.127 0.0000000000
50737  -39.599  -17.516  27.850 0.0000000000
51577  -39.751  -16.892  28.623 0.0000000000
45116  -42.591  -23.343  28.120 0.0000000000
44298  -42.254  -23.902  26.725 0.0000000000
45146  -42.371  -23.116  26.387 0.0000000000
46044  -41.900  -22.529  25.029 0.0000000000
46050  -41.263  -22.104  23.238 0.0000000000
46953  -40.331  -21.810  21.808 0.0000000000
124958  -40.636  -21.166  23.323 0.0000000000
47946  -39.800  -20.619  23.470 0.0000000000
52533  -52.270  -14.522  22.533 0.0000000000
126591  -27.095  -29.493  35.113 0.0000000000
40133  -26.680  -29.117  34.554 0.0000000000
40134  -27.530  -29.099  34.618 0.0000000000
41013  -27.820  -28.421  33.549 0.0000000000
41040  -27.692  -27.862  31.649 0.0000000000
115775  -40.242  -15.905  23.937 0.0000000000
52520  -40.567  -15.838  22.681 0.0000000000
52509  -41.400  -15.753  23.656 0.0000000000
52522  -42.054  -15.872  22.366 0.0000000000
52523  -42.957  -16.147  22.897 0.0000000000
52532  -42.951  -16.109  21.959 0.0000000000
52497  -44.305  -16.409  24.686 0.0000000000
52498  -45.073  -16.619  25.129 0.0000000000
40191  -36.839  -30.308  30.947 0.0000000000
40210  -35.364  -29.795  30.562 0.0000000000
40234  -36.660  -29.368  29.831 0.0000000000
41093  -35.662  -28.297  28.833 0.0000000000
41905  -35.664  -27.157  27.861 0.0000000000
44333  -37.769  -24.727  23.275 0.0000000000
44318  -36.615  -24.549  24.518 0.0000000000
45183  -35.701  -23.909  22.352 0.0000000000
45182  -34.678  -23.542  22.379 0.0000000000
128309  -33.097  -23.290  22.172 0.0000000000
125849  -32.019  -23.153  21.743 0.0000000000
46062  -33.028  -22.776  20.829 0.0000000000
49057  -35.919  -19.813  18.364 0.0000000000
49065  -35.273  -19.315  17.937 0.0000000000
55849  -46.996  -11.722  31.471 0.0000000000
54138  -47.442  -13.909  30.975 0.0000000000
55865  -48.148  -11.335  30.233 0.0000000000
55872  -48.663  -11.776  29.082 0.0000000000
55004  -48.586  -12.200  28.321 0.0000000000
118477  -49.006  -8.125  23.463 0.0000000000
56767  -48.515  -8.713  24.167 0.0000000000
56766  -47.375  -9.773  24.030 0.0000000000
55901  -46.163  -11.075  24.193 0.0000000000
54217  -46.099  -13.363  23.430 0.0000000000
53374  -47.314  -13.743  23.321 0.0000000000
54230  -45.495  -12.894  22.737 0.0000000000
55074  -45.083  -12.481  21.896 0.0000000000
54239  -44.839  -12.484  20.915 0.0000000000
58543  -47.156  -8.966  17.676 0.0000000000
57720  -45.632  -9.486  17.801 0.0000000000
57719  -44.748  -9.794  17.274 0.0000000000
38331  -17.732  -31.582  37.312 0.0000000000
39231  -16.828  -30.971  36.076 0.0000000000
38382  -17.799  -31.374  34.812 0.0000000000
39289  -17.949  -31.259  33.039 0.0000000000
39305  -18.159  -31.181  32.174 0.0000000000
40243  -21.238  -29.277  28.655 0.0000000000
108410  -20.664  -29.841  28.783 0.0000000000
40250  -20.179  -29.703  27.414 0.0000000000
40262  -19.124  -29.483  25.370 0.0000000000
40283  -18.286  -29.918  23.869 0.0000000000
38480  -18.076  -31.580  23.035 0.0000000000
39393  -18.789  -30.219  23.035 0.0000000000
41102  -30.796  -28.633  27.608 0.0000000000
41101  -29.864  -28.630  27.538 0.0000000000
41915  -29.242  -28.294  26.115 0.0000000000
41924  -27.812  -27.857  25.190 0.0000000000
41937  -27.073  -27.552  24.188 0.0000000000
49963  -37.727  -18.261  19.245 0.0000000000
51686  -37.840  -16.782  19.175 0.0000000000
50808  -38.313  -17.580  20.718 0.0000000000
115399  -38.676  -16.908  22.296 0.0000000000
51650  -38.846  -16.988  23.160 0.0000000000
50777  -38.823  -17.653  24.405 0.0000000000
51636  -39.000  -17.045  23.955 0.0000000000
52492  -39.759  -16.188  24.100 0.0000000000
52493  -40.034  -15.678  24.671 0.0000000000
118584  -40.663  -14.656  25.632 0.0000000000
54189  -41.438  -13.723  26.408 0.0000000000
41893  -40.078  -27.507  28.736 0.0000000000
41892  -39.419  -27.662  28.426 0.0000000000
42706  -39.958  -27.176  27.942 0.0000000000
43502  -39.808  -25.909  26.074 0.0000000000
43514  -39.370  -25.576  25.358 0.0000000000
110987  -40.966  -24.809  25.015 0.0000000000
44321  -39.799  -24.984  24.085 0.0000000000
109875  -38.707  -24.853  23.175 0.0000000000
44351  -38.111  -24.723  22.541 0.0000000000
114323  -37.406  -24.551  20.890 0.0000000000
45238  -36.149  -24.338  19.052 0.0000000000
45252  -35.788  -23.962  18.339 0.0000000000
130281  -36.437  -23.999  18.928 0.0000000000
46970  -37.067  -22.254  19.158 0.0000000000
127531  -36.901  -21.251  19.012 0.0000000000
46960  -39.251  -21.353  20.725 0.0000000000
123911  -38.525  -21.330  20.141 0.0000000000
129497  -37.272  -20.553  19.198 0.0000000000
128125  -37.817  -19.516  19.402 0.0000000000
115689  -38.087  -18.951  19.535 0.0000000000
107686  -47.937  -9.264  21.260 0.0000000000
58528  -49.369  -8.132  21.682 0.0000000000
58536  -49.213  -8.564  20.564 0.0000000000
125802  -49.208  -8.602  19.563 0.0000000000
58544  -48.459  -8.710  18.295 0.0000000000
59359  -49.040  -8.425  17.747 0.0000000000
38369  -22.318  -31.087  35.564 0.0000000000
38386  -21.390  -31.242  34.600 0.0000000000
39275  -22.694  -30.483  34.305 0.0000000000
40147  -22.939  -29.866  33.009 0.0000000000
40184  -22.416  -29.572  31.423 0.0000000000
40150  -25.300  -29.038  33.894 0.0000000000
41024  -23.998  -28.736  32.065 0.0000000000
41036  -22.898  -28.958  30.970 0.0000000000
41070  -22.577  -28.416  29.370 0.0000000000
113014  -22.632  -27.789  28.105 0.0000000000
41922  -22.216  -27.222  25.765 0.0000000000
52550  -37.981  -15.898  18.898 0.0000000000
126542  -38.265  -15.242  18.536 0.0000000000
52541  -40.161  -15.296  20.879 0.0000000000
51669  -47.418  -17.344  22.355 0.0000000000
51656  -48.406  -17.111  23.198 0.0000000000
40154  -31.803  -29.646  33.579 0.0000000000
115870  -31.171  -29.228  33.387 0.0000000000
119708  -32.379  -29.560  32.301 0.0000000000
40186  -31.824  -29.144  31.302 0.0000000000
129920  -32.079  -29.135  29.826 0.0000000000
40231  -33.692  -29.216  29.953 0.0000000000
41076  -33.214  -28.879  29.169 0.0000000000
123787  -31.452  -28.774  28.297 0.0000000000
41110  -31.154  -28.371  27.073 0.0000000000
41928  -31.312  -27.228  25.873 0.0000000000
42760  -30.639  -26.185  24.698 0.0000000000
41907  -37.680  -27.170  27.839 0.0000000000
42716  -36.113  -26.529  27.444 0.0000000000
42732  -35.655  -26.026  26.976 0.0000000000
44308  -35.583  -24.645  25.158 0.0000000000
43510  -34.986  -25.177  25.821 0.0000000000
43496  -33.847  -25.821  26.048 0.0000000000
43507  -32.344  -25.782  25.234 0.0000000000
43506  -31.467  -25.956  24.972 0.0000000000
45263  -34.502  -23.756  17.393 0.0000000000
48917  -41.536  -19.756  30.517 0.0000000000
48916  -41.019  -19.039  30.158 0.0000000000
38332  -18.376  -31.879  37.601 0.0000000000
38335  -21.884  -31.614  36.950 0.0000000000
38350  -23.334  -31.127  36.608 0.0000000000
38351  -24.893  -30.987  36.992 0.0000000000
110537  -27.910  -30.265  36.341 0.0000000000
39261  -29.524  -30.145  36.298 0.0000000000
39262  -30.833  -30.192  35.578 0.0000000000
112219  -31.609  -30.346  35.261 0.0000000000
38388  -33.223  -30.891  34.603 0.0000000000
112432  -34.247  -31.066  33.591 0.0000000000
39297  -35.514  -31.318  33.177 0.0000000000
38409  -36.820  -31.674  33.891 0.0000000000
39313  -36.982  -31.156  32.423 0.0000000000
39335  -37.553  -30.667  31.603 0.0000000000
40193  -39.055  -29.935  31.309 0.0000000000
41044  -40.015  -28.820  30.956 0.0000000000
41061  -40.291  -28.153  30.401 0.0000000000
42681  -40.948  -27.020  30.257 0.0000000000
43450  -41.671  -25.536  30.265 0.0000000000
47879  -42.280  -21.326  30.170 0.0000000000
50706  -40.804  -17.356  31.009 0.0000000000
124063  -40.447  -16.827  30.376 0.0000000000
52428  -39.948  -15.112  30.142 0.0000000000
54105  -39.400  -13.384  33.382 0.0000000000
54121  -39.682  -13.421  31.480 0.0000000000
53284  -39.949  -14.475  29.367 0.0000000000
54999  -40.770  -12.933  28.735 0.0000000000
55000  -41.446  -12.556  28.618 0.0000000000
129842  -42.297  -12.796  27.661 0.0000000000
55856  -43.418  -11.921  31.131 0.0000000000
55002  -43.407  -12.517  28.637 0.0000000000
54178  -43.610  -13.373  27.365 0.0000000000
53334  -44.525  -14.995  26.627 0.0000000000
53335  -45.368  -15.506  26.998 0.0000000000
129092  -46.152  -16.618  26.298 0.0000000000
52438  -47.262  -15.783  29.341 0.0000000000
127012  -47.223  -16.599  27.731 0.0000000000
51616  -46.596  -16.914  25.934 0.0000000000
51629  -47.890  -17.178  24.996 0.0000000000
51630  -49.215  -16.833  24.977 0.0000000000
51642  -49.601  -16.689  24.111 0.0000000000
56719  -48.491  -10.054  27.953 0.0000000000
55012  -48.252  -12.479  27.605 0.0000000000
55892  -46.844  -10.624  25.655 0.0000000000
55019  -47.027  -12.365  26.471 0.0000000000
54194  -48.741  -13.460  26.875 0.0000000000
53350  -50.353  -14.930  26.064 0.0000000000
52499  -51.291  -15.193  24.968 0.0000000000
51643  -51.257  -15.590  24.280 0.0000000000
52512  -51.884  -14.609  24.057 0.0000000000
111289  -51.640  -13.586  23.385 0.0000000000
53398  -52.398  -13.376  22.840 0.0000000000
127172  -48.115  -13.816  22.107 0.0000000000
53396  -48.941  -13.705  21.943 0.0000000000
53410  -51.808  -12.873  22.436 0.0000000000
107704  -46.066  -10.364  20.827 0.0000000000
55958  -44.766  -11.761  20.706 0.0000000000
55080  -44.601  -12.357  19.903 0.0000000000
55991  -44.307  -11.509  18.791 0.0000000000
109905  -44.439  -12.451  19.093 0.0000000000
54254  -45.403  -13.467  19.312 0.0000000000
39251  -15.856  -30.176  35.026 0.0000000000
115224  -20.054  -31.480  32.931 0.0000000000
113227  -18.949  -31.377  31.920 0.0000000000
39344  -17.893  -30.686  30.677 0.0000000000
40242  -19.492  -30.333  28.389 0.0000000000
40225  -18.211  -30.386  28.936 0.0000000000
40224  -16.717  -29.716  28.812 0.0000000000
40239  -16.013  -29.584  28.431 0.0000000000
41030  -29.732  -28.366  32.547 0.0000000000
125087  -28.375  -27.926  31.215 0.0000000000
41873  -27.416  -27.746  29.875 0.0000000000
41885  -28.216  -28.068  28.476 0.0000000000
41884  -27.435  -27.751  28.923 0.0000000000
110204  -26.059  -27.438  28.840 0.0000000000
42705  -25.087  -27.083  27.902 0.0000000000
42724  -23.579  -26.694  26.142 0.0000000000
42752  -21.955  -26.825  23.958 0.0000000000
42789  -26.622  -27.200  22.834 0.0000000000
42771  -25.759  -26.922  22.926 0.0000000000
42787  -24.073  -26.286  22.513 0.0000000000
42786  -23.090  -26.316  22.517 0.0000000000
41965  -22.120  -26.967  21.964 0.0000000000
41963  -21.003  -27.941  22.573 0.0000000000
48953  -40.692  -19.954  28.325 0.0000000000
48934  -40.655  -19.288  29.216 0.0000000000
47892  -41.474  -20.861  28.102 0.0000000000
47902  -40.816  -20.480  27.527 0.0000000000
118290  -48.697  -16.947  22.341 0.0000000000
126029  -30.552  -29.429  34.392 0.0000000000
40152  -29.853  -29.110  34.290 0.0000000000
40153  -30.549  -29.086  33.727 0.0000000000
51695  -36.952  -16.962  18.086 0.0000000000
54201  -42.001  -14.178  25.895 0.0000000000
53360  -42.165  -15.311  24.849 0.0000000000
41082  -38.971  -28.800  29.503 0.0000000000
45237  -35.503  -24.287  19.090 0.0000000000
45223  -35.116  -23.681  20.471 0.0000000000
50817  -36.839  -17.793  18.359 0.0000000000
50824  -36.315  -17.391  17.793 0.0000000000
107553  -47.312  -9.739  22.257 0.0000000000
38367  -20.194  -31.864  35.772 0.0000000000
115378  -19.835  -31.817  35.167 0.0000000000
41935  -20.989  -28.122  24.869 0.0000000000
41137  -20.309  -28.524  23.578 0.0000000000
42759  -29.800  -26.401  24.328 0.0000000000
41939  -29.316  -27.261  24.613 0.0000000000
42758  -29.055  -26.767  24.002 0.0000000000
49033  -38.701  -19.293  22.623 0.0000000000
49947  -38.464  -18.505  22.192 0.0000000000
118070  -39.633  -15.944  28.173 0.0000000000
51601  -39.437  -16.393  26.599 0.0000000000
127021  -39.733  -15.258  27.790 0.0000000000
53316  -39.901  -14.841  27.074 0.0000000000
44273  -42.006  -24.761  28.817 0.0000000000
43490  -41.429  -25.427  27.424 0.0000000000
44284  -41.932  -24.735  27.920 0.0000000000
45186  -40.672  -23.067  22.510 0.0000000000
44354  -40.375  -23.820  22.681 0.0000000000
45207  -38.724  -24.035  21.158 0.0000000000
45208  -39.482  -23.396  21.529 0.0000000000
45226  -38.902  -23.093  20.874 0.0000000000
46063  -39.719  -22.420  21.371 0.0000000000
49021  -39.117  -19.991  23.062 0.0000000000
49034  -39.357  -20.038  22.107 0.0000000000
40114  -24.913  -29.821  35.020 0.0000000000
40115  -25.641  -29.754  35.191 0.0000000000
41039  -26.123  -27.899  31.689 0.0000000000
108019  -25.670  -27.760  30.982 0.0000000000
41857  -25.265  -27.629  30.228 0.0000000000
108753  -26.074  -27.601  30.244 0.0000000000
52527  -38.845  -15.953  21.001 0.0000000000
52531  -42.239  -15.749  21.380 0.0000000000
51639  -45.301  -17.125  23.622 0.0000000000
108205  -46.015  -17.221  24.321 0.0000000000
108146  -46.202  -17.378  23.445 0.0000000000
39311  -35.006  -30.714  32.332 0.0000000000
40172  -34.152  -30.179  31.864 0.0000000000
40189  -34.996  -30.192  31.318 0.0000000000
41904  -34.779  -27.270  27.781 0.0000000000
41887  -34.346  -27.885  28.239 0.0000000000
41919  -33.457  -27.088  27.061 0.0000000000
43513  -38.525  -25.454  25.415 0.0000000000
43500  -37.868  -25.601  26.084 0.0000000000
43512  -37.651  -25.148  25.429 0.0000000000
45169  -33.086  -23.618  22.916 0.0000000000
122433  -33.458  -24.008  23.534 0.0000000000
44329  -32.730  -24.175  23.605 0.0000000000
114574  -32.073  -24.387  23.695 0.0000000000
45168  -32.078  -23.857  23.059 0.0000000000
47996  -35.298  -21.221  17.899 0.0000000000
55844  -41.147  -11.404  32.031 0.0000000000
55848  -46.219  -11.951  32.184 0.0000000000
55833  -45.329  -11.505  32.691 0.0000000000
54966  -46.083  -12.881  32.013 0.0000000000
54978  -45.908  -13.412  31.558 0.0000000000
122403  -45.896  -14.143  30.204 0.0000000000
54137  -46.518  -14.137  30.974 0.0000000000
54182  -49.340  -14.290  28.345 0.0000000000
54195  -49.603  -14.266  27.577 0.0000000000
58507  -48.100  -7.671  23.746 0.0000000000
54211  -46.917  -13.437  24.757 0.0000000000
53362  -47.888  -13.803  24.319 0.0000000000
115280  -46.850  -13.830  20.998 0.0000000000
54247  -46.595  -13.788  20.166 0.0000000000
124000  -16.316  -30.684  36.550 0.0000000000
39326  -16.769  -30.109  31.911 0.0000000000
40201  -16.252  -29.657  30.358 0.0000000000
40183  -21.676  -30.080  31.091 0.0000000000
39348  -20.848  -30.611  30.948 0.0000000000
38466  -16.843  -31.191  24.095 0.0000000000
109195  -30.700  -28.788  29.608 0.0000000000
41073  -30.252  -28.685  29.099 0.0000000000
42757  -26.329  -27.196  24.809 0.0000000000
42743  -26.397  -27.247  25.713 0.0000000000
42742  -25.612  -26.866  25.478 0.0000000000
109796  -24.931  -26.587  25.249 0.0000000000
47923  -39.459  -19.952  25.361 0.0000000000
49872  -39.819  -18.284  28.136 0.0000000000
49884  -39.523  -18.196  27.347 0.0000000000
50738  -39.860  -17.741  28.583 0.0000000000
113171  -42.599  -22.673  27.826 0.0000000000
130408  -42.508  -22.673  27.079 0.0000000000
46915  -41.871  -21.963  25.582 0.0000000000
46942  -41.474  -22.139  23.917 0.0000000000
46941  -41.120  -21.621  23.782 0.0000000000
47935  -39.609  -20.392  24.511 0.0000000000
120935  -48.156  -16.853  20.114 0.0000000000
40117  -27.795  -29.550  35.235 0.0000000000
40135  -28.295  -29.109  34.662 0.0000000000
41014  -28.560  -28.433  33.517 0.0000000000
110497  -28.023  -28.180  32.918 0.0000000000
41028  -27.453  -28.004  32.329 0.0000000000
113409  -28.251  -28.001  32.135 0.0000000000
52566  -37.088  -15.571  16.867 0.0000000000
52508  -40.710  -15.834  23.457 0.0000000000
52510  -42.200  -15.904  23.467 0.0000000000
52511  -43.108  -16.150  23.778 0.0000000000
52479  -43.763  -15.781  25.231 0.0000000000
124652  -43.784  -16.421  24.054 0.0000000000
52480  -44.616  -16.104  25.504 0.0000000000
130559  -37.588  -30.218  30.838 0.0000000000
40211  -36.268  -29.832  30.420 0.0000000000
40212  -37.159  -29.838  30.356 0.0000000000
41095  -37.657  -28.321  28.801 0.0000000000
41094  -36.637  -28.297  28.841 0.0000000000
41889  -36.143  -27.712  28.367 0.0000000000
44350  -37.255  -24.570  22.462 0.0000000000
45172  -36.381  -24.246  22.783 0.0000000000
45184  -36.552  -24.332  22.126 0.0000000000
113416  -34.381  -23.336  21.526 0.0000000000
45181  -33.784  -23.374  22.307 0.0000000000
45204  -33.486  -23.109  21.559 0.0000000000
49058  -36.654  -19.410  18.680 0.0000000000
57566  -47.095  -9.778  30.977 0.0000000000
55857  -47.587  -11.972  30.929 0.0000000000
57608  -48.550  -9.672  29.170 0.0000000000
56695  -48.495  -10.898  29.458 0.0000000000
56705  -48.618  -10.438  28.758 0.0000000000
55871  -48.540  -11.184  28.421 0.0000000000
107706  -48.606  -8.667  22.712 0.0000000000
58516  -48.581  -7.759  23.031 0.0000000000
57681  -48.837  -8.209  23.089 0.0000000000
56785  -48.506  -8.925  23.393 0.0000000000
55046  -45.545  -12.250  23.643 0.0000000000
55063  -45.269  -11.949  22.728 0.0000000000
54240  -45.348  -13.212  21.244 0.0000000000
58552  -47.626  -8.631  17.066 0.0000000000
128606  -46.181  -9.103  17.422 0.0000000000
112457  -18.302  -31.758  36.895 0.0000000000
38345  -17.718  -31.480  36.336 0.0000000000
38365  -18.182  -31.626  35.423 0.0000000000
38402  -18.582  -31.561  33.634 0.0000000000
38383  -18.448  -31.630  34.562 0.0000000000
41085  -21.603  -28.720  28.219 0.0000000000
41084  -20.862  -29.354  27.941 0.0000000000
41097  -20.763  -29.124  26.995 0.0000000000
41113  -19.780  -29.157  24.903 0.0000000000
41105  -19.919  -29.334  25.790 0.0000000000
40284  -19.144  -29.582  23.534 0.0000000000
39405  -20.210  -30.666  21.981 0.0000000000
39404  -19.417  -30.452  22.448 0.0000000000
41109  -30.399  -28.495  26.920 0.0000000000
41108  -29.731  -28.479  26.711 0.0000000000
41938  -28.222  -27.715  24.653 0.0000000000
41925  -28.600  -28.002  25.424 0.0000000000
124782  -27.629  -27.689  24.546 0.0000000000
49964  -38.199  -18.187  19.827 0.0000000000
50795  -38.526  -17.661  22.717 0.0000000000
49910  -39.022  -18.337  25.704 0.0000000000
49909  -38.812  -18.346  24.871 0.0000000000
50763  -39.032  -17.502  25.269 0.0000000000
51615  -39.465  -16.244  25.851 0.0000000000
113685  -39.325  -16.598  25.165 0.0000000000
51626  -39.362  -16.584  24.358 0.0000000000
118310  -39.600  -16.152  24.730 0.0000000000
117214  -40.353  -14.203  26.815 0.0000000000
53330  -40.748  -14.087  26.271 0.0000000000
53331  -41.259  -14.288  25.767 0.0000000000
42694  -40.691  -27.082  29.310 0.0000000000
42707  -40.561  -26.827  28.305 0.0000000000
43503  -40.590  -25.696  26.233 0.0000000000
42736  -40.169  -26.277  26.760 0.0000000000
45145  -42.065  -23.832  26.029 0.0000000000
44312  -41.599  -24.304  25.510 0.0000000000
44334  -39.613  -24.758  23.387 0.0000000000
107790  -40.356  -24.637  23.908 0.0000000000
44320  -39.166  -25.056  23.983 0.0000000000
44352  -38.751  -24.614  22.298 0.0000000000
44381  -37.936  -24.446  20.832 0.0000000000
44380  -37.201  -24.469  20.229 0.0000000000
122735  -36.653  -24.415  19.760 0.0000000000
45239  -36.907  -24.225  19.556 0.0000000000
46093  -37.042  -23.392  19.264 0.0000000000
46950  -40.511  -21.361  22.222 0.0000000000
46961  -39.810  -21.531  21.282 0.0000000000
46952  -40.142  -21.173  21.702 0.0000000000
47970  -39.033  -20.541  20.542 0.0000000000
112924  -37.716  -21.183  19.531 0.0000000000
47976  -37.844  -20.181  19.487 0.0000000000
47985  -37.272  -19.833  19.114 0.0000000000
49052  -38.320  -19.643  19.764 0.0000000000
58522  -50.123  -7.849  20.927 0.0000000000
58537  -49.991  -8.101  20.529 0.0000000000
114950  -50.096  -8.144  19.533 0.0000000000
59360  -50.688  -7.867  18.766 0.0000000000
38370  -23.114  -30.881  35.819 0.0000000000
38387  -22.145  -30.906  34.819 0.0000000000
39254  -22.918  -30.651  35.060 0.0000000000
40130  -23.980  -29.699  34.039 0.0000000000
39293  -23.222  -30.021  33.787 0.0000000000
40167  -22.668  -29.706  32.223 0.0000000000
40168  -23.428  -29.309  32.534 0.0000000000
40151  -25.952  -29.002  34.238 0.0000000000
115675  -25.858  -28.677  33.649 0.0000000000
41054  -24.344  -28.288  31.425 0.0000000000
114583  -24.692  -28.342  31.962 0.0000000000
41037  -23.641  -28.578  31.258 0.0000000000
41053  -23.363  -28.422  30.525 0.0000000000
41052  -22.671  -28.750  30.206 0.0000000000
41071  -23.146  -28.279  29.904 0.0000000000
41880  -23.613  -27.522  28.727 0.0000000000
41869  -22.926  -27.851  28.715 0.0000000000
107779  -23.177  -27.459  28.103 0.0000000000
41896  -22.707  -27.458  27.384 0.0000000000
41911  -22.522  -27.284  26.511 0.0000000000
50814  -38.129  -17.120  19.871 0.0000000000
51687  -38.238  -16.202  19.664 0.0000000000
52551  -38.540  -15.338  19.306 0.0000000000
52529  -40.510  -15.607  21.736 0.0000000000
53418  -41.031  -14.887  19.437 0.0000000000
126274  -44.304  -16.798  22.090 0.0000000000
39294  -32.598  -30.284  33.884 0.0000000000
40155  -32.460  -29.799  32.979 0.0000000000
40187  -32.641  -29.481  31.500 0.0000000000
40207  -32.369  -29.252  30.611 0.0000000000
40230  -32.839  -29.185  29.911 0.0000000000
40233  -35.706  -29.340  29.908 0.0000000000
40232  -34.679  -29.347  30.053 0.0000000000
41077  -34.222  -28.848  29.333 0.0000000000
41090  -33.027  -28.469  28.381 0.0000000000
108460  -32.356  -28.799  28.692 0.0000000000
41103  -31.502  -28.532  27.630 0.0000000000
41902  -31.981  -28.126  27.266 0.0000000000
42728  -32.140  -26.972  26.178 0.0000000000
41917  -31.535  -27.755  26.556 0.0000000000
42745  -30.979  -26.724  25.286 0.0000000000
41909  -39.295  -27.238  27.800 0.0000000000
126467  -38.847  -27.632  28.217 0.0000000000
41908  -38.583  -27.234  27.790 0.0000000000
120215  -37.100  -25.772  26.681 0.0000000000
42717  -37.204  -26.470  27.310 0.0000000000
42733  -36.424  -26.019  27.042 0.0000000000
44317  -35.748  -24.296  24.198 0.0000000000
44316  -34.814  -24.431  24.517 0.0000000000
44307  -34.507  -24.865  25.204 0.0000000000
43509  -34.145  -25.393  25.687 0.0000000000
43497  -34.512  -25.711  26.253 0.0000000000
42748  -33.341  -26.139  26.088 0.0000000000
43508  -33.277  -25.658  25.559 0.0000000000
44313  -31.664  -24.801  24.066 0.0000000000
119060  -31.079  -25.393  24.343 0.0000000000
43530  -30.447  -25.145  23.809 0.0000000000
46103  -35.250  -23.538  17.695 0.0000000000
110334  -17.865  -31.756  38.050 0.0000000000
38336  -22.760  -31.415  37.197 0.0000000000
39263  -32.219  -30.580  35.520 0.0000000000
39264  -32.359  -30.567  34.881 0.0000000000
38371  -32.791  -30.804  35.236 0.0000000000
39296  -34.733  -31.060  33.178 0.0000000000
38407  -34.925  -31.460  33.978 0.0000000000
38410  -37.528  -31.499  33.877 0.0000000000
38421  -37.333  -31.475  33.243 0.0000000000
38420  -36.443  -31.509  33.186 0.0000000000
40173  -39.626  -29.880  32.399 0.0000000000
39337  -39.292  -30.092  32.014 0.0000000000
40214  -39.412  -29.331  30.747 0.0000000000
110353  -40.507  -28.204  31.226 0.0000000000
41860  -40.701  -27.621  30.734 0.0000000000
41861  -41.054  -27.100  31.091 0.0000000000
44241  -41.965  -24.856  30.707 0.0000000000
44259  -42.109  -24.644  29.817 0.0000000000
47878  -41.784  -20.655  29.787 0.0000000000
49839  -41.239  -18.189  31.409 0.0000000000
49852  -40.902  -18.208  30.596 0.0000000000
52422  -40.245  -15.625  31.840 0.0000000000
129136  -40.472  -16.174  31.498 0.0000000000
52429  -40.185  -15.581  30.961 0.0000000000
51565  -40.169  -16.046  30.118 0.0000000000
54963  -40.103  -12.228  31.557 0.0000000000
111916  -39.743  -12.736  31.743 0.0000000000
54962  -39.916  -12.856  31.057 0.0000000000
54135  -39.822  -13.670  30.651 0.0000000000
54149  -40.082  -13.636  29.800 0.0000000000
53285  -40.309  -13.577  28.958 0.0000000000
54150  -40.475  -12.978  29.504 0.0000000000
54987  -41.050  -12.491  29.334 0.0000000000
54164  -41.659  -12.773  27.913 0.0000000000
55001  -42.380  -12.429  28.412 0.0000000000
110459  -43.000  -11.556  32.098 0.0000000000
55846  -43.925  -11.915  32.375 0.0000000000
54991  -44.667  -12.895  30.074 0.0000000000
54990  -43.788  -12.427  29.575 0.0000000000
55003  -44.327  -12.926  29.043 0.0000000000
54165  -43.979  -13.059  28.127 0.0000000000
54192  -44.096  -14.149  26.977 0.0000000000
54179  -44.493  -13.836  27.740 0.0000000000
52464  -45.809  -16.217  26.600 0.0000000000
52448  -46.257  -16.114  27.410 0.0000000000
54154  -48.075  -14.476  30.401 0.0000000000
54153  -47.409  -14.700  30.538 0.0000000000
53288  -47.998  -15.164  30.214 0.0000000000
52450  -48.126  -16.603  28.394 0.0000000000
52465  -46.794  -16.679  26.858 0.0000000000
51602  -47.604  -16.906  26.543 0.0000000000
51617  -47.721  -17.054  25.840 0.0000000000
51618  -48.985  -16.901  25.825 0.0000000000
51619  -50.129  -16.331  25.739 0.0000000000
51631  -50.636  -16.121  25.073 0.0000000000
56734  -48.316  -9.297  26.960 0.0000000000
55885  -47.801  -10.559  27.310 0.0000000000
55878  -48.138  -11.412  27.831 0.0000000000
55011  -47.360  -11.735  27.070 0.0000000000
55902  -47.017  -10.182  24.851 0.0000000000
54202  -47.183  -13.224  25.570 0.0000000000
54193  -47.520  -12.995  26.300 0.0000000000
55020  -47.835  -12.762  26.957 0.0000000000
53336  -49.744  -14.239  26.793 0.0000000000
53349  -49.734  -14.274  25.853 0.0000000000
53376  -50.888  -13.976  24.480 0.0000000000
129648  -51.192  -14.479  24.836 0.0000000000
54231  -46.273  -13.567  22.568 0.0000000000
53386  -47.196  -13.798  22.337 0.0000000000
53408  -48.938  -13.649  21.314 0.0000000000
53397  -50.823  -13.180  22.475 0.0000000000
113117  -46.589  -9.974  20.507 0.0000000000
57712  -45.027  -10.113  18.312 0.0000000000
56849  -44.308  -10.899  18.221 0.0000000000
55089  -44.136  -12.172  18.479 0.0000000000
54253  -44.773  -13.007  19.282 0.0000000000
39273  -17.199  -30.956  34.666 0.0000000000
39252  -16.653  -30.671  35.256 0.0000000000
39272  -16.498  -30.417  34.461 0.0000000000
40166  -15.787  -29.660  32.199 0.0000000000
40179  -14.766  -29.669  31.208 0.0000000000
39360  -14.771  -30.344  29.010 0.0000000000
39364  -14.805  -30.733  28.111 0.0000000000
38405  -21.122  -31.246  33.837 0.0000000000
39290  -20.769  -31.217  33.037 0.0000000000
39347  -20.034  -30.871  30.637 0.0000000000
39306  -19.653  -31.331  31.798 0.0000000000
39329  -19.320  -31.171  31.139 0.0000000000
128196  -18.701  -30.986  30.709 0.0000000000
39345  -18.599  -30.758  30.085 0.0000000000
108071  -20.121  -30.033  28.196 0.0000000000
40226  -19.901  -30.421  29.028 0.0000000000
40240  -17.579  -29.986  28.295 0.0000000000
126272  -17.460  -30.088  29.078 0.0000000000
117853  -16.697  -29.675  28.125 0.0000000000
40246  -16.208  -29.661  27.613 0.0000000000
37693  -18.912  -31.968  22.561 0.0000000000
37674  -18.175  -32.440  23.145 0.0000000000
126228  -30.698  -28.804  32.836 0.0000000000
41042  -30.478  -28.564  31.896 0.0000000000
109334  -29.309  -28.157  30.928 0.0000000000
128178  -28.703  -28.005  30.618 0.0000000000
41859  -28.173  -27.876  30.329 0.0000000000
41100  -28.954  -28.420  27.022 0.0000000000
41087  -28.980  -28.454  28.005 0.0000000000
122521  -28.342  -28.199  27.682 0.0000000000
41899  -26.699  -27.491  27.460 0.0000000000
41900  -27.541  -27.831  27.888 0.0000000000
41883  -26.711  -27.538  28.445 0.0000000000
41898  -25.946  -27.316  28.113 0.0000000000
41882  -25.342  -27.321  28.736 0.0000000000
42741  -24.137  -26.506  25.463 0.0000000000
42740  -23.241  -26.582  25.323 0.0000000000
42739  -22.614  -26.809  25.282 0.0000000000
42753  -22.743  -26.549  24.442 0.0000000000
112015  -26.050  -27.041  22.050 0.0000000000
42800  -25.437  -26.964  21.263 0.0000000000
41981  -23.930  -27.503  20.522 0.0000000000
42799  -24.446  -26.652  21.547 0.0000000000
116103  -23.951  -26.850  21.002 0.0000000000
41973  -23.302  -27.206  20.994 0.0000000000
41152  -22.257  -28.311  21.298 0.0000000000
41971  -22.126  -27.639  21.561 0.0000000000
41964  -21.523  -27.605  22.119 0.0000000000
41151  -21.718  -28.369  21.614 0.0000000000
123628  -39.798  -19.663  26.757 0.0000000000
48970  -40.094  -19.618  27.541 0.0000000000
49873  -40.173  -18.383  28.902 0.0000000000
46875  -42.175  -21.539  28.208 0.0000000000
46006  -42.395  -22.077  27.442 0.0000000000
46887  -41.958  -21.516  27.358 0.0000000000
46900  -41.663  -21.496  26.449 0.0000000000
46914  -41.295  -21.452  25.427 0.0000000000
46899  -40.785  -20.912  26.169 0.0000000000
51680  -48.029  -16.995  20.771 0.0000000000
125267  -29.470  -29.449  34.986 0.0000000000
108595  -29.044  -29.054  34.556 0.0000000000
41015  -29.225  -28.678  33.871 0.0000000000
119910  -29.265  -28.416  33.230 0.0000000000
51706  -37.116  -16.046  17.590 0.0000000000
123604  -41.404  -15.242  24.803 0.0000000000
53361  -42.942  -15.499  25.017 0.0000000000
40235  -37.589  -29.377  29.830 0.0000000000
41081  -38.114  -28.853  29.335 0.0000000000
45205  -35.910  -24.111  20.933 0.0000000000
122960  -35.777  -23.942  21.632 0.0000000000
45235  -33.819  -23.625  18.554 0.0000000000
49968  -36.732  -18.568  18.543 0.0000000000
49976  -36.130  -18.102  18.076 0.0000000000
56805  -48.129  -9.216  22.844 0.0000000000
56804  -46.512  -10.408  22.761 0.0000000000
55926  -45.637  -11.289  22.581 0.0000000000
55941  -45.260  -11.356  21.401 0.0000000000
38384  -19.379  -31.741  34.305 0.0000000000
38403  -19.406  -31.611  33.284 0.0000000000
41107  -21.280  -28.421  26.527 0.0000000000
41114  -20.475  -28.766  25.315 0.0000000000
41125  -19.720  -29.065  24.006 0.0000000000
41136  -19.793  -29.157  23.145 0.0000000000
40291  -20.054  -29.667  22.329 0.0000000000
40301  -20.816  -29.958  21.825 0.0000000000
41927  -30.492  -27.508  25.626 0.0000000000
41926  -29.532  -27.803  25.372 0.0000000000
49954  -38.473  -18.470  21.213 0.0000000000
50747  -39.345  -17.367  26.844 0.0000000000
52461  -39.714  -15.525  26.230 0.0000000000
53317  -40.259  -14.108  27.532 0.0000000000
43478  -41.021  -26.149  27.843 0.0000000000
45166  -41.682  -23.180  24.485 0.0000000000
45165  -41.097  -23.896  23.901 0.0000000000
44353  -39.660  -24.366  22.607 0.0000000000
44371  -39.208  -24.198  21.827 0.0000000000
46078  -38.140  -23.311  20.233 0.0000000000
46079  -38.661  -22.254  20.432 0.0000000000
47958  -40.008  -20.732  21.911 0.0000000000
47965  -39.482  -20.203  21.437 0.0000000000
108453  -38.766  -19.806  20.267 0.0000000000
49048  -38.738  -19.227  20.645 0.0000000000
39256  -24.414  -30.292  35.498 0.0000000000
39255  -23.677  -30.440  35.286 0.0000000000
39277  -24.207  -29.992  34.777 0.0000000000
110499  -26.201  -28.355  33.103 0.0000000000
41026  -25.774  -28.183  32.397 0.0000000000
41038  -25.286  -28.064  31.702 0.0000000000
123571  -23.756  -27.996  30.019 0.0000000000
41856  -24.483  -27.759  30.144 0.0000000000
41881  -24.423  -27.279  28.586 0.0000000000
52540  -39.350  -15.316  20.493 0.0000000000
52530  -41.414  -15.611  21.597 0.0000000000
107937  -40.881  -15.402  21.054 0.0000000000
51653  -44.553  -16.931  22.892 0.0000000000
40188  -33.564  -29.745  31.355 0.0000000000
40209  -33.997  -29.572  30.648 0.0000000000
41092  -34.735  -28.349  28.789 0.0000000000
41886  -33.621  -28.042  28.130 0.0000000000
118149  -32.965  -27.888  27.621 0.0000000000
128718  -38.792  -26.428  26.815 0.0000000000
44330  -34.194  -24.156  23.864 0.0000000000
43520  -32.966  -25.101  24.802 0.0000000000
44314  -32.432  -24.695  24.186 0.0000000000
38372  -33.359  -30.995  35.255 0.0000000000
38356  -33.508  -30.801  35.707 0.0000000000
39298  -38.149  -31.219  33.473 0.0000000000
39315  -38.598  -30.878  32.850 0.0000000000
125432  -38.813  -30.786  33.385 0.0000000000
42667  -41.342  -26.563  31.574 0.0000000000
122442  -40.691  -16.479  32.999 0.0000000000
52416  -40.296  -15.746  32.674 0.0000000000
53260  -39.894  -14.968  32.318 0.0000000000
54951  -40.372  -11.669  32.188 0.0000000000
54975  -40.413  -12.358  30.796 0.0000000000
121737  -40.720  -12.485  30.060 0.0000000000
117202  -40.984  -11.966  30.564 0.0000000000
55854  -41.459  -11.618  31.185 0.0000000000
55862  -41.742  -11.855  30.352 0.0000000000
56665  -45.193  -10.533  32.739 0.0000000000
124978  -44.861  -11.767  32.847 0.0000000000
55847  -44.758  -12.172  32.579 0.0000000000
54964  -44.472  -12.390  31.769 0.0000000000
54977  -45.033  -12.983  31.241 0.0000000000
54151  -45.162  -13.555  29.611 0.0000000000
54167  -45.789  -14.429  29.303 0.0000000000
53302  -46.245  -15.259  28.786 0.0000000000
53289  -48.513  -14.911  29.780 0.0000000000
53304  -49.005  -15.268  29.097 0.0000000000
52451  -49.184  -16.319  28.071 0.0000000000
51603  -48.741  -16.835  26.661 0.0000000000
52467  -49.404  -16.478  27.305 0.0000000000
57656  -48.874  -7.868  25.779 0.0000000000
57640  -48.572  -8.582  25.944 0.0000000000
55037  -45.800  -12.137  24.518 0.0000000000
55038  -46.278  -12.645  25.024 0.0000000000
53363  -49.527  -14.038  24.894 0.0000000000
53389  -51.719  -13.891  24.065 0.0000000000
126936  -47.186  -13.842  21.661 0.0000000000
56839  -45.822  -10.120  19.449 0.0000000000
56838  -44.860  -10.758  19.086 0.0000000000
56848  -43.927  -11.112  17.558 0.0000000000
55990  -43.961  -11.622  17.982 0.0000000000
40113  -15.284  -30.025  35.680 0.0000000000
39288  -17.237  -30.713  33.341 0.0000000000
39287  -16.484  -30.263  33.655 0.0000000000
39303  -16.599  -30.166  32.800 0.0000000000
40180  -15.357  -29.562  31.487 0.0000000000
40199  -14.853  -29.745  30.454 0.0000000000
40200  -15.402  -29.578  30.807 0.0000000000
118986  -15.431  -29.619  30.110 0.0000000000
40238  -15.378  -29.793  28.774 0.0000000000
39307  -21.290  -30.789  32.303 0.0000000000
115026  -20.803  -30.909  31.653 0.0000000000
39358  -19.957  -30.664  29.885 0.0000000000
40255  -18.347  -29.746  26.662 0.0000000000
40248  -18.938  -30.018  27.241 0.0000000000
40254  -17.490  -29.645  26.777 0.0000000000
40253  -16.545  -29.691  26.703 0.0000000000
124897  -15.878  -31.003  25.236 0.0000000000
118400  -16.551  -31.695  24.308 0.0000000000
37652  -16.899  -32.345  23.999 0.0000000000
36969  -17.507  -32.940  23.769 0.0000000000
107918  -31.055  -28.796  31.191 0.0000000000
41056  -29.986  -28.472  30.037 0.0000000000
41913  -27.689  -27.924  26.488 0.0000000000
41912  -27.088  -27.637  26.730 0.0000000000
42727  -26.467  -27.332  26.590 0.0000000000
42712  -24.816  -26.799  26.944 0.0000000000
111134  -24.878  -26.683  25.990 0.0000000000
42754  -23.665  -26.392  24.536 0.0000000000
40316  -24.098  -29.267  19.972 0.0000000000
41158  -23.264  -28.112  20.649 0.0000000000
49009  -39.058  -19.916  23.995 0.0000000000
48993  -38.973  -19.116  25.244 0.0000000000
49897  -39.276  -18.278  26.522 0.0000000000
109274  -39.546  -18.972  27.022 0.0000000000
44285  -42.352  -23.998  27.558 0.0000000000
45131  -42.531  -23.266  27.256 0.0000000000
45160  -41.991  -23.354  25.400 0.0000000000
46018  -42.327  -22.360  26.611 0.0000000000
46032  -42.161  -22.529  25.852 0.0000000000
46051  -41.428  -22.821  23.673 0.0000000000
128978  -41.137  -22.667  22.969 0.0000000000
46053  -40.856  -22.113  22.470 0.0000000000
114938  -40.888  -21.539  22.901 0.0000000000
46928  -41.027  -21.403  24.617 0.0000000000
47936  -40.449  -21.003  24.142 0.0000000000
113403  -27.089  -30.041  35.872 0.0000000000
40116  -26.411  -29.651  35.230 0.0000000000
40998  -27.292  -28.679  33.982 0.0000000000
40999  -28.030  -28.699  34.100 0.0000000000
112553  -27.138  -28.295  33.167 0.0000000000
41847  -26.959  -27.826  31.658 0.0000000000
52507  -39.899  -16.076  23.255 0.0000000000
52521  -41.368  -15.867  23.000 0.0000000000
51652  -43.753  -16.491  23.337 0.0000000000
51638  -44.453  -16.754  23.854 0.0000000000
40190  -35.932  -30.276  31.063 0.0000000000
41079  -36.153  -28.825  29.348 0.0000000000
109944  -37.401  -24.696  24.007 0.0000000000
44310  -37.505  -24.854  24.707 0.0000000000
44332  -36.705  -24.428  23.523 0.0000000000
44331  -35.758  -24.089  23.341 0.0000000000
45171  -34.924  -23.783  23.198 0.0000000000
45203  -32.687  -23.050  21.629 0.0000000000
46061  -32.063  -22.803  20.979 0.0000000000
46077  -32.521  -22.761  20.133 0.0000000000
47984  -36.604  -20.383  18.769 0.0000000000
112306  -35.261  -20.228  18.001 0.0000000000
127851  -34.730  -19.739  17.692 0.0000000000
49064  -34.561  -18.953  17.478 0.0000000000
55834  -45.937  -10.834  32.289 0.0000000000
54967  -46.923  -12.725  31.572 0.0000000000
54979  -47.190  -13.360  31.304 0.0000000000
54980  -47.689  -12.945  30.886 0.0000000000
54981  -48.255  -12.672  30.272 0.0000000000
56694  -48.202  -10.242  29.941 0.0000000000
55866  -48.421  -11.938  29.843 0.0000000000
54993  -48.549  -12.783  29.711 0.0000000000
55005  -48.864  -12.981  29.023 0.0000000000
55013  -48.969  -13.179  28.238 0.0000000000
110739  -45.602  -13.258  22.026 0.0000000000
124821  -45.115  -13.199  20.199 0.0000000000
39253  -17.395  -31.206  35.425 0.0000000000
38401  -17.751  -31.232  34.005 0.0000000000
39327  -17.611  -30.675  31.600 0.0000000000
40228  -21.262  -29.565  29.339 0.0000000000
40227  -20.614  -30.209  29.572 0.0000000000
40256  -20.096  -29.508  26.619 0.0000000000
108419  -19.241  -29.685  26.381 0.0000000000
40261  -18.390  -29.580  25.826 0.0000000000
39392  -18.084  -30.697  23.258 0.0000000000
39403  -18.740  -31.045  22.647 0.0000000000
38495  -19.545  -31.311  22.241 0.0000000000
41089  -30.519  -28.746  28.299 0.0000000000
41914  -28.432  -28.189  26.284 0.0000000000
111768  -27.955  -28.010  25.827 0.0000000000
112748  -27.084  -27.576  25.047 0.0000000000
42772  -26.252  -27.139  23.788 0.0000000000
50813  -37.857  -17.581  19.378 0.0000000000
51664  -38.545  -16.762  21.383 0.0000000000
51651  -39.236  -16.436  22.732 0.0000000000
49923  -38.639  -18.406  24.026 0.0000000000
50778  -39.086  -17.056  24.634 0.0000000000
51637  -39.351  -16.533  23.579 0.0000000000
53344  -40.685  -15.209  24.998 0.0000000000
52478  -40.101  -15.242  25.505 0.0000000000
129984  -41.133  -14.796  25.289 0.0000000000
54190  -42.319  -13.618  26.509 0.0000000000
41875  -40.155  -27.881  29.571 0.0000000000
42720  -39.738  -26.786  27.289 0.0000000000
42721  -40.390  -26.559  27.484 0.0000000000
42735  -39.434  -26.387  26.711 0.0000000000
43522  -38.921  -25.260  24.685 0.0000000000
44297  -41.727  -24.531  26.257 0.0000000000
44311  -41.114  -25.089  25.774 0.0000000000
44322  -40.844  -24.517  24.413 0.0000000000
43524  -40.296  -24.987  24.555 0.0000000000
43523  -39.638  -25.242  24.649 0.0000000000
44319  -38.285  -24.955  24.064 0.0000000000
44369  -37.091  -24.572  21.481 0.0000000000
44370  -37.882  -24.639  21.675 0.0000000000
44368  -36.762  -24.519  20.552 0.0000000000
128446  -35.486  -24.168  18.456 0.0000000000
45253  -36.454  -23.216  18.696 0.0000000000
46979  -36.436  -22.086  18.637 0.0000000000
109508  -36.339  -21.205  18.603 0.0000000000
124568  -37.405  -18.980  19.038 0.0000000000
57706  -48.587  -8.926  21.053 0.0000000000
58535  -47.981  -8.982  18.884 0.0000000000
111639  -51.019  -7.383  19.844 0.0000000000
59371  -48.138  -8.305  16.439 0.0000000000
38349  -21.548  -31.531  36.027 0.0000000000
112127  -21.635  -31.273  35.255 0.0000000000
39274  -21.905  -30.849  34.055 0.0000000000
39292  -22.424  -30.375  33.518 0.0000000000
39308  -22.151  -30.294  32.690 0.0000000000
39332  -21.940  -30.195  31.868 0.0000000000
40132  -25.412  -29.395  34.586 0.0000000000
40149  -24.530  -29.122  33.450 0.0000000000
41011  -25.334  -28.576  33.093 0.0000000000
41025  -24.621  -28.661  32.638 0.0000000000
40169  -24.064  -29.049  32.803 0.0000000000
40185  -23.175  -29.121  31.755 0.0000000000
40205  -22.155  -29.419  30.614 0.0000000000
40229  -21.960  -29.168  29.791 0.0000000000
41069  -21.797  -28.874  28.996 0.0000000000
41086  -22.269  -28.271  28.531 0.0000000000
41870  -23.349  -27.912  29.366 0.0000000000
41099  -22.094  -28.080  27.755 0.0000000000
41895  -21.976  -27.832  26.858 0.0000000000
112837  -21.721  -27.772  26.082 0.0000000000
41921  -21.587  -27.600  25.294 0.0000000000
42775  -28.994  -26.099  23.501 0.0000000000
124894  -38.353  -14.794  17.673 0.0000000000
53416  -39.543  -14.903  19.783 0.0000000000
53405  -39.994  -14.995  20.242 0.0000000000
113476  -46.461  -17.431  21.445 0.0000000000
112653  -31.756  -30.036  34.430 0.0000000000
40137  -31.142  -29.514  34.055 0.0000000000
40170  -31.681  -29.284  32.738 0.0000000000
109564  -31.953  -29.301  31.976 0.0000000000
40206  -31.596  -29.048  30.486 0.0000000000
108043  -31.355  -28.981  29.692 0.0000000000
120245  -34.655  -29.755  30.737 0.0000000000
41058  -32.464  -29.020  29.321 0.0000000000
41075  -31.797  -28.981  29.103 0.0000000000
110123  -30.795  -28.179  26.575 0.0000000000
109852  -30.848  -27.807  26.155 0.0000000000
41891  -38.124  -27.744  28.296 0.0000000000
42718  -38.267  -26.709  27.302 0.0000000000
41906  -36.646  -27.112  27.888 0.0000000000
42715  -35.217  -26.620  27.363 0.0000000000
44309  -36.689  -24.819  25.369 0.0000000000
43511  -35.917  -25.072  25.980 0.0000000000
43498  -35.329  -25.578  26.432 0.0000000000
42731  -34.828  -26.134  26.822 0.0000000000
42730  -33.917  -26.309  26.573 0.0000000000
42747  -32.651  -26.283  25.831 0.0000000000
43518  -30.342  -25.733  24.208 0.0000000000
43517  -29.716  -25.656  23.737 0.0000000000
47995  -34.587  -20.694  17.567 0.0000000000
48935  -41.232  -19.807  29.763 0.0000000000
49853  -41.388  -18.903  30.985 0.0000000000
50695  -41.116  -17.593  31.907 0.0000000000
108992  -18.912  -31.953  37.067 0.0000000000
108206  -19.048  -32.058  37.914 0.0000000000
38347  -19.387  -31.992  36.586 0.0000000000
114499  -20.134  -31.995  36.524 0.0000000000
114225  -20.726  -31.813  36.055 0.0000000000
38348  -21.012  -31.878  36.743 0.0000000000
120512  -22.497  -31.281  36.370 0.0000000000
112909  -24.120  -31.027  36.808 0.0000000000
39233  -24.651  -30.659  36.235 0.0000000000
39234  -25.446  -30.599  36.398 0.0000000000
39235  -26.289  -30.520  36.532 0.0000000000
39259  -28.051  -29.936  35.778 0.0000000000
39260  -28.731  -30.111  36.030 0.0000000000
40119  -29.472  -29.881  35.622 0.0000000000
39295  -33.531  -30.742  33.693 0.0000000000
39312  -36.022  -31.071  32.386 0.0000000000
39334  -36.506  -30.710  31.662 0.0000000000
39336  -38.596  -30.531  31.999 0.0000000000
40192  -38.292  -30.212  31.064 0.0000000000
40213  -38.750  -29.668  30.564 0.0000000000
41060  -39.662  -28.655  30.030 0.0000000000
41045  -40.282  -28.801  31.828 0.0000000000
110318  -40.549  -27.556  30.035 0.0000000000
42695  -41.263  -26.318  29.751 0.0000000000
42682  -41.350  -26.362  30.705 0.0000000000
43463  -41.634  -25.510  29.287 0.0000000000
124755  -42.354  -24.115  29.156 0.0000000000
44242  -42.351  -24.023  30.683 0.0000000000
44260  -42.478  -23.723  29.776 0.0000000000
45096  -42.570  -23.471  28.974 0.0000000000
115279  -42.652  -23.023  29.628 0.0000000000
45992  -42.644  -22.722  28.799 0.0000000000
46866  -42.289  -21.558  29.171 0.0000000000
49861  -40.551  -18.326  29.731 0.0000000000
50717  -40.513  -17.509  30.118 0.0000000000
51551  -40.747  -16.827  31.661 0.0000000000
51566  -40.159  -16.815  29.636 0.0000000000
51576  -39.877  -16.035  29.151 0.0000000000
52433  -39.914  -15.380  29.515 0.0000000000
108255  -39.580  -14.191  32.818 0.0000000000
53259  -39.647  -14.124  31.939 0.0000000000
129070  -39.474  -12.620  33.064 0.0000000000
54111  -39.521  -13.205  32.371 0.0000000000
53266  -39.703  -14.131  31.244 0.0000000000
53273  -39.851  -14.635  30.750 0.0000000000
117445  -39.883  -14.297  30.120 0.0000000000
109419  -40.087  -14.204  28.409 0.0000000000
53301  -40.619  -13.439  28.054 0.0000000000
54175  -41.143  -13.118  27.655 0.0000000000
54176  -41.726  -13.159  27.161 0.0000000000
54177  -42.697  -13.149  27.149 0.0000000000
55855  -42.381  -11.636  31.110 0.0000000000
55863  -42.617  -11.904  30.185 0.0000000000
55864  -43.358  -12.111  30.109 0.0000000000
54989  -42.900  -12.151  29.313 0.0000000000
55010  -43.066  -12.747  27.811 0.0000000000
54191  -43.226  -13.766  26.671 0.0000000000
53333  -43.683  -14.573  26.312 0.0000000000
53318  -44.925  -14.702  27.390 0.0000000000
52463  -44.983  -15.779  26.236 0.0000000000
52481  -45.552  -16.510  25.830 0.0000000000
53286  -46.665  -15.176  29.574 0.0000000000
52439  -47.950  -16.240  29.051 0.0000000000
52449  -46.904  -16.136  28.418 0.0000000000
51628  -46.786  -17.167  25.063 0.0000000000
51641  -48.128  -17.192  24.103 0.0000000000
56749  -48.039  -9.257  25.337 0.0000000000
117437  -46.690  -11.542  26.142 0.0000000000
53351  -50.947  -14.860  25.222 0.0000000000
51658  -51.609  -15.358  23.563 0.0000000000
52524  -52.143  -14.269  23.522 0.0000000000
55959  -45.322  -11.041  20.678 0.0000000000
122002  -44.313  -12.009  19.226 0.0000000000
109853  -16.097  -30.426  35.864 0.0000000000
38437  -14.328  -31.083  29.552 0.0000000000
39354  -14.485  -30.262  30.116 0.0000000000
130648  -20.742  -31.493  34.393 0.0000000000
38404  -20.238  -31.542  33.755 0.0000000000
38419  -20.334  -31.260  32.196 0.0000000000
38418  -19.515  -31.481  32.457 0.0000000000
39328  -18.423  -31.091  31.356 0.0000000000
39357  -19.260  -30.692  29.610 0.0000000000
40241  -18.713  -30.285  28.131 0.0000000000
39362  -19.044  -30.528  28.916 0.0000000000
39356  -18.599  -30.594  29.461 0.0000000000
39355  -17.833  -30.420  29.732 0.0000000000
109356  -16.878  -29.866  29.602 0.0000000000
40245  -15.595  -29.825  27.958 0.0000000000
40252  -15.765  -29.897  27.107 0.0000000000
39365  -15.222  -30.295  27.573 0.0000000000
38467  -17.385  -31.172  23.615 0.0000000000
41041  -29.770  -28.304  31.672 0.0000000000
121335  -29.058  -28.101  31.892 0.0000000000
41848  -27.408  -27.765  30.860 0.0000000000
110828  -26.785  -27.678  30.281 0.0000000000
41088  -29.676  -28.584  28.512 0.0000000000
41072  -28.918  -28.245  28.947 0.0000000000
41874  -28.175  -27.945  29.418 0.0000000000
111702  -26.593  -27.578  29.442 0.0000000000
41872  -25.695  -27.492  29.492 0.0000000000
42704  -24.245  -27.019  27.673 0.0000000000
42711  -23.912  -26.820  26.906 0.0000000000
42710  -23.166  -26.996  26.752 0.0000000000
42723  -22.866  -26.867  25.984 0.0000000000
42738  -22.068  -27.012  24.861 0.0000000000
41936  -21.453  -27.441  24.431 0.0000000000
42774  -28.285  -26.840  23.429 0.0000000000
42773  -27.388  -27.111  23.034 0.0000000000
127726  -27.100  -27.415  23.478 0.0000000000
42788  -25.118  -26.659  22.211 0.0000000000
109755  -25.196  -26.604  23.763 0.0000000000
42770  -24.147  -26.302  23.612 0.0000000000
42769  -23.423  -26.244  23.139 0.0000000000
41972  -22.700  -27.037  21.492 0.0000000000
42797  -22.713  -26.580  21.999 0.0000000000
42768  -22.629  -26.429  23.348 0.0000000000
42767  -21.830  -26.815  23.122 0.0000000000
113141  -21.329  -27.371  22.824 0.0000000000
41950  -20.819  -27.891  23.192 0.0000000000
40292  -20.698  -29.170  21.997 0.0000000000
37672  -16.998  -31.693  23.857 0.0000000000
38317  -18.402  -31.968  38.476 0.0000000000
40202  -17.181  -30.152  30.277 0.0000000000
40236  -38.450  -29.317  29.929 0.0000000000
40249  -19.540  -30.106  27.729 0.0000000000
40314  -22.697  -28.666  20.981 0.0000000000
41897  -23.490  -27.134  27.500 0.0000000000
41951  -21.354  -27.342  23.589 0.0000000000
42785  -22.333  -26.606  22.550 0.0000000000
42798  -23.471  -26.540  21.686 0.0000000000
47914  -41.027  -20.904  26.872 0.0000000000
51557  -40.507  -16.463  30.932 0.0000000000
53287  -47.453  -15.293  30.005 0.0000000000
53303  -48.223  -15.734  29.644 0.0000000000
54139  -48.180  -13.491  30.413 0.0000000000
54163  -41.080  -12.912  28.167 0.0000000000
54952  -45.423  -12.254  32.483 0.0000000000
55858  -48.072  -12.171  30.439 0.0000000000
56674  -46.687  -10.855  31.588 0.0000000000
56685  -47.525  -10.809  30.789 0.0000000000
110814  -16.141  -30.704  37.167 0.0000000000
111762  -41.850  -24.660  27.058 0.0000000000
115106  -42.106  -22.024  26.236 0.0000000000
117453  -24.863  -26.440  23.008 0.0000000000
124163  -41.661  -22.477  24.341 0.0000000000
124187  -21.776  -27.002  22.486 0.0000000000
124242  -26.006  -29.363  34.777 0.0000000000
125913  -24.793  -28.139  31.520 0.0000000000
127661  -22.125  -27.502  26.304 0.0000000000
