#!ascii label  , from subject sub-v2s7x29665_ses-1 vox2ras=TkReg
807
81204  41.126  20.740  10.716 0.0000000000
81291  47.167  22.352  0.141 0.0000000000
84165  39.397  25.509  0.362 0.0000000000
81373  42.970  22.424  -13.361 0.0000000000
78962  40.248  18.740  3.008 0.0000000000
85931  45.376  28.597  4.678 0.0000000000
119091  46.124  24.075  -6.241 0.0000000000
85413  35.949  27.608  -8.187 0.0000000000
83486  47.023  23.698  7.215 0.0000000000
80494  44.683  19.986  5.367 0.0000000000
119882  43.192  18.856  -2.324 0.0000000000
86002  40.983  28.743  -4.227 0.0000000000
83568  38.432  24.812  -6.368 0.0000000000
109734  43.247  23.531  1.171 0.0000000000
108196  41.504  22.123  -5.526 0.0000000000
87356  37.118  30.467  -9.440 0.0000000000
81976  44.934  22.594  8.692 0.0000000000
107959  42.083  21.881  7.472 0.0000000000
78984  41.717  18.490  0.422 0.0000000000
85956  42.185  28.827  0.739 0.0000000000
86655  43.382  29.414  -2.382 0.0000000000
85382  39.449  27.333  -1.567 0.0000000000
85400  37.361  27.409  -3.862 0.0000000000
83550  37.803  24.879  -2.827 0.0000000000
82013  47.150  22.681  3.058 0.0000000000
82790  44.925  23.585  3.806 0.0000000000
82816  45.982  23.495  0.238 0.0000000000
82925  45.143  23.972  -10.404 0.0000000000
82080  43.364  22.517  -5.799 0.0000000000
128312  42.669  22.737  -10.161 0.0000000000
82926  40.134  23.426  -9.528 0.0000000000
80631  40.562  21.494  -12.190 0.0000000000
79065  41.283  17.863  -8.171 0.0000000000
79676  39.541  19.310  9.071 0.0000000000
80483  40.132  20.791  5.945 0.0000000000
85360  42.109  27.745  2.671 0.0000000000
81313  46.805  21.845  -3.405 0.0000000000
82857  47.250  23.484  -2.305 0.0000000000
82077  48.247  23.965  -5.432 0.0000000000
83596  47.854  24.938  -10.082 0.0000000000
84711  49.584  25.882  9.675 0.0000000000
81959  48.324  22.623  9.543 0.0000000000
81258  47.150  21.386  5.820 0.0000000000
80522  45.697  20.695  1.983 0.0000000000
79716  42.427  19.540  3.783 0.0000000000
79732  43.392  19.695  1.872 0.0000000000
80545  44.587  20.568  -0.987 0.0000000000
80568  45.075  20.216  -4.172 0.0000000000
79662  37.016  19.440  10.362 0.0000000000
86680  44.168  29.396  -5.811 0.0000000000
86694  40.926  29.663  -7.478 0.0000000000
86675  37.676  29.199  -5.249 0.0000000000
84806  37.020  26.417  -7.128 0.0000000000
82908  37.583  24.318  -8.054 0.0000000000
84731  45.314  26.234  6.572 0.0000000000
84150  42.696  25.740  4.111 0.0000000000
82808  41.032  24.071  1.240 0.0000000000
82859  45.010  23.666  -2.346 0.0000000000
82039  41.974  22.850  -1.820 0.0000000000
82050  39.682  22.881  -2.343 0.0000000000
110591  39.450  23.403  -5.945 0.0000000000
82917  38.535  23.669  -8.849 0.0000000000
87376  36.833  31.100  -9.633 0.0000000000
87365  37.554  31.122  -9.875 0.0000000000
81978  42.749  22.290  10.062 0.0000000000
81233  41.579  21.629  8.562 0.0000000000
85366  41.005  27.954  0.859 0.0000000000
85967  41.418  28.506  -0.491 0.0000000000
85377  39.554  27.040  -0.696 0.0000000000
84781  38.614  26.269  -1.440 0.0000000000
83540  38.484  24.676  -1.242 0.0000000000
81282  47.110  22.266  0.999 0.0000000000
82802  46.519  23.232  1.715 0.0000000000
82026  47.216  22.911  0.468 0.0000000000
82147  43.667  23.425  -12.740 0.0000000000
82125  43.451  22.666  -9.489 0.0000000000
82138  42.971  23.426  -12.344 0.0000000000
82149  41.171  23.042  -12.517 0.0000000000
80638  41.591  21.857  -13.329 0.0000000000
79859  41.413  19.655  -11.432 0.0000000000
79864  42.417  19.738  -12.528 0.0000000000
118424  38.565  19.551  7.254 0.0000000000
85947  43.980  28.978  2.981 0.0000000000
85933  43.815  28.050  4.153 0.0000000000
81322  46.413  21.307  -5.121 0.0000000000
81321  47.463  22.599  -4.559 0.0000000000
82089  47.892  23.110  -5.942 0.0000000000
82912  49.246  24.542  -9.829 0.0000000000
82940  48.964  24.630  -11.344 0.0000000000
82942  46.589  24.345  -11.794 0.0000000000
81247  44.959  20.709  6.555 0.0000000000
81229  46.841  21.351  7.604 0.0000000000
81259  46.270  20.572  5.927 0.0000000000
81265  46.631  20.960  4.331 0.0000000000
80517  44.760  19.933  3.482 0.0000000000
79710  39.527  19.636  4.475 0.0000000000
80510  41.050  20.141  4.758 0.0000000000
79718  40.807  19.313  3.503 0.0000000000
78994  42.165  18.458  -0.775 0.0000000000
79733  42.510  19.340  1.400 0.0000000000
79755  43.016  19.683  -0.106 0.0000000000
80537  43.848  20.132  0.341 0.0000000000
80552  43.780  20.007  -1.405 0.0000000000
80557  44.619  20.384  -2.598 0.0000000000
79783  44.138  19.261  -3.484 0.0000000000
78310  46.105  18.111  -5.197 0.0000000000
85991  41.930  28.721  -3.332 0.0000000000
86661  43.423  29.348  -3.429 0.0000000000
123116  42.527  29.084  -4.835 0.0000000000
86681  42.789  29.353  -7.012 0.0000000000
86683  40.831  29.414  -5.990 0.0000000000
123324  39.139  29.608  -5.810 0.0000000000
86004  39.136  28.947  -4.304 0.0000000000
84192  37.344  25.900  -4.286 0.0000000000
84801  37.139  26.459  -5.347 0.0000000000
84195  37.875  25.557  -6.464 0.0000000000
84208  37.521  25.578  -7.564 0.0000000000
84207  38.117  25.250  -7.818 0.0000000000
84112  47.983  24.532  8.832 0.0000000000
84720  47.359  26.308  8.024 0.0000000000
83477  46.298  24.693  7.442 0.0000000000
82796  44.039  23.577  2.377 0.0000000000
83513  43.269  24.627  4.099 0.0000000000
82798  42.794  24.106  2.660 0.0000000000
83518  41.609  24.908  2.658 0.0000000000
82807  41.846  23.956  1.597 0.0000000000
111132  47.089  24.399  -4.584 0.0000000000
82858  46.339  23.641  -2.010 0.0000000000
82869  45.557  23.796  -3.847 0.0000000000
82081  42.404  22.195  -5.660 0.0000000000
128553  42.848  22.551  -4.119 0.0000000000
82059  41.735  22.370  -3.549 0.0000000000
82040  40.998  22.699  -1.740 0.0000000000
82071  40.474  22.421  -4.596 0.0000000000
82072  39.864  22.675  -4.242 0.0000000000
82095  40.121  22.789  -6.135 0.0000000000
81350  39.675  22.796  -10.787 0.0000000000
82927  39.562  23.405  -9.413 0.0000000000
81351  38.716  22.259  -9.721 0.0000000000
81344  37.904  22.192  -8.573 0.0000000000
85911  46.944  28.051  6.176 0.0000000000
86709  35.870  29.366  -8.614 0.0000000000
86698  36.009  29.119  -8.730 0.0000000000
82732  45.388  23.264  10.577 0.0000000000
82741  44.448  23.073  9.913 0.0000000000
81231  43.787  21.935  7.419 0.0000000000
80482  43.382  20.622  6.035 0.0000000000
78968  41.033  18.551  1.956 0.0000000000
86637  42.829  29.256  -0.776 0.0000000000
85983  41.215  28.443  -2.148 0.0000000000
85985  39.697  28.106  -2.816 0.0000000000
85994  39.204  28.468  -3.585 0.0000000000
85389  38.419  27.176  -2.531 0.0000000000
84188  37.570  25.655  -3.269 0.0000000000
83555  38.135  24.479  -4.411 0.0000000000
82783  47.022  23.066  4.770 0.0000000000
83501  45.550  24.061  6.021 0.0000000000
82789  46.174  23.299  3.576 0.0000000000
82795  45.638  23.438  2.119 0.0000000000
82804  44.272  23.513  1.113 0.0000000000
82905  45.844  23.832  -7.821 0.0000000000
82889  45.137  23.445  -6.199 0.0000000000
125737  44.060  22.623  -8.044 0.0000000000
108655  43.231  22.371  -8.273 0.0000000000
108894  42.235  22.344  -8.106 0.0000000000
82093  41.115  22.347  -7.086 0.0000000000
82114  41.567  22.683  -8.970 0.0000000000
82140  40.393  23.075  -11.498 0.0000000000
80622  40.037  21.208  -11.184 0.0000000000
79092  41.653  18.265  -9.789 0.0000000000
80460  40.603  20.113  9.853 0.0000000000
80472  40.396  20.609  8.400 0.0000000000
80473  39.756  20.428  7.616 0.0000000000
80500  38.973  20.084  5.714 0.0000000000
78955  39.029  18.901  3.997 0.0000000000
86615  43.629  29.365  1.368 0.0000000000
85950  41.830  28.103  1.990 0.0000000000
84763  40.872  26.900  1.923 0.0000000000
81306  46.581  21.631  -2.005 0.0000000000
124971  47.426  22.995  -1.170 0.0000000000
81312  47.551  22.780  -2.891 0.0000000000
82066  47.921  23.704  -4.161 0.0000000000
83567  47.913  24.481  -6.037 0.0000000000
82102  48.375  23.646  -7.353 0.0000000000
83581  48.166  24.397  -7.679 0.0000000000
82904  46.805  24.440  -7.436 0.0000000000
82924  46.111  24.592  -10.893 0.0000000000
82943  45.599  24.161  -12.066 0.0000000000
118498  44.436  22.586  -12.633 0.0000000000
80628  43.561  20.349  -12.563 0.0000000000
83466  48.791  23.342  9.812 0.0000000000
83475  48.491  22.987  8.671 0.0000000000
81961  46.636  22.602  9.514 0.0000000000
81987  47.934  21.654  7.640 0.0000000000
115148  47.740  22.034  6.175 0.0000000000
81264  47.153  21.670  4.727 0.0000000000
81271  46.553  21.240  2.376 0.0000000000
81283  46.611  21.493  0.644 0.0000000000
81250  41.393  21.510  6.904 0.0000000000
80496  42.578  20.394  5.465 0.0000000000
123339  43.264  19.850  4.937 0.0000000000
110599  41.790  19.001  1.945 0.0000000000
79715  43.123  19.538  3.183 0.0000000000
80518  43.896  19.656  3.559 0.0000000000
128977  44.186  20.016  1.982 0.0000000000
122579  44.736  20.490  0.740 0.0000000000
81293  45.609  21.013  -0.592 0.0000000000
81307  45.336  20.887  -2.179 0.0000000000
80562  45.641  20.906  -3.865 0.0000000000
128684  45.906  20.433  -5.409 0.0000000000
79033  44.973  18.616  -4.594 0.0000000000
79045  46.028  18.899  -5.656 0.0000000000
80440  39.873  20.103  10.798 0.0000000000
79650  38.953  19.034  10.576 0.0000000000
78903  36.474  18.139  10.474 0.0000000000
86668  45.714  29.679  -4.738 0.0000000000
124159  44.652  29.697  -8.320 0.0000000000
87354  39.032  30.371  -8.529 0.0000000000
86685  37.345  29.393  -6.623 0.0000000000
86012  36.656  28.365  -6.684 0.0000000000
85996  37.578  28.075  -3.960 0.0000000000
85404  36.698  27.764  -5.923 0.0000000000
84807  36.447  26.916  -7.591 0.0000000000
85341  45.284  27.575  5.708 0.0000000000
83502  44.699  24.657  5.800 0.0000000000
84143  43.853  25.752  5.307 0.0000000000
85343  44.010  27.038  5.084 0.0000000000
84757  42.478  26.428  3.788 0.0000000000
84760  41.348  26.464  2.582 0.0000000000
83524  40.082  24.841  1.193 0.0000000000
82844  47.067  23.244  -0.854 0.0000000000
82846  45.229  23.561  -0.829 0.0000000000
82847  43.802  23.463  -1.091 0.0000000000
82056  44.326  23.278  -4.341 0.0000000000
82046  43.270  23.004  -2.861 0.0000000000
82832  42.715  23.338  -0.762 0.0000000000
82833  41.138  23.355  -0.209 0.0000000000
82834  40.205  23.395  -0.321 0.0000000000
82836  38.880  24.036  -0.814 0.0000000000
82851  38.620  23.935  -1.627 0.0000000000
82872  38.542  23.769  -3.645 0.0000000000
82891  38.830  23.903  -5.654 0.0000000000
82094  40.350  22.843  -7.056 0.0000000000
125598  39.559  23.667  -7.084 0.0000000000
83574  38.938  24.423  -7.517 0.0000000000
82918  37.897  23.581  -8.498 0.0000000000
79066  40.574  18.417  -7.523 0.0000000000
88047  38.401  31.780  -9.852 0.0000000000
88056  39.789  31.437  -10.454 0.0000000000
81215  41.618  21.268  10.430 0.0000000000
81979  42.126  21.772  9.832 0.0000000000
84766  40.153  26.932  0.811 0.0000000000
85368  39.844  27.008  0.193 0.0000000000
114822  39.375  26.300  -0.054 0.0000000000
84774  38.987  26.262  -0.746 0.0000000000
84173  39.002  25.521  -0.271 0.0000000000
82153  42.998  23.193  -13.245 0.0000000000
117695  41.890  23.130  -12.973 0.0000000000
80637  42.352  21.549  -13.370 0.0000000000
80629  41.817  20.637  -13.024 0.0000000000
79870  42.644  20.429  -12.899 0.0000000000
85930  46.217  28.810  4.811 0.0000000000
85940  45.030  28.905  4.020 0.0000000000
85932  44.602  28.348  4.448 0.0000000000
81328  47.108  22.037  -5.687 0.0000000000
81327  47.334  21.876  -6.669 0.0000000000
82143  49.955  24.046  -11.431 0.0000000000
82136  49.012  22.979  -11.493 0.0000000000
82144  48.458  23.744  -11.697 0.0000000000
111215  35.971  27.001  -7.995 0.0000000000
81260  44.299  20.367  6.070 0.0000000000
110590  45.305  20.262  5.989 0.0000000000
80493  45.762  20.300  5.091 0.0000000000
80506  44.890  19.877  4.503 0.0000000000
79719  39.871  19.184  3.684 0.0000000000
79709  40.501  19.722  4.190 0.0000000000
79765  42.620  18.944  -1.254 0.0000000000
79756  42.485  19.096  -0.505 0.0000000000
79764  43.032  19.586  -0.983 0.0000000000
79774  43.201  19.352  -1.800 0.0000000000
80558  43.883  19.885  -2.186 0.0000000000
123728  43.549  19.355  -2.435 0.0000000000
85992  41.202  28.565  -3.471 0.0000000000
86663  41.791  28.806  -4.172 0.0000000000
86671  41.623  29.085  -5.159 0.0000000000
86672  40.576  29.132  -4.948 0.0000000000
86673  39.602  29.249  -4.893 0.0000000000
86003  40.026  28.860  -4.181 0.0000000000
83561  37.996  24.994  -5.467 0.0000000000
116118  37.512  25.699  -5.427 0.0000000000
84200  38.093  25.463  -7.306 0.0000000000
83476  47.469  23.947  8.091 0.0000000000
83487  45.879  24.349  6.768 0.0000000000
82805  43.689  23.562  1.781 0.0000000000
110387  43.330  23.745  2.326 0.0000000000
82806  42.738  23.781  1.899 0.0000000000
82799  42.061  24.286  2.345 0.0000000000
110386  42.417  23.653  1.215 0.0000000000
82877  46.554  24.197  -4.124 0.0000000000
129331  45.948  24.029  -4.808 0.0000000000
108375  41.707  22.103  -6.336 0.0000000000
128585  42.121  22.161  -5.012 0.0000000000
82070  41.316  22.211  -4.588 0.0000000000
82082  40.691  22.350  -5.369 0.0000000000
109351  40.879  22.296  -6.238 0.0000000000
125981  39.051  21.506  -9.877 0.0000000000
124799  39.163  22.337  -10.265 0.0000000000
80610  38.564  21.397  -9.180 0.0000000000
87366  36.928  30.773  -9.657 0.0000000000
86708  36.214  29.823  -8.919 0.0000000000
86707  36.504  30.108  -9.133 0.0000000000
82722  43.805  23.342  11.057 0.0000000000
81977  43.348  22.757  10.599 0.0000000000
81991  42.367  22.143  8.556 0.0000000000
81990  43.253  22.450  8.474 0.0000000000
81232  42.931  21.957  7.382 0.0000000000
81248  43.797  21.182  6.677 0.0000000000
81249  42.547  21.295  6.480 0.0000000000
86622  43.513  29.479  0.522 0.0000000000
86636  43.445  29.520  -0.332 0.0000000000
85966  42.104  28.904  -0.149 0.0000000000
85381  40.091  27.719  -1.203 0.0000000000
85974  41.328  28.492  -1.406 0.0000000000
85975  40.658  28.185  -1.725 0.0000000000
85984  40.655  28.313  -2.648 0.0000000000
85976  39.957  27.881  -2.043 0.0000000000
85388  39.192  27.550  -2.297 0.0000000000
84183  37.875  25.244  -2.300 0.0000000000
119058  37.885  25.781  -2.317 0.0000000000
84184  37.731  25.533  -2.679 0.0000000000
83556  37.669  25.071  -3.759 0.0000000000
116633  38.049  24.405  -3.416 0.0000000000
82011  47.218  22.640  4.197 0.0000000000
122066  46.765  23.129  4.072 0.0000000000
82788  46.923  23.038  3.518 0.0000000000
82815  46.661  23.259  0.790 0.0000000000
82803  45.560  23.473  1.153 0.0000000000
122703  44.661  23.502  1.822 0.0000000000
82817  44.865  23.536  0.381 0.0000000000
82914  45.430  23.714  -8.928 0.0000000000
82103  44.894  23.177  -7.967 0.0000000000
82112  44.397  23.057  -9.103 0.0000000000
82113  42.499  22.501  -9.157 0.0000000000
108379  42.843  22.255  -7.314 0.0000000000
82127  41.681  22.927  -10.237 0.0000000000
81368  40.963  22.219  -12.924 0.0000000000
81369  40.569  22.507  -12.190 0.0000000000
81360  39.977  22.259  -11.528 0.0000000000
79860  40.701  20.561  -11.585 0.0000000000
79106  42.168  18.901  -11.687 0.0000000000
79099  41.928  18.606  -10.891 0.0000000000
80461  40.046  19.545  9.685 0.0000000000
119663  39.948  19.962  8.744 0.0000000000
79697  38.436  19.717  6.213 0.0000000000
78950  38.464  19.549  5.372 0.0000000000
79703  38.997  19.822  5.030 0.0000000000
79711  38.650  19.267  4.676 0.0000000000
85943  42.753  28.074  3.065 0.0000000000
85948  43.238  28.679  2.641 0.0000000000
85949  42.520  28.396  2.317 0.0000000000
85363  41.230  27.693  1.600 0.0000000000
85361  41.496  27.379  2.305 0.0000000000
115235  47.036  22.002  -2.670 0.0000000000
81305  47.421  22.661  -2.228 0.0000000000
82078  47.968  23.432  -4.979 0.0000000000
82065  48.152  24.027  -4.827 0.0000000000
82876  47.890  24.190  -4.629 0.0000000000
82886  48.104  24.233  -5.326 0.0000000000
120873  48.095  22.545  -7.750 0.0000000000
82111  48.617  23.053  -8.459 0.0000000000
83588  48.554  24.733  -9.621 0.0000000000
83580  48.507  24.466  -8.822 0.0000000000
83589  47.999  24.700  -8.821 0.0000000000
83582  47.693  24.541  -6.939 0.0000000000
116453  47.284  24.686  -9.080 0.0000000000
82913  46.470  24.374  -8.687 0.0000000000
83597  46.769  24.718  -9.968 0.0000000000
82146  45.837  23.907  -12.226 0.0000000000
82935  46.373  24.499  -11.612 0.0000000000
126730  44.689  23.654  -12.501 0.0000000000
81366  45.337  22.887  -12.335 0.0000000000
80627  44.433  21.136  -12.282 0.0000000000
82718  48.609  23.730  11.493 0.0000000000
83455  49.330  23.719  10.942 0.0000000000
82729  48.651  23.177  10.170 0.0000000000
82740  48.454  22.646  9.165 0.0000000000
81962  45.510  22.832  9.390 0.0000000000
81975  46.203  22.130  8.549 0.0000000000
81246  46.607  20.912  6.650 0.0000000000
81228  47.559  21.449  6.807 0.0000000000
82004  48.073  21.900  6.975 0.0000000000
82010  47.444  22.290  5.179 0.0000000000
80516  45.722  20.508  2.925 0.0000000000
81268  46.611  21.088  3.325 0.0000000000
81274  46.561  21.385  1.493 0.0000000000
81235  40.228  20.872  7.399 0.0000000000
81234  40.794  21.226  7.822 0.0000000000
81251  40.520  21.108  6.731 0.0000000000
80509  41.865  20.114  4.863 0.0000000000
80497  41.481  20.522  5.373 0.0000000000
80508  42.540  19.827  4.592 0.0000000000
78975  41.279  18.365  1.189 0.0000000000
79744  43.144  19.709  0.850 0.0000000000
79725  42.700  19.428  2.327 0.0000000000
129909  43.291  19.596  2.538 0.0000000000
80524  43.932  19.777  2.736 0.0000000000
80536  44.655  20.562  -0.126 0.0000000000
81284  45.641  20.952  0.264 0.0000000000
81300  45.522  21.007  -1.444 0.0000000000
80563  44.732  20.209  -3.453 0.0000000000
80567  45.642  20.608  -4.701 0.0000000000
78300  44.957  17.840  -4.329 0.0000000000
121220  46.509  19.121  -6.051 0.0000000000
81200  39.388  20.592  10.799 0.0000000000
79651  38.231  19.342  10.614 0.0000000000
78901  38.420  18.344  10.361 0.0000000000
120214  37.727  18.633  10.550 0.0000000000
86669  43.537  29.330  -4.629 0.0000000000
108011  44.396  29.552  -4.059 0.0000000000
111561  44.846  29.524  -5.252 0.0000000000
86679  45.309  29.603  -6.492 0.0000000000
86691  45.382  29.745  -7.670 0.0000000000
127261  44.633  29.481  -6.622 0.0000000000
86693  42.187  29.547  -8.204 0.0000000000
86706  40.977  29.971  -9.245 0.0000000000
87353  39.918  30.289  -8.774 0.0000000000
116176  38.105  29.678  -6.045 0.0000000000
86686  36.621  28.935  -7.511 0.0000000000
86011  37.044  28.896  -5.855 0.0000000000
85395  37.892  27.484  -3.219 0.0000000000
84802  36.850  26.870  -6.554 0.0000000000
84797  36.852  27.171  -5.289 0.0000000000
85407  36.444  27.548  -7.469 0.0000000000
84813  36.658  26.270  -7.483 0.0000000000
85303  48.584  26.559  8.612 0.0000000000
84721  46.445  25.965  7.568 0.0000000000
85316  46.801  26.882  7.283 0.0000000000
84730  45.991  26.613  6.919 0.0000000000
85326  46.398  27.390  6.599 0.0000000000
85327  45.599  27.113  6.332 0.0000000000
82785  44.831  23.832  4.633 0.0000000000
82778  45.202  23.890  5.273 0.0000000000
83509  44.329  24.444  5.133 0.0000000000
83511  43.028  25.229  4.327 0.0000000000
83510  43.590  25.024  4.876 0.0000000000
84149  43.272  25.761  4.671 0.0000000000
84751  43.615  26.444  4.949 0.0000000000
84752  43.012  26.433  4.380 0.0000000000
85349  43.483  27.212  4.494 0.0000000000
83522  41.367  24.476  1.964 0.0000000000
84157  41.173  25.539  2.457 0.0000000000
84158  40.770  25.316  2.024 0.0000000000
84160  40.365  25.435  1.585 0.0000000000
83532  40.278  24.251  0.892 0.0000000000
82038  47.443  23.112  -1.902 0.0000000000
121347  47.178  23.311  -1.593 0.0000000000
110041  45.180  23.602  -1.537 0.0000000000
107858  44.362  23.526  -0.289 0.0000000000
82860  44.070  23.481  -2.061 0.0000000000
82079  44.274  22.885  -6.038 0.0000000000
82067  44.223  23.043  -5.200 0.0000000000
82058  42.630  22.586  -3.552 0.0000000000
82047  42.313  22.674  -2.701 0.0000000000
128695  42.635  23.218  -1.301 0.0000000000
82848  41.742  23.094  -0.993 0.0000000000
82049  40.401  22.590  -2.522 0.0000000000
82041  40.181  22.796  -1.700 0.0000000000
82849  39.860  23.140  -1.049 0.0000000000
82835  39.492  23.637  -0.522 0.0000000000
82850  39.223  23.484  -1.260 0.0000000000
82862  39.057  23.352  -2.048 0.0000000000
82890  39.321  23.229  -4.931 0.0000000000
82879  39.197  23.177  -3.946 0.0000000000
82880  38.699  23.759  -4.650 0.0000000000
82115  40.761  22.968  -8.813 0.0000000000
82106  40.608  22.891  -7.918 0.0000000000
82915  40.068  23.465  -8.752 0.0000000000
82928  39.003  23.469  -9.303 0.0000000000
82916  39.345  23.792  -8.664 0.0000000000
82907  39.218  24.206  -7.992 0.0000000000
83591  38.852  24.245  -8.340 0.0000000000
83583  38.531  24.747  -8.004 0.0000000000
81335  38.090  21.402  -8.437 0.0000000000
79079  40.790  18.749  -8.307 0.0000000000
88050  36.573  31.444  -8.820 0.0000000000
128552  37.197  30.948  -9.903 0.0000000000
85957  41.517  28.461  0.396 0.0000000000
85958  40.852  28.085  0.046 0.0000000000
85376  40.230  27.617  -0.322 0.0000000000
85383  38.812  26.945  -1.872 0.0000000000
84780  39.080  26.788  -1.265 0.0000000000
84179  38.199  25.522  -1.739 0.0000000000
83545  38.139  24.629  -2.033 0.0000000000
82016  47.086  22.832  2.228 0.0000000000
82019  47.119  22.885  1.339 0.0000000000
82829  46.889  23.248  -0.058 0.0000000000
128911  44.720  24.083  -11.663 0.0000000000
82137  44.144  23.362  -10.561 0.0000000000
82937  43.974  23.741  -12.058 0.0000000000
120266  43.270  23.120  -10.949 0.0000000000
82126  42.302  23.094  -11.292 0.0000000000
109573  41.988  23.291  -12.446 0.0000000000
81374  41.534  22.704  -13.119 0.0000000000
118691  41.159  21.296  -12.962 0.0000000000
80630  41.215  20.470  -12.395 0.0000000000
79865  41.955  19.647  -12.304 0.0000000000
79098  42.629  17.978  -11.539 0.0000000000
79677  39.145  18.676  9.498 0.0000000000
79688  38.862  19.093  8.393 0.0000000000
79689  38.119  18.876  7.726 0.0000000000
86605  44.600  29.392  2.504 0.0000000000
86595  44.775  29.182  3.306 0.0000000000
85942  43.484  28.387  3.407 0.0000000000
81318  46.558  21.636  -4.271 0.0000000000
81317  47.587  22.813  -3.650 0.0000000000
82110  49.473  23.771  -9.498 0.0000000000
82923  49.836  24.708  -10.892 0.0000000000
83602  49.116  24.896  -11.127 0.0000000000
83603  48.113  25.134  -10.920 0.0000000000
83610  47.375  24.701  -11.437 0.0000000000
82941  47.737  24.521  -11.552 0.0000000000
82145  47.030  23.962  -11.976 0.0000000000
82730  48.003  23.041  10.463 0.0000000000
81988  45.480  21.760  7.785 0.0000000000
81230  45.757  21.015  7.025 0.0000000000
125843  45.777  20.613  6.446 0.0000000000
114501  46.650  20.912  5.201 0.0000000000
80505  45.748  20.362  3.955 0.0000000000
80499  39.677  20.262  5.271 0.0000000000
80498  40.585  20.498  5.324 0.0000000000
80511  40.263  20.102  4.765 0.0000000000
79708  41.577  19.714  4.166 0.0000000000
78983  42.047  18.653  -0.164 0.0000000000
79734  41.901  18.898  1.069 0.0000000000
79745  42.356  19.156  0.408 0.0000000000
80546  43.774  20.111  -0.551 0.0000000000
80551  44.553  20.473  -1.809 0.0000000000
79773  44.009  19.712  -2.876 0.0000000000
79793  44.648  19.441  -4.115 0.0000000000
78299  45.710  17.589  -4.512 0.0000000000
78309  47.103  17.921  -5.222 0.0000000000
86656  42.542  28.995  -2.812 0.0000000000
86662  42.583  29.024  -3.871 0.0000000000
128119  43.271  29.283  -5.524 0.0000000000
124763  43.859  29.389  -6.821 0.0000000000
86670  42.621  29.265  -5.874 0.0000000000
86682  41.835  29.362  -6.495 0.0000000000
86695  39.818  29.836  -6.901 0.0000000000
86684  40.030  29.446  -5.614 0.0000000000
86674  38.570  29.324  -4.963 0.0000000000
84796  37.096  26.873  -4.424 0.0000000000
111430  37.358  26.155  -6.452 0.0000000000
84201  37.494  25.894  -7.184 0.0000000000
83584  37.952  25.118  -8.115 0.0000000000
84712  48.145  25.595  8.881 0.0000000000
84713  47.167  25.520  8.236 0.0000000000
84123  46.062  25.402  7.368 0.0000000000
84130  45.494  25.319  6.826 0.0000000000
110388  44.405  23.585  3.007 0.0000000000
82786  44.054  24.186  4.394 0.0000000000
82791  43.824  23.968  3.603 0.0000000000
82792  42.995  24.349  3.367 0.0000000000
83514  42.566  25.035  3.725 0.0000000000
83515  42.009  25.161  3.228 0.0000000000
83517  42.284  24.638  3.037 0.0000000000
82867  47.341  23.721  -3.072 0.0000000000
119993  46.622  23.820  -2.743 0.0000000000
82868  46.793  24.064  -3.430 0.0000000000
109209  45.652  23.795  -2.946 0.0000000000
82068  43.138  22.570  -4.837 0.0000000000
82069  42.285  22.350  -4.279 0.0000000000
82048  41.283  22.513  -2.606 0.0000000000
126092  40.634  22.410  -3.614 0.0000000000
82060  39.787  22.723  -3.257 0.0000000000
82083  39.957  22.721  -5.195 0.0000000000
109691  39.973  23.282  -10.365 0.0000000000
82129  39.237  23.057  -9.925 0.0000000000
82130  38.590  22.990  -9.374 0.0000000000
82116  38.069  22.896  -8.864 0.0000000000
121500  38.248  22.173  -9.107 0.0000000000
85924  46.608  28.448  5.481 0.0000000000
87358  35.852  30.153  -8.529 0.0000000000
86022  35.891  28.250  -8.429 0.0000000000
127841  43.283  22.610  9.531 0.0000000000
117982  43.873  22.787  9.111 0.0000000000
81989  44.302  22.289  7.999 0.0000000000
116645  44.691  21.420  7.204 0.0000000000
78969  40.464  18.340  2.329 0.0000000000
78976  40.643  17.945  1.634 0.0000000000
78236  40.856  17.627  0.993 0.0000000000
78242  41.273  17.772  0.412 0.0000000000
78995  41.690  18.071  -0.258 0.0000000000
79002  42.429  18.222  -1.456 0.0000000000
79012  42.868  18.253  -2.150 0.0000000000
79011  43.373  18.313  -2.708 0.0000000000
127948  43.416  29.511  -0.886 0.0000000000
86646  42.663  29.164  -1.769 0.0000000000
85973  42.039  28.858  -1.111 0.0000000000
85982  41.885  28.769  -2.117 0.0000000000
125564  41.484  28.559  -2.774 0.0000000000
85993  40.324  28.491  -3.471 0.0000000000
85986  38.773  27.839  -2.956 0.0000000000
84786  38.191  26.406  -2.188 0.0000000000
85390  37.875  26.791  -2.789 0.0000000000
84791  37.465  26.611  -3.456 0.0000000000
83562  37.673  25.208  -4.641 0.0000000000
82776  47.380  22.816  5.676 0.0000000000
82761  46.680  23.527  6.302 0.0000000000
82777  46.318  23.447  5.416 0.0000000000
82784  45.897  23.426  4.507 0.0000000000
82794  46.518  23.216  2.725 0.0000000000
113893  45.439  23.421  2.938 0.0000000000
129842  44.822  23.492  2.446 0.0000000000
82818  43.764  23.500  0.435 0.0000000000
127162  46.227  24.067  -6.982 0.0000000000
82897  45.376  23.514  -7.035 0.0000000000
82090  44.405  22.824  -7.037 0.0000000000
130132  43.780  22.597  -8.658 0.0000000000
82091  43.514  22.465  -6.648 0.0000000000
108603  41.951  22.170  -7.180 0.0000000000
82105  41.366  22.517  -7.968 0.0000000000
82128  40.753  23.210  -9.839 0.0000000000
82139  41.273  23.240  -11.581 0.0000000000
108316  40.691  23.246  -10.814 0.0000000000
80623  39.430  21.847  -10.733 0.0000000000
79838  40.513  19.836  -9.549 0.0000000000
79837  41.035  19.056  -9.122 0.0000000000
79851  41.245  19.322  -10.135 0.0000000000
79078  41.325  18.344  -8.820 0.0000000000
81216  41.071  20.910  9.285 0.0000000000
80484  39.841  20.733  6.682 0.0000000000
79687  39.280  19.783  7.958 0.0000000000
80485  39.131  20.200  6.748 0.0000000000
121540  39.494  20.513  6.012 0.0000000000
78963  39.443  18.365  3.306 0.0000000000
86621  44.281  29.724  0.810 0.0000000000
86616  42.872  29.141  1.071 0.0000000000
86606  43.787  29.195  2.185 0.0000000000
85952  43.043  28.929  1.865 0.0000000000
85953  42.332  28.640  1.550 0.0000000000
85954  41.650  28.320  1.222 0.0000000000
85364  40.615  27.284  1.213 0.0000000000
84764  40.281  26.364  1.365 0.0000000000
81299  46.704  21.617  -1.060 0.0000000000
81298  47.268  22.421  -0.693 0.0000000000
121732  47.324  22.512  -1.485 0.0000000000
82045  47.504  23.286  -2.601 0.0000000000
82055  47.614  23.485  -3.336 0.0000000000
109175  47.546  24.092  -3.838 0.0000000000
82887  47.374  24.467  -5.432 0.0000000000
117104  47.874  22.795  -6.952 0.0000000000
82088  48.298  23.844  -6.295 0.0000000000
82101  48.621  24.166  -8.303 0.0000000000
82903  48.297  24.193  -6.894 0.0000000000
82895  48.202  24.233  -5.973 0.0000000000
82896  47.124  24.509  -6.453 0.0000000000
118267  45.947  24.306  -9.772 0.0000000000
82936  45.464  24.335  -11.722 0.0000000000
82944  44.759  23.935  -12.266 0.0000000000
81372  43.648  23.139  -13.055 0.0000000000
81367  43.670  21.856  -12.914 0.0000000000
80636  43.024  21.294  -13.160 0.0000000000
80621  44.355  20.046  -11.877 0.0000000000
84103  49.331  24.553  10.091 0.0000000000
82748  48.193  22.759  7.697 0.0000000000
82720  45.829  23.662  11.461 0.0000000000
82731  46.806  23.137  10.529 0.0000000000
81960  47.833  22.477  9.558 0.0000000000
81974  47.629  21.889  8.555 0.0000000000
81973  48.251  22.226  8.846 0.0000000000
82747  48.347  22.305  8.301 0.0000000000
81986  48.285  22.110  7.560 0.0000000000
82760  47.873  22.581  6.735 0.0000000000
129537  47.178  22.623  3.602 0.0000000000
81267  47.218  21.945  3.689 0.0000000000
81270  47.140  21.998  2.744 0.0000000000
81273  47.089  22.154  1.865 0.0000000000
81262  40.958  20.988  5.986 0.0000000000
81261  41.789  21.015  5.968 0.0000000000
80495  43.706  20.103  5.476 0.0000000000
80507  44.042  19.763  4.799 0.0000000000
79726  41.146  18.969  2.719 0.0000000000
79717  41.636  19.391  3.427 0.0000000000
112660  42.147  19.322  2.929 0.0000000000
80519  43.376  19.637  4.178 0.0000000000
129137  44.212  19.685  4.130 0.0000000000
80523  44.838  20.201  2.454 0.0000000000
80528  43.996  20.084  1.234 0.0000000000
80527  44.820  20.387  1.587 0.0000000000
81275  45.663  20.846  1.114 0.0000000000
81292  46.676  21.576  -0.202 0.0000000000
80556  45.703  21.130  -2.935 0.0000000000
80574  46.372  20.704  -5.898 0.0000000000
79784  43.600  19.013  -2.914 0.0000000000
120124  45.436  18.145  -4.786 0.0000000000
79032  45.507  18.750  -5.129 0.0000000000
79792  45.154  19.556  -4.728 0.0000000000
79803  45.615  19.623  -5.331 0.0000000000
79802  46.116  19.694  -5.879 0.0000000000
81198  40.884  21.091  11.184 0.0000000000
80447  40.524  20.396  10.828 0.0000000000
80448  40.113  19.684  10.356 0.0000000000
79660  39.705  19.066  9.962 0.0000000000
80441  39.137  19.742  10.714 0.0000000000
79661  39.160  18.659  10.220 0.0000000000
78925  38.619  18.110  9.843 0.0000000000
79652  37.066  18.583  10.513 0.0000000000
78902  37.541  17.823  10.413 0.0000000000
78155  37.454  17.249  10.123 0.0000000000
86703  45.339  30.084  -8.798 0.0000000000
86692  43.547  29.509  -8.244 0.0000000000
86713  43.519  30.270  -10.134 0.0000000000
87364  38.797  30.952  -10.123 0.0000000000
87355  38.009  30.624  -9.200 0.0000000000
114217  38.615  30.088  -7.188 0.0000000000
86696  37.699  29.960  -7.702 0.0000000000
86697  36.777  29.579  -8.452 0.0000000000
86016  36.146  28.202  -8.289 0.0000000000
86005  38.154  28.749  -4.228 0.0000000000
86006  37.326  28.570  -4.796 0.0000000000
85401  36.995  27.821  -4.677 0.0000000000
86007  36.883  28.360  -5.424 0.0000000000
84814  35.989  26.380  -7.713 0.0000000000
83585  37.219  25.176  -7.700 0.0000000000
85340  46.048  27.844  5.964 0.0000000000
85925  45.722  28.246  5.323 0.0000000000
83488  45.095  24.836  6.392 0.0000000000
84131  44.632  25.660  6.039 0.0000000000
83503  44.152  25.163  5.482 0.0000000000
85328  44.875  26.756  5.993 0.0000000000
85342  44.591  27.282  5.400 0.0000000000
85926  44.943  28.014  5.121 0.0000000000
85348  44.244  27.680  4.806 0.0000000000
85356  43.085  27.696  3.778 0.0000000000
85357  42.379  27.237  3.383 0.0000000000
84154  41.645  25.686  3.009 0.0000000000
84758  41.905  26.454  3.255 0.0000000000
85358  41.787  27.086  2.894 0.0000000000
84761  40.718  26.013  2.067 0.0000000000
84161  39.818  25.499  1.023 0.0000000000
82032  47.330  22.943  -0.375 0.0000000000
82830  46.227  23.490  -0.508 0.0000000000
82845  46.338  23.519  -1.214 0.0000000000
123096  45.335  23.547  -0.231 0.0000000000
82878  45.065  23.527  -5.387 0.0000000000
112415  45.253  23.686  -4.638 0.0000000000
82870  44.365  23.452  -3.205 0.0000000000
82057  43.408  22.869  -3.829 0.0000000000
82831  43.252  23.443  -0.229 0.0000000000
82819  42.729  23.496  0.542 0.0000000000
109394  42.187  23.392  -0.154 0.0000000000
82820  41.659  23.627  0.709 0.0000000000
82821  40.617  23.717  0.451 0.0000000000
82033  40.655  23.016  -0.994 0.0000000000
82822  39.822  23.872  0.218 0.0000000000
83533  39.625  24.632  0.564 0.0000000000
125620  39.136  24.884  0.054 0.0000000000
83539  38.807  24.759  -0.498 0.0000000000
82863  38.387  23.957  -2.612 0.0000000000
82871  39.087  23.241  -2.956 0.0000000000
129196  38.439  24.371  -5.311 0.0000000000
82906  39.892  23.539  -7.935 0.0000000000
82898  38.949  24.209  -6.697 0.0000000000
83575  38.525  24.909  -7.398 0.0000000000
83592  38.254  24.382  -8.390 0.0000000000
82117  37.725  22.757  -8.281 0.0000000000
79863  43.026  19.310  -12.427 0.0000000000
79105  42.715  18.748  -12.102 0.0000000000
78171  37.500  17.220  9.729 0.0000000000
79649  39.508  19.358  10.472 0.0000000000
79775  42.813  18.741  -1.822 0.0000000000
82092  42.617  22.219  -6.460 0.0000000000
82104  43.599  22.451  -7.430 0.0000000000
82148  42.621  23.322  -13.018 0.0000000000
82154  42.261  22.737  -13.347 0.0000000000
82797  43.531  23.836  2.894 0.0000000000
82861  43.004  23.179  -1.898 0.0000000000
82888  46.038  24.077  -5.425 0.0000000000
82934  49.800  24.626  -11.174 0.0000000000
83454  49.602  24.155  11.692 0.0000000000
83519  41.083  24.951  2.191 0.0000000000
83523  40.692  24.705  1.613 0.0000000000
83573  48.095  24.380  -6.564 0.0000000000
83590  47.422  24.572  -8.037 0.0000000000
83595  48.942  24.914  -10.574 0.0000000000
83604  47.109  24.937  -11.055 0.0000000000
83609  48.297  24.797  -11.285 0.0000000000
84122  46.734  25.072  7.974 0.0000000000
84153  42.185  25.731  3.536 0.0000000000
84174  38.620  25.507  -0.950 0.0000000000
84722  45.766  25.905  7.082 0.0000000000
84744  44.236  26.482  5.495 0.0000000000
84767  39.752  26.298  0.657 0.0000000000
84787  37.710  26.148  -2.745 0.0000000000
85350  42.835  27.019  4.007 0.0000000000
85367  40.435  27.513  0.484 0.0000000000
85941  44.257  28.672  3.730 0.0000000000
85968  40.743  28.132  -0.840 0.0000000000
85995  38.255  28.156  -3.512 0.0000000000
86623  42.798  29.225  0.203 0.0000000000
86704  44.347  29.921  -9.350 0.0000000000
87367  36.476  30.571  -9.131 0.0000000000
87375  37.158  31.146  -9.888 0.0000000000
112564  39.242  24.233  -0.131 0.0000000000
113828  48.230  21.936  8.182 0.0000000000
126104  39.610  23.088  -1.671 0.0000000000
128728  41.966  28.734  -2.774 0.0000000000
