#!ascii label  , from subject sub-v2s7x29665_ses-1 vox2ras=TkReg
881
65766  16.448  1.957  -38.592 0.2500000000
65765  17.128  1.583  -39.188 0.2500000000
64913  17.526  0.942  -39.397 0.7500000000
68179  15.723  4.567  -38.642 0.2500000000
109593  15.703  3.920  -38.455 0.1250000000
68200  16.194  5.034  -39.400 0.3750000000
67393  16.179  3.461  -38.871 0.2500000000
113696  15.914  2.742  -38.315 0.2500000000
64912  18.047  0.120  -39.715 0.8750000000
68191  16.030  4.225  -39.004 0.3750000000
67392  17.101  3.181  -39.695 0.8750000000
66570  17.107  2.263  -39.411 0.7500000000
65777  18.616  1.404  -40.597 1.0000000000
65778  17.818  1.698  -39.940 1.0000000000
64925  18.838  0.516  -40.458 1.0000000000
64065  19.360  -0.096  -40.318 1.0000000000
68190  16.676  4.118  -39.592 0.7500000000
109275  17.401  3.951  -40.211 0.8750000000
67403  18.026  3.280  -40.624 0.8750000000
65790  19.106  1.968  -41.137 1.0000000000
66582  18.383  2.289  -40.646 1.0000000000
108773  20.430  0.648  -40.575 1.0000000000
65776  19.356  1.203  -40.955 1.0000000000
64924  19.671  0.547  -40.716 1.0000000000
69062  15.708  5.517  -38.982 0.1250000000
68211  17.950  4.318  -40.840 1.0000000000
68199  17.152  4.887  -40.263 0.8750000000
113635  20.313  1.715  -41.256 1.0000000000
66591  19.587  2.395  -41.515 1.0000000000
66592  18.978  2.900  -41.371 1.0000000000
65775  20.756  1.325  -40.780 1.0000000000
65788  20.047  1.135  -41.119 1.0000000000
64922  22.407  0.767  -39.973 1.0000000000
64923  21.353  0.794  -40.173 1.0000000000
72189  16.160  10.290  -40.768 0.2500000000
69070  15.891  6.065  -39.354 0.2500000000
69921  16.188  6.729  -39.827 0.3750000000
69082  16.563  5.807  -40.008 0.5000000000
69081  17.256  5.792  -40.685 1.0000000000
69935  16.785  6.415  -40.425 0.6250000000
69092  17.848  5.217  -41.078 1.0000000000
68209  19.074  4.350  -41.815 1.0000000000
68210  18.521  4.737  -41.514 1.0000000000
66581  20.961  2.075  -41.032 1.0000000000
66590  20.261  2.415  -41.567 1.0000000000
67421  20.005  3.811  -42.197 1.0000000000
66580  21.835  2.596  -40.630 1.0000000000
114917  21.831  1.599  -40.360 1.0000000000
66579  22.858  2.157  -40.371 1.0000000000
72199  17.388  9.517  -41.873 0.5000000000
71390  16.118  9.287  -40.395 0.3750000000
70708  16.771  8.164  -40.968 0.3750000000
70696  16.598  7.304  -40.494 0.5000000000
69948  17.971  6.552  -41.675 0.8750000000
112730  17.767  5.945  -41.273 1.0000000000
109712  18.162  7.352  -42.152 1.0000000000
68220  19.647  4.443  -42.198 1.0000000000
69091  18.469  5.693  -41.792 1.0000000000
68207  21.368  4.356  -41.339 1.0000000000
68219  20.216  4.672  -42.316 1.0000000000
116542  22.656  3.900  -40.556 1.0000000000
67402  21.801  3.596  -40.817 1.0000000000
127975  23.597  2.124  -40.450 0.8750000000
121382  16.966  10.275  -41.519 0.5000000000
71401  17.069  8.873  -41.423 0.5000000000
71413  17.757  8.779  -42.152 0.6250000000
71412  18.385  8.773  -42.744 0.6250000000
70720  18.183  8.108  -42.415 1.0000000000
113432  17.563  8.076  -41.758 0.7500000000
69961  19.440  6.687  -42.893 1.0000000000
69089  22.155  5.929  -41.245 1.0000000000
69100  21.113  5.957  -42.302 1.0000000000
69101  20.449  5.553  -42.502 1.0000000000
69080  22.587  5.300  -40.749 1.0000000000
68206  21.769  5.161  -41.242 1.0000000000
114374  20.951  5.079  -41.937 1.0000000000
69079  23.521  5.382  -40.518 0.8750000000
68198  23.094  4.552  -40.495 1.0000000000
116544  23.584  3.661  -40.454 0.8750000000
73025  17.588  10.256  -42.276 0.5000000000
72198  17.985  9.478  -42.544 0.8750000000
71424  20.279  8.259  -43.640 1.0000000000
70730  19.626  7.553  -43.315 1.0000000000
69946  22.521  6.697  -41.458 1.0000000000
70728  21.203  7.539  -43.229 1.0000000000
69111  20.075  6.136  -42.907 1.0000000000
70705  22.826  7.489  -41.605 1.0000000000
69078  24.502  5.421  -40.484 1.0000000000
69945  23.429  6.942  -41.202 1.0000000000
69932  23.963  6.250  -40.664 1.0000000000
120286  17.828  11.136  -42.649 0.5000000000
73024  18.256  10.202  -42.896 0.8750000000
73035  19.000  10.150  -43.433 1.0000000000
73032  21.533  10.463  -44.180 1.0000000000
109979  20.777  8.956  -43.763 1.0000000000
72210  19.499  9.357  -43.561 1.0000000000
72186  22.975  9.634  -41.730 1.0000000000
71400  22.648  8.769  -41.935 1.0000000000
71398  24.241  8.670  -41.346 1.0000000000
71399  23.424  8.759  -41.552 1.0000000000
123129  22.968  8.187  -41.653 1.0000000000
70695  24.468  7.168  -41.010 1.0000000000
70704  23.704  7.886  -41.397 1.0000000000
69931  24.941  6.262  -40.563 0.8750000000
75438  21.566  14.176  -45.033 1.0000000000
114404  20.523  14.607  -44.219 0.3750000000
73799  22.064  10.880  -44.893 1.0000000000
73015  23.663  10.281  -41.422 1.0000000000
73023  22.442  10.256  -42.575 1.0000000000
121189  22.296  15.596  -45.116 0.8750000000
76220  22.895  14.906  -45.026 1.0000000000
120422  22.852  14.170  -45.227 1.0000000000
75437  22.697  13.252  -45.334 1.0000000000
120945  23.297  14.091  -44.567 1.0000000000
73798  22.532  11.452  -44.871 1.0000000000
115998  23.378  11.100  -41.614 1.0000000000
119457  23.151  11.823  -42.284 1.0000000000
73768  24.278  10.942  -41.078 1.0000000000
77029  22.036  16.289  -45.115 0.7500000000
76219  23.276  14.798  -44.264 1.0000000000
120942  23.509  14.008  -43.336 1.0000000000
74602  23.824  12.878  -41.579 1.0000000000
119576  23.512  13.181  -42.616 1.0000000000
74603  23.438  12.478  -42.069 1.0000000000
77019  23.332  15.437  -43.785 1.0000000000
76207  23.595  14.772  -42.871 1.0000000000
75417  23.762  13.877  -41.910 1.0000000000
81614  21.391  21.007  -44.891 0.1250000000
81626  22.267  21.827  -44.037 0.1250000000
80889  21.914  21.259  -46.617 0.2500000000
81627  21.535  21.345  -45.762 0.1250000000
81636  22.623  21.281  -47.030 0.3750000000
82396  21.924  21.896  -45.684 0.2500000000
128389  22.995  21.314  -47.077 0.5000000000
81640  22.791  21.665  -47.134 0.2500000000
82411  23.124  22.407  -47.321 0.3750000000
116078  22.403  22.574  -45.472 0.2500000000
82408  22.321  21.849  -46.808 0.2500000000
117058  22.388  22.507  -46.784 0.2500000000
83197  22.423  22.957  -47.236 0.2500000000
82412  22.696  22.485  -47.264 0.2500000000
82414  22.559  22.980  -47.837 0.2500000000
83204  24.418  23.276  -46.501 0.3750000000
83205  23.011  23.191  -47.847 0.2500000000
66556  15.934  2.119  -37.988 0.1250000000
66571  16.528  2.706  -38.980 0.2500000000
67384  15.424  3.842  -38.096 0.1250000000
64063  20.955  0.143  -39.955 1.0000000000
71426  18.943  8.813  -43.229 0.8750000000
71410  22.044  8.584  -42.567 1.0000000000
64901  16.413  0.877  -38.056 0.1250000000
64905  17.164  0.267  -38.762 0.6250000000
64051  18.413  -0.768  -39.635 0.7500000000
63218  18.939  -1.617  -39.562 1.0000000000
67369  15.564  2.938  -37.879 0.1250000000
64049  19.832  -0.652  -40.001 1.0000000000
64048  20.658  -0.524  -39.784 1.0000000000
111413  21.943  0.122  -39.731 1.0000000000
69922  15.642  7.021  -39.220 0.3750000000
110640  16.150  8.289  -40.161 0.2500000000
65773  23.715  1.483  -40.451 0.8750000000
67400  24.597  3.793  -40.570 0.8750000000
117380  24.376  2.938  -40.587 0.8750000000
68195  25.710  4.966  -40.788 0.8750000000
76231  19.887  15.240  -43.439 0.1250000000
76232  18.827  14.889  -42.880 0.1250000000
110723  19.275  10.999  -43.688 0.6250000000
70703  24.545  8.027  -41.238 1.0000000000
69077  25.364  5.504  -40.616 0.8750000000
76230  20.837  15.214  -44.329 0.5000000000
76229  21.991  15.049  -45.168 0.8750000000
113219  19.846  14.411  -43.732 0.3750000000
74631  20.889  12.782  -44.663 0.8750000000
73014  24.501  10.052  -41.127 1.0000000000
72998  25.646  10.570  -40.837 1.0000000000
116093  25.137  11.103  -40.778 1.0000000000
77020  22.892  15.672  -44.885 1.0000000000
74601  24.594  12.473  -40.915 1.0000000000
77838  22.508  16.640  -45.116 0.8750000000
77829  23.266  16.275  -44.045 1.0000000000
121674  24.690  14.013  -41.107 1.0000000000
81609  22.288  21.319  -42.757 0.1250000000
111075  21.092  20.129  -45.609 0.1250000000
80878  22.561  20.129  -46.464 0.6250000000
80888  22.577  20.738  -46.832 0.6250000000
81634  24.460  21.718  -45.180 0.5000000000
82406  24.378  22.437  -45.862 0.5000000000
82395  22.567  22.477  -44.266 0.2500000000
112912  22.546  23.181  -45.618 0.2500000000
83853  22.470  23.757  -46.284 0.1250000000
83863  22.229  23.422  -47.867 0.2500000000
83870  22.699  23.872  -48.278 0.2500000000
121074  25.302  24.146  -46.099 0.3750000000
83869  23.501  24.724  -48.287 0.2500000000
65759  16.307  1.368  -38.154 0.1250000000
65758  16.771  1.074  -38.585 0.3750000000
67383  15.520  3.384  -38.102 0.1250000000
64926  18.180  0.914  -40.079 0.8750000000
64066  18.761  -0.223  -40.106 1.0000000000
66583  17.692  2.533  -40.085 1.0000000000
64064  20.092  -0.003  -40.317 1.0000000000
67413  18.633  3.861  -41.382 1.0000000000
67412  19.389  3.722  -41.815 1.0000000000
70686  15.775  7.836  -39.552 0.3750000000
69934  17.316  6.541  -40.997 0.8750000000
69103  19.148  5.033  -42.109 1.0000000000
66589  21.033  2.906  -41.293 1.0000000000
108832  19.782  3.047  -41.846 1.0000000000
67411  20.397  3.299  -41.803 1.0000000000
122284  21.028  3.642  -41.465 1.0000000000
67401  22.702  3.121  -40.504 1.0000000000
70707  17.400  7.312  -41.361 0.6250000000
69962  18.680  6.550  -42.350 1.0000000000
70719  18.856  7.293  -42.765 1.0000000000
69102  19.816  5.250  -42.507 1.0000000000
108895  19.278  5.866  -42.484 1.0000000000
120223  22.189  4.494  -40.779 1.0000000000
66578  24.178  2.131  -40.600 0.8750000000
70731  18.831  8.080  -42.981 1.0000000000
69974  20.084  6.887  -43.245 1.0000000000
69933  22.985  6.128  -40.807 1.0000000000
69090  21.522  5.718  -41.707 1.0000000000
69960  20.742  6.231  -42.760 1.0000000000
118282  21.347  6.824  -42.629 1.0000000000
68197  24.074  4.561  -40.430 0.8750000000
72208  21.291  9.086  -43.567 1.0000000000
71425  19.530  8.480  -43.465 1.0000000000
71411  21.495  8.402  -43.160 1.0000000000
70729  20.521  7.499  -43.477 1.0000000000
70706  22.075  7.203  -42.026 1.0000000000
69973  20.695  6.808  -43.137 1.0000000000
70718  21.766  7.746  -42.635 1.0000000000
128808  18.529  10.778  -43.225 0.6250000000
73034  19.912  10.157  -43.834 1.0000000000
111935  21.131  9.688  -43.908 1.0000000000
73033  20.868  10.226  -44.118 1.0000000000
72207  21.517  9.894  -43.730 1.0000000000
73031  22.226  10.821  -43.842 1.0000000000
118419  21.896  10.057  -43.350 1.0000000000
72170  24.726  9.308  -41.190 1.0000000000
72197  21.694  9.251  -43.135 1.0000000000
74622  21.656  13.013  -45.164 1.0000000000
75439  20.765  13.756  -44.493 0.7500000000
73800  21.310  10.963  -44.502 1.0000000000
126232  21.849  11.296  -45.159 1.0000000000
73809  22.181  11.409  -45.292 1.0000000000
73781  22.735  11.065  -42.526 1.0000000000
74621  22.458  12.236  -45.327 1.0000000000
75430  23.431  13.280  -43.928 1.0000000000
74613  23.264  12.497  -43.124 1.0000000000
73790  22.841  11.695  -43.571 1.0000000000
74614  23.139  12.493  -44.577 1.0000000000
73767  24.598  11.642  -40.867 1.0000000000
77009  23.758  15.585  -42.720 1.0000000000
76206  24.091  14.821  -41.819 1.0000000000
77828  24.052  16.399  -42.729 1.0000000000
80865  21.256  20.630  -43.508 0.1250000000
80879  21.653  20.577  -46.450 0.3750000000
82407  23.354  21.579  -46.810 0.5000000000
81635  23.296  21.082  -46.646 0.7500000000
83862  24.059  23.912  -47.490 0.2500000000
64906  16.493  0.514  -38.022 0.2500000000
64052  17.583  -0.568  -38.964 0.6250000000
64050  19.134  -0.780  -39.978 1.0000000000
75440  19.156  13.959  -43.522 0.5000000000
126095  18.421  11.461  -43.223 0.6250000000
114112  20.332  10.761  -44.071 0.8750000000
73802  18.820  12.223  -43.513 0.7500000000
73801  20.110  11.547  -44.121 0.8750000000
129769  20.137  13.529  -44.022 0.7500000000
74623  19.869  12.735  -43.951 0.8750000000
73810  21.025  11.836  -44.682 1.0000000000
74630  21.715  11.965  -45.263 1.0000000000
79348  22.748  19.265  -46.142 0.7500000000
80887  23.215  20.504  -46.390 0.7500000000
84454  25.388  24.841  -46.706 0.2500000000
60849  19.609  -4.935  -38.262 0.7500000000
60046  20.410  -5.553  -38.699 0.7500000000
60850  18.758  -4.457  -38.015 0.7500000000
126041  18.510  -3.651  -38.243 0.7500000000
60861  20.945  -5.113  -39.229 0.7500000000
61638  19.341  -4.032  -38.441 0.7500000000
118163  20.771  -3.877  -39.092 0.7500000000
123422  19.894  -3.673  -38.756 0.7500000000
63219  18.021  -1.417  -39.053 0.7500000000
61653  19.955  -2.971  -39.058 0.7500000000
62422  19.232  -2.421  -39.213 0.8750000000
62406  18.424  -2.288  -38.926 0.8750000000
60860  21.471  -4.678  -39.768 0.7500000000
62421  20.880  -2.831  -39.243 0.7500000000
117988  19.994  -2.057  -39.430 0.8750000000
63217  19.623  -1.271  -39.741 0.8750000000
61651  22.243  -3.530  -40.320 0.7500000000
63216  21.099  -1.944  -39.422 0.8750000000
121238  20.432  -1.254  -39.620 0.8750000000
62419  22.518  -2.617  -40.233 0.7500000000
63215  22.041  -1.879  -39.550 0.8750000000
126768  21.470  -1.121  -39.507 0.8750000000
63226  23.311  -1.562  -40.839 0.8750000000
64062  22.372  -0.742  -39.630 0.8750000000
64061  23.219  -0.862  -40.180 0.8750000000
114460  22.916  -0.049  -39.876 0.8750000000
64072  24.170  -0.548  -42.232 0.3750000000
64936  23.964  0.047  -40.985 0.7500000000
64921  23.443  0.586  -40.280 0.7500000000
128101  24.753  -0.139  -43.414 0.5000000000
64945  24.557  0.068  -42.773 0.5000000000
124376  24.406  0.593  -41.577 0.7500000000
65772  24.420  1.433  -40.893 0.7500000000
65812  25.080  1.130  -43.832 0.1250000000
65800  25.043  1.406  -42.635 0.3750000000
65787  24.833  1.409  -41.628 0.6250000000
66577  24.886  2.234  -40.988 0.6250000000
65821  25.804  0.678  -44.703 0.1250000000
116444  25.266  1.481  -44.512 0.1250000000
66611  25.186  2.010  -43.876 0.1250000000
67429  25.108  2.828  -44.463 0.1250000000
67410  25.818  3.182  -42.058 0.6250000000
67409  26.072  4.012  -41.671 0.6250000000
68205  25.722  4.285  -40.951 0.7500000000
66620  25.171  2.216  -44.926 0.1250000000
68247  24.368  4.116  -46.464 0.1250000000
117579  26.081  4.293  -43.235 0.1250000000
68218  26.384  4.559  -42.228 0.5000000000
68204  26.212  4.904  -41.326 0.6250000000
69076  26.032  5.587  -40.845 0.7500000000
66619  25.861  1.966  -45.322 0.1250000000
69110  26.467  5.099  -43.105 0.5000000000
69098  26.879  5.926  -42.472 0.5000000000
69959  26.777  6.220  -41.684 0.6250000000
69929  26.333  6.304  -41.021 0.7500000000
78614  22.080  17.391  -45.500 0.5000000000
78609  22.870  16.961  -45.089 0.7500000000
70716  27.552  7.462  -42.448 0.6250000000
124517  27.014  8.423  -41.337 0.6250000000
71385  25.656  8.629  -41.067 0.8750000000
71409  27.959  8.127  -42.983 0.5000000000
70701  27.228  7.777  -41.631 0.6250000000
71397  27.391  8.605  -41.571 0.6250000000
123060  27.146  9.218  -41.281 0.7500000000
78608  22.640  17.690  -45.334 0.7500000000
115874  25.865  9.332  -41.038 0.8750000000
109960  25.326  11.817  -40.688 0.8750000000
72167  26.826  10.053  -41.128 0.7500000000
73766  25.904  11.261  -40.737 0.8750000000
113567  26.064  11.922  -40.697 0.8750000000
74587  25.661  12.651  -40.663 0.8750000000
75405  25.643  13.620  -40.689 0.8750000000
71421  28.172  8.865  -43.540 0.3750000000
71408  28.103  9.015  -42.503 0.5000000000
72196  28.194  9.828  -42.249 0.5000000000
72184  27.522  10.049  -41.416 0.6250000000
71435  28.000  8.751  -44.643 0.2500000000
72206  28.318  9.675  -43.117 0.3750000000
73012  28.255  10.551  -42.119 0.5000000000
79350  21.441  18.231  -45.837 0.6250000000
77837  23.529  17.083  -43.844 0.8750000000
76205  24.866  14.898  -41.212 0.8750000000
77007  25.528  15.383  -40.991 0.7500000000
76196  26.469  14.249  -40.802 0.8750000000
73780  27.609  11.573  -41.363 0.6250000000
74585  27.349  12.339  -41.189 0.7500000000
73022  28.383  10.396  -42.866 0.3750000000
119601  28.398  11.049  -42.702 0.5000000000
75414  27.665  13.192  -41.536 0.7500000000
73040  28.264  10.296  -44.542 0.2500000000
79349  22.107  18.712  -46.133 0.6250000000
78607  23.943  17.805  -43.668 0.8750000000
78597  24.459  17.142  -42.672 0.8750000000
115974  24.858  16.531  -41.992 0.8750000000
78606  24.943  17.801  -42.646 0.7500000000
77827  25.561  16.228  -41.335 0.8750000000
77005  27.447  15.172  -41.519 0.7500000000
74600  27.915  12.297  -41.674 0.5000000000
74637  28.197  12.295  -44.816 0.2500000000
124026  28.394  12.341  -43.539 0.5000000000
73789  28.343  11.649  -42.458 0.5000000000
118801  28.228  10.962  -44.977 0.2500000000
80110  24.366  18.980  -43.786 0.7500000000
126407  25.034  18.958  -43.119 0.7500000000
80119  24.772  19.606  -43.638 0.7500000000
80109  25.874  19.322  -42.753 0.7500000000
79342  26.517  18.653  -42.301 0.7500000000
118125  25.532  18.424  -42.555 0.7500000000
80864  25.700  20.051  -43.161 0.7500000000
78596  26.729  17.384  -41.641 0.7500000000
77825  27.198  16.767  -41.552 0.7500000000
78595  27.352  17.511  -41.870 0.7500000000
76217  28.132  14.959  -42.724 0.5000000000
77017  28.183  15.849  -42.913 0.3750000000
121206  27.871  16.232  -42.260 0.6250000000
74629  28.312  12.893  -44.149 0.2500000000
75436  28.312  13.688  -43.697 0.3750000000
77028  28.249  15.099  -43.564 0.3750000000
80877  23.648  19.984  -45.228 0.6250000000
80120  23.779  19.271  -44.696 0.7500000000
80863  26.588  19.987  -42.821 0.7500000000
80107  27.630  19.369  -42.726 0.7500000000
79340  27.851  18.777  -42.670 0.6250000000
77844  28.302  16.549  -43.492 0.3750000000
78604  28.316  17.651  -43.290 0.3750000000
75451  27.748  13.814  -45.675 0.1250000000
77043  27.748  15.224  -45.757 0.1250000000
77037  28.198  15.278  -44.453 0.2500000000
80876  24.957  20.466  -43.895 0.6250000000
81624  25.324  21.288  -44.033 0.7500000000
80875  26.260  20.747  -43.278 0.6250000000
129439  27.340  19.854  -42.783 0.7500000000
79347  28.260  18.710  -43.137 0.3750000000
80106  28.111  19.413  -43.049 0.3750000000
79341  27.304  18.743  -42.356 0.7500000000
117978  28.291  16.902  -44.902 0.2500000000
119464  28.395  17.006  -44.073 0.3750000000
78605  27.869  17.550  -42.389 0.6250000000
118241  27.475  16.097  -47.029 0.1250000000
77861  27.707  16.029  -46.139 0.1250000000
76248  27.579  14.492  -46.154 0.1250000000
81625  24.082  20.838  -45.154 0.6250000000
82393  26.621  21.636  -43.622 0.3750000000
80874  27.890  20.824  -43.336 0.3750000000
80131  29.096  20.026  -45.031 0.2500000000
80118  28.487  19.439  -43.557 0.3750000000
80861  27.919  20.073  -43.081 0.3750000000
78629  27.987  17.553  -46.384 0.1250000000
78613  28.475  17.758  -44.389 0.3750000000
79357  28.578  18.623  -43.892 0.3750000000
77054  27.111  15.358  -47.693 0.1250000000
77869  28.034  16.822  -45.798 0.1250000000
83196  25.535  23.053  -44.951 0.3750000000
82394  25.652  21.964  -44.171 0.3750000000
82404  27.686  22.669  -44.231 0.3750000000
82405  26.473  22.491  -44.155 0.3750000000
117101  29.094  21.940  -44.891 0.3750000000
81633  28.663  21.751  -44.292 0.3750000000
81623  27.695  21.487  -43.562 0.3750000000
80891  29.260  20.718  -45.268 0.3750000000
80885  28.994  20.475  -44.492 0.3750000000
80886  28.721  20.956  -44.024 0.3750000000
80140  27.932  19.151  -47.918 0.1250000000
115807  28.598  18.665  -45.620 0.1250000000
80136  28.895  19.343  -45.315 0.2500000000
77877  27.367  16.852  -47.478 0.1250000000
83852  27.008  23.965  -45.031 0.2500000000
83201  28.359  23.592  -45.240 0.2500000000
83194  27.743  23.422  -44.754 0.3750000000
83195  26.766  23.280  -44.578 0.3750000000
118578  29.396  22.507  -46.322 0.1250000000
83192  28.810  22.440  -44.775 0.3750000000
83193  28.394  22.963  -44.689 0.3750000000
81639  29.324  21.649  -45.602 0.1250000000
80901  28.948  20.972  -48.124 0.1250000000
80894  29.310  20.827  -46.198 0.1250000000
83861  26.326  24.463  -45.621 0.3750000000
83859  28.167  24.241  -45.704 0.2500000000
113790  29.242  23.243  -46.045 0.1250000000
83866  29.144  23.938  -46.628 0.1250000000
83207  29.406  23.351  -47.021 0.1250000000
108354  29.312  24.056  -47.339 0.1250000000
80902  28.308  20.337  -48.859 0.1250000000
81650  29.256  22.547  -48.949 0.1250000000
84467  28.964  25.186  -48.071 0.1250000000
83211  29.413  23.403  -48.673 0.1250000000
83874  29.263  24.513  -47.980 0.1250000000
81651  28.540  21.518  -49.894 0.1250000000
80904  28.041  20.571  -49.710 0.1250000000
123731  27.044  6.399  -42.179 0.6250000000
72997  26.414  10.708  -40.912 0.8750000000
74599  28.246  12.158  -42.135 0.5000000000
111632  28.347  11.118  -44.084 0.3750000000
79343  23.458  18.572  -44.818 0.8750000000
113697  24.544  18.446  -43.314 0.8750000000
129110  25.606  17.201  -41.856 0.7500000000
77826  26.464  16.573  -41.334 0.7500000000
77820  26.324  15.756  -40.963 0.7500000000
75428  28.277  13.686  -42.819 0.5000000000
124937  28.154  14.305  -42.532 0.5000000000
76204  27.579  14.207  -41.561 0.7500000000
74620  28.385  12.970  -43.217 0.5000000000
114543  28.508  19.440  -47.164 0.1250000000
83209  29.432  23.814  -47.885 0.1250000000
123484  29.014  21.891  -49.145 0.1250000000
66600  25.416  2.272  -42.550 0.5000000000
66588  25.405  2.716  -41.494 0.6250000000
67399  25.099  3.154  -40.831 0.7500000000
69972  27.024  6.454  -43.845 0.3750000000
125203  27.538  7.186  -43.698 0.3750000000
71422  27.834  8.029  -44.166 0.2500000000
76195  27.133  13.725  -41.096 0.7500000000
81642  29.391  21.650  -46.687 0.1250000000
125614  27.514  8.645  -45.616 0.1250000000
59144  19.138  -6.230  -37.646 0.7500000000
60835  18.108  -4.831  -37.558 0.7500000000
61625  17.971  -4.047  -37.734 0.7500000000
59158  20.590  -6.716  -38.764 0.7500000000
59169  21.139  -6.384  -39.381 0.7500000000
63204  17.666  -1.932  -38.434 0.6250000000
125137  18.187  -2.892  -38.392 0.7500000000
60058  21.675  -6.017  -40.093 0.6250000000
61662  22.064  -4.490  -40.399 0.7500000000
63236  23.643  -1.961  -41.851 0.5000000000
63248  24.143  -2.300  -42.807 0.3750000000
64959  24.677  -0.739  -43.350 0.1250000000
64958  25.394  0.104  -44.255 0.1250000000
64963  27.411  0.415  -44.938 0.1250000000
65824  26.955  1.732  -45.478 0.1250000000
66628  26.089  2.700  -45.816 0.1250000000
67447  25.135  3.516  -46.352 0.1250000000
126859  24.232  4.688  -47.073 0.1250000000
68236  23.929  4.826  -45.917 0.1250000000
69118  26.253  6.058  -44.498 0.1250000000
69984  26.572  6.775  -44.933 0.2500000000
79351  20.585  18.581  -44.955 0.5000000000
73048  27.436  9.919  -46.405 0.1250000000
72228  28.049  9.458  -45.069 0.2500000000
73816  27.688  11.595  -46.170 0.1250000000
75456  27.500  13.537  -46.638 0.1250000000
76251  27.358  14.453  -47.165 0.1250000000
110925  21.863  19.634  -46.481 0.3750000000
76252  26.718  14.329  -48.154 0.1250000000
77061  26.550  16.010  -48.482 0.1250000000
77055  26.243  15.009  -48.747 0.1250000000
79384  27.538  18.312  -47.852 0.1250000000
80149  26.683  19.039  -49.821 0.1250000000
84453  26.748  25.148  -46.069 0.2500000000
84460  27.216  25.636  -46.904 0.1250000000
128835  27.804  25.877  -47.500 0.1250000000
111228  29.400  24.341  -48.674 0.1250000000
109757  29.230  25.188  -48.711 0.1250000000
82423  29.201  23.132  -49.820 0.1250000000
80906  27.647  20.659  -50.548 0.1250000000
82424  28.739  22.381  -50.424 0.1250000000
65774  22.851  1.344  -40.188 0.7500000000
119033  26.075  8.028  -40.968 0.7500000000
70693  26.119  7.149  -40.848 0.7500000000
77030  21.186  15.922  -44.549 0.3750000000
126344  21.462  -0.393  -39.649 0.8750000000
123215  24.093  0.799  -40.746 0.7500000000
116344  25.611  3.524  -41.222 0.6250000000
72169  25.306  9.858  -40.983 0.8750000000
77008  24.625  15.704  -41.730 0.8750000000
76197  25.571  14.524  -40.783 0.8750000000
60033  18.978  -5.310  -37.782 0.7500000000
61639  17.748  -3.304  -37.835 0.7500000000
60848  20.213  -4.495  -38.680 0.7500000000
62405  19.068  -3.130  -38.755 0.7500000000
63205  17.278  -1.175  -38.339 0.6250000000
61652  21.566  -3.628  -39.649 0.7500000000
62420  21.792  -2.716  -39.586 0.7500000000
63227  22.786  -1.642  -40.025 0.7500000000
129546  22.206  -1.326  -39.559 0.8750000000
62431  23.195  -2.562  -41.223 0.6250000000
120470  23.490  -0.229  -40.437 0.7500000000
64082  24.396  -1.527  -43.052 0.2500000000
64083  23.968  -1.447  -42.323 0.5000000000
64073  23.680  -0.922  -41.237 0.6250000000
65801  24.732  0.796  -42.377 0.5000000000
64944  24.853  0.449  -43.370 0.2500000000
121757  25.044  -0.375  -43.862 0.1250000000
128348  25.174  1.705  -43.190 0.3750000000
125256  25.206  1.994  -41.776 0.6250000000
113175  25.628  1.419  -44.985 0.1250000000
65820  26.606  0.978  -45.152 0.1250000000
67420  25.600  2.936  -43.180 0.5000000000
67428  25.539  3.620  -43.834 0.1250000000
129052  24.817  3.063  -45.260 0.1250000000
67419  26.023  3.766  -42.628 0.5000000000
66629  25.121  2.895  -45.542 0.1250000000
68237  24.135  4.053  -45.601 0.1250000000
68228  25.246  4.469  -44.620 0.1250000000
69099  26.647  5.373  -41.941 0.6250000000
124261  26.143  5.380  -44.140 0.1250000000
70702  26.716  7.018  -41.352 0.6250000000
70692  26.604  7.839  -41.205 0.6250000000
75403  27.088  12.980  -41.047 0.7500000000
76998  27.154  14.509  -41.174 0.7500000000
121936  28.282  11.138  -42.062 0.5000000000
77000  26.188  15.037  -40.756 0.7500000000
117230  28.349  11.979  -44.097 0.3750000000
77018  27.876  15.511  -42.126 0.6250000000
77006  27.058  15.950  -41.250 0.7500000000
74611  28.380  12.277  -42.826 0.5000000000
117881  27.736  13.091  -45.875 0.1250000000
74638  27.893  12.393  -45.611 0.1250000000
126011  28.276  11.610  -44.647 0.2500000000
120036  27.838  10.838  -45.858 0.1250000000
80108  26.912  19.354  -42.519 0.7500000000
77836  27.677  16.855  -41.998 0.6250000000
128516  28.275  15.782  -43.776 0.3750000000
77835  28.087  16.786  -42.683 0.3750000000
75445  28.174  13.779  -44.500 0.1250000000
76237  28.085  14.505  -44.795 0.3750000000
117666  27.240  21.044  -43.295 0.3750000000
77853  28.288  16.221  -44.350 0.3750000000
76242  27.839  14.516  -45.420 0.1250000000
77042  28.091  15.917  -45.236 0.1250000000
77048  27.513  15.291  -46.617 0.1250000000
80132  28.835  19.534  -44.391 0.3750000000
114288  28.660  20.196  -43.821 0.3750000000
78622  28.354  17.797  -45.457 0.2500000000
118989  27.128  16.240  -47.752 0.1250000000
77870  27.702  16.809  -46.650 0.1250000000
116438  25.323  22.401  -44.690 0.3750000000
79365  28.683  18.608  -44.832 0.2500000000
78630  27.624  17.535  -47.214 0.1250000000
79373  27.910  18.085  -46.937 0.1250000000
79372  28.293  18.343  -46.270 0.1250000000
82410  29.188  22.506  -45.451 0.3750000000
81632  29.099  21.272  -44.692 0.3750000000
79383  28.189  18.733  -47.071 0.1250000000
80898  28.528  20.056  -47.816 0.1250000000
80143  27.730  19.505  -48.833 0.1250000000
80138  28.708  19.219  -46.280 0.1250000000
80895  28.978  20.055  -46.747 0.1250000000
77884  26.838  16.869  -48.301 0.1250000000
78639  27.163  17.586  -48.134 0.1250000000
83868  27.733  24.894  -46.196 0.2500000000
83858  28.806  23.778  -45.869 0.2500000000
81647  29.227  21.891  -48.338 0.1250000000
80897  29.154  20.845  -47.188 0.1250000000
81648  28.717  21.215  -48.990 0.1250000000
123892  28.540  24.464  -46.415 0.1250000000
83867  28.860  24.651  -47.310 0.1250000000
82418  29.402  22.686  -48.225 0.1250000000
81644  29.291  21.550  -47.549 0.1250000000
84468  28.433  25.573  -47.757 0.1250000000
84459  28.147  25.170  -46.963 0.1250000000
60047  19.795  -5.933  -38.187 0.7500000000
58204  19.960  -7.007  -38.168 0.7500000000
60034  18.241  -5.664  -37.366 0.7500000000
62407  17.467  -2.522  -37.919 0.5000000000
128602  17.934  -2.408  -38.440 0.6250000000
117133  22.890  -3.539  -41.185 0.6250000000
124352  23.477  -3.629  -42.012 0.5000000000
69128  24.205  5.551  -46.762 0.1250000000
68256  24.651  4.955  -48.246 0.1250000000
69119  25.025  5.514  -45.263 0.1250000000
74645  27.530  12.427  -46.560 0.1250000000
79394  26.795  18.249  -48.969 0.1250000000
61626  17.321  -3.674  -37.386 0.5000000000
58189  20.127  -8.086  -38.067 0.6250000000
58202  21.607  -8.074  -38.867 0.3750000000
58212  22.246  -7.579  -39.531 0.2500000000
59168  21.916  -7.141  -39.978 0.3750000000
62440  23.800  -3.053  -42.455 0.3750000000
80121  21.072  19.129  -45.787 0.2500000000
60867  22.634  -5.452  -41.093 0.5000000000
61661  22.728  -4.527  -41.212 0.3750000000
58203  20.837  -7.810  -38.699 0.6250000000
57272  19.754  -8.584  -37.537 0.6250000000
61615  16.731  -3.669  -36.757 0.3750000000
60035  17.372  -5.145  -37.049 0.3750000000
58190  19.347  -7.839  -37.412 0.6250000000
112430  19.279  -7.142  -37.545 0.6250000000
60016  17.512  -5.959  -36.843 0.6250000000
57270  21.063  -8.947  -38.098 0.3750000000
113477  17.043  -3.055  -37.247 0.2500000000
58186  21.860  -8.144  -37.939 0.3750000000
59167  22.678  -7.249  -40.237 0.2500000000
59177  22.362  -6.820  -40.441 0.2500000000
60876  23.436  -5.623  -41.924 0.2500000000
61669  23.988  -4.386  -42.863 0.2500000000
71379  15.678  8.873  -39.524 0.1250000000
73017  17.188  11.076  -41.781 0.2500000000
63247  24.617  -2.416  -43.262 0.2500000000
74624  18.735  13.327  -43.389 0.3750000000
73791  17.852  12.230  -42.745 0.2500000000
72177  15.579  10.384  -39.854 0.1250000000
118746  16.864  -0.339  -38.112 0.2500000000
60868  22.005  -5.361  -40.450 0.5000000000
60836  17.285  -4.326  -37.209 0.5000000000
59157  21.461  -7.477  -39.288 0.5000000000
62449  24.341  -3.334  -43.058 0.2500000000
59145  18.419  -6.498  -37.157 0.6250000000
61670  23.446  -4.588  -42.061 0.2500000000
58188  21.009  -8.555  -38.457 0.5000000000
58201  22.014  -8.023  -38.890 0.2500000000
59156  22.512  -7.478  -39.445 0.2500000000
60068  22.484  -6.224  -40.785 0.3750000000
58187  21.384  -8.409  -38.375 0.3750000000
116964  18.623  -7.298  -36.978 0.6250000000
57253  20.918  -9.436  -37.516 0.3750000000
57271  20.610  -8.938  -37.976 0.5000000000
60067  23.382  -6.414  -41.467 0.2500000000
60875  23.965  -5.642  -42.795 0.2500000000
129145  15.494  8.434  -39.123 0.1250000000
57256  18.423  -8.405  -36.343 0.5000000000
56343  20.459  -10.012  -36.980 0.3750000000
57254  20.173  -9.322  -37.414 0.5000000000
57273  18.932  -8.069  -36.893 0.5000000000
57235  17.864  -8.729  -35.771 0.3750000000
116053  17.126  -6.995  -36.064 0.5000000000
58173  17.951  -7.596  -36.369 0.5000000000
59130  17.712  -6.760  -36.614 0.3750000000
56311  16.575  -9.313  -34.425 0.1250000000
57236  17.012  -8.218  -35.339 0.3750000000
59131  16.663  -6.174  -36.086 0.2500000000
54552  17.473  -11.423  -34.459 0.1250000000
55422  17.425  -9.828  -34.984 0.2500000000
56329  18.098  -9.505  -35.612 0.3750000000
55452  19.797  -10.371  -36.498 0.3750000000
56345  18.739  -9.157  -36.219 0.5000000000
128967  16.856  -10.054  -34.417 0.1250000000
55453  19.016  -9.916  -36.043 0.3750000000
58138  15.845  -7.495  -34.076 0.1250000000
59110  15.842  -5.906  -35.096 0.1250000000
70739  27.269  7.422  -44.792 0.1250000000
57255  19.299  -8.849  -36.860 0.5000000000
60017  16.776  -5.422  -36.468 0.2500000000
60821  16.514  -4.520  -36.380 0.2500000000
57257  17.691  -8.098  -35.904 0.5000000000
56344  19.620  -9.650  -36.749 0.3750000000
58174  17.053  -7.550  -35.680 0.1250000000
59109  16.340  -6.799  -35.350 0.1250000000
56330  17.163  -9.003  -35.134 0.2500000000
57217  16.208  -8.309  -34.400 0.1250000000
55423  16.684  -10.685  -33.987 0.1250000000
55437  18.360  -10.416  -35.456 0.3750000000
55451  20.349  -10.602  -36.480 0.2500000000
58157  16.241  -7.507  -34.857 0.1250000000
121659  19.233  -10.585  -35.956 0.2500000000
108200  17.114  -1.775  -37.845 0.2500000000
55438  17.504  -10.622  -34.753 0.1250000000
118451  19.032  -11.200  -35.649 0.1250000000
62394  17.085  -1.762  -37.696 0.1250000000
77021  20.898  16.677  -44.427 0.1250000000
77845  21.405  17.017  -45.109 0.1250000000
78610  20.461  17.396  -44.055 0.1250000000
78615  20.823  17.794  -45.097 0.1250000000
78599  20.232  17.963  -42.621 0.1250000000
117827  20.358  18.119  -44.101 0.1250000000
80112  20.464  19.159  -44.383 0.1250000000
79344  20.313  18.722  -43.446 0.1250000000
80098  20.757  19.431  -41.712 0.1250000000
77031  20.305  15.827  -43.483 0.1250000000
73792  17.252  12.045  -41.878 0.1250000000
62385  17.072  -2.305  -36.265 0.1250000000
75441  18.285  14.217  -42.803 0.1250000000
77022  20.486  16.427  -43.371 0.1250000000
77839  20.526  16.895  -43.491 0.1250000000
120669  20.404  17.238  -42.022 0.1250000000
79331  20.739  19.129  -41.491 0.1250000000
64038  16.658  0.136  -37.925 0.1250000000
62393  17.039  -2.426  -37.346 0.1250000000
62384  16.647  -3.183  -36.568 0.1250000000
74615  17.992  13.292  -42.787 0.1250000000
128194  16.784  -0.399  -37.879 0.1250000000
63195  16.939  -1.047  -37.905 0.1250000000
126655  17.326  -1.074  -36.441 0.1250000000
122891  17.229  -1.752  -36.192 0.1250000000
78600  20.465  17.227  -42.890 0.1250000000
78598  20.336  17.879  -41.819 0.1250000000
80102  20.513  19.410  -42.824 0.1250000000
79337  20.393  18.893  -42.026 0.1250000000
129371  21.540  17.034  -41.222 0.1250000000
80097  21.333  19.683  -41.239 0.1250000000
57252  21.416  -8.811  -37.509 0.1250000000
121900  22.761  -7.354  -40.016 0.1250000000
59166  23.200  -7.027  -40.557 0.1250000000
60066  23.996  -6.753  -41.450 0.1250000000
60866  25.335  -6.516  -41.957 0.1250000000
60065  24.730  -6.748  -42.099 0.1250000000
60070  24.154  -6.509  -42.311 0.1250000000
60865  25.158  -5.843  -42.411 0.1250000000
60881  24.267  -5.297  -43.012 0.1250000000
61668  25.158  -4.590  -42.636 0.1250000000
62448  24.824  -3.279  -43.299 0.1250000000
55435  20.688  -11.069  -36.073 0.1250000000
55436  19.866  -11.122  -36.170 0.1250000000
55450  20.890  -10.434  -36.425 0.1250000000
124336  21.007  -9.919  -36.881 0.1250000000
57234  21.407  -9.360  -36.632 0.1250000000
58172  21.945  -8.069  -36.860 0.1250000000
57233  21.950  -8.515  -36.199 0.1250000000
59143  22.416  -7.387  -38.201 0.1250000000
59142  22.963  -6.963  -38.953 0.1250000000
60045  23.553  -6.586  -39.558 0.1250000000
60057  23.770  -6.795  -40.701 0.1250000000
60044  24.241  -6.316  -40.276 0.1250000000
112602  25.399  -5.158  -41.878 0.1250000000
62447  25.380  -3.151  -43.129 0.1250000000
62446  25.848  -2.649  -42.821 0.1250000000
62439  25.533  -3.422  -42.688 0.1250000000
63254  24.912  -1.618  -43.538 0.1250000000
61678  24.563  -4.351  -43.160 0.1250000000
60874  24.635  -6.207  -42.565 0.1250000000
56328  21.431  -9.945  -36.005 0.1250000000
59155  23.133  -7.229  -39.999 0.1250000000
60056  24.696  -6.685  -41.515 0.1250000000
60873  24.754  -5.371  -42.892 0.1250000000
61677  25.135  -3.791  -43.127 0.1250000000
61659  25.632  -3.703  -41.808 0.1250000000
54562  21.040  -11.530  -35.457 0.1250000000
55434  21.408  -10.729  -35.542 0.1250000000
59108  22.306  -7.369  -36.907 0.1250000000
62438  26.006  -2.682  -41.977 0.1250000000
59176  23.088  -6.949  -40.849 0.1250000000
65789  19.796  1.761  -41.366 1.0000000000
67437  24.437  3.529  -45.748 0.1250000000
68196  25.054  4.614  -40.584 0.8750000000
68208  20.597  4.129  -41.902 1.0000000000
68229  24.655  3.523  -45.052 0.1250000000
69109  26.760  5.908  -43.437 0.5000000000
69930  25.765  6.264  -40.707 0.7500000000
69944  27.169  6.882  -41.943 0.6250000000
69947  21.745  6.411  -41.860 1.0000000000
69958  27.224  6.582  -42.800 0.6250000000
70694  25.324  7.800  -40.999 0.7500000000
70717  22.383  7.995  -42.047 1.0000000000
71384  26.430  8.711  -41.123 0.7500000000
71386  24.963  8.615  -41.163 1.0000000000
71396  27.773  9.302  -41.719 0.5000000000
71423  21.014  8.248  -43.616 1.0000000000
72168  26.078  10.013  -40.971 0.7500000000
72183  27.975  10.103  -41.731 0.5000000000
72185  23.944  9.444  -41.368 1.0000000000
72187  22.251  9.415  -42.520 1.0000000000
72188  16.744  9.614  -41.231 0.5000000000
72209  20.440  9.542  -43.841 1.0000000000
72211  18.656  9.453  -43.107 0.8750000000
72219  28.255  9.589  -44.080 0.2500000000
72996  27.232  10.800  -41.177 0.6250000000
72999  24.983  10.495  -40.875 1.0000000000
73013  27.913  10.829  -41.597 0.5000000000
73016  22.967  10.487  -41.846 1.0000000000
73030  28.363  10.351  -43.679 0.3750000000
73047  27.966  10.142  -45.467 0.2500000000
73765  26.787  11.567  -40.892 0.8750000000
73779  28.102  11.604  -41.801 0.5000000000
73797  28.410  11.621  -43.318 0.5000000000
73815  28.075  11.638  -45.330 0.2500000000
74586  26.604  12.437  -40.797 0.7500000000
74612  28.235  12.928  -42.240 0.5000000000
75404  26.458  13.257  -40.765 0.7500000000
75415  24.955  13.183  -40.791 0.8750000000
75416  24.336  13.271  -41.235 1.0000000000
75429  28.052  13.843  -42.028 0.7500000000
75446  27.958  13.965  -45.091 0.1250000000
75450  28.008  13.188  -45.092 0.1250000000
76218  27.917  14.678  -41.993 0.7500000000
76228  28.261  14.358  -43.266 0.5000000000
76236  28.250  14.443  -44.075 0.3750000000
76999  26.830  15.133  -41.017 0.7500000000
77038  28.005  15.078  -45.141 0.1250000000
79335  27.028  18.110  -41.917 0.7500000000
79336  26.238  17.940  -42.003 0.7500000000
80135  29.125  20.029  -45.790 0.1250000000
80144  27.203  18.787  -48.918 0.1250000000
80862  27.291  20.437  -43.036 0.7500000000
80873  28.322  20.567  -43.539 0.3750000000
81622  28.285  21.281  -43.728 0.3750000000
82392  28.103  21.964  -43.905 0.3750000000
82403  28.375  22.352  -44.339 0.3750000000
82416  29.440  22.415  -47.406 0.1250000000
82420  28.998  22.288  -49.628 0.1250000000
83200  28.886  23.117  -45.300 0.3750000000
83202  27.782  23.941  -45.249 0.2500000000
83203  25.908  23.785  -45.264 0.3750000000
83860  27.347  24.494  -45.561 0.2500000000
108501  27.718  8.375  -42.041 0.6250000000
111755  27.523  16.109  -41.731 0.7500000000
112776  23.822  11.918  -41.369 1.0000000000
113064  27.324  11.537  -46.955 0.1250000000
115285  25.244  3.864  -40.760 0.8750000000
116456  29.463  23.149  -47.823 0.1250000000
116547  23.567  2.701  -40.468 0.8750000000
117974  28.416  10.917  -43.353 0.5000000000
118032  25.369  6.923  -40.760 0.7500000000
119019  26.475  9.480  -41.102 0.7500000000
119716  27.562  18.169  -42.266 0.7500000000
119773  25.299  9.171  -41.103 0.8750000000
119945  25.076  3.933  -47.822 0.1250000000
121320  28.019  18.203  -42.677 0.6250000000
123579  22.363  23.414  -48.062 0.2500000000
124665  26.422  5.671  -41.308 0.7500000000
126192  23.267  13.437  -44.818 1.0000000000
126959  25.607  17.823  -42.237 0.7500000000
127599  20.115  8.916  -43.713 1.0000000000
127761  21.770  10.562  -44.155 1.0000000000
127893  28.318  19.965  -43.373 0.3750000000
129002  27.411  22.076  -43.808 0.3750000000
129971  18.504  7.696  -42.584 1.0000000000
