#!ascii label  , from subject sub-v2s7x29671_ses-1 vox2ras=TkReg
516
71171  21.417  -8.556  -30.344 0.0000000000
78691  28.403  0.062  -33.453 0.0000000000
85632  27.154  9.603  -36.581 0.0000000000
128475  21.866  5.226  -34.096 0.0000000000
66736  22.303  -13.961  -28.145 0.0000000000
69384  25.368  -10.733  -29.622 0.0000000000
73567  25.238  -5.356  -33.433 0.0000000000
77921  23.865  -0.159  -34.340 0.0000000000
82588  28.048  5.767  -34.542 0.0000000000
87167  31.748  11.766  -34.252 0.0000000000
88692  25.837  12.804  -39.839 0.0000000000
68514  21.865  -11.162  -29.420 0.0000000000
67635  24.048  -12.702  -28.850 0.0000000000
69399  23.663  -10.164  -30.569 0.0000000000
76199  21.832  -2.403  -32.915 0.0000000000
77903  21.261  -0.316  -32.648 0.0000000000
124504  25.370  7.238  -35.390 0.0000000000
82601  25.510  5.160  -35.008 0.0000000000
84049  27.960  7.924  -35.143 0.0000000000
84811  29.746  8.691  -33.172 0.0000000000
87169  28.936  10.981  -35.130 0.0000000000
89464  24.909  14.698  -36.272 0.0000000000
88656  25.063  12.681  -36.419 0.0000000000
90244  24.319  14.394  -40.020 0.0000000000
76195  27.266  -2.762  -34.015 0.0000000000
73551  27.115  -6.074  -32.204 0.0000000000
75334  29.362  -3.156  -31.994 0.0000000000
85624  25.171  9.396  -35.368 0.0000000000
132100  30.271  3.188  -32.205 0.0000000000
72734  20.970  -6.265  -30.597 0.0000000000
71965  22.565  -7.739  -32.133 0.0000000000
74413  22.404  -4.864  -33.064 0.0000000000
76207  24.385  -2.471  -34.070 0.0000000000
77918  26.198  -0.468  -34.592 0.0000000000
80239  22.989  2.389  -34.256 0.0000000000
80237  25.933  2.282  -34.654 0.0000000000
80235  28.014  2.830  -34.219 0.0000000000
83305  29.964  6.052  -32.637 0.0000000000
87175  25.107  11.513  -35.423 0.0000000000
87193  26.726  11.208  -38.205 0.0000000000
120368  25.916  16.308  -40.169 0.0000000000
90224  27.511  15.191  -37.777 0.0000000000
88667  28.421  13.174  -36.370 0.0000000000
89471  31.541  14.663  -36.439 0.0000000000
71179  25.251  -8.665  -31.834 0.0000000000
71159  19.863  -7.998  -28.552 0.0000000000
70310  20.583  -9.375  -29.092 0.0000000000
69387  21.326  -10.230  -29.471 0.0000000000
70308  22.342  -10.545  -29.878 0.0000000000
69400  22.849  -9.908  -30.465 0.0000000000
84831  26.441  8.562  -35.934 0.0000000000
84050  26.701  7.870  -35.818 0.0000000000
85621  27.402  9.201  -36.094 0.0000000000
85614  28.714  9.576  -34.763 0.0000000000
126058  28.227  10.901  -35.925 0.0000000000
90927  24.072  16.027  -37.623 0.0000000000
89476  24.656  14.580  -37.316 0.0000000000
90928  23.717  15.827  -38.302 0.0000000000
77058  27.655  -1.359  -33.933 0.0000000000
76189  27.943  -2.940  -33.343 0.0000000000
77051  28.862  -1.532  -32.762 0.0000000000
84822  23.826  8.686  -34.490 0.0000000000
85616  23.407  9.460  -34.007 0.0000000000
67623  21.127  -12.952  -28.182 0.0000000000
65771  20.812  -14.116  -27.511 0.0000000000
133460  22.881  -15.042  -27.111 0.0000000000
65753  23.495  -14.563  -27.141 0.0000000000
68510  24.907  -11.484  -29.302 0.0000000000
67620  25.301  -12.854  -27.699 0.0000000000
72758  21.762  -6.097  -32.195 0.0000000000
74405  21.465  -4.526  -32.020 0.0000000000
130775  22.721  -1.605  -33.617 0.0000000000
76197  23.189  -2.769  -33.623 0.0000000000
77067  24.409  -1.759  -34.232 0.0000000000
133702  25.264  -1.642  -34.476 0.0000000000
77919  25.318  -0.198  -34.617 0.0000000000
80228  21.432  2.042  -33.282 0.0000000000
81044  22.785  3.957  -34.348 0.0000000000
82589  26.971  5.067  -34.902 0.0000000000
81052  25.304  3.824  -34.739 0.0000000000
81823  27.260  4.315  -34.649 0.0000000000
129319  27.301  2.955  -34.490 0.0000000000
81822  27.978  4.346  -34.388 0.0000000000
81812  29.061  4.408  -33.542 0.0000000000
82576  29.074  5.700  -33.520 0.0000000000
86405  30.861  10.641  -33.542 0.0000000000
85607  30.571  9.380  -32.911 0.0000000000
133839  25.612  11.948  -38.703 0.0000000000
87918  25.124  12.084  -36.001 0.0000000000
87932  25.544  11.621  -37.641 0.0000000000
87194  26.333  10.884  -37.985 0.0000000000
87941  26.542  11.869  -38.776 0.0000000000
90213  27.906  14.780  -37.197 0.0000000000
90211  29.538  15.533  -36.737 0.0000000000
89462  30.130  14.477  -35.879 0.0000000000
72755  24.074  -6.849  -33.061 0.0000000000
134814  24.064  -8.105  -32.420 0.0000000000
71974  25.218  -7.434  -32.562 0.0000000000
72741  28.238  -6.179  -31.335 0.0000000000
71960  27.202  -7.240  -31.397 0.0000000000
67639  20.925  -12.172  -28.273 0.0000000000
67637  22.490  -12.765  -29.003 0.0000000000
67636  23.269  -12.995  -28.922 0.0000000000
126762  23.268  -12.412  -29.298 0.0000000000
68511  24.075  -11.265  -29.789 0.0000000000
69397  24.950  -10.365  -30.283 0.0000000000
77045  21.093  -1.883  -31.864 0.0000000000
128616  21.590  -1.043  -32.979 0.0000000000
77911  22.447  -0.073  -33.694 0.0000000000
83329  23.336  6.042  -34.566 0.0000000000
131603  24.245  5.116  -34.725 0.0000000000
83342  25.677  6.518  -35.378 0.0000000000
83341  26.478  6.489  -35.470 0.0000000000
83328  27.809  6.489  -34.889 0.0000000000
84028  28.680  7.181  -34.013 0.0000000000
84812  28.534  7.981  -34.419 0.0000000000
85613  29.291  9.811  -34.090 0.0000000000
87168  30.772  11.665  -34.261 0.0000000000
89451  25.052  14.306  -34.689 0.0000000000
126595  24.933  13.797  -35.987 0.0000000000
89486  24.799  13.492  -38.095 0.0000000000
88705  25.049  13.321  -40.289 0.0000000000
74421  25.612  -4.545  -33.748 0.0000000000
73557  26.612  -5.596  -32.744 0.0000000000
74419  27.246  -4.116  -33.413 0.0000000000
74410  28.383  -4.139  -32.460 0.0000000000
83330  22.440  6.317  -34.275 0.0000000000
84040  23.716  7.338  -34.597 0.0000000000
84832  25.598  8.648  -35.570 0.0000000000
85623  26.175  9.328  -36.046 0.0000000000
137380  24.086  -13.598  -27.869 0.0000000000
79479  29.151  1.335  -32.975 0.0000000000
77900  29.790  -0.160  -32.190 0.0000000000
71941  20.885  -7.718  -30.132 0.0000000000
71170  22.149  -8.602  -31.028 0.0000000000
71966  21.787  -7.396  -31.555 0.0000000000
72757  22.407  -6.332  -32.704 0.0000000000
73569  23.741  -5.214  -33.385 0.0000000000
75337  22.089  -4.036  -33.039 0.0000000000
75344  23.385  -3.534  -33.569 0.0000000000
74422  24.580  -4.662  -33.609 0.0000000000
75351  25.522  -3.005  -34.296 0.0000000000
77064  27.044  -1.354  -34.336 0.0000000000
78692  27.753  0.101  -34.021 0.0000000000
79489  22.018  1.393  -33.594 0.0000000000
78702  23.213  0.957  -34.183 0.0000000000
81053  24.499  4.009  -34.682 0.0000000000
143174  24.492  2.688  -34.596 0.0000000000
79498  24.508  1.160  -34.581 0.0000000000
122945  26.012  1.329  -34.669 0.0000000000
140124  27.254  1.548  -34.408 0.0000000000
79487  28.664  1.548  -33.481 0.0000000000
132241  29.107  2.880  -33.368 0.0000000000
81802  30.100  4.595  -32.506 0.0000000000
84026  29.755  7.756  -32.953 0.0000000000
86423  24.748  10.104  -34.988 0.0000000000
138923  26.326  10.008  -36.572 0.0000000000
86429  27.125  10.068  -37.057 0.0000000000
90243  24.984  14.723  -40.519 0.0000000000
90235  26.245  14.470  -39.593 0.0000000000
90938  26.381  15.900  -39.314 0.0000000000
90225  26.885  14.470  -38.534 0.0000000000
89475  27.516  13.763  -37.564 0.0000000000
87931  27.792  12.156  -36.964 0.0000000000
87183  27.965  11.464  -36.563 0.0000000000
137161  28.687  11.750  -35.705 0.0000000000
87916  30.608  12.897  -35.069 0.0000000000
137338  31.839  13.489  -35.598 0.0000000000
71181  23.490  -9.027  -31.663 0.0000000000
70331  24.843  -9.344  -31.460 0.0000000000
70320  25.307  -9.756  -30.773 0.0000000000
72743  26.801  -6.856  -31.992 0.0000000000
71167  26.510  -8.743  -30.831 0.0000000000
71158  20.580  -8.452  -29.432 0.0000000000
139040  20.073  -8.708  -28.631 0.0000000000
70309  21.319  -9.313  -29.867 0.0000000000
139920  21.994  -9.869  -30.067 0.0000000000
70322  22.103  -9.256  -30.507 0.0000000000
85622  26.886  9.112  -36.334 0.0000000000
84830  27.116  8.521  -35.989 0.0000000000
86421  27.638  9.965  -36.290 0.0000000000
77909  28.017  -0.660  -33.698 0.0000000000
77057  28.250  -1.438  -33.375 0.0000000000
77902  28.635  -0.723  -33.107 0.0000000000
66737  21.389  -13.701  -27.997 0.0000000000
65770  21.700  -14.435  -27.715 0.0000000000
65769  22.652  -14.552  -27.608 0.0000000000
66735  23.336  -13.966  -27.908 0.0000000000
68483  25.600  -11.986  -28.391 0.0000000000
69373  25.827  -11.127  -28.955 0.0000000000
69383  26.153  -10.420  -29.325 0.0000000000
74395  21.255  -4.731  -31.245 0.0000000000
77069  23.135  -0.737  -33.946 0.0000000000
77068  23.529  -1.580  -33.934 0.0000000000
121984  24.047  -0.950  -34.268 0.0000000000
123466  24.862  -1.006  -34.490 0.0000000000
77920  24.526  -0.406  -34.481 0.0000000000
81045  22.122  4.073  -34.081 0.0000000000
81826  22.342  4.666  -34.262 0.0000000000
81824  26.505  4.352  -34.804 0.0000000000
130436  27.665  5.059  -34.610 0.0000000000
132274  28.276  5.058  -34.230 0.0000000000
132698  28.784  5.059  -33.739 0.0000000000
82587  28.548  5.743  -33.998 0.0000000000
87158  31.294  11.208  -33.860 0.0000000000
136896  31.619  10.778  -33.503 0.0000000000
87951  25.858  12.151  -39.386 0.0000000000
87942  26.178  11.519  -38.649 0.0000000000
88680  26.439  12.596  -39.225 0.0000000000
90911  29.517  16.154  -37.240 0.0000000000
90923  30.193  16.381  -37.740 0.0000000000
90210  30.282  15.787  -37.006 0.0000000000
73559  24.813  -6.218  -33.208 0.0000000000
130699  24.799  -6.964  -32.906 0.0000000000
136105  28.793  -5.932  -31.080 0.0000000000
72732  28.559  -6.462  -30.746 0.0000000000
69374  20.941  -10.973  -28.870 0.0000000000
136575  20.726  -11.492  -28.369 0.0000000000
68499  21.513  -11.838  -28.918 0.0000000000
67638  21.680  -12.583  -28.701 0.0000000000
142858  22.036  -12.321  -29.056 0.0000000000
68498  22.439  -11.964  -29.374 0.0000000000
69386  23.307  -10.765  -30.037 0.0000000000
69385  24.181  -10.573  -30.262 0.0000000000
77904  20.842  -0.306  -32.081 0.0000000000
77052  21.162  -1.070  -32.309 0.0000000000
128824  22.234  -0.927  -33.487 0.0000000000
77912  21.745  -0.249  -33.245 0.0000000000
83344  23.990  6.628  -34.732 0.0000000000
83343  24.836  6.544  -35.123 0.0000000000
126050  27.362  7.875  -35.641 0.0000000000
121124  26.966  7.162  -35.668 0.0000000000
83340  27.192  6.479  -35.323 0.0000000000
84038  27.593  7.187  -35.290 0.0000000000
84037  28.173  7.201  -34.728 0.0000000000
86416  28.465  10.183  -35.407 0.0000000000
86415  29.155  10.405  -34.570 0.0000000000
86414  29.761  11.244  -34.435 0.0000000000
90201  25.123  15.432  -35.701 0.0000000000
125365  25.024  14.756  -35.384 0.0000000000
89494  24.270  14.281  -39.134 0.0000000000
89487  24.524  14.055  -38.356 0.0000000000
88682  24.685  13.266  -39.332 0.0000000000
88694  24.651  13.507  -40.047 0.0000000000
75341  26.843  -3.613  -34.015 0.0000000000
74420  26.495  -4.377  -33.686 0.0000000000
141674  27.455  -3.450  -33.599 0.0000000000
75335  28.617  -3.230  -32.635 0.0000000000
75336  27.917  -3.742  -33.053 0.0000000000
143372  28.681  -4.438  -32.065 0.0000000000
83319  21.040  6.263  -33.565 0.0000000000
83331  21.636  6.662  -33.868 0.0000000000
120891  23.142  6.795  -34.430 0.0000000000
142653  23.021  7.389  -34.293 0.0000000000
84833  24.704  8.703  -35.049 0.0000000000
67622  23.676  -13.328  -28.419 0.0000000000
67621  24.447  -13.095  -28.138 0.0000000000
66733  25.341  -13.395  -27.077 0.0000000000
80219  29.989  2.318  -32.370 0.0000000000
72726  20.628  -6.853  -29.929 0.0000000000
126300  21.204  -7.104  -30.779 0.0000000000
73561  22.063  -5.524  -32.694 0.0000000000
134615  22.921  -5.672  -33.148 0.0000000000
76190  21.487  -2.780  -32.307 0.0000000000
120468  21.616  -3.831  -32.398 0.0000000000
75345  21.933  -3.159  -32.929 0.0000000000
76196  23.949  -2.942  -33.815 0.0000000000
75343  24.232  -3.700  -33.761 0.0000000000
133315  25.118  -3.782  -34.002 0.0000000000
75352  24.713  -3.035  -34.076 0.0000000000
77065  26.301  -1.339  -34.549 0.0000000000
77917  26.787  -0.744  -34.455 0.0000000000
77910  27.383  -0.652  -34.194 0.0000000000
78698  26.954  0.081  -34.451 0.0000000000
80227  22.164  2.262  -33.790 0.0000000000
79500  22.778  1.558  -34.029 0.0000000000
82602  24.810  5.192  -34.883 0.0000000000
81837  23.944  4.614  -34.636 0.0000000000
81835  25.075  4.552  -34.828 0.0000000000
81041  25.573  3.078  -34.664 0.0000000000
81042  24.859  3.215  -34.657 0.0000000000
80238  25.111  2.480  -34.639 0.0000000000
138458  24.480  2.006  -34.574 0.0000000000
79497  25.238  1.664  -34.648 0.0000000000
78699  25.299  0.777  -34.660 0.0000000000
79495  27.330  2.252  -34.428 0.0000000000
79488  27.955  1.760  -34.088 0.0000000000
80226  28.627  2.396  -33.692 0.0000000000
82575  29.313  5.066  -33.323 0.0000000000
81803  29.589  4.444  -33.086 0.0000000000
82564  29.785  5.186  -32.839 0.0000000000
82563  30.341  5.366  -32.279 0.0000000000
83304  30.697  6.146  -31.985 0.0000000000
126729  29.139  7.939  -33.638 0.0000000000
84027  29.272  7.076  -33.395 0.0000000000
88645  24.910  13.197  -35.092 0.0000000000
87907  24.866  12.419  -34.825 0.0000000000
87908  24.762  11.951  -34.495 0.0000000000
87170  24.692  11.292  -34.537 0.0000000000
131015  24.535  10.653  -34.552 0.0000000000
87176  25.042  10.760  -35.232 0.0000000000
87186  26.449  10.487  -37.230 0.0000000000
87185  26.942  10.523  -37.688 0.0000000000
85634  26.839  10.165  -37.176 0.0000000000
90949  24.683  16.358  -40.990 0.0000000000
136781  25.198  15.736  -40.659 0.0000000000
90943  25.664  15.103  -40.208 0.0000000000
90926  27.768  16.080  -37.814 0.0000000000
90937  27.225  16.569  -38.489 0.0000000000
90234  26.958  15.498  -38.489 0.0000000000
89484  26.967  13.525  -38.518 0.0000000000
141611  27.371  14.404  -37.847 0.0000000000
89474  28.327  14.143  -36.641 0.0000000000
88668  27.671  12.947  -37.283 0.0000000000
87930  28.539  12.411  -36.058 0.0000000000
88655  29.135  13.184  -35.761 0.0000000000
89461  30.935  14.725  -36.094 0.0000000000
88654  30.081  13.605  -35.486 0.0000000000
134606  30.791  14.153  -35.688 0.0000000000
88653  31.119  13.585  -35.419 0.0000000000
89460  31.568  14.123  -35.906 0.0000000000
71182  22.759  -8.546  -31.671 0.0000000000
71964  23.414  -8.348  -32.162 0.0000000000
71963  24.819  -8.118  -32.320 0.0000000000
71180  24.277  -8.789  -32.001 0.0000000000
71168  25.708  -9.098  -31.196 0.0000000000
72753  26.310  -6.389  -32.506 0.0000000000
71950  27.562  -7.565  -30.736 0.0000000000
71951  26.858  -7.989  -31.126 0.0000000000
71166  27.217  -8.305  -30.401 0.0000000000
68513  22.658  -11.239  -29.695 0.0000000000
84051  25.910  7.920  -35.641 0.0000000000
84829  27.718  8.602  -35.599 0.0000000000
84821  28.349  8.722  -34.955 0.0000000000
85620  28.073  9.358  -35.575 0.0000000000
140763  28.790  11.346  -35.457 0.0000000000
90913  24.511  16.163  -36.865 0.0000000000
90214  24.793  15.446  -36.568 0.0000000000
90215  24.431  15.414  -37.387 0.0000000000
90226  24.095  15.260  -38.264 0.0000000000
90236  23.847  15.252  -39.239 0.0000000000
76194  27.836  -2.132  -33.659 0.0000000000
76188  28.439  -2.271  -33.023 0.0000000000
76187  29.094  -2.360  -32.423 0.0000000000
85615  24.333  9.430  -34.687 0.0000000000
67624  20.394  -12.487  -27.661 0.0000000000
66739  19.950  -12.899  -27.130 0.0000000000
66738  20.590  -13.310  -27.609 0.0000000000
64851  22.563  -15.645  -26.748 0.0000000000
68496  24.693  -12.177  -28.903 0.0000000000
67634  24.821  -12.570  -28.413 0.0000000000
72746  21.447  -6.488  -31.504 0.0000000000
73542  21.224  -5.677  -31.240 0.0000000000
73552  21.510  -5.312  -31.997 0.0000000000
74414  21.818  -4.691  -32.582 0.0000000000
77060  22.003  -1.729  -33.211 0.0000000000
76198  22.447  -2.454  -33.355 0.0000000000
77059  23.112  -2.136  -33.688 0.0000000000
76208  23.766  -2.266  -33.873 0.0000000000
76206  25.030  -2.353  -34.325 0.0000000000
77066  25.627  -1.034  -34.585 0.0000000000
80240  22.317  3.239  -34.062 0.0000000000
118875  23.260  3.208  -34.428 0.0000000000
132498  26.248  5.107  -35.026 0.0000000000
81834  25.773  4.445  -34.866 0.0000000000
81051  26.020  3.694  -34.742 0.0000000000
123471  26.201  3.026  -34.653 0.0000000000
80236  26.701  2.632  -34.586 0.0000000000
81040  26.799  3.500  -34.643 0.0000000000
81039  27.626  3.598  -34.450 0.0000000000
132317  28.286  3.700  -34.121 0.0000000000
81031  28.682  3.219  -33.754 0.0000000000
81813  28.527  4.400  -33.959 0.0000000000
143340  29.520  5.649  -33.136 0.0000000000
85608  29.780  9.589  -33.477 0.0000000000
129791  30.479  10.063  -33.315 0.0000000000
85606  31.407  10.121  -33.071 0.0000000000
88669  25.096  12.776  -37.572 0.0000000000
120892  25.663  11.098  -36.797 0.0000000000
90223  28.250  15.598  -37.275 0.0000000000
90212  28.697  15.173  -36.761 0.0000000000
89473  29.359  14.822  -36.275 0.0000000000
89463  29.226  13.961  -35.953 0.0000000000
89472  30.271  15.177  -36.399 0.0000000000
71976  23.462  -7.501  -32.653 0.0000000000
71975  24.405  -7.527  -32.703 0.0000000000
71962  25.671  -7.938  -32.104 0.0000000000
73550  27.896  -5.763  -31.888 0.0000000000
72742  27.544  -6.499  -31.643 0.0000000000
72733  27.892  -6.838  -31.036 0.0000000000
68500  20.237  -11.667  -27.751 0.0000000000
66749  21.958  -13.278  -28.506 0.0000000000
66748  22.839  -13.440  -28.566 0.0000000000
68512  23.302  -11.651  -29.652 0.0000000000
68497  24.065  -12.012  -29.386 0.0000000000
138682  24.683  -10.887  -29.852 0.0000000000
131670  21.510  -1.827  -32.609 0.0000000000
77922  23.174  0.225  -34.112 0.0000000000
82591  22.610  5.442  -34.381 0.0000000000
82590  23.598  5.277  -34.601 0.0000000000
82603  24.298  5.803  -34.806 0.0000000000
124656  25.183  5.838  -35.108 0.0000000000
121606  26.208  7.196  -35.625 0.0000000000
124186  25.975  5.817  -35.250 0.0000000000
82600  26.726  5.792  -35.200 0.0000000000
82599  27.404  5.784  -34.925 0.0000000000
83327  28.359  6.465  -34.338 0.0000000000
84820  29.024  8.925  -34.018 0.0000000000
86406  29.903  10.458  -33.810 0.0000000000
87159  30.492  11.072  -33.932 0.0000000000
124777  24.846  13.904  -36.980 0.0000000000
88681  25.152  12.536  -39.087 0.0000000000
88693  25.171  12.745  -39.995 0.0000000000
73558  25.768  -5.903  -33.014 0.0000000000
73566  26.133  -5.136  -33.342 0.0000000000
74412  26.934  -4.833  -33.048 0.0000000000
73556  27.421  -5.277  -32.441 0.0000000000
74411  27.695  -4.502  -32.742 0.0000000000
74404  28.261  -4.916  -32.109 0.0000000000
82592  21.745  5.897  -34.024 0.0000000000
84052  24.526  7.280  -35.017 0.0000000000
135758  23.362  7.958  -34.374 0.0000000000
84039  24.202  7.995  -34.817 0.0000000000
121855  25.045  7.969  -35.299 0.0000000000
85633  26.826  9.711  -36.706 0.0000000000
66719  24.173  -14.017  -27.266 0.0000000000
78690  28.791  0.759  -33.185 0.0000000000
78684  29.045  -0.021  -32.852 0.0000000000
78683  29.411  0.702  -32.632 0.0000000000
71953  21.585  -7.916  -30.916 0.0000000000
71952  22.152  -8.071  -31.507 0.0000000000
72745  22.042  -6.888  -32.196 0.0000000000
71977  22.690  -7.048  -32.613 0.0000000000
72756  23.196  -6.612  -33.016 0.0000000000
73560  23.848  -6.040  -33.284 0.0000000000
73568  24.446  -5.512  -33.403 0.0000000000
125237  21.366  -4.053  -31.718 0.0000000000
122924  22.595  -3.345  -33.332 0.0000000000
74424  22.806  -4.192  -33.326 0.0000000000
73570  23.073  -4.892  -33.304 0.0000000000
74423  23.626  -4.387  -33.493 0.0000000000
75342  26.023  -3.754  -34.148 0.0000000000
75350  26.389  -2.915  -34.331 0.0000000000
76205  25.862  -2.144  -34.508 0.0000000000
76204  26.720  -2.093  -34.403 0.0000000000
78686  20.934  0.400  -32.377 0.0000000000
78685  21.365  0.424  -32.914 0.0000000000
78694  21.888  0.563  -33.432 0.0000000000
78701  23.823  0.671  -34.408 0.0000000000
81825  23.141  4.648  -34.491 0.0000000000
133273  23.619  3.943  -34.546 0.0000000000
81043  24.094  3.254  -34.597 0.0000000000
136691  23.826  2.515  -34.512 0.0000000000
79499  23.656  1.597  -34.407 0.0000000000
78700  24.553  0.303  -34.553 0.0000000000
122289  26.105  0.425  -34.638 0.0000000000
126973  26.664  1.838  -34.571 0.0000000000
119908  26.765  1.017  -34.543 0.0000000000
79496  27.485  0.896  -34.246 0.0000000000
127840  28.168  0.861  -33.761 0.0000000000
80220  29.278  2.139  -33.076 0.0000000000
81023  29.616  2.999  -32.863 0.0000000000
81030  29.275  3.655  -33.340 0.0000000000
128115  29.870  3.813  -32.709 0.0000000000
81022  30.483  4.014  -32.088 0.0000000000
83318  28.861  6.409  -33.722 0.0000000000
83317  29.425  6.291  -33.225 0.0000000000
120707  30.453  6.872  -32.245 0.0000000000
86422  25.522  10.055  -35.724 0.0000000000
130383  25.678  10.642  -36.179 0.0000000000
90946  23.561  15.910  -39.713 0.0000000000
127863  24.037  15.172  -40.213 0.0000000000
90248  24.444  15.506  -40.600 0.0000000000
136784  24.504  14.678  -40.405 0.0000000000
89502  24.800  13.982  -40.359 0.0000000000
89501  25.443  13.909  -40.321 0.0000000000
89493  25.907  13.432  -40.045 0.0000000000
89485  26.403  13.457  -39.443 0.0000000000
88679  27.089  12.607  -38.386 0.0000000000
87940  27.213  11.835  -38.059 0.0000000000
87184  27.329  11.140  -37.604 0.0000000000
86428  27.460  10.587  -37.002 0.0000000000
87917  29.474  12.553  -35.348 0.0000000000
87174  29.302  11.679  -35.126 0.0000000000
87906  30.160  12.105  -34.755 0.0000000000
87905  31.218  12.355  -34.645 0.0000000000
87915  31.631  12.973  -35.163 0.0000000000
89470  32.138  14.241  -36.499 0.0000000000
88652  32.292  13.640  -36.026 0.0000000000
129638  32.370  12.998  -35.576 0.0000000000
87904  32.304  12.318  -34.898 0.0000000000
71169  22.845  -9.164  -31.089 0.0000000000
70321  23.567  -9.602  -31.063 0.0000000000
70332  24.116  -9.376  -31.492 0.0000000000
69398  24.380  -9.907  -30.886 0.0000000000
70307  25.733  -10.085  -30.031 0.0000000000
72754  25.492  -6.691  -32.768 0.0000000000
72744  26.023  -7.187  -32.325 0.0000000000
71961  26.465  -7.621  -31.772 0.0000000000
71178  26.097  -8.370  -31.510 0.0000000000
70319  26.127  -9.442  -30.461 0.0000000000
77901  29.277  -0.836  -32.526 0.0000000000
77050  29.452  -1.605  -32.209 0.0000000000
78693  22.597  0.767  -33.828 0.0000000000
79480  21.070  0.996  -32.621 0.0000000000
81032  21.589  3.875  -33.676 0.0000000000
81836  24.526  4.697  -34.736 0.0000000000
84041  22.356  7.076  -34.111 0.0000000000
88704  25.433  13.145  -40.153 0.0000000000
89483  31.889  14.820  -37.031 0.0000000000
128448  27.323  -1.951  -34.138 0.0000000000
129297  24.366  14.732  -38.038 0.0000000000
132409  28.771  3.870  -33.743 0.0000000000
136890  25.771  -1.541  -34.560 0.0000000000
137635  28.942  15.808  -37.020 0.0000000000
137689  21.459  -5.901  -31.751 0.0000000000
