#!ascii label  , from subject sub-v2s7x29671_ses-1 vox2ras=TkReg
1451
7007  13.701  -80.180  -35.763 0.5000000000
142856  14.540  -67.772  -31.392 0.6000000238
17369  13.825  -67.735  -31.548 0.6000000238
17370  12.954  -67.743  -31.684 0.6000000238
16488  13.335  -68.275  -31.041 0.6999999881
16489  12.440  -68.313  -31.168 0.6000000238
16458  14.258  -69.094  -29.754 0.6999999881
16472  12.861  -68.852  -30.490 0.6000000238
120527  11.446  -73.547  -36.059 0.5000000000
12325  12.415  -73.379  -38.424 0.6000000238
13125  12.606  -72.850  -38.255 0.6000000238
12304  11.398  -73.352  -37.090 0.5000000000
11560  13.316  -74.277  -39.070 0.5000000000
12336  12.679  -73.675  -38.666 0.4000000060
12317  11.291  -73.703  -37.828 0.5000000000
13113  11.893  -73.089  -37.789 0.6000000238
16547  12.778  -67.987  -36.205 0.5000000000
8484  13.529  -77.790  -38.613 0.4000000060
17444  13.017  -67.123  -36.395 0.5000000000
19262  13.275  -65.579  -36.140 0.6000000238
18307  14.486  -65.998  -33.596 0.6000000238
17385  15.554  -67.111  -32.216 0.6000000238
17358  15.845  -67.881  -30.942 0.6999999881
18291  13.974  -66.572  -32.865 0.6000000238
17359  14.975  -68.072  -30.913 0.6999999881
16455  16.553  -68.537  -29.405 0.6000000238
16456  15.856  -68.507  -29.732 0.6999999881
123378  17.187  -69.211  -27.960 0.6000000238
15478  15.714  -68.858  -28.948 0.6000000238
16457  15.098  -68.769  -29.701 0.6999999881
15442  16.525  -69.404  -27.536 0.6999999881
16490  11.550  -68.314  -31.366 0.6000000238
12291  12.577  -72.986  -35.181 0.5000000000
13100  12.166  -72.752  -37.048 0.6000000238
141831  12.558  -72.647  -36.413 0.5000000000
12334  13.952  -73.635  -39.093 0.6000000238
13134  13.730  -72.941  -38.875 0.6999999881
13112  12.515  -72.588  -37.661 0.6000000238
120047  13.907  -75.214  -39.319 0.4000000060
18356  14.530  -66.143  -36.377 0.5000000000
16546  13.825  -67.730  -36.022 0.5000000000
8445  12.798  -78.616  -36.120 0.5000000000
19261  14.016  -65.467  -36.196 0.5000000000
18326  15.982  -65.726  -34.198 0.6999999881
19250  14.374  -65.014  -35.874 0.6000000238
17405  16.901  -66.768  -33.028 0.6999999881
18306  15.412  -66.115  -33.572 0.6000000238
19223  15.067  -65.487  -34.311 0.6000000238
18290  14.983  -66.595  -32.848 0.6000000238
17367  16.135  -67.482  -31.623 0.6999999881
122870  17.310  -68.603  -29.921 0.6000000238
16486  16.723  -67.828  -31.113 0.6000000238
15457  17.487  -69.089  -28.627 0.6000000238
16468  16.468  -68.214  -30.289 0.6000000238
120607  18.584  -70.106  -28.046 0.6000000238
139380  18.174  -69.995  -27.403 0.6999999881
15481  12.541  -69.926  -29.268 0.6999999881
15498  10.925  -69.282  -30.337 0.5000000000
140805  15.949  -69.201  -28.154 0.6999999881
15480  14.000  -69.618  -29.163 0.6999999881
15496  12.441  -69.366  -29.955 0.6000000238
13868  14.738  -71.259  -37.124 0.5000000000
13098  13.825  -72.005  -35.925 0.5000000000
143197  14.441  -71.824  -38.331 0.6999999881
13099  13.015  -72.338  -36.831 0.6000000238
12333  15.381  -73.463  -39.022 0.5000000000
134544  14.484  -73.125  -39.007 0.6999999881
13123  14.599  -72.118  -38.583 0.6999999881
13124  13.693  -72.332  -38.483 0.6000000238
13111  13.231  -72.173  -37.823 0.6000000238
10774  15.678  -75.998  -39.732 0.4000000060
127289  14.919  -75.337  -39.461 0.4000000060
11559  14.336  -74.438  -39.231 0.5000000000
17442  15.123  -66.889  -36.381 0.5000000000
19235  16.146  -65.359  -35.600 0.5000000000
18355  15.526  -66.062  -36.292 0.5000000000
19260  14.929  -65.426  -36.148 0.5000000000
140024  17.510  -67.019  -33.283 0.6000000238
19236  15.621  -65.214  -35.036 0.5000000000
17383  17.333  -67.460  -32.460 0.6999999881
15516  18.495  -69.681  -31.636 0.6000000238
16484  18.010  -68.835  -31.531 0.6999999881
17366  16.864  -67.542  -31.777 0.6999999881
14625  18.816  -70.083  -30.271 0.6000000238
16467  17.871  -68.942  -30.648 0.6000000238
122765  17.280  -68.294  -30.743 0.6999999881
137861  20.447  -70.881  -28.940 0.6999999881
15476  18.209  -69.460  -30.017 0.6000000238
139362  17.781  -69.024  -30.003 0.6000000238
14562  20.943  -71.177  -27.671 0.6000000238
126956  20.293  -71.022  -28.220 0.6999999881
14584  18.968  -70.257  -28.836 0.6999999881
14542  20.724  -71.054  -25.973 0.6000000238
14563  20.156  -71.078  -27.162 0.6000000238
128430  19.424  -70.682  -28.057 0.6999999881
14608  10.950  -70.413  -28.841 0.6000000238
14564  18.967  -70.569  -27.096 0.6999999881
15459  14.277  -69.992  -28.353 0.6999999881
15497  11.595  -69.725  -29.635 0.6000000238
14527  20.504  -70.701  -25.050 0.6999999881
14543  19.693  -70.924  -26.188 0.6000000238
14544  18.821  -70.603  -26.041 0.8000000119
15441  17.406  -69.655  -27.175 0.6999999881
15443  15.652  -69.725  -27.525 0.6999999881
13122  15.408  -72.039  -38.549 0.6999999881
13876  15.963  -71.444  -38.236 0.6999999881
13878  14.075  -71.716  -37.903 0.6000000238
12332  16.331  -73.474  -38.948 0.5000000000
13132  15.830  -72.680  -38.788 0.6999999881
10773  16.523  -75.762  -39.631 0.4000000060
11558  15.215  -74.394  -39.214 0.5000000000
16544  15.760  -67.783  -36.163 0.5000000000
15576  15.523  -69.007  -35.506 0.5000000000
18354  16.563  -66.056  -36.281 0.5000000000
18324  17.519  -66.074  -34.719 0.6000000238
17403  18.303  -67.820  -33.990 0.6000000238
17419  17.954  -66.849  -34.081 0.6999999881
132384  16.789  -65.868  -34.426 0.6999999881
16518  18.205  -68.574  -33.218 0.6999999881
17404  17.883  -67.642  -33.198 0.6999999881
14639  18.924  -70.198  -31.114 0.6000000238
137776  18.967  -70.246  -31.864 0.6000000238
16505  17.888  -68.270  -32.355 0.6999999881
14604  21.916  -70.830  -29.161 0.6999999881
119501  20.975  -70.812  -29.439 0.6999999881
14624  19.630  -70.501  -30.528 0.6999999881
14569  10.565  -70.985  -27.217 0.6000000238
14581  22.284  -70.978  -28.266 0.6000000238
14606  19.305  -70.379  -29.619 0.6999999881
16415  22.979  -68.279  -25.969 0.6000000238
14540  22.716  -70.386  -25.984 0.6000000238
137436  23.059  -70.597  -26.691 0.6000000238
126560  21.802  -71.141  -27.577 0.6000000238
14582  21.224  -71.040  -28.486 0.6999999881
14588  11.246  -70.889  -27.957 0.6000000238
15407  21.811  -70.021  -25.017 0.6000000238
133828  21.299  -71.186  -26.837 0.6000000238
15428  15.883  -70.262  -25.820 0.6999999881
142717  13.824  -70.862  -26.727 0.6000000238
14585  13.644  -70.537  -28.008 0.6999999881
15461  12.595  -70.465  -28.576 0.6000000238
16402  22.516  -68.699  -25.459 0.5000000000
15390  21.353  -69.552  -24.605 0.6000000238
14517  19.815  -70.294  -24.468 0.8000000119
14518  18.912  -70.341  -24.632 0.8000000119
15410  17.447  -70.244  -25.275 0.8000000119
15427  16.671  -69.876  -26.536 0.8000000119
137511  16.041  -69.899  -26.841 0.6999999881
14565  14.102  -70.573  -27.452 0.6999999881
14528  19.502  -70.732  -25.278 0.8000000119
15425  18.095  -70.322  -25.725 0.8000000119
14734  15.706  -71.073  -37.962 0.6999999881
14726  15.504  -70.822  -37.307 0.6999999881
14715  15.944  -70.098  -36.565 0.6999999881
13858  14.661  -71.327  -35.944 0.6000000238
13120  17.198  -71.935  -38.482 0.6999999881
13130  17.617  -72.776  -38.659 0.6000000238
14700  15.528  -69.951  -35.581 0.5000000000
141466  16.338  -67.718  -36.513 0.5000000000
18255  10.514  -66.202  -29.265 0.6000000238
17440  17.242  -66.641  -36.720 0.5000000000
135828  10.606  -66.910  -27.797 0.5000000000
18353  17.425  -66.065  -36.393 0.5000000000
17330  10.982  -67.238  -27.030 0.6000000238
17418  18.476  -67.081  -34.884 0.6999999881
18339  17.645  -65.928  -35.725 0.6000000238
15545  18.612  -69.568  -33.455 0.6999999881
16416  11.058  -69.246  -25.629 0.6000000238
14638  19.526  -70.452  -31.519 0.6999999881
14648  18.720  -70.018  -32.533 0.6000000238
14603  22.573  -70.651  -29.760 0.6999999881
14636  21.250  -70.583  -30.956 0.6999999881
14637  20.315  -70.618  -31.176 0.6999999881
14533  11.604  -70.806  -26.022 0.6000000238
15430  11.031  -70.236  -25.818 0.6000000238
14580  22.898  -70.781  -28.843 0.6000000238
14622  21.609  -70.662  -30.068 0.6999999881
14532  12.987  -70.756  -25.743 0.6000000238
14548  10.771  -70.759  -26.379 0.6000000238
16428  24.759  -69.059  -27.272 0.6000000238
14559  23.657  -70.428  -27.226 0.6000000238
15412  14.402  -70.265  -25.135 0.6999999881
14531  13.894  -70.727  -25.903 0.6000000238
14547  12.378  -71.020  -26.303 0.6000000238
16414  23.640  -68.961  -26.332 0.6000000238
15371  18.315  -69.338  -23.546 0.6000000238
15373  16.739  -69.842  -24.159 0.6000000238
127220  16.208  -70.156  -24.796 0.6999999881
15411  15.309  -70.199  -24.921 0.6000000238
14567  12.625  -71.123  -27.124 0.6000000238
15370  18.965  -69.035  -23.356 0.6000000238
15394  17.480  -70.091  -24.483 0.8000000119
124215  20.147  -69.526  -23.953 0.6000000238
15393  18.237  -69.987  -24.149 0.6999999881
121845  16.746  -70.167  -25.556 0.8000000119
130251  17.413  -70.488  -38.194 0.6999999881
14733  16.642  -70.627  -37.999 0.6999999881
15606  16.922  -69.666  -37.680 0.6999999881
13119  18.100  -72.036  -38.584 0.6999999881
13875  16.844  -71.223  -38.281 0.6999999881
15607  16.496  -69.457  -36.914 0.6000000238
15593  16.371  -68.484  -36.528 0.6000000238
19177  11.896  -65.370  -29.970 0.6000000238
19190  11.257  -65.119  -30.516 0.6000000238
19167  11.821  -65.897  -29.145 0.6000000238
119797  11.027  -65.712  -29.815 0.6000000238
17451  16.942  -67.612  -36.936 0.6000000238
18236  12.037  -66.263  -28.255 0.5000000000
17426  19.053  -67.228  -35.827 0.6999999881
18352  18.030  -66.196  -36.369 0.6999999881
18220  12.550  -66.784  -26.741 0.4000000060
18228  11.486  -66.710  -27.693 0.5000000000
15560  18.894  -69.285  -34.515 0.6999999881
15575  19.261  -68.576  -35.431 0.8000000119
17320  12.168  -67.370  -26.110 0.5000000000
14657  19.680  -70.458  -33.442 0.6000000238
16524  18.715  -68.197  -34.779 0.6999999881
17307  12.385  -68.087  -25.334 0.6000000238
127646  20.871  -70.577  -31.793 0.6999999881
14646  20.434  -70.561  -32.677 0.6999999881
16394  13.479  -68.791  -24.534 0.6999999881
16405  11.958  -69.075  -25.214 0.6000000238
15475  24.292  -70.352  -29.616 0.6999999881
14620  23.155  -70.509  -30.215 0.6999999881
16393  14.215  -68.820  -24.209 0.5000000000
15414  12.607  -69.986  -25.161 0.6000000238
16440  25.535  -68.920  -27.871 0.6000000238
15455  24.925  -69.936  -28.167 0.6000000238
14602  23.572  -70.558  -29.416 0.6999999881
15396  13.931  -69.658  -24.633 0.6999999881
15456  24.396  -69.990  -27.473 0.6000000238
16372  16.694  -69.058  -23.438 0.5000000000
15395  14.776  -69.661  -24.411 0.6000000238
16429  24.109  -68.700  -26.780 0.6000000238
16370  18.428  -68.605  -23.055 0.6000000238
16371  17.637  -68.860  -23.213 0.5000000000
15374  15.769  -69.603  -24.023 0.6999999881
16368  19.914  -68.140  -23.312 0.6000000238
14732  17.926  -69.859  -38.264 0.6999999881
15614  17.408  -69.827  -38.066 0.6999999881
15605  17.610  -68.826  -37.904 0.6000000238
16557  17.520  -67.947  -37.526 0.6000000238
20103  12.557  -64.917  -30.251 0.4000000060
20117  11.472  -64.538  -31.063 0.5000000000
17450  17.787  -67.113  -37.299 0.6000000238
19165  13.487  -65.313  -28.845 0.5000000000
20119  9.888  -64.634  -31.108 0.6000000238
16555  19.310  -67.435  -37.803 0.6999999881
16530  19.665  -67.802  -36.413 0.6999999881
17439  17.980  -66.428  -36.900 0.6000000238
18227  12.284  -66.533  -27.481 0.5000000000
122555  19.572  -69.667  -35.128 0.6999999881
18219  13.260  -66.658  -26.392 0.4000000060
15515  23.465  -70.225  -31.969 0.6999999881
143393  22.124  -70.421  -32.244 0.6999999881
14655  21.387  -70.431  -33.792 0.6999999881
18211  13.613  -66.962  -25.503 0.6000000238
15492  25.751  -69.751  -30.522 0.6999999881
131032  24.253  -70.106  -31.541 0.6999999881
14645  21.395  -70.508  -32.404 0.6999999881
18199  14.594  -66.948  -24.620 0.5000000000
17306  13.216  -67.867  -24.919 0.5000000000
15473  25.649  -69.788  -29.571 0.6000000238
118848  24.680  -70.151  -30.372 0.6999999881
14635  23.481  -70.352  -30.957 0.6999999881
137052  21.771  -70.484  -31.634 0.6999999881
17292  14.537  -67.773  -24.138 0.5000000000
17338  25.675  -67.811  -28.061 0.5000000000
16439  26.163  -68.724  -28.450 0.6000000238
15474  24.992  -70.158  -29.206 0.6000000238
15612  18.552  -69.211  -38.433 0.6999999881
16560  18.249  -68.646  -38.223 0.6999999881
20116  12.222  -64.463  -30.967 0.4000000060
15611  19.488  -68.832  -38.536 0.6999999881
16556  18.305  -67.773  -37.863 0.6999999881
20130  11.719  -63.906  -31.621 0.4000000060
20132  10.150  -63.900  -31.521 0.6000000238
15592  20.347  -68.255  -36.798 0.8000000119
16543  19.833  -67.538  -37.363 0.6999999881
14698  21.211  -69.986  -35.293 0.6000000238
14699  20.366  -69.975  -35.235 0.6000000238
22013  9.318  -62.001  -29.979 0.6000000238
122170  22.005  -70.410  -33.034 0.6999999881
14654  22.242  -70.280  -33.910 0.6999999881
14676  20.775  -70.333  -34.539 0.6000000238
125655  24.709  -69.793  -32.222 0.6000000238
15491  26.633  -69.466  -30.627 0.6000000238
21029  8.578  -63.412  -27.555 0.5000000000
16453  26.809  -68.669  -29.040 0.6000000238
15472  26.424  -69.405  -29.725 0.6999999881
18250  26.812  -66.972  -29.084 0.5000000000
15604  20.398  -68.085  -38.055 0.6999999881
21077  12.030  -63.117  -32.119 0.4000000060
138073  20.910  -68.905  -36.673 0.8000000119
21079  10.340  -63.080  -31.759 0.5000000000
15572  21.883  -69.642  -36.049 0.8000000119
22026  10.360  -61.920  -30.964 0.4000000060
119888  10.627  -62.328  -31.621 0.4000000060
15573  21.029  -69.502  -35.986 0.6999999881
22038  9.795  -62.419  -31.350 0.5000000000
126834  25.387  -69.597  -32.117 0.6000000238
15529  23.568  -70.100  -32.824 0.6000000238
15544  23.020  -70.148  -34.209 0.6999999881
119198  10.895  -62.117  -29.180 0.4000000060
15513  25.956  -69.567  -31.470 0.6000000238
15514  25.109  -69.823  -31.377 0.6000000238
138957  9.536  -63.337  -27.620 0.4000000060
22001  9.120  -62.383  -29.070 0.6000000238
16466  27.182  -68.994  -29.851 0.6000000238
17357  27.602  -67.449  -29.437 0.5000000000
19187  26.924  -65.920  -30.233 0.5000000000
22036  12.262  -62.088  -32.245 0.4000000060
143350  20.861  -68.599  -38.187 0.8000000119
22037  11.083  -61.767  -31.313 0.4000000060
15590  21.679  -69.156  -37.039 0.6999999881
22025  11.105  -61.665  -30.462 0.4000000060
15556  23.579  -70.177  -34.568 0.6000000238
14674  22.410  -70.163  -34.587 0.6999999881
131425  24.366  -69.862  -33.001 0.6000000238
15543  23.821  -70.029  -33.745 0.6000000238
21999  11.908  -61.999  -28.759 0.4000000060
119554  10.993  -62.625  -28.294 0.4000000060
15490  27.501  -69.209  -30.702 0.6000000238
21028  10.258  -63.560  -26.960 0.4000000060
16465  27.998  -68.423  -29.947 0.4000000060
23009  11.676  -61.659  -31.666 0.4000000060
15589  22.492  -69.638  -36.784 0.6999999881
23000  11.659  -61.273  -30.899 0.4000000060
15570  23.260  -70.222  -35.431 0.6999999881
15571  22.639  -69.926  -35.868 0.6000000238
22011  11.250  -61.801  -29.643 0.4000000060
15528  26.093  -69.506  -32.551 0.6000000238
15542  24.796  -69.868  -33.719 0.6000000238
21027  11.412  -63.145  -27.147 0.4000000060
16483  28.342  -68.897  -30.807 0.6000000238
130234  28.689  -68.130  -30.400 0.4000000060
17356  28.433  -67.200  -30.035 0.4000000060
17365  29.172  -67.555  -30.690 0.4000000060
123732  12.605  -60.847  -29.465 0.4000000060
141436  12.506  -61.906  -28.180 0.4000000060
15527  27.133  -69.504  -32.519 0.6000000238
15511  27.784  -69.366  -31.588 0.6000000238
15526  28.113  -69.565  -32.413 0.6000000238
16481  29.725  -67.924  -31.308 0.4000000060
16503  30.226  -68.293  -31.970 0.5000000000
17364  29.662  -66.995  -31.214 0.4000000060
23920  11.837  -60.843  -24.366 0.3000000119
17382  30.214  -67.368  -31.808 0.4000000060
26047  14.233  -57.696  -30.869 0.4000000060
23956  12.552  -60.259  -26.426 0.3000000119
22961  9.258  -60.890  -24.932 0.4000000060
26036  14.899  -57.079  -30.603 0.4000000060
27113  13.326  -57.081  -30.010 0.4000000060
24968  12.077  -59.075  -27.857 0.3000000119
26026  12.327  -57.670  -29.104 0.3000000119
23940  10.837  -60.284  -25.313 0.3000000119
23957  11.674  -59.938  -25.923 0.3000000119
23922  10.290  -60.689  -24.734 0.3000000119
126734  14.722  -56.534  -29.975 0.4000000060
27103  13.822  -56.211  -29.685 0.4000000060
26038  12.805  -58.025  -29.615 0.4000000060
24954  11.978  -59.540  -26.862 0.3000000119
24955  10.883  -59.380  -26.772 0.3000000119
26003  6.523  -58.542  -27.248 0.4000000060
25970  5.547  -58.039  -25.513 0.3000000119
27031  6.347  -57.879  -23.996 0.3000000119
23958  10.336  -59.866  -26.122 0.3000000119
23941  9.760  -60.401  -25.564 0.3000000119
28188  14.320  -55.985  -28.138 0.4000000060
27104  12.847  -56.838  -29.500 0.4000000060
27088  12.254  -56.778  -28.835 0.3000000119
26014  11.397  -58.101  -27.991 0.3000000119
24969  11.201  -58.865  -27.477 0.3000000119
23961  7.227  -60.246  -27.013 0.3000000119
24970  10.124  -58.913  -27.471 0.3000000119
27060  6.297  -57.458  -25.602 0.3000000119
24956  9.708  -59.483  -26.970 0.3000000119
27059  7.170  -56.914  -25.617 0.4000000060
27045  6.875  -57.216  -24.548 0.3000000119
27044  7.630  -56.997  -24.027 0.3000000119
27030  7.222  -57.592  -23.550 0.3000000119
28189  13.796  -55.684  -28.820 0.4000000060
131056  13.242  -55.589  -28.342 0.4000000060
27089  11.614  -57.027  -28.247 0.3000000119
140242  7.215  -58.977  -27.797 0.4000000060
123869  11.026  -57.332  -27.893 0.3000000119
24973  7.906  -58.819  -27.962 0.3000000119
27075  6.732  -57.642  -26.593 0.4000000060
27074  7.580  -57.307  -26.745 0.4000000060
27015  8.669  -57.855  -22.965 0.3000000119
28176  13.544  -55.494  -27.968 0.4000000060
28163  12.932  -55.379  -27.523 0.4000000060
28164  12.125  -55.583  -27.160 0.4000000060
27071  10.623  -56.378  -27.042 0.4000000060
27090  10.453  -57.039  -27.613 0.3000000119
122383  9.219  -56.993  -27.218 0.3000000119
27073  8.468  -56.972  -26.854 0.3000000119
28166  8.522  -56.308  -25.947 0.3000000119
28141  9.011  -56.026  -24.609 0.5000000000
142943  7.742  -56.617  -25.304 0.4000000060
28131  8.388  -56.561  -24.100 0.4000000060
25935  9.236  -58.503  -22.443 0.3000000119
29197  12.929  -55.153  -26.674 0.4000000060
29198  12.474  -55.225  -26.628 0.4000000060
29199  11.201  -55.741  -26.739 0.3000000119
29187  10.530  -55.090  -25.361 0.3000000119
29171  10.534  -55.155  -24.695 0.3000000119
29155  10.876  -55.517  -24.026 0.3000000119
27072  9.894  -56.643  -27.093 0.3000000119
29200  10.279  -55.831  -26.392 0.3000000119
28153  9.038  -55.928  -25.422 0.3000000119
29156  10.027  -55.727  -24.256 0.3000000119
28129  10.410  -56.287  -23.677 0.3000000119
28165  9.262  -56.256  -26.386 0.3000000119
28130  9.432  -56.317  -23.923 0.3000000119
27028  9.007  -57.089  -23.403 0.3000000119
25920  9.832  -59.101  -21.900 0.3000000119
25986  14.509  -57.955  -25.399 0.3000000119
27057  14.177  -57.038  -25.208 0.3000000119
28151  13.768  -56.102  -25.843 0.3000000119
29169  13.536  -54.865  -24.725 0.3000000119
30136  13.214  -54.480  -24.001 0.3000000119
29144  12.238  -55.543  -23.245 0.3000000119
29184  13.104  -55.048  -25.730 0.3000000119
30164  12.280  -54.664  -25.404 0.3000000119
30154  11.828  -54.562  -24.923 0.3000000119
29154  11.800  -55.207  -23.838 0.3000000119
28128  11.435  -56.203  -23.339 0.3000000119
28120  10.833  -56.950  -23.178 0.3000000119
27027  9.980  -57.022  -23.302 0.3000000119
27013  10.586  -57.635  -22.754 0.3000000119
27014  9.614  -57.756  -22.863 0.3000000119
25934  10.226  -58.400  -22.344 0.3000000119
25968  14.792  -58.846  -24.588 0.3000000119
27043  14.481  -56.965  -24.429 0.3000000119
29183  13.521  -55.290  -25.307 0.3000000119
30151  14.072  -54.556  -23.979 0.3000000119
29153  12.703  -54.791  -23.555 0.3000000119
27011  12.475  -57.078  -22.060 0.3000000119
27000  12.133  -58.005  -21.854 0.3000000119
25933  11.219  -58.232  -22.171 0.3000000119
24883  10.369  -59.637  -21.220 0.3000000119
29143  13.004  -55.172  -22.690 0.3000000119
28119  12.277  -56.289  -22.704 0.3000000119
25917  12.591  -58.535  -21.043 0.3000000119
25918  11.779  -58.837  -21.485 0.3000000119
25919  10.817  -59.006  -21.753 0.3000000119
24882  11.348  -59.545  -21.012 0.3000000119
29132  13.521  -55.362  -21.993 0.3000000119
140289  13.035  -56.798  -21.541 0.3000000119
26999  12.839  -57.629  -21.321 0.3000000119
29131  14.189  -55.332  -21.475 0.3000000119
128600  13.956  -56.069  -20.789 0.3000000119
26998  13.444  -56.971  -20.748 0.3000000119
26981  13.175  -58.045  -20.453 0.3000000119
25901  12.231  -59.313  -20.655 0.3000000119
24859  12.414  -59.526  -19.782 0.3000000119
126918  13.013  -79.573  -35.990 0.5000000000
8446  12.196  -78.804  -36.887 0.5000000000
8467  12.769  -77.768  -37.595 0.4000000060
16470  14.612  -68.554  -30.348 0.6999999881
15495  13.321  -69.403  -29.705 0.6999999881
125601  15.005  -76.218  -39.710 0.4000000060
9186  13.367  -77.621  -37.018 0.5000000000
136924  18.193  -69.529  -29.454 0.6000000238
18340  16.800  -65.624  -35.991 0.5000000000
14607  18.610  -69.910  -29.514 0.6000000238
132686  19.849  -68.770  -35.887 0.8000000119
17438  18.622  -66.505  -36.636 0.6999999881
14677  19.913  -70.334  -34.421 0.6000000238
16438  26.501  -67.789  -28.588 0.5000000000
136082  22.659  -70.377  -31.675 0.6999999881
21990  9.828  -62.810  -28.331 0.4000000060
18266  26.501  -66.265  -29.724 0.5000000000
15512  26.851  -69.467  -31.595 0.6000000238
18249  27.516  -66.464  -29.787 0.4000000060
15555  24.230  -70.089  -34.205 0.6000000238
15540  26.592  -69.627  -33.407 0.6000000238
21998  12.264  -62.406  -27.721 0.3000000119
16482  29.124  -68.463  -30.965 0.4000000060
15510  28.710  -69.184  -31.560 0.4000000060
27112  14.104  -56.909  -30.357 0.4000000060
28162  13.233  -55.405  -27.237 0.3000000119
25969  14.517  -57.817  -24.683 0.3000000119
13837  23.731  -71.011  -36.025 0.5000000000
14714  23.344  -70.502  -36.774 0.5000000000
15601  22.986  -69.968  -37.325 0.6999999881
14724  22.841  -70.058  -38.085 0.6999999881
127628  20.307  -68.622  -38.426 0.6000000238
14697  23.507  -70.486  -35.792 0.5000000000
15588  23.054  -70.054  -36.397 0.6000000238
125469  22.393  -69.490  -37.683 0.6000000238
127652  18.750  -71.335  -38.651 0.6000000238
13874  17.813  -71.087  -38.400 0.6000000238
14728  22.666  -70.601  -38.335 0.6999999881
13872  20.506  -71.090  -38.887 0.6000000238
13873  19.561  -70.574  -38.793 0.6000000238
14729  22.042  -70.422  -38.583 0.6999999881
131206  21.078  -70.118  -38.808 0.6000000238
132278  18.591  -70.476  -38.534 0.6000000238
14696  24.208  -70.811  -35.065 0.5000000000
132612  21.915  -71.921  -38.549 0.6999999881
13879  21.082  -71.957  -38.810 0.6999999881
13117  20.298  -72.030  -38.857 0.6000000238
13118  19.614  -71.662  -38.825 0.6000000238
13114  22.788  -71.891  -37.985 0.6000000238
13871  22.369  -71.170  -38.458 0.6999999881
13110  23.109  -72.126  -37.452 0.6000000238
14695  25.301  -71.065  -34.605 0.5000000000
14672  24.942  -70.449  -34.403 0.5000000000
13115  22.412  -72.748  -38.081 0.6999999881
13127  21.451  -72.801  -38.687 0.6000000238
139580  18.345  -72.804  -38.724 0.6000000238
14694  26.554  -71.224  -34.768 0.5000000000
14671  25.884  -70.481  -34.345 0.5000000000
14669  28.205  -70.599  -34.695 0.5000000000
14670  26.770  -70.451  -34.468 0.5000000000
15550  29.858  -70.407  -33.913 0.4000000060
17389  11.750  -67.255  -32.522 0.4000000060
17387  13.476  -67.205  -32.242 0.4000000060
17388  12.579  -67.222  -32.359 0.4000000060
18292  13.009  -66.601  -32.925 0.5000000000
18308  13.392  -65.871  -33.712 0.5000000000
19225  12.596  -65.592  -34.215 0.5000000000
15552  27.031  -69.898  -34.069 0.5000000000
133978  13.186  -65.285  -34.663 0.5000000000
140708  11.254  -68.975  -36.490 0.6000000238
139896  28.817  -70.293  -34.004 0.4000000060
19238  13.809  -65.020  -35.285 0.5000000000
133750  12.649  -65.487  -35.734 0.5000000000
17445  12.025  -67.727  -36.441 0.5000000000
18294  11.444  -66.735  -33.127 0.5000000000
18309  12.452  -66.112  -33.570 0.5000000000
19227  10.889  -65.819  -34.397 0.5000000000
19240  11.457  -65.588  -34.874 0.5000000000
19252  10.782  -65.927  -35.193 0.5000000000
19239  12.293  -65.315  -34.954 0.5000000000
18341  11.338  -66.238  -35.923 0.5000000000
18358  11.239  -67.234  -36.394 0.5000000000
15538  28.567  -69.890  -33.190 0.5000000000
141465  12.048  -65.918  -36.000 0.5000000000
15549  30.745  -70.108  -33.906 0.4000000060
143032  29.370  -70.094  -33.407 0.4000000060
15537  30.138  -69.913  -33.228 0.4000000060
121241  10.075  -69.542  -30.294 0.5000000000
18327  10.063  -66.055  -34.488 0.5000000000
15539  27.511  -69.711  -33.326 0.5000000000
15525  29.109  -69.538  -32.280 0.4000000060
14589  10.346  -70.810  -28.072 0.5000000000
14610  9.063  -70.595  -28.769 0.5000000000
14626  7.769  -70.498  -29.831 0.5000000000
15483  9.626  -70.128  -29.598 0.5000000000
15524  30.093  -69.277  -32.450 0.4000000060
128762  9.760  -70.772  -27.520 0.5000000000
14591  8.494  -70.603  -28.331 0.5000000000
14570  9.182  -70.428  -27.263 0.5000000000
14571  8.506  -70.380  -27.775 0.5000000000
14612  7.359  -70.557  -29.211 0.5000000000
14627  6.993  -70.544  -30.004 0.4000000060
14550  9.441  -69.918  -26.702 0.5000000000
15463  7.345  -69.803  -28.057 0.6000000238
14613  6.600  -70.418  -29.420 0.6000000238
15431  10.245  -69.917  -26.118 0.5000000000
16431  9.130  -69.046  -26.790 0.5000000000
16433  7.834  -69.396  -27.613 0.5000000000
16443  7.113  -69.041  -27.953 0.6000000238
15464  6.152  -69.954  -28.954 0.6000000238
15485  5.360  -69.783  -29.454 0.6000000238
15504  4.478  -69.305  -30.767 0.5000000000
16497  3.920  -68.516  -31.120 0.5000000000
17375  2.894  -67.002  -31.026 0.5000000000
16418  9.744  -69.264  -26.380 0.5000000000
16430  9.790  -68.377  -26.569 0.5000000000
17332  9.186  -67.957  -27.215 0.5000000000
16442  7.700  -68.516  -27.714 0.5000000000
17333  8.384  -67.840  -27.684 0.6000000238
16444  6.312  -68.556  -28.336 0.6000000238
16459  4.808  -68.987  -28.996 0.6000000238
15486  4.521  -69.348  -29.848 0.6000000238
16461  3.587  -68.252  -29.705 0.5000000000
20073  2.330  -64.420  -27.443 0.5000000000
18271  1.536  -66.058  -30.261 0.5000000000
120254  10.946  -68.311  -25.966 0.5000000000
17331  10.107  -67.529  -27.075 0.5000000000
141705  9.028  -67.347  -27.880 0.6000000238
17340  8.527  -67.129  -28.319 0.6000000238
18240  7.993  -66.714  -28.880 0.6000000238
17342  6.660  -67.672  -28.345 0.6000000238
18242  6.124  -66.973  -28.688 0.6000000238
16445  5.256  -68.369  -28.598 0.6000000238
123584  5.063  -66.854  -28.692 0.6000000238
16460  4.090  -68.640  -29.392 0.6000000238
16447  3.650  -67.897  -29.111 0.5000000000
17360  2.618  -66.840  -30.288 0.5000000000
17352  2.332  -66.407  -29.515 0.5000000000
17347  2.189  -65.995  -28.918 0.5000000000
18260  1.152  -65.687  -29.277 0.5000000000
18245  1.659  -65.311  -28.419 0.5000000000
139625  9.301  -66.849  -28.470 0.6000000238
18257  8.476  -66.218  -29.579 0.6000000238
135957  7.349  -66.134  -29.669 0.6000000238
19182  6.175  -65.515  -30.034 0.6000000238
18258  6.481  -66.379  -29.273 0.6000000238
18259  5.531  -66.130  -29.174 0.6000000238
19183  5.062  -64.985  -29.777 0.6000000238
18243  3.974  -66.563  -28.636 0.5000000000
19168  4.293  -65.593  -28.937 0.5000000000
17346  3.020  -66.945  -28.986 0.5000000000
19169  3.562  -64.518  -28.600 0.5000000000
20086  3.940  -63.872  -28.536 0.6000000238
19170  2.635  -64.772  -28.257 0.5000000000
20088  2.573  -64.295  -27.864 0.5000000000
20072  2.924  -63.968  -27.482 0.5000000000
19152  3.865  -64.552  -26.241 0.5000000000
19194  7.278  -64.621  -30.987 0.6000000238
20122  6.617  -63.704  -31.048 0.6000000238
20104  5.080  -63.982  -30.204 0.6000000238
20105  4.381  -64.155  -29.356 0.6000000238
21032  4.320  -63.510  -28.261 0.6000000238
20059  4.262  -63.938  -26.811 0.5000000000
20121  7.547  -63.580  -31.244 0.6000000238
21059  4.938  -63.627  -29.689 0.6000000238
21015  4.651  -63.569  -27.546 0.6000000238
20058  5.272  -64.057  -26.729 0.5000000000
22027  8.731  -62.249  -30.771 0.6000000238
21070  8.034  -62.767  -31.155 0.6000000238
22016  7.014  -62.521  -30.232 0.6000000238
119893  5.961  -62.820  -29.617 0.6000000238
21046  5.243  -63.158  -29.322 0.6000000238
133062  6.554  -63.571  -27.390 0.5000000000
22015  7.638  -62.309  -29.692 0.6000000238
22003  7.480  -62.547  -28.876 0.6000000238
21992  8.006  -62.898  -28.194 0.6000000238
141914  5.949  -63.253  -27.950 0.6000000238
125412  7.520  -63.406  -27.556 0.6000000238
20056  7.896  -64.362  -26.122 0.5000000000
123298  9.232  -63.788  -26.900 0.4000000060
14730  20.133  -69.556  -38.730 0.6000000238
15609  21.769  -69.677  -38.495 0.6999999881
15554  25.398  -69.995  -34.091 0.5000000000
15553  26.217  -69.927  -34.062 0.5000000000
138427  27.588  -71.025  -35.061 0.5000000000
134681  27.440  -70.383  -34.493 0.5000000000
17427  10.464  -66.624  -35.855 0.6000000238
134110  7.059  -68.287  -28.037 0.6000000238
17341  7.621  -67.551  -28.183 0.6000000238
17344  4.685  -67.552  -28.614 0.6000000238
125706  3.347  -65.497  -28.626 0.5000000000
21071  7.003  -62.884  -30.894 0.6000000238
21058  5.562  -63.313  -30.209 0.6000000238
21013  7.260  -64.022  -26.789 0.6000000238
7754  14.293  -79.821  -35.065 0.4000000060
8407  15.318  -78.117  -32.775 0.5000000000
9116  14.884  -77.272  -33.077 0.5000000000
8420  14.857  -78.934  -33.960 0.4000000060
7741  14.203  -78.948  -34.621 0.4000000060
8422  13.711  -78.185  -34.841 0.4000000060
9876  15.114  -76.329  -32.751 0.5000000000
9101  15.190  -77.273  -32.400 0.5000000000
140802  14.392  -76.686  -34.785 0.5000000000
9153  13.695  -77.484  -35.350 0.5000000000
8435  13.279  -78.173  -35.500 0.4000000060
10727  15.658  -75.405  -34.154 0.5000000000
10738  15.667  -75.797  -34.882 0.5000000000
9929  15.228  -76.366  -35.546 0.5000000000
9942  14.756  -76.859  -36.089 0.5000000000
9170  13.277  -77.644  -36.153 0.4000000060
9169  14.173  -77.337  -36.652 0.4000000060
10726  16.331  -75.254  -34.396 0.5000000000
10737  16.732  -75.790  -35.024 0.5000000000
9927  17.199  -76.369  -35.587 0.5000000000
9928  16.212  -76.287  -35.585 0.5000000000
9167  16.279  -77.368  -36.791 0.5000000000
9185  14.750  -77.662  -37.423 0.4000000060
12331  17.237  -73.614  -38.878 0.5000000000
138142  16.719  -74.131  -39.070 0.4000000060
11557  16.635  -74.834  -39.305 0.4000000060
10771  18.162  -75.825  -39.576 0.4000000060
9967  17.317  -76.532  -39.825 0.4000000060
9968  16.295  -76.776  -39.915 0.4000000060
9940  16.730  -76.851  -36.157 0.5000000000
135610  16.378  -77.488  -39.936 0.4000000060
8492  15.366  -78.066  -39.431 0.4000000060
8483  14.699  -78.094  -38.883 0.4000000060
9165  18.160  -77.381  -36.743 0.4000000060
9166  17.252  -77.391  -36.782 0.5000000000
8465  15.211  -78.079  -38.314 0.4000000060
9184  15.793  -77.812  -37.556 0.4000000060
128523  17.996  -74.844  -39.207 0.4000000060
9966  18.392  -76.973  -39.865 0.4000000060
9209  16.889  -77.304  -39.977 0.4000000060
9938  18.420  -76.948  -36.127 0.4000000060
8481  17.138  -78.337  -39.350 0.4000000060
8464  16.339  -78.258  -38.615 0.4000000060
9164  19.075  -77.339  -36.586 0.4000000060
9182  17.800  -77.826  -37.584 0.4000000060
8463  17.424  -78.237  -38.554 0.4000000060
9183  16.827  -77.863  -37.601 0.4000000060
12329  18.999  -73.342  -38.841 0.5000000000
130832  18.522  -74.209  -38.997 0.4000000060
129626  18.821  -75.109  -39.268 0.4000000060
128888  20.060  -76.483  -39.577 0.4000000060
9965  19.258  -77.100  -39.748 0.4000000060
9200  18.387  -77.680  -39.748 0.4000000060
8479  18.875  -78.196  -39.156 0.4000000060
8490  17.641  -78.038  -39.636 0.4000000060
9180  19.677  -77.843  -37.458 0.4000000060
8461  19.233  -78.137  -38.466 0.4000000060
8480  18.011  -78.273  -39.265 0.4000000060
13129  19.729  -72.620  -38.847 0.5000000000
12328  20.011  -73.536  -38.978 0.5000000000
13128  20.594  -72.775  -38.861 0.6000000238
11554  20.376  -74.488  -39.136 0.5000000000
9964  20.651  -77.177  -39.600 0.4000000060
9198  20.239  -77.686  -39.466 0.4000000060
8477  21.024  -78.253  -38.757 0.4000000060
8459  21.545  -78.549  -37.952 0.4000000060
11553  21.303  -74.632  -38.992 0.4000000060
12322  21.732  -73.722  -38.643 0.5000000000
10768  21.607  -75.762  -39.108 0.4000000060
9197  21.165  -77.585  -39.401 0.4000000060
10764  22.330  -75.598  -38.721 0.5000000000
121473  22.762  -76.393  -38.725 0.4000000060
9959  22.526  -77.117  -39.003 0.4000000060
9192  22.537  -77.742  -39.023 0.4000000060
12321  22.208  -73.739  -38.315 0.6000000238
13116  22.096  -72.763  -38.351 0.6000000238
10762  23.139  -75.919  -38.243 0.5000000000
9191  23.815  -77.427  -38.338 0.4000000060
14723  23.229  -70.589  -37.655 0.5000000000
18256  9.492  -66.327  -29.288 0.5000000000
124481  8.790  -65.197  -30.728 0.5000000000
21069  9.007  -62.766  -31.373 0.5000000000
19178  10.028  -65.796  -29.961 0.5000000000
20120  8.490  -63.586  -31.382 0.5000000000
19179  9.077  -65.770  -30.133 0.5000000000
9895  14.798  -76.427  -33.571 0.5000000000
8421  14.307  -78.159  -34.152 0.5000000000
10770  19.082  -76.151  -39.573 0.4000000060
8462  18.357  -78.166  -38.507 0.4000000060
10769  20.700  -75.517  -39.293 0.4000000060
132978  20.930  -76.418  -39.454 0.4000000060
8488  19.453  -77.954  -39.347 0.4000000060
129600  20.082  -78.169  -38.534 0.4000000060
12327  20.951  -73.656  -38.935 0.5000000000
9193  21.733  -78.010  -39.121 0.4000000060
11550  22.004  -74.693  -38.694 0.5000000000
10763  22.665  -75.517  -38.460 0.6000000238
9958  23.049  -77.284  -38.809 0.5000000000
11548  22.834  -74.957  -38.065 0.5000000000
12298  31.558  -73.216  -36.880 0.3000000119
139568  30.513  -73.507  -37.087 0.3000000119
13109  29.746  -72.697  -37.135 0.3000000119
13108  30.830  -72.495  -37.212 0.3000000119
13092  31.957  -71.934  -37.081 0.3000000119
13090  33.172  -72.011  -36.051 0.3000000119
13091  32.583  -71.947  -36.720 0.3000000119
11540  29.990  -73.742  -37.060 0.3000000119
120048  28.716  -74.387  -36.732 0.4000000060
12300  28.398  -73.558  -36.605 0.4000000060
12299  31.037  -73.774  -36.910 0.3000000119
13095  27.844  -72.997  -36.264 0.4000000060
12316  29.115  -72.999  -36.947 0.4000000060
13835  25.732  -71.970  -34.754 0.4000000060
13836  24.443  -71.665  -35.168 0.4000000060
12297  32.226  -73.534  -36.321 0.3000000119
13093  29.172  -72.300  -36.899 0.3000000119
13833  28.155  -71.633  -35.896 0.4000000060
14709  32.302  -70.802  -36.708 0.3000000119
123858  30.452  -71.868  -36.930 0.3000000119
133916  27.533  -75.315  -36.403 0.4000000060
11527  25.682  -75.106  -36.080 0.4000000060
127878  23.853  -74.225  -36.463 0.4000000060
12302  24.018  -73.391  -35.961 0.4000000060
11524  29.159  -74.866  -36.799 0.4000000060
11525  27.889  -74.494  -36.429 0.4000000060
11526  26.865  -74.830  -36.137 0.4000000060
11517  24.813  -74.218  -35.697 0.4000000060
12290  24.708  -73.311  -35.445 0.4000000060
10742  31.079  -74.695  -36.490 0.3000000119
12301  27.242  -73.797  -36.043 0.4000000060
12289  25.485  -73.491  -35.310 0.4000000060
13857  23.448  -71.084  -37.041 0.4000000060
11521  31.699  -74.149  -36.415 0.3000000119
13077  26.087  -72.825  -35.083 0.4000000060
13856  23.688  -71.709  -36.194 0.4000000060
12287  32.734  -73.843  -35.632 0.3000000119
125334  27.477  -71.627  -35.378 0.4000000060
14693  28.651  -71.179  -35.605 0.4000000060
9936  25.917  -76.671  -36.764 0.4000000060
11542  23.602  -75.428  -37.446 0.4000000060
125667  27.596  -76.520  -36.575 0.4000000060
10748  26.520  -75.813  -36.385 0.4000000060
10749  25.351  -75.981  -36.589 0.4000000060
140789  23.741  -74.812  -36.909 0.4000000060
9932  30.263  -76.143  -36.129 0.3000000119
10745  28.844  -75.812  -36.596 0.4000000060
122152  32.998  -75.189  -34.707 0.3000000119
11514  32.454  -74.595  -35.562 0.3000000119
13097  23.553  -72.458  -36.480 0.4000000060
11513  33.141  -74.547  -34.953 0.3000000119
10755  24.455  -76.153  -37.156 0.4000000060
9937  25.136  -76.679  -37.066 0.4000000060
14667  30.355  -70.674  -34.693 0.3000000119
14691  30.699  -70.948  -35.648 0.3000000119
14692  29.739  -71.112  -35.537 0.3000000119
13867  23.167  -71.255  -37.794 0.4000000060
12303  23.336  -73.247  -36.880 0.4000000060
12320  22.533  -73.850  -38.055 0.4000000060
9950  24.558  -77.007  -37.673 0.4000000060
12315  29.618  -73.334  -37.054 0.3000000119
13865  31.353  -72.034  -37.162 0.3000000119
13850  32.386  -71.306  -36.806 0.3000000119
139887  28.620  -75.124  -36.652 0.4000000060
13094  28.527  -72.657  -36.605 0.4000000060
12288  26.362  -73.481  -35.466 0.4000000060
13855  27.825  -72.241  -35.993 0.4000000060
13078  25.068  -72.700  -35.038 0.4000000060
13854  28.839  -71.754  -36.423 0.4000000060
10746  28.062  -75.698  -36.541 0.4000000060
11528  24.460  -75.187  -36.534 0.4000000060
10744  29.635  -75.461  -36.625 0.3000000119
11516  26.066  -74.224  -35.628 0.4000000060
11515  31.791  -75.160  -35.768 0.3000000119
130804  28.252  -76.420  -36.532 0.4000000060
9933  29.520  -76.507  -36.280 0.3000000119
136607  31.816  -75.972  -35.157 0.3000000119
5493  17.752  -82.746  -31.166 0.3000000119
4900  18.934  -83.498  -31.546 0.3000000119
5494  17.225  -82.268  -30.585 0.3000000119
4888  19.142  -83.627  -30.811 0.3000000119
5503  17.451  -81.949  -31.401 0.3000000119
5502  18.029  -82.360  -31.957 0.3000000119
136872  16.834  -81.773  -30.123 0.3000000119
137036  17.044  -82.393  -29.647 0.3000000119
4882  18.152  -83.315  -29.873 0.3000000119
6175  16.582  -80.905  -30.100 0.3000000119
6174  16.984  -81.446  -30.826 0.3000000119
6182  17.734  -81.609  -32.057 0.3000000119
7733  15.619  -78.962  -33.288 0.3000000119
6156  16.591  -81.669  -28.068 0.3000000119
5489  17.302  -82.686  -28.694 0.3000000119
131828  16.401  -80.639  -29.031 0.3000000119
138032  16.528  -81.406  -28.699 0.3000000119
4879  18.080  -83.213  -28.976 0.3000000119
6967  16.783  -80.000  -31.590 0.3000000119
8402  15.559  -78.014  -32.088 0.3000000119
130237  16.392  -79.391  -32.858 0.3000000119
7712  16.219  -79.294  -29.797 0.3000000119
6959  16.792  -80.652  -30.968 0.3000000119
139748  16.187  -79.077  -30.488 0.3000000119
8390  15.639  -77.703  -30.467 0.3000000119
8396  15.615  -77.888  -31.309 0.3000000119
7727  16.438  -79.272  -32.079 0.3000000119
9093  15.388  -77.220  -31.708 0.3000000119
11508  17.775  -74.761  -33.983 0.4000000060
11499  15.789  -74.808  -33.021 0.4000000060
3664  22.397  -85.426  -26.214 0.3000000119
3662  24.449  -85.650  -25.974 0.3000000119
123296  18.964  -83.516  -29.335 0.3000000119
4881  19.528  -83.689  -30.034 0.3000000119
4858  18.605  -83.911  -26.043 0.3000000119
4857  19.122  -83.999  -26.781 0.3000000119
3665  21.188  -84.955  -26.731 0.3000000119
3682  21.988  -85.087  -26.906 0.3000000119
3680  23.805  -85.020  -27.172 0.3000000119
129820  17.201  -82.632  -26.683 0.3000000119
4872  18.586  -83.514  -27.468 0.3000000119
4278  19.888  -84.356  -27.143 0.3000000119
4285  21.876  -84.465  -28.586 0.3000000119
3681  22.877  -85.055  -26.976 0.3000000119
5484  17.963  -83.112  -28.055 0.3000000119
4878  18.763  -83.481  -28.369 0.3000000119
4286  20.135  -84.142  -28.012 0.3000000119
4294  21.126  -84.241  -29.176 0.3000000119
4877  19.585  -83.745  -28.611 0.3000000119
4303  20.444  -83.961  -29.858 0.3000000119
6183  17.244  -80.917  -31.745 0.3000000119
6974  17.343  -80.370  -32.512 0.3000000119
5485  17.280  -82.643  -27.666 0.3000000119
7721  16.329  -79.229  -31.237 0.3000000119
3651  22.722  -85.578  -25.477 0.3000000119
4302  21.371  -84.182  -29.997 0.3000000119
4873  17.849  -83.148  -27.121 0.3000000119
4250  20.175  -84.924  -25.829 0.3000000119
4871  19.363  -83.848  -27.736 0.3000000119
4276  21.508  -84.674  -27.591 0.3000000119
4293  21.802  -84.343  -29.433 0.3000000119
124431  15.386  -75.746  -32.042 0.3000000119
9892  24.478  -76.149  -33.730 0.3000000119
9893  23.616  -75.927  -33.845 0.3000000119
9894  22.741  -75.735  -34.005 0.3000000119
9910  21.459  -76.298  -34.766 0.4000000060
9911  20.554  -76.373  -35.014 0.4000000060
9925  19.070  -76.676  -35.685 0.3000000119
9926  18.115  -76.462  -35.602 0.3000000119
9907  24.079  -76.811  -34.304 0.3000000119
9135  22.793  -77.283  -35.073 0.4000000060
9923  21.963  -77.010  -35.233 0.4000000060
9149  21.565  -77.551  -35.887 0.4000000060
141512  19.698  -77.497  -36.702 0.3000000119
8443  22.173  -78.668  -37.224 0.4000000060
8444  21.254  -78.063  -36.860 0.4000000060
8460  20.634  -78.190  -37.748 0.3000000119
8458  22.386  -78.727  -38.013 0.3000000119
138387  24.710  -74.276  -30.879 0.3000000119
136089  24.642  -74.587  -31.882 0.3000000119
120882  22.284  -75.077  -33.443 0.4000000060
10722  21.792  -75.562  -34.113 0.4000000060
121797  20.210  -75.705  -34.545 0.3000000119
9912  19.569  -76.044  -34.947 0.3000000119
10724  18.196  -75.384  -34.534 0.3000000119
10687  25.256  -75.071  -32.578 0.3000000119
10708  24.892  -75.591  -33.177 0.3000000119
9891  25.322  -76.380  -33.669 0.3000000119
9906  24.918  -77.064  -34.136 0.3000000119
9134  23.662  -77.552  -34.872 0.3000000119
9148  22.371  -77.850  -35.770 0.4000000060
9132  25.389  -78.066  -34.475 0.3000000119
8417  25.940  -79.111  -34.849 0.3000000119
8419  24.139  -78.543  -35.243 0.3000000119
9147  23.256  -78.385  -35.639 0.4000000060
8434  22.675  -78.716  -36.453 0.4000000060
8431  25.582  -79.809  -35.528 0.3000000119
7751  24.222  -79.731  -36.311 0.4000000060
8442  23.025  -79.215  -37.262 0.4000000060
123291  25.260  -78.255  -37.668 0.3000000119
133023  24.679  -78.781  -37.751 0.4000000060
133649  23.905  -79.210  -37.450 0.4000000060
123674  23.150  -78.710  -38.082 0.4000000060
9177  25.968  -78.273  -37.359 0.3000000119
9178  24.639  -77.874  -37.921 0.4000000060
9949  25.410  -77.456  -37.384 0.3000000119
9081  23.431  -77.541  -29.939 0.3000000119
9843  23.302  -76.250  -29.172 0.3000000119
9857  21.885  -75.771  -29.896 0.3000000119
124273  21.829  -75.129  -30.281 0.3000000119
11429  24.851  -74.185  -29.877 0.3000000119
11418  24.383  -74.604  -29.316 0.3000000119
11447  23.295  -74.538  -30.546 0.3000000119
11450  20.666  -74.596  -31.311 0.3000000119
11427  26.389  -73.684  -30.432 0.3000000119
11428  25.656  -73.876  -29.624 0.3000000119
11430  24.006  -74.368  -30.141 0.3000000119
11475  22.922  -74.527  -31.563 0.3000000119
11476  21.948  -74.470  -31.975 0.3000000119
11494  20.549  -74.705  -33.338 0.3000000119
11495  19.732  -74.745  -33.643 0.3000000119
11507  18.804  -74.855  -33.968 0.3000000119
11497  17.306  -74.360  -33.426 0.3000000119
11498  16.462  -74.377  -33.071 0.3000000119
130736  26.157  -74.139  -31.293 0.3000000119
7750  26.361  -80.097  -35.862 0.3000000119
7767  24.880  -79.947  -36.547 0.3000000119
7749  26.861  -79.851  -36.121 0.3000000119
8441  25.530  -79.772  -36.775 0.3000000119
133350  27.489  -78.232  -36.667 0.3000000119
9161  26.328  -77.416  -36.967 0.3000000119
9080  24.456  -77.761  -29.895 0.3000000119
9066  24.140  -76.936  -29.117 0.3000000119
9842  24.192  -75.918  -28.772 0.3000000119
10651  22.511  -75.233  -29.831 0.3000000119
11411  25.183  -74.531  -28.840 0.3000000119
10650  23.328  -74.816  -29.766 0.3000000119
11455  15.632  -74.930  -31.712 0.3000000119
8382  25.705  -78.734  -30.593 0.3000000119
9065  25.016  -77.252  -29.252 0.3000000119
9841  25.489  -76.662  -28.836 0.3000000119
9828  25.007  -75.837  -28.587 0.3000000119
9829  24.582  -75.093  -28.752 0.3000000119
119073  25.190  -74.238  -29.225 0.3000000119
9078  26.268  -78.189  -30.033 0.3000000119
123453  26.806  -77.563  -29.583 0.3000000119
9826  26.843  -76.038  -28.702 0.3000000119
10632  25.387  -75.075  -28.519 0.3000000119
10714  15.985  -74.874  -33.711 0.3000000119
10736  17.695  -75.900  -35.044 0.3000000119
10735  18.607  -76.018  -35.046 0.3000000119
122298  19.919  -76.699  -35.512 0.3000000119
9163  20.275  -77.668  -36.770 0.4000000060
9179  23.925  -78.403  -38.154 0.4000000060
9935  28.053  -77.468  -36.541 0.3000000119
10709  24.000  -75.265  -33.118 0.3000000119
9908  23.210  -76.592  -34.454 0.3000000119
10710  23.105  -75.189  -33.309 0.3000000119
9909  22.333  -76.378  -34.614 0.4000000060
9924  21.224  -76.886  -35.320 0.4000000060
9150  20.637  -77.226  -35.886 0.4000000060
133630  23.453  -79.270  -36.419 0.4000000060
11474  25.549  -74.478  -31.747 0.3000000119
122372  23.888  -74.677  -32.175 0.3000000119
141212  21.640  -74.986  -33.510 0.3000000119
10689  22.562  -74.706  -32.622 0.3000000119
10712  20.369  -75.153  -34.056 0.4000000060
10713  19.619  -75.320  -34.310 0.3000000119
10686  26.107  -75.147  -32.615 0.3000000119
10707  25.725  -75.736  -33.204 0.3000000119
9115  25.795  -77.287  -34.070 0.3000000119
8432  24.592  -79.466  -35.615 0.4000000060
118944  27.244  -79.102  -36.451 0.3000000119
11432  21.774  -74.740  -30.750 0.3000000119
11448  22.101  -74.539  -31.192 0.3000000119
11477  20.919  -74.453  -32.319 0.3000000119
9159  28.042  -78.706  -36.186 0.3000000119
133152  12.733  -66.111  -36.273 0.4000000060
3663  23.459  -85.488  -26.251 0.3000000119
4260  20.422  -84.783  -26.523 0.3000000119
4261  19.726  -84.547  -26.306 0.3000000119
4277  20.672  -84.551  -27.380 0.3000000119
4292  22.537  -84.384  -29.343 0.3000000119
4876  20.355  -84.004  -28.876 0.3000000119
4883  17.579  -82.949  -29.512 0.3000000119
4889  18.311  -83.335  -30.838 0.3000000119
4890  17.596  -82.920  -30.294 0.3000000119
4901  18.425  -83.060  -31.738 0.3000000119
5490  16.741  -82.066  -28.789 0.3000000119
6165  16.636  -81.581  -29.411 0.3000000119
6192  18.251  -81.727  -32.632 0.3000000119
6193  17.806  -80.972  -32.533 0.3000000119
6947  16.370  -80.070  -29.693 0.3000000119
6960  16.457  -79.909  -30.563 0.3000000119
7006  14.616  -80.728  -35.525 0.4000000060
7728  15.895  -78.746  -32.489 0.3000000119
7742  13.494  -79.073  -35.361 0.4000000060
7752  23.731  -79.578  -36.863 0.4000000060
7753  15.147  -80.251  -34.848 0.4000000060
7765  26.172  -79.984  -36.348 0.3000000119
7766  25.576  -80.136  -36.172 0.3000000119
7779  24.287  -79.687  -36.864 0.4000000060
8373  16.097  -78.716  -29.177 0.3000000119
8383  24.833  -78.507  -30.619 0.3000000119
8395  15.917  -78.513  -30.872 0.3000000119
8401  15.961  -78.630  -31.707 0.3000000119
8408  14.851  -78.164  -33.434 0.5000000000
8418  24.996  -78.851  -34.976 0.3000000119
8430  27.581  -79.369  -35.682 0.3000000119
8433  23.883  -79.193  -35.816 0.4000000060
8440  26.345  -79.290  -36.877 0.3000000119
8456  25.454  -79.062  -37.419 0.3000000119
8457  24.778  -79.537  -37.177 0.4000000060
8466  13.996  -77.820  -37.962 0.4000000060
8474  23.207  -78.056  -38.693 0.4000000060
8475  22.498  -78.294  -38.666 0.4000000060
8476  21.844  -78.360  -38.553 0.3000000119
8478  19.576  -78.139  -39.068 0.4000000060
8482  15.599  -78.281  -39.037 0.4000000060
8487  20.237  -78.001  -39.172 0.4000000060
8489  18.586  -77.980  -39.482 0.4000000060
8491  16.336  -78.221  -39.490 0.4000000060
9064  25.897  -77.428  -29.403 0.3000000119
9079  25.370  -77.977  -29.972 0.3000000119
9117  14.509  -77.321  -33.809 0.5000000000
9133  24.511  -77.810  -34.619 0.3000000119
9136  14.133  -77.302  -34.607 0.5000000000
9151  19.773  -77.200  -36.143 0.3000000119
9152  14.353  -76.761  -35.343 0.5000000000
9160  26.793  -78.286  -36.978 0.3000000119
9162  22.000  -78.200  -36.428 0.4000000060
9168  15.257  -77.307  -36.766 0.4000000060
9181  18.724  -77.805  -37.532 0.4000000060
9194  20.914  -77.910  -39.258 0.4000000060
9199  19.227  -77.644  -39.611 0.4000000060
9201  17.592  -77.517  -39.906 0.4000000060
9202  15.993  -77.833  -39.748 0.4000000060
9827  25.885  -75.915  -28.563 0.3000000119
9840  26.383  -76.780  -28.986 0.3000000119
9844  22.508  -75.946  -29.514 0.3000000119
9890  26.192  -76.554  -33.652 0.3000000119
9896  14.545  -76.597  -34.312 0.5000000000
9913  15.032  -75.880  -34.233 0.5000000000
9914  14.794  -76.243  -34.892 0.5000000000
9939  17.654  -76.902  -36.141 0.5000000000
9941  15.731  -76.791  -36.161 0.5000000000
9951  23.315  -76.709  -38.481 0.4000000060
9962  21.945  -77.383  -39.182 0.4000000060
9963  21.432  -76.894  -39.371 0.4000000060
9969  15.419  -76.822  -39.890 0.4000000060
9970  14.612  -76.843  -39.774 0.4000000060
10637  23.749  -75.212  -29.091 0.3000000119
10638  23.053  -75.395  -29.398 0.3000000119
10666  21.039  -74.937  -30.668 0.3000000119
10688  23.309  -74.789  -32.584 0.3000000119
10690  15.558  -75.149  -32.540 0.4000000060
10711  21.091  -75.096  -33.801 0.4000000060
10723  20.913  -75.690  -34.378 0.3000000119
10725  17.266  -75.278  -34.510 0.4000000060
10733  32.475  -75.651  -34.811 0.3000000119
10734  31.086  -75.786  -35.814 0.3000000119
10743  30.377  -75.127  -36.574 0.3000000119
10747  27.323  -75.969  -36.484 0.4000000060
10756  23.781  -76.472  -37.873 0.5000000000
10767  22.144  -76.548  -39.036 0.4000000060
10772  17.327  -75.369  -39.450 0.4000000060
11417  25.914  -73.968  -28.849 0.3000000119
11431  22.504  -74.709  -30.485 0.3000000119
11445  25.509  -74.051  -30.622 0.3000000119
11446  23.884  -74.450  -31.154 0.3000000119
11449  21.402  -74.538  -31.324 0.3000000119
11481  15.927  -74.541  -32.335 0.3000000119
11492  21.775  -74.624  -32.873 0.3000000119
11493  21.208  -74.713  -33.202 0.3000000119
11509  16.831  -74.747  -33.892 0.3000000119
11522  30.441  -74.195  -36.886 0.3000000119
11523  29.805  -74.536  -36.860 0.4000000060
11529  23.169  -74.228  -37.428 0.4000000060
11541  29.409  -74.062  -36.914 0.4000000060
11549  22.404  -74.721  -38.381 0.6000000238
11555  19.410  -74.332  -39.080 0.4000000060
11556  17.299  -74.479  -39.142 0.4000000060
12313  30.934  -73.039  -37.174 0.3000000119
12314  30.267  -73.008  -37.218 0.3000000119
12323  18.917  -72.307  -38.742 0.6000000238
12324  12.999  -73.022  -38.644 0.6000000238
12330  18.094  -73.491  -38.832 0.5000000000
12335  13.291  -73.443  -38.909 0.6000000238
13076  27.057  -72.912  -35.641 0.4000000060
13080  13.026  -72.564  -35.711 0.5000000000
13081  12.115  -73.005  -36.095 0.5000000000
13096  24.203  -72.561  -35.618 0.4000000060
13107  31.442  -72.496  -37.121 0.3000000119
13121  16.276  -71.962  -38.490 0.6999999881
13126  11.880  -73.512  -38.148 0.5000000000
13131  16.732  -72.733  -38.677 0.6000000238
13133  14.967  -72.617  -38.815 0.6999999881
13834  26.838  -72.131  -35.188 0.4000000060
13849  32.954  -71.194  -36.532 0.3000000119
13851  31.854  -71.514  -36.978 0.3000000119
13853  29.987  -72.238  -37.097 0.3000000119
13869  13.893  -71.755  -37.007 0.6000000238
13870  22.838  -71.219  -38.184 0.6999999881
13877  14.891  -71.374  -37.924 0.6000000238
14525  22.081  -70.394  -25.506 0.6000000238
14526  21.394  -70.644  -25.332 0.6000000238
14529  18.683  -70.525  -25.296 0.8000000119
14530  14.861  -70.485  -25.773 0.6000000238
14539  23.494  -69.966  -26.406 0.6000000238
14541  21.825  -70.938  -25.972 0.6000000238
14545  14.487  -70.615  -26.652 0.6000000238
14546  13.185  -70.992  -26.468 0.6000000238
14549  9.924  -70.559  -26.764 0.6000000238
14560  22.740  -70.905  -27.407 0.6000000238
14561  22.298  -70.986  -26.709 0.6000000238
14566  13.412  -70.918  -27.300 0.6000000238
14568  11.604  -71.164  -26.943 0.6000000238
14578  24.367  -70.381  -28.933 0.6000000238
14579  23.896  -70.487  -28.283 0.6000000238
14583  19.740  -70.698  -28.892 0.6999999881
14586  12.985  -70.793  -27.982 0.6999999881
14587  12.159  -70.920  -27.908 0.6000000238
14590  9.074  -70.662  -27.919 0.5000000000
14592  7.795  -70.399  -28.350 0.5000000000
14593  6.927  -70.207  -28.661 0.6000000238
14605  20.102  -70.687  -29.627 0.6999999881
14609  10.019  -70.476  -28.828 0.5000000000
14611  8.159  -70.665  -29.024 0.5000000000
14614  5.987  -70.244  -29.596 0.6000000238
14621  22.349  -70.494  -30.754 0.6999999881
14623  20.635  -70.655  -30.304 0.6999999881
14629  5.658  -70.245  -30.065 0.6000000238
14644  22.787  -70.295  -32.512 0.6999999881
14647  19.432  -70.439  -32.462 0.6000000238
14656  20.525  -70.509  -33.666 0.6999999881
14658  19.022  -70.239  -33.229 0.6000000238
14668  29.252  -70.736  -34.745 0.5000000000
14673  24.034  -70.361  -34.761 0.5000000000
14675  21.672  -70.235  -34.564 0.6999999881
14712  30.131  -71.482  -36.309 0.3000000119
14713  29.316  -71.492  -36.218 0.3000000119
14716  15.344  -70.692  -36.269 0.6000000238
14725  16.229  -70.342  -37.502 0.6999999881
14727  23.047  -70.741  -38.111 0.6999999881
14731  19.098  -69.734  -38.634 0.6000000238
15372  17.500  -69.587  -23.780 0.6000000238
15391  20.669  -70.023  -24.439 0.8000000119
15392  19.152  -69.726  -23.877 0.6000000238
15406  22.427  -69.713  -25.413 0.6000000238
15408  21.181  -70.277  -24.821 0.6999999881
15409  18.125  -70.345  -24.898 0.8000000119
15413  13.530  -70.275  -25.212 0.6000000238
15415  11.721  -70.081  -25.482 0.6000000238
15424  23.073  -69.371  -25.841 0.6000000238
15426  17.399  -70.059  -26.165 0.8000000119
15429  15.304  -70.253  -26.676 0.6999999881
15439  24.119  -69.565  -26.843 0.6000000238
15440  18.133  -70.176  -26.619 0.8000000119
15444  14.847  -70.128  -27.517 0.6999999881
15445  8.614  -69.802  -27.267 0.5000000000
15446  7.973  -70.034  -27.739 0.5000000000
15454  25.653  -69.575  -28.676 0.6000000238
15458  16.675  -68.876  -28.511 0.6000000238
15460  13.354  -70.144  -28.767 0.6999999881
15462  11.861  -70.415  -28.743 0.6000000238
15465  5.722  -69.197  -28.692 0.6000000238
15477  17.765  -69.122  -29.426 0.6000000238
15479  14.747  -69.291  -29.043 0.6999999881
15482  10.546  -69.905  -29.595 0.5000000000
15493  23.834  -70.416  -30.127 0.6999999881
15494  18.434  -69.635  -30.804 0.6000000238
15501  6.614  -70.266  -30.738 0.4000000060
15503  5.079  -69.922  -30.375 0.6000000238
15521  5.260  -69.665  -31.223 0.5000000000
15530  18.297  -69.205  -32.448 0.6999999881
15536  30.855  -69.397  -33.196 0.4000000060
15541  25.702  -69.697  -33.518 0.6000000238
15551  27.869  -70.082  -34.016 0.5000000000
15557  22.882  -70.100  -35.004 0.6000000238
15558  22.131  -69.988  -35.240 0.6999999881
15559  19.182  -70.059  -34.083 0.6999999881
15574  20.330  -69.258  -35.897 0.6000000238
15591  20.894  -68.494  -37.589 0.8000000119
15594  16.006  -69.305  -36.130 0.5000000000
15602  22.259  -69.612  -38.199 0.6999999881
15603  21.644  -69.026  -38.058 0.6999999881
15608  22.380  -70.034  -38.385 0.6999999881
15610  20.990  -69.177  -38.540 0.6999999881
15613  17.936  -69.286  -38.217 0.6999999881
16369  19.218  -68.332  -23.064 0.6000000238
16391  19.678  -68.917  -23.504 0.6000000238
16392  15.011  -68.778  -23.812 0.5000000000
16404  12.748  -68.866  -24.863 0.6000000238
16417  10.329  -68.818  -26.077 0.5000000000
16432  8.420  -68.770  -27.273 0.5000000000
16441  17.182  -68.741  -29.152 0.6000000238
16446  4.327  -68.192  -28.769 0.6000000238
16452  27.387  -68.277  -29.394 0.6000000238
16454  26.216  -69.321  -29.029 0.6000000238
16469  15.466  -68.333  -30.324 0.6999999881
16471  13.759  -68.746  -30.392 0.6999999881
16473  11.063  -68.744  -30.947 0.5000000000
16475  3.910  -68.775  -30.216 0.6000000238
16476  3.335  -67.886  -30.454 0.5000000000
16485  17.441  -68.045  -31.543 0.6999999881
16487  14.170  -68.208  -30.943 0.6000000238
16504  29.541  -68.836  -31.689 0.4000000060
16517  18.493  -68.769  -34.000 0.6999999881
16533  12.564  -68.498  -35.870 0.5000000000
16554  19.969  -67.683  -37.887 0.6999999881
16558  19.803  -68.025  -38.229 0.6999999881
16559  18.960  -68.250  -38.277 0.6999999881
17270  20.385  -67.495  -23.435 0.6000000238
17293  13.850  -68.083  -24.446 0.5000000000
17305  13.995  -67.334  -24.764 0.5000000000
17308  11.601  -68.228  -25.680 0.6000000238
17319  12.878  -67.291  -25.725 0.6000000238
17321  11.324  -67.613  -26.310 0.6000000238
17322  10.542  -67.913  -26.428 0.5000000000
17339  9.727  -67.144  -27.813 0.6000000238
17343  5.719  -67.709  -28.505 0.6000000238
17345  3.762  -67.287  -28.735 0.6000000238
17350  27.101  -67.791  -28.997 0.6000000238
17351  3.150  -67.470  -29.601 0.5000000000
17368  15.256  -67.590  -31.518 0.6999999881
17371  12.082  -67.750  -31.835 0.6000000238
17384  16.480  -67.137  -32.320 0.6999999881
17386  14.511  -67.247  -32.088 0.6000000238
17441  16.250  -66.914  -36.447 0.5000000000
17443  14.120  -66.985  -36.381 0.5000000000
17449  18.572  -66.923  -37.318 0.6000000238
18221  11.805  -67.000  -26.901 0.4000000060
18226  13.034  -66.327  -27.268 0.5000000000
18237  11.126  -66.410  -28.589 0.6000000238
18238  10.147  -66.641  -28.558 0.5000000000
18239  8.777  -66.630  -28.906 0.6000000238
18241  7.072  -66.886  -28.788 0.6000000238
18244  2.887  -66.054  -28.651 0.5000000000
18289  15.981  -66.596  -32.999 0.6000000238
18293  12.178  -66.724  -32.997 0.4000000060
18304  17.257  -66.433  -33.817 0.6000000238
18305  16.499  -66.261  -33.652 0.6999999881
18310  11.159  -66.170  -33.707 0.5000000000
18323  18.404  -66.402  -35.769 0.6999999881
18325  16.333  -65.437  -34.935 0.5000000000
18357  13.595  -66.226  -36.371 0.5000000000
19159  1.737  -64.866  -27.465 0.5000000000
19176  12.677  -65.371  -29.438 0.6000000238
19180  8.039  -65.502  -30.450 0.6000000238
19181  7.035  -65.348  -30.457 0.6000000238
19189  11.902  -64.922  -30.557 0.4000000060
19191  10.426  -65.249  -30.535 0.6000000238
19192  9.556  -65.265  -30.625 0.5000000000
19193  8.188  -64.563  -31.112 0.6000000238
19195  6.359  -64.611  -30.750 0.6000000238
19196  5.613  -64.546  -30.419 0.6000000238
19224  14.105  -65.350  -34.439 0.5000000000
19226  11.771  -65.737  -34.179 0.5000000000
19237  14.719  -65.031  -35.180 0.6000000238
19248  15.879  -65.494  -36.079 0.5000000000
19249  15.290  -65.102  -35.777 0.5000000000
19251  13.523  -65.203  -35.820 0.6000000238
20057  6.289  -64.094  -26.712 0.5000000000
20061  2.178  -64.753  -26.948 0.5000000000
20071  3.737  -63.711  -27.692 0.5000000000
20087  3.163  -64.085  -28.108 0.5000000000
20118  10.701  -64.616  -31.076 0.5000000000
20123  5.790  -63.842  -30.729 0.6000000238
20131  10.913  -63.911  -31.588 0.4000000060
20133  9.362  -63.790  -31.497 0.5000000000
21012  8.237  -63.931  -26.866 0.4000000060
21014  5.612  -63.567  -27.422 0.6000000238
21030  6.643  -63.076  -28.069 0.6000000238
21031  5.092  -63.254  -28.338 0.6000000238
21044  7.269  -62.882  -28.268 0.6000000238
21045  6.671  -62.669  -28.929 0.6000000238
21047  4.567  -63.529  -28.990 0.6000000238
21057  6.335  -62.851  -30.343 0.6000000238
21078  11.122  -63.099  -31.923 0.4000000060
21991  8.893  -62.897  -28.260 0.5000000000
22000  10.055  -62.299  -29.161 0.4000000060
22002  8.255  -62.443  -28.959 0.6000000238
22012  10.305  -61.883  -30.044 0.4000000060
22014  8.427  -62.130  -29.896 0.6000000238
22028  7.763  -62.413  -30.559 0.6000000238
22985  12.666  -61.305  -28.620 0.4000000060
22992  11.950  -61.353  -29.716 0.4000000060
23921  11.154  -60.596  -24.684 0.3000000119
23939  11.813  -60.469  -25.050 0.3000000119
23959  9.237  -60.082  -26.475 0.3000000119
24958  7.777  -59.574  -27.599 0.3000000119
24959  6.706  -59.489  -27.472 0.4000000060
25900  12.872  -58.875  -20.147 0.3000000119
25987  5.864  -58.121  -26.443 0.3000000119
26001  8.124  -57.957  -27.645 0.3000000119
26002  7.329  -58.207  -27.456 0.4000000060
26013  11.866  -57.956  -28.559 0.3000000119
26015  10.452  -58.072  -27.838 0.3000000119
27012  11.580  -57.255  -22.602 0.3000000119
27029  8.109  -57.274  -23.487 0.3000000119
27046  6.104  -57.711  -24.824 0.3000000119
27058  7.890  -56.610  -25.941 0.4000000060
27091  9.709  -57.497  -27.650 0.3000000119
27092  8.923  -57.756  -27.670 0.3000000119
27101  15.254  -56.858  -29.359 0.4000000060
27102  14.560  -56.181  -29.135 0.4000000060
28108  13.497  -56.052  -21.413 0.3000000119
28109  12.938  -56.121  -22.063 0.3000000119
28140  14.007  -56.038  -24.867 0.3000000119
28142  7.662  -56.712  -24.713 0.4000000060
28152  13.281  -55.427  -26.398 0.3000000119
28154  8.264  -56.294  -25.109 0.5000000000
28177  12.432  -55.926  -28.144 0.4000000060
28178  11.385  -56.431  -27.502 0.4000000060
28190  13.085  -55.927  -29.012 0.4000000060
29170  11.377  -54.911  -24.507 0.3000000119
29172  9.703  -55.523  -24.905 0.3000000119
29188  9.825  -55.609  -25.686 0.3000000119
30128  13.572  -54.492  -23.258 0.3000000119
30137  12.294  -54.658  -24.307 0.3000000119
30152  13.495  -54.597  -24.345 0.3000000119
30153  12.731  -54.589  -24.723 0.3000000119
30163  12.997  -54.746  -25.157 0.3000000119
118762  22.400  -84.719  -27.719 0.3000000119
118986  9.570  -62.027  -30.752 0.4000000060
119939  17.825  -69.535  -27.998 0.6000000238
120714  16.913  -65.601  -35.305 0.5000000000
120819  20.940  -84.362  -28.279 0.3000000119
121777  3.446  -63.933  -26.918 0.5000000000
122119  17.833  -74.131  -38.983 0.5000000000
122368  27.180  -77.368  -36.763 0.3000000119
122542  29.592  -71.885  -36.770 0.3000000119
122598  23.336  -71.662  -37.076 0.4000000060
122699  18.968  -75.520  -34.571 0.3000000119
122806  28.529  -72.090  -36.443 0.4000000060
123876  9.045  -64.569  -31.157 0.5000000000
124769  16.870  -82.247  -28.111 0.3000000119
124805  11.378  -62.283  -31.984 0.4000000060
124845  18.195  -69.646  -28.847 0.6999999881
125420  21.959  -69.106  -24.987 0.5000000000
125939  24.922  -80.074  -36.003 0.3000000119
126295  28.218  -75.001  -36.551 0.4000000060
126716  17.843  -68.164  -22.801 0.5000000000
127356  11.747  -65.686  -35.444 0.5000000000
127413  14.799  -79.532  -34.496 0.4000000060
127440  5.898  -62.979  -28.687 0.6000000238
127696  22.771  -72.925  -37.729 0.6999999881
127701  13.064  -65.154  -35.333 0.5000000000
127708  21.148  -70.502  -33.098 0.6999999881
128316  12.050  -66.716  -36.363 0.5000000000
128424  20.096  -70.567  -31.926 0.6999999881
128572  24.752  -76.533  -28.815 0.3000000119
128594  14.682  -73.809  -39.102 0.5000000000
128687  19.795  -83.761  -29.332 0.3000000119
129232  21.556  -71.096  -38.744 0.6999999881
129463  33.705  -74.511  -34.478 0.3000000119
129747  29.465  -69.824  -32.850 0.4000000060
130200  18.401  -83.571  -26.711 0.3000000119
130344  15.973  -66.192  -33.588 0.6999999881
130520  15.198  -69.521  -28.279 0.6999999881
130586  16.038  -74.233  -39.156 0.4000000060
130589  25.165  -69.614  -32.903 0.6000000238
131071  19.751  -75.336  -39.343 0.4000000060
131213  15.848  -75.085  -39.416 0.4000000060
131225  9.517  -55.888  -24.404 0.3000000119
131911  26.806  -76.598  -36.623 0.4000000060
131993  11.841  -68.920  -30.558 0.6000000238
131997  12.585  -78.027  -36.792 0.5000000000
132566  6.585  -69.471  -28.395 0.6000000238
132855  22.914  -70.196  -33.370 0.6999999881
132999  15.272  -76.584  -32.070 0.3000000119
133074  14.340  -76.048  -39.554 0.4000000060
133157  22.465  -71.865  -38.220 0.6999999881
133222  16.840  -77.898  -39.813 0.4000000060
133281  16.999  -68.670  -37.275 0.6000000238
133796  12.440  -58.675  -28.742 0.3000000119
134171  11.797  -66.283  -33.505 0.5000000000
134511  13.234  -69.558  -24.792 0.6999999881
134638  13.982  -77.096  -35.941 0.4000000060
134735  24.718  -70.132  -34.197 0.6000000238
134780  9.631  -70.708  -28.174 0.5000000000
135444  24.069  -70.035  -32.315 0.6000000238
135762  9.702  -63.142  -31.622 0.5000000000
135898  19.902  -77.335  -39.657 0.4000000060
135968  12.256  -70.638  -25.689 0.6000000238
136121  26.967  -79.834  -35.696 0.3000000119
136623  6.212  -63.262  -30.713 0.6000000238
137187  12.719  -66.997  -26.247 0.5000000000
137279  15.117  -71.651  -38.317 0.6999999881
137409  29.084  -73.655  -36.896 0.3000000119
138180  19.307  -66.958  -37.009 0.6999999881
138482  14.033  -77.569  -37.255 0.4000000060
138634  18.815  -77.435  -39.761 0.4000000060
138650  18.795  -83.517  -30.182 0.3000000119
139428  15.353  -68.294  -35.753 0.5000000000
139640  23.126  -70.796  -28.008 0.6000000238
140011  7.059  -62.474  -29.494 0.6000000238
140263  11.072  -54.732  -24.986 0.3000000119
140330  18.003  -70.345  -38.310 0.6000000238
140398  15.362  -75.507  -33.364 0.5000000000
140871  16.991  -78.166  -39.611 0.4000000060
141166  24.549  -75.009  -32.613 0.3000000119
141668  20.115  -70.921  -25.586 0.6000000238
141676  15.838  -68.605  -35.967 0.5000000000
141746  20.300  -67.913  -37.628 0.6999999881
141976  16.914  -70.157  -24.822 0.8000000119
142017  10.390  -55.365  -25.851 0.3000000119
142025  6.566  -62.590  -29.766 0.6000000238
142141  12.374  -61.291  -24.191 0.3000000119
142179  9.245  -62.290  -31.111 0.5000000000
142226  11.146  -66.109  -29.235 0.6000000238
142313  20.314  -70.305  -38.842 0.6000000238
142399  15.331  -75.660  -32.689 0.3000000119
142690  30.307  -72.491  -37.204 0.3000000119
142715  10.415  -63.166  -27.679 0.4000000060
142774  11.775  -55.259  -26.492 0.4000000060
142902  17.657  -68.511  -31.099 0.6999999881
143150  14.256  -72.562  -38.791 0.6999999881
143165  22.018  -76.501  -29.914 0.3000000119
143382  17.108  -80.262  -32.063 0.3000000119
143383  18.220  -69.285  -31.149 0.6000000238
143607  18.091  -66.350  -35.025 0.6000000238
143827  18.956  -83.339  -32.167 0.3000000119
143967  18.390  -69.915  -38.445 0.6000000238
