#Insight Transform File V1.0
#Transform 0
Transform: AffineTransform_float_3_3
Parameters: 0.999999 -0.000218853 0.000916559 0.000217146 0.999998 0.0020212 -0.00091744 -0.0020208 0.999997 0.0610274 -0.125433 -0.147762
FixedParameters: 0 0 0

#Transform 1
Transform: AffineTransform_float_3_3
Parameters: 0.999999 -0.000251605 0.00075947 0.000250395 0.999997 0.00211319 -0.000759531 -0.00211281 0.999998 0.0623212 -0.0549088 -0.1387
FixedParameters: 0 0 0

#Transform 2
Transform: AffineTransform_float_3_3
Parameters: 0.999999 -0.00041757 0.000722094 0.000415427 0.999997 0.0021733 -0.000723904 -0.0021727 0.999998 0.074098 -0.0799711 -0.120621
FixedParameters: 0 0 0

#Transform 3
Transform: AffineTransform_float_3_3
Parameters: 1 -0.000416757 0.000374158 0.000415241 0.999998 0.00202116 -0.00037584 -0.00202084 0.999998 0.0723667 -0.0337472 -0.100512
FixedParameters: 0 0 0

#Transform 4
Transform: AffineTransform_float_3_3
Parameters: 0.999999 -0.000102122 0.000710839 0.000100879 0.999998 0.00157807 -0.00071016 -0.00157793 0.999998 0.0474754 -0.0414756 -0.109479
FixedParameters: 0 0 0

#Transform 5
Transform: AffineTransform_float_3_3
Parameters: 0.999999 -1.18353e-05 0.000882989 1.01647e-05 0.999999 0.000946009 -0.00088301 -0.00094599 0.999999 0.0438543 -0.0841172 -0.0969189
FixedParameters: 0 0 0

#Transform 6
Transform: AffineTransform_float_3_3
Parameters: 1 -3.1542e-05 0.000507967 3.1458e-05 1 0.00106702 -0.000508034 -0.00106698 1 0.0493976 -0.106883 -0.103556
FixedParameters: 0 0 0

#Transform 7
Transform: AffineTransform_float_3_3
Parameters: 1 -0.000154928 -5.02211e-05 0.000155073 0.999999 0.00142699 5.07788e-05 -0.00142701 0.999999 0.0640129 -0.107957 -0.0755407
FixedParameters: 0 0 0

#Transform 8
Transform: AffineTransform_float_3_3
Parameters: 1 -0.000183029 2.17573e-05 0.000182972 0.999999 0.001326 -2.12426e-05 -0.001326 0.999999 0.0613679 -0.0655627 -0.0452929
FixedParameters: 0 0 0

#Transform 9
Transform: AffineTransform_float_3_3
Parameters: 1 -0.000154922 -7.11694e-05 0.000155078 1 0.00109299 7.08306e-05 -0.00109301 1 0.0458729 -0.0101936 -0.0295803
FixedParameters: 0 0 0

#Transform 10
Transform: AffineTransform_float_3_3
Parameters: 1 -0.000125305 0.000285867 0.000124695 1 0.00106504 -0.000286133 -0.00106497 1 0.0373525 -0.0525112 -0.041355
FixedParameters: 0 0 0

#Transform 11
Transform: AffineTransform_float_3_3
Parameters: 1 -7.71932e-05 0.000251941 7.68067e-05 0.999999 0.000767019 -0.000252059 -0.00076698 0.999999 0.0306681 -0.0282244 -0.0397709
FixedParameters: 0 0 0

#Transform 12
Transform: AffineTransform_float_3_3
Parameters: 1 0.000149937 0.00013607 -0.000150063 1 0.000465979 -0.00013593 -0.00046602 1 0.0307181 -0.077322 -0.0392806
FixedParameters: 0 0 0

#Transform 13
Transform: AffineTransform_float_3_3
Parameters: 1 5.0927e-05 0.000116032 -5.10729e-05 1 0.000628994 -0.000115968 -0.000629006 1 0.0316543 -0.0872904 -0.0415118
FixedParameters: 0 0 0

#Transform 14
Transform: AffineTransform_float_3_3
Parameters: 1 0.000155928 0.000227049 -0.000156072 1 0.000315965 -0.000226951 -0.000316035 1 0.0440977 -0.0475286 -0.0224172
FixedParameters: 0 0 0

#Transform 15
Transform: AffineTransform_float_3_3
Parameters: 1 4.19802e-05 6.70124e-05 -4.20198e-05 1 0.000295997 -6.69876e-05 -0.000296003 1 0.042117 -0.0414983 0.000386855
FixedParameters: 0 0 0

#Transform 16
Transform: AffineTransform_float_3_3
Parameters: 1 -7.99566e-05 -6.90503e-05 8.00434e-05 1 0.000628994 6.89497e-05 -0.000629005 1 0.0344862 -0.0491587 -0.00049546
FixedParameters: 0 0 0

#Transform 17
Transform: AffineTransform_float_3_3
Parameters: 1 -6.59828e-05 -5.80196e-05 6.60172e-05 1 0.000296996 5.79804e-05 -0.000297004 1 0.0177554 -0.0114969 -0.0139884
FixedParameters: 0 0 0

#Transform 18
Transform: AffineTransform_float_3_3
Parameters: 1 -7.50561e-05 -0.000231982 7.49438e-05 1 -0.000242017 0.000232018 0.000241983 1 0.0125002 -0.0536239 0.0173039
FixedParameters: 0 0 0

#Transform 19
Transform: AffineTransform_float_3_3
Parameters: 1 -7.0213e-06 -0.000402 6.97869e-06 1 -5.30028e-05 0.000402 5.29972e-05 1 0.011199 -0.0198267 0.0225363
FixedParameters: 0 0 0

#Transform 20
Transform: AffineTransform_float_3_3
Parameters: 1 -4.49835e-05 -5.90126e-05 4.50165e-05 1 0.000278997 5.89874e-05 -0.000279003 1 0.00498947 -0.0249629 -0.0139802
FixedParameters: 0 0 0

#Transform 21
Transform: AffineTransform_float_3_3
Parameters: 1 -0.000183999 -6.70029e-05 0.000184001 1 1.59877e-05 6.69971e-05 -1.60123e-05 1 -0.00902467 0.0158808 0.00124919
FixedParameters: 0 0 0

#Transform 22
Transform: AffineTransform_float_3_3
Parameters: 1 -0.000102449 -0.000526913 0.000101551 0.999999 -0.000852053 0.000527086 0.000851945 0.999999 0.00222967 -0.0336521 0.0203901
FixedParameters: 0 0 0

#Transform 23
Transform: AffineTransform_float_3_3
Parameters: 0.999999 0.000285838 -0.000740062 -0.000286163 1 -0.000219788 0.000739937 0.000219211 0.999999 0.00479467 0.00586809 0.0590261
FixedParameters: 0 0 0

#Transform 24
Transform: AffineTransform_float_3_3
Parameters: 1 0.000285735 -0.000236321 -0.000286265 1 -0.00112193 0.000235679 0.00112207 1 -0.0241255 0.0747278 0.0296111
FixedParameters: 0 0 0

#Transform 25
Transform: AffineTransform_float_3_3
Parameters: 1 0.00108173 -0.000231271 -0.00108227 0.999998 -0.00117475 0.00022973 0.00117425 1 -0.0423089 0.15987 0.0903579
FixedParameters: 0 0 0

#Transform 26
Transform: AffineTransform_float_3_3
Parameters: 0.999998 0.00167896 -0.00013651 -0.00167904 0.999998 -0.000303771 0.000135489 0.000304228 1 -0.0890553 0.135689 0.092523
FixedParameters: 0 0 0

#Transform 27
Transform: AffineTransform_float_3_3
Parameters: 0.999999 0.00170704 -0.000615897 -0.00170696 0.999998 6.10514e-05 0.000616103 -5.99483e-05 1 -0.106657 0.105995 0.0591652
FixedParameters: 0 0 0

#Transform 28
Transform: AffineTransform_float_3_3
Parameters: 0.999998 0.00204585 -0.000118588 -0.00204615 0.999997 -0.00126476 0.000116411 0.00126524 0.999999 -0.109396 0.154834 0.0698406
FixedParameters: 0 0 0

#Transform 29
Transform: AffineTransform_float_3_3
Parameters: 0.999997 0.0021811 8.13324e-05 -0.0021819 0.999997 -0.00122318 -8.46683e-05 0.00122282 0.999999 -0.12031 0.139919 0.0952535
FixedParameters: 0 0 0

#Transform 30
Transform: AffineTransform_float_3_3
Parameters: 0.999997 0.00224016 0.000133235 -0.00223983 0.999996 -0.0012343 -0.000135764 0.0012337 0.999999 -0.135872 0.189055 0.087243
FixedParameters: 0 0 0

#Transform 31
Transform: AffineTransform_float_3_3
Parameters: 0.999997 0.00218778 -0.000136618 -0.00218822 0.999996 -0.0016537 0.00013338 0.0016543 0.999998 -0.140472 0.157128 0.0956055
FixedParameters: 0 0 0

#Transform 32
Transform: AffineTransform_float_3_3
Parameters: 0.999997 0.00235349 -0.000290151 -0.00235351 0.999995 -0.00176332 0.000286848 0.00176468 0.999999 -0.133355 0.163072 0.133765
FixedParameters: 0 0 0

#Transform 33
Transform: AffineTransform_float_3_3
Parameters: 0.999997 0.00235336 -0.000345384 -0.00235364 0.999995 -0.00186219 0.000340617 0.00186281 0.999998 -0.130772 0.164733 0.101073
FixedParameters: 0 0 0

#Transform 34
Transform: AffineTransform_float_3_3
Parameters: 0.999997 0.00235343 -0.000243618 -0.00235357 0.999995 -0.00238643 0.000237384 0.00238657 0.999997 -0.157441 0.211667 0.127604
FixedParameters: 0 0 0

#Transform 35
Transform: AffineTransform_float_3_3
Parameters: 0.999997 0.00244482 -7.96793e-05 -0.00244518 0.999995 -0.00232281 7.43198e-05 0.00232319 0.999998 -0.162631 0.242923 0.116591
FixedParameters: 0 0 0

#Transform 36
Transform: AffineTransform_float_3_3
Parameters: 0.999997 0.0023528 -0.00041881 -0.0023542 0.999993 -0.00289302 0.00041219 0.00289398 0.999995 -0.183711 0.220595 0.119773
FixedParameters: 0 0 0

#Transform 37
Transform: AffineTransform_float_3_3
Parameters: 0.999996 0.00258068 -0.000404533 -0.00258232 0.999991 -0.00330497 0.000396466 0.00330604 0.999995 -0.172612 0.243407 0.144663
FixedParameters: 0 0 0

#Transform 38
Transform: AffineTransform_float_3_3
Parameters: 0.999995 0.00296059 0.000440432 -0.00295941 0.999989 -0.00357132 -0.000451569 0.00356968 0.999994 -0.199112 0.237644 0.135577
FixedParameters: 0 0 0

#Transform 39
Transform: AffineTransform_float_3_3
Parameters: 0.999996 0.00298957 0.000170242 -0.00298843 0.99999 -0.00326452 -0.000179754 0.00326348 0.999994 -0.19802 0.258425 0.168347
FixedParameters: 0 0 0

#Transform 40
Transform: AffineTransform_float_3_3
Parameters: 0.999996 0.00306165 0.000167528 -0.00306135 0.999989 -0.00374753 -0.000178474 0.00374747 0.999993 -0.205374 0.286188 0.152732
FixedParameters: 0 0 0

#Transform 41
Transform: AffineTransform_float_3_3
Parameters: 0.999995 0.00310574 -8.15224e-05 -0.00310626 0.99999 -0.00338777 7.1476e-05 0.00338824 0.999995 -0.194483 0.210392 0.144821
FixedParameters: 0 0 0

#Transform 42
Transform: AffineTransform_float_3_3
Parameters: 0.999995 0.00311443 -0.000149384 -0.00311557 0.999987 -0.00397556 0.000136613 0.00397645 0.999992 -0.190059 0.205479 0.158817
FixedParameters: 0 0 0

#Transform 43
Transform: AffineTransform_float_3_3
Parameters: 0.999994 0.00352925 5.96417e-05 -0.00352875 0.999986 -0.00378523 -7.336e-05 0.00378576 0.999993 -0.18304 0.2586 0.183027
FixedParameters: 0 0 0

#Transform 44
Transform: AffineTransform_float_3_3
Parameters: 0.999995 0.00310425 6.12784e-05 -0.00310375 0.999988 -0.00377621 -7.272e-05 0.00377579 0.999993 -0.196794 0.25335 0.167682
FixedParameters: 0 0 0

#Transform 45
Transform: AffineTransform_float_3_3
Parameters: 0.999995 0.003104 -7.34468e-06 -0.003104 0.999988 -0.003977 -5.3447e-06 0.003977 0.999992 -0.211821 0.274062 0.166874
FixedParameters: 0 0 0

#Transform 46
Transform: AffineTransform_float_3_3
Parameters: 0.999996 0.0030066 -0.000294623 -0.00300839 0.999983 -0.00486213 0.000279375 0.00486286 0.999988 -0.215606 0.325738 0.170948
FixedParameters: 0 0 0

#Transform 47
Transform: AffineTransform_float_3_3
Parameters: 0.999995 0.00306293 -0.000400188 -0.00306508 0.999982 -0.0052828 0.000384811 0.00528421 0.999986 -0.202778 0.264452 0.201584
FixedParameters: 0 0 0

#Transform 48
Transform: AffineTransform_float_3_3
Parameters: 0.999996 0.00297433 -0.000339961 -0.00297567 0.999983 -0.00502801 0.000325041 0.00502899 0.999988 -0.198461 0.247405 0.189608
FixedParameters: 0 0 0

#Transform 49
Transform: AffineTransform_float_3_3
Parameters: 0.999997 0.00269921 -0.000160822 -0.00270079 0.999984 -0.00511959 0.000146176 0.00511941 0.999987 -0.204849 0.282656 0.210114
FixedParameters: 0 0 0

#Transform 50
Transform: AffineTransform_float_3_3
Parameters: 0.999995 0.00300638 -0.000138173 -0.00300762 0.999985 -0.00471361 0.000123823 0.00471439 0.999989 -0.216898 0.298941 0.208723
FixedParameters: 0 0 0

#Transform 51
Transform: AffineTransform_float_3_3
Parameters: 0.999997 0.00269851 -0.000295884 -0.00270049 0.999983 -0.00514322 0.000282111 0.00514478 0.999986 -0.226996 0.348448 0.215199
FixedParameters: 0 0 0

#Transform 52
Transform: AffineTransform_float_3_3
Parameters: 0.999996 0.002947 -0.000567802 -0.00295 0.999982 -0.00535835 0.000552197 0.00536066 0.999986 -0.214482 0.30942 0.21432
FixedParameters: 0 0 0

#Transform 53
Transform: AffineTransform_float_3_3
Parameters: 0.999995 0.00288796 -0.000567676 -0.00289003 0.999981 -0.00542438 0.00055133 0.00542562 0.999985 -0.21443 0.270706 0.202711
FixedParameters: 0 0 0

#Transform 54
Transform: AffineTransform_float_3_3
Parameters: 0.999996 0.00269706 -0.000565233 -0.00269994 0.999983 -0.0052735 0.000550769 0.00527451 0.999986 -0.22399 0.277747 0.207265
FixedParameters: 0 0 0

#Transform 55
Transform: AffineTransform_float_3_3
Parameters: 0.999996 0.00280551 -0.000509905 -0.00280849 0.999984 -0.00495359 0.000496093 0.00495441 0.999987 -0.2265 0.27085 0.234899
FixedParameters: 0 0 0

#Transform 56
Transform: AffineTransform_float_3_3
Parameters: 0.999997 0.0026981 -0.000404846 -0.0026999 0.999985 -0.00475892 0.000392154 0.00476007 0.999988 -0.242301 0.282444 0.211501
FixedParameters: 0 0 0

#Transform 57
Transform: AffineTransform_float_3_3
Parameters: 0.999996 0.00285108 -0.000506685 -0.00285392 0.999979 -0.00584858 0.000490314 0.00585042 0.999983 -0.247542 0.37722 0.228416
FixedParameters: 0 0 0

#Transform 58
Transform: AffineTransform_float_3_3
Parameters: 0.999995 0.00290944 -0.000638431 -0.00291256 0.99998 -0.00564316 0.000622571 0.00564483 0.999984 -0.251363 0.3005 0.238258
FixedParameters: 0 0 0

#Transform 59
Transform: AffineTransform_float_3_3
Parameters: 0.999996 0.00251175 -0.000698463 -0.00251625 0.999978 -0.00615026 0.000683533 0.00615274 0.999981 -0.235312 0.340811 0.252525
FixedParameters: 0 0 0

#Transform 60
Transform: AffineTransform_float_3_3
Parameters: 0.999997 0.00237222 -0.000699435 -0.00237779 0.999973 -0.00692036 0.00068356 0.00692164 0.999976 -0.236973 0.355686 0.245344
FixedParameters: 0 0 0

#Transform 61
Transform: AffineTransform_float_3_3
Parameters: 0.999997 0.00227269 -0.000768881 -0.00227731 0.999973 -0.00697827 0.000753126 0.00697973 0.999976 -0.240686 0.332606 0.29556
FixedParameters: 0 0 0

#Transform 62
Transform: AffineTransform_float_3_3
Parameters: 0.999997 0.00227138 -0.000897919 -0.00227762 0.99997 -0.00743697 0.000881083 0.00743902 0.999972 -0.243676 0.383878 0.29661
FixedParameters: 0 0 0

#Transform 63
Transform: AffineTransform_float_3_3
Parameters: 0.999997 0.00226944 -0.00104381 -0.00227756 0.999963 -0.00826965 0.0010252 0.00827236 0.999966 -0.24528 0.376451 0.28846
FixedParameters: 0 0 0

#Transform 64
Transform: AffineTransform_float_3_3
Parameters: 0.999997 0.00255245 -0.000980885 -0.00255956 0.999967 -0.00777752 0.000961121 0.00777949 0.99997 -0.241049 0.304871 0.319142
FixedParameters: 0 0 0

#Transform 65
Transform: AffineTransform_float_3_3
Parameters: 0.999996 0.00251586 -0.00115686 -0.00252414 0.999971 -0.00708611 0.00113914 0.00708889 0.999974 -0.233113 0.374758 0.305518
FixedParameters: 0 0 0

#Transform 66
Transform: AffineTransform_float_3_3
Parameters: 0.999997 0.00227064 -0.00105007 -0.00227736 0.999973 -0.00706464 0.00103393 0.00706738 0.999975 -0.25641 0.31278 0.25278
FixedParameters: 0 0 0

#Transform 67
Transform: AffineTransform_float_3_3
Parameters: 0.999996 0.00239722 -0.00107256 -0.00240478 0.999971 -0.00731345 0.00105444 0.00731555 0.999972 -0.267745 0.364292 0.293708
FixedParameters: 0 0 0

#Transform 68
Transform: AffineTransform_float_3_3
Parameters: 0.999996 0.0022688 -0.00123703 -0.0022782 0.99997 -0.00748921 0.00121997 0.0074918 0.999971 -0.273058 0.431226 0.325585
FixedParameters: 0 0 0

#Transform 69
Transform: AffineTransform_float_3_3
Parameters: 0.999996 0.00226778 -0.00123889 -0.00227822 0.999963 -0.0083092 0.00122011 0.00831179 0.999964 -0.273788 0.413265 0.305533
FixedParameters: 0 0 0

#Transform 70
Transform: AffineTransform_float_3_3
Parameters: 0.999996 0.00226431 -0.00155907 -0.00227769 0.999959 -0.00883448 0.00153893 0.00883752 0.99996 -0.261336 0.382733 0.317168
FixedParameters: 0 0 0

#Transform 71
Transform: AffineTransform_float_3_3
Parameters: 0.999996 0.00226288 -0.00163711 -0.00227812 0.999954 -0.00929331 0.00161589 0.0092977 0.999956 -0.263475 0.401423 0.352025
FixedParameters: 0 0 0

#Transform 72
Transform: AffineTransform_float_3_3
Parameters: 0.999996 0.00207007 -0.00158074 -0.00208493 0.999952 -0.00950273 0.00156125 0.00950626 0.999953 -0.261663 0.377839 0.371295
FixedParameters: 0 0 0

#Transform 73
Transform: AffineTransform_float_3_3
Parameters: 0.999996 0.00204481 -0.00166212 -0.00206119 0.99995 -0.0097996 0.00164187 0.00980339 0.99995 -0.269111 0.447569 0.381149
FixedParameters: 0 0 0

#Transform 74
Transform: AffineTransform_float_3_3
Parameters: 0.999995 0.00198391 -0.00215164 -0.0020051 0.99995 -0.00984674 0.00213236 0.00985028 0.999949 -0.265233 0.407502 0.412454
FixedParameters: 0 0 0

#Transform 75
Transform: AffineTransform_float_3_3
Parameters: 0.999996 0.00217342 -0.002154 -0.00219458 0.999947 -0.0100673 0.00213201 0.0100717 0.999947 -0.271682 0.46847 0.411603
FixedParameters: 0 0 0

#Transform 76
Transform: AffineTransform_float_3_3
Parameters: 0.999995 0.002173 -0.001985 -0.002192 0.999952 -0.00961869 0.001964 0.00962331 0.999952 -0.264446 0.457218 0.362213
FixedParameters: 0 0 0

#Transform 77
Transform: AffineTransform_float_3_3
Parameters: 0.999997 0.00197875 -0.00146187 -0.00199425 0.999943 -0.0105071 0.00144112 0.0105099 0.999943 -0.270829 0.403498 0.352352
FixedParameters: 0 0 0

#Transform 78
Transform: AffineTransform_float_3_3
Parameters: 0.999995 0.00271119 -0.00169233 -0.0027248 0.999962 -0.00821143 0.00166967 0.00821656 0.999965 -0.230691 0.427268 0.354471
FixedParameters: 0 0 0

#Transform 79
Transform: AffineTransform_float_3_3
Parameters: 0.999995 0.00294715 -0.000934646 -0.00295285 0.999975 -0.00631927 0.000916352 0.00632273 0.999979 -0.271737 0.453365 0.362678
FixedParameters: 0 0 0

#Transform 80
Transform: AffineTransform_float_3_3
Parameters: 0.999994 0.00336734 -0.000621796 -0.00337166 0.999965 -0.00765395 0.000596208 0.00765606 0.999971 -0.312306 0.483157 0.331415
FixedParameters: 0 0 0

#Transform 81
Transform: AffineTransform_float_3_3
Parameters: 0.999995 0.00321588 -0.000985882 -0.00322412 0.99996 -0.00834687 0.000959117 0.00835013 0.999964 -0.308243 0.488844 0.363459
FixedParameters: 0 0 0

#Transform 82
Transform: AffineTransform_float_3_3
Parameters: 0.999993 0.00344703 -0.000802543 -0.00345396 0.999955 -0.00885028 0.000771454 0.00885371 0.99996 -0.30844 0.453832 0.392546
FixedParameters: 0 0 0

#Transform 83
Transform: AffineTransform_float_3_3
Parameters: 0.999994 0.00336417 -0.000889167 -0.00337184 0.999954 -0.00895505 0.000859834 0.00895794 0.999959 -0.300377 0.480392 0.394813
FixedParameters: 0 0 0

#Transform 84
Transform: AffineTransform_float_3_3
Parameters: 0.999994 0.00336671 -0.00061854 -0.0033723 0.999956 -0.00876597 0.000589458 0.00876804 0.999962 -0.319888 0.504949 0.400635
FixedParameters: 0 0 0

#Transform 85
Transform: AffineTransform_float_3_3
Parameters: 0.999994 0.00327035 -0.000524819 -0.00327564 0.999953 -0.00911034 0.000494173 0.00911267 0.999959 -0.329579 0.499649 0.402421
FixedParameters: 0 0 0

#Transform 86
Transform: AffineTransform_float_3_3
Parameters: 0.999994 0.00336432 -0.000764595 -0.00337168 0.999941 -0.0102695 0.000730407 0.0102725 0.999947 -0.335345 0.532157 0.419826
FixedParameters: 0 0 0

#Transform 87
Transform: AffineTransform_float_3_3
Parameters: 0.999992 0.00377633 -0.00129169 -0.00378968 0.999935 -0.0107532 0.00125131 0.0107578 0.999942 -0.31043 0.450488 0.461679
FixedParameters: 0 0 0

#Transform 88
Transform: AffineTransform_float_3_3
Parameters: 0.999992 0.00375003 -0.00176568 -0.00376797 0.99994 -0.0102854 0.00172733 0.0102916 0.999945 -0.281214 0.483105 0.475321
FixedParameters: 0 0 0

#Transform 89
Transform: AffineTransform_float_3_3
Parameters: 0.999992 0.00367295 -0.00148718 -0.00368704 0.999947 -0.00955559 0.00145182 0.00956141 0.999953 -0.300394 0.473405 0.445837
FixedParameters: 0 0 0

#Transform 90
Transform: AffineTransform_float_3_3
Parameters: 0.999993 0.00353445 -0.0013162 -0.00354755 0.999947 -0.0096574 0.00128179 0.0096626 0.999953 -0.302445 0.503499 0.458805
FixedParameters: 0 0 0

#Transform 91
Transform: AffineTransform_float_3_3
Parameters: 0.999993 0.00335963 -0.00129748 -0.00337236 0.999948 -0.00964768 0.00126451 0.00965231 0.999952 -0.301813 0.555742 0.47616
FixedParameters: 0 0 0

#Transform 92
Transform: AffineTransform_float_3_3
Parameters: 0.999992 0.00361996 -0.00118623 -0.00363104 0.999949 -0.00943876 0.00115277 0.00944324 0.999954 -0.317847 0.525767 0.448636
FixedParameters: 0 0 0

#Transform 93
Transform: AffineTransform_float_3_3
Parameters: 0.999993 0.00351406 -0.00117725 -0.00352593 0.999941 -0.0102949 0.00114075 0.0102991 0.999947 -0.324311 0.523651 0.459241
FixedParameters: 0 0 0

#Transform 94
Transform: AffineTransform_float_3_3
Parameters: 0.999992 0.00359049 -0.00146948 -0.00360552 0.999937 -0.0106928 0.00143152 0.0106982 0.999941 -0.318386 0.527618 0.480379
FixedParameters: 0 0 0

#Transform 95
Transform: AffineTransform_float_3_3
Parameters: 0.999994 0.00328835 -0.00129617 -0.00330264 0.999937 -0.0106708 0.00126082 0.0106752 0.999942 -0.32497 0.534374 0.471984
FixedParameters: 0 0 0

#Transform 96
Transform: AffineTransform_float_3_3
Parameters: 0.999994 0.0030111 -0.00123006 -0.0030239 0.999939 -0.0106233 0.00119794 0.0106267 0.999943 -0.335589 0.54783 0.471648
FixedParameters: 0 0 0

#Transform 97
Transform: AffineTransform_float_3_3
Parameters: 0.999994 0.00291227 -0.00150483 -0.00292873 0.999932 -0.0112376 0.00147217 0.0112423 0.999935 -0.328242 0.559807 0.531373
FixedParameters: 0 0 0

#Transform 98
Transform: AffineTransform_float_3_3
Parameters: 0.999993 0.00348419 -0.00117664 -0.00349681 0.999932 -0.011067 0.00113836 0.011071 0.999938 -0.351098 0.546147 0.512052
FixedParameters: 0 0 0

#Transform 99
Transform: AffineTransform_float_3_3
Parameters: 0.999992 0.00380091 -0.00132028 -0.00381609 0.999925 -0.0116241 0.00127572 0.0116289 0.999931 -0.355039 0.570992 0.509198
FixedParameters: 0 0 0

#Transform 100
Transform: AffineTransform_float_3_3
Parameters: 0.999994 0.00305308 -0.00152839 -0.00307191 0.999916 -0.0125334 0.00148961 0.0125376 0.999921 -0.33751 0.539848 0.544796
FixedParameters: 0 0 0

#Transform 101
Transform: AffineTransform_float_3_3
Parameters: 0.999993 0.00351668 -0.00141638 -0.00353432 0.999908 -0.0131501 0.00136963 0.0131549 0.999913 -0.335489 0.574127 0.557359
FixedParameters: 0 0 0

#Transform 102
Transform: AffineTransform_float_3_3
Parameters: 0.999993 0.00353672 -0.00114339 -0.00355227 0.9999 -0.01365 0.0010946 0.013655 0.999906 -0.354476 0.594579 0.584854
FixedParameters: 0 0 0

#Transform 103
Transform: AffineTransform_float_3_3
Parameters: 0.999993 0.00362114 -0.00100723 -0.00363486 0.999893 -0.0141184 0.000955768 0.0141226 0.9999 -0.358468 0.62184 0.601098
FixedParameters: 0 0 0

#Transform 104
Transform: AffineTransform_float_3_3
Parameters: 0.999994 0.0032618 -0.00130505 -0.0032812 0.999882 -0.0149918 0.00125594 0.0149962 0.999887 -0.353176 0.619992 0.559375
FixedParameters: 0 0 0

#Transform 105
Transform: AffineTransform_float_3_3
Parameters: 0.999995 0.00295198 -0.0012956 -0.002972 0.999872 -0.0157282 0.00124841 0.0157318 0.999876 -0.35402 0.59757 0.56765
FixedParameters: 0 0 0

#Transform 106
Transform: AffineTransform_float_3_3
Parameters: 0.999993 0.00305425 -0.00189028 -0.00308674 0.999851 -0.0170243 0.00183771 0.0170307 0.999854 -0.320512 0.551671 0.605179
FixedParameters: 0 0 0

#Transform 107
Transform: AffineTransform_float_3_3
Parameters: 0.999993 0.00305685 -0.00183344 -0.00309016 0.999826 -0.0183594 0.00177755 0.0183655 0.99983 -0.323728 0.61458 0.631588
FixedParameters: 0 0 0

#Transform 108
Transform: AffineTransform_float_3_3
Parameters: 0.999993 0.00321162 -0.00156946 -0.00324039 0.999825 -0.018428 0.00151053 0.018433 0.999829 -0.352836 0.580719 0.641351
FixedParameters: 0 0 0

#Transform 109
Transform: AffineTransform_float_3_3
Parameters: 0.999993 0.00325348 -0.00148262 -0.0032795 0.999828 -0.0182473 0.00142239 0.0182518 0.999833 -0.360447 0.660537 0.624892
FixedParameters: 0 0 0

#Transform 110
Transform: AffineTransform_float_3_3
Parameters: 0.999993 0.00347696 -0.00128719 -0.00349904 0.99984 -0.0175406 0.00122581 0.0175444 0.999846 -0.356022 0.649811 0.597268
FixedParameters: 0 0 0

#Transform 111
Transform: AffineTransform_float_3_3
Parameters: 0.999993 0.00327744 -0.00136264 -0.00330154 0.999824 -0.0184286 0.00130137 0.0184324 0.99983 -0.356916 0.687555 0.64086
FixedParameters: 0 0 0

#Transform 112
Transform: AffineTransform_float_3_3
Parameters: 0.999994 0.00327425 -0.00151451 -0.00330176 0.999819 -0.0187011 0.0014535 0.0187059 0.999824 -0.356302 0.648485 0.635376
FixedParameters: 0 0 0

#Transform 113
Transform: AffineTransform_float_3_3
Parameters: 0.999996 0.00286833 -0.00110332 -0.00288967 0.999811 -0.0192149 0.00104766 0.0192181 0.999815 -0.331297 0.652105 0.596373
FixedParameters: 0 0 0

#Transform 114
Transform: AffineTransform_float_3_3
Parameters: 0.999989 0.00427606 -0.00163479 -0.00430094 0.999869 -0.0155701 0.00156821 0.0155769 0.999878 -0.332934 0.612769 0.622444
FixedParameters: 0 0 0

#Transform 115
Transform: AffineTransform_float_3_3
Parameters: 0.999987 0.00494695 -0.00117292 -0.00496505 0.999861 -0.0159214 0.00109408 0.0159266 0.999872 -0.371946 0.593012 0.612597
FixedParameters: 0 0 0

#Transform 116
Transform: AffineTransform_float_3_3
Parameters: 0.999986 0.00494516 -0.00150234 -0.00496983 0.999843 -0.0170078 0.00141766 0.0170152 0.999854 -0.378065 0.629668 0.587514
FixedParameters: 0 0 0

#Transform 117
Transform: AffineTransform_float_3_3
Parameters: 0.999988 0.004827 -0.00137897 -0.004851 0.999827 -0.0179675 0.00129203 0.0179745 0.999837 -0.386857 0.63338 0.612804
FixedParameters: 0 0 0

#Transform 118
Transform: AffineTransform_float_3_3
Parameters: 0.999986 0.0049415 -0.0016027 -0.00496951 0.999821 -0.0182963 0.00151231 0.0183037 0.999832 -0.37473 0.625229 0.643816
FixedParameters: 0 0 0

#Transform 119
Transform: AffineTransform_float_3_3
Parameters: 0.999989 0.00452576 -0.00127289 -0.00454722 0.999827 -0.0180464 0.00119012 0.0180526 0.999837 -0.377953 0.66566 0.658994
FixedParameters: 0 0 0

#Transform 120
Transform: AffineTransform_float_3_3
Parameters: 0.99999 0.00446898 -0.00121233 -0.00449102 0.999813 -0.0188188 0.00112768 0.0188232 0.999822 -0.382499 0.680323 0.674921
FixedParameters: 0 0 0

#Transform 121
Transform: AffineTransform_float_3_3
Parameters: 0.999988 0.00469018 -0.00124166 -0.00471281 0.999807 -0.0190654 0.00115134 0.0190716 0.999818 -0.391053 0.670828 0.685129
FixedParameters: 0 0 0

#Transform 122
Transform: AffineTransform_float_3_3
Parameters: 0.999988 0.00474824 -0.00114712 -0.00476975 0.999793 -0.0197728 0.00105288 0.0197782 0.999804 -0.405191 0.725512 0.68149
FixedParameters: 0 0 0

#Transform 123
Transform: AffineTransform_float_3_3
Parameters: 0.999988 0.00492481 -0.00100238 -0.0049442 0.999785 -0.0201363 0.000903615 0.0201407 0.999796 -0.392912 0.744033 0.682658
FixedParameters: 0 0 0

#Transform 124
Transform: AffineTransform_float_3_3
Parameters: 0.999986 0.0050521 -0.00100304 -0.0050719 0.999768 -0.0209432 0.000896963 0.0209478 0.99978 -0.396506 0.642692 0.669921
FixedParameters: 0 0 0

#Transform 125
Transform: AffineTransform_float_3_3
Parameters: 0.99999 0.00418933 -0.00156865 -0.00421868 0.999802 -0.0194156 0.00148736 0.0194224 0.999811 -0.329068 0.675762 0.683792
FixedParameters: 0 0 0

#Transform 126
Transform: AffineTransform_float_3_3
Parameters: 0.999985 0.00517824 -0.00188934 -0.00521178 0.999829 -0.0177704 0.00179765 0.0177796 0.999841 -0.351989 0.694094 0.672846
FixedParameters: 0 0 0

#Transform 127
Transform: AffineTransform_float_3_3
Parameters: 0.999985 0.00521868 -0.00114949 -0.00523933 0.999816 -0.0184482 0.00105351 0.0184538 0.999829 -0.378296 0.666318 0.673356
FixedParameters: 0 0 0

#Transform 128
Transform: AffineTransform_float_3_3
Parameters: 0.999987 0.00481385 -0.00124395 -0.00483516 0.999834 -0.0176032 0.00115905 0.0176088 0.999845 -0.397663 0.642266 0.661466
FixedParameters: 0 0 0

#Transform 129
Transform: AffineTransform_float_3_3
Parameters: 0.999987 0.00496661 -0.0010886 -0.00498539 0.999815 -0.0186038 0.000995416 0.0186082 0.999827 -0.403555 0.712735 0.676977
FixedParameters: 0 0 0

#Transform 130
Transform: AffineTransform_float_3_3
Parameters: 0.999986 0.00506836 -0.0010186 -0.00508665 0.999803 -0.0192171 0.000921406 0.0192219 0.999815 -0.414176 0.727742 0.687033
FixedParameters: 0 0 0

#Transform 131
Transform: AffineTransform_float_3_3
Parameters: 0.999986 0.00512135 -0.00117565 -0.00514266 0.999802 -0.0192162 0.00107736 0.0192218 0.999814 -0.410097 0.69206 0.675438
FixedParameters: 0 0 0

#Transform 132
Transform: AffineTransform_float_3_3
Parameters: 0.999987 0.00512819 -0.000790006 -0.00514281 0.999785 -0.0200532 0.000686999 0.0200568 0.999798 -0.420158 0.717751 0.680027
FixedParameters: 0 0 0

#Transform 133
Transform: AffineTransform_float_3_3
Parameters: 0.999987 0.00502948 -0.000674914 -0.00504251 0.999786 -0.0200358 0.000574075 0.0200391 0.999799 -0.416747 0.69466 0.706552
FixedParameters: 0 0 0

#Transform 134
Transform: AffineTransform_float_3_3
Parameters: 0.999989 0.00457699 -0.00075632 -0.00459103 0.999796 -0.0196997 0.000666683 0.0197023 0.999805 -0.421235 0.70949 0.715329
FixedParameters: 0 0 0

#Transform 135
Transform: AffineTransform_float_3_3
Parameters: 0.99999 0.00439936 -0.000472792 -0.00440764 0.999787 -0.0201601 0.000384215 0.0201619 0.999796 -0.431062 0.736591 0.725272
FixedParameters: 0 0 0

#Transform 136
Transform: AffineTransform_float_3_3
Parameters: 0.999991 0.0043041 -0.000935623 -0.00432289 0.999765 -0.0212362 0.000843381 0.0212398 0.999774 -0.422369 0.814803 0.739502
FixedParameters: 0 0 0

#Transform 137
Transform: AffineTransform_float_3_3
Parameters: 0.999991 0.00429561 -0.000876532 -0.00431438 0.999744 -0.0221874 0.000780461 0.0221905 0.999753 -0.417855 0.760748 0.755861
FixedParameters: 0 0 0

#Transform 138
Transform: AffineTransform_float_3_3
Parameters: 0.99999 0.00414225 -0.00126567 -0.00416976 0.999732 -0.0227719 0.00117134 0.0227771 0.99974 -0.411278 0.735555 0.789951
FixedParameters: 0 0 0

#Transform 139
Transform: AffineTransform_float_3_3
Parameters: 0.999991 0.00414903 -0.0009381 -0.00416997 0.999714 -0.0235793 0.000839901 0.0235827 0.999721 -0.431286 0.743091 0.787985
FixedParameters: 0 0 0

#Transform 140
Transform: AffineTransform_float_3_3
Parameters: 0.999991 0.00415517 -0.000686705 -0.00416982 0.999722 -0.0232274 0.000589297 0.0232307 0.99973 -0.445319 0.740661 0.798275
FixedParameters: 0 0 0

#Transform 141
Transform: AffineTransform_float_3_3
Parameters: 0.999991 0.00415283 -0.000934645 -0.00417316 0.999733 -0.0227303 0.000839353 0.0227337 0.999741 -0.432848 0.830404 0.757129
FixedParameters: 0 0 0

#Transform 142
Transform: AffineTransform_float_3_3
Parameters: 0.99999 0.00426077 -0.000849205 -0.00427922 0.999732 -0.0227606 0.000751791 0.0227634 0.99974 -0.435927 0.765993 0.698379
FixedParameters: 0 0 0

#Transform 143
Transform: AffineTransform_float_3_3
Parameters: 0.99999 0.00438265 -0.000646235 -0.00439635 0.999697 -0.0241954 0.000539782 0.0241976 0.999707 -0.428502 0.7329 0.728362
FixedParameters: 0 0 0

#Transform 144
Transform: AffineTransform_float_3_3
Parameters: 0.999986 0.00493738 -0.00192277 -0.00497763 0.999752 -0.0217297 0.00181525 0.0217383 0.999762 -0.369434 0.671053 0.762667
FixedParameters: 0 0 0

#Transform 145
Transform: AffineTransform_float_3_3
Parameters: 0.999983 0.00569926 -0.00173043 -0.00573476 0.999755 -0.0214065 0.00160858 0.0214166 0.99977 -0.392372 0.758671 0.758564
FixedParameters: 0 0 0

#Transform 146
Transform: AffineTransform_float_3_3
Parameters: 0.999983 0.00564337 -0.00137346 -0.00566963 0.99978 -0.0202286 0.00125855 0.0202365 0.999795 -0.380637 0.726578 0.749315
FixedParameters: 0 0 0

#Transform 147
Transform: AffineTransform_float_3_3
Parameters: 0.999983 0.00560771 -0.001177 -0.00563129 0.999768 -0.0208157 0.00105999 0.0208223 0.999782 -0.391635 0.777285 0.747489
FixedParameters: 0 0 0

#Transform 148
Transform: AffineTransform_float_3_3
Parameters: 0.999983 0.005664 -0.00137355 -0.00569101 0.999773 -0.0205225 0.00125745 0.0205305 0.999789 -0.415788 0.7509 0.770444
FixedParameters: 0 0 0

#Transform 149
Transform: AffineTransform_float_3_3
Parameters: 0.999983 0.00565077 -0.00102285 -0.00567123 0.999763 -0.0209905 0.000904138 0.0209964 0.999779 -0.434221 0.708215 0.756159
FixedParameters: 0 0 0

#Transform 150
Transform: AffineTransform_float_3_3
Parameters: 0.999983 0.00569737 -0.00138097 -0.00572663 0.999748 -0.0216975 0.00125702 0.0217055 0.999763 -0.424205 0.703183 0.775465
FixedParameters: 0 0 0

#Transform 151
Transform: AffineTransform_float_3_3
Parameters: 0.999983 0.00582478 -0.00116447 -0.00584921 0.999741 -0.0220046 0.00103553 0.0220104 0.999757 -0.420643 0.71262 0.783244
FixedParameters: 0 0 0

#Transform 152
Transform: AffineTransform_float_3_3
Parameters: 0.999983 0.00568754 -0.00115072 -0.00571144 0.999752 -0.0215268 0.00102727 0.0215332 0.999767 -0.428202 0.659202 0.789741
FixedParameters: 0 0 0

#Transform 153
Transform: AffineTransform_float_3_3
Parameters: 0.999983 0.00558157 -0.00124869 -0.00560543 0.999774 -0.0204973 0.00113432 0.0205047 0.999789 -0.408287 0.690442 0.84005
FixedParameters: 0 0 0

#Transform 154
Transform: AffineTransform_float_3_3
Parameters: 0.999983 0.00569168 -0.0017038 -0.00572733 0.999753 -0.0215006 0.0015812 0.0215104 0.999768 -0.417901 0.860338 0.812967
FixedParameters: 0 0 0

#Transform 155
Transform: AffineTransform_float_3_3
Parameters: 0.999982 0.00577619 -0.00150744 -0.00580681 0.999756 -0.0213066 0.00138357 0.0213144 0.999772 -0.422522 0.711732 0.847256
FixedParameters: 0 0 0

#Transform 156
Transform: AffineTransform_float_3_3
Parameters: 0.999983 0.00556207 -0.0017175 -0.00559692 0.999762 -0.0210517 0.00159951 0.0210602 0.999777 -0.394271 0.701244 0.808975
FixedParameters: 0 0 0

#Transform 157
Transform: AffineTransform_float_3_3
Parameters: 0.999988 0.00486287 -0.00135096 -0.00488814 0.999803 -0.0192676 0.00125704 0.0192734 0.999813 -0.358639 0.7574 0.811296
FixedParameters: 0 0 0

#Transform 158
Transform: AffineTransform_float_3_3
Parameters: 0.99998 0.00590285 -0.00192059 -0.00593816 0.999805 -0.0188419 0.0018094 0.018853 0.99982 -0.371184 0.756232 0.79621
FixedParameters: 0 0 0

#Transform 159
Transform: AffineTransform_float_3_3
Parameters: 0.999981 0.00611065 -0.000913395 -0.00612535 0.999822 -0.0178758 0.000803614 0.0178813 0.99984 -0.412301 0.733345 0.780546
FixedParameters: 0 0 0

#Transform 160
Transform: AffineTransform_float_3_3
Parameters: 0.999983 0.00584549 -0.00103469 -0.00586452 0.999804 -0.0189013 0.000924296 0.0189077 0.999821 -0.429787 0.791081 0.75789
FixedParameters: 0 0 0

#Transform 161
Transform: AffineTransform_float_3_3
Parameters: 0.999982 0.00599741 -0.00122753 -0.00602161 0.999778 -0.020219 0.00110645 0.020226 0.999795 -0.416492 0.725851 0.809078
FixedParameters: 0 0 0
