#!ascii label  , from subject sub-v2s7x29797_ses-1 vox2ras=TkReg
1244
39869  -21.587  -33.833  49.420 0.0000000000
142334  -40.107  -8.796  49.952 0.0000000000
151612  -46.365  -7.112  38.914 0.0000000000
59625  -54.667  -12.057  30.234 0.0000000000
142510  -40.866  -18.464  47.319 0.0000000000
62373  -50.808  -9.059  35.451 0.0000000000
65352  -54.039  -6.356  24.538 0.0000000000
69066  -56.222  -2.669  24.054 0.0000000000
56463  -44.683  -15.113  45.158 0.0000000000
126221  -48.036  -11.984  41.697 0.0000000000
124833  -44.826  -11.816  45.005 0.0000000000
41886  -24.033  -30.944  51.499 0.0000000000
41899  -27.852  -31.231  49.873 0.0000000000
39892  -31.830  -33.341  48.618 0.0000000000
141915  -36.578  -33.316  46.782 0.0000000000
142412  -39.170  -29.810  46.093 0.0000000000
49206  -38.770  -23.006  46.985 0.0000000000
135130  -42.198  -17.801  47.770 0.0000000000
124884  -50.693  -13.042  39.134 0.0000000000
70966  -57.873  -0.994  23.896 0.0000000000
60371  -42.786  -11.610  48.233 0.0000000000
61295  -44.412  -10.875  47.180 0.0000000000
66987  -42.065  -5.866  47.439 0.0000000000
42852  -23.385  -30.293  48.113 0.0000000000
42835  -25.945  -31.055  50.686 0.0000000000
124688  -37.952  -26.215  46.054 0.0000000000
142331  -40.057  -26.298  46.921 0.0000000000
137600  -38.589  -23.346  46.959 0.0000000000
141731  -39.841  -14.509  48.944 0.0000000000
142059  -39.930  -17.059  49.858 0.0000000000
58373  -41.353  -13.544  49.188 0.0000000000
56461  -43.142  -17.014  46.159 0.0000000000
124423  -46.648  -9.186  40.510 0.0000000000
142101  -46.898  -10.193  38.955 0.0000000000
124923  -50.053  -7.892  40.256 0.0000000000
136447  -52.956  -10.072  33.123 0.0000000000
59576  -53.150  -12.666  34.658 0.0000000000
58582  -56.342  -13.783  32.832 0.0000000000
57601  -57.196  -15.301  29.429 0.0000000000
64435  -57.260  -7.240  24.508 0.0000000000
63502  -55.968  -7.894  25.820 0.0000000000
125561  -40.053  -21.022  44.632 0.0000000000
62445  -50.948  -9.251  30.788 0.0000000000
67210  -55.060  -4.266  24.412 0.0000000000
134357  -56.970  -5.974  23.323 0.0000000000
69103  -57.622  -2.224  21.273 0.0000000000
54761  -48.276  -17.215  42.795 0.0000000000
58450  -45.730  -13.512  43.685 0.0000000000
124416  -46.076  -11.395  42.964 0.0000000000
149059  -23.383  -33.323  52.070 0.0000000000
39910  -28.235  -33.516  47.735 0.0000000000
40902  -29.998  -31.954  49.023 0.0000000000
38876  -30.016  -34.322  47.403 0.0000000000
38892  -32.234  -34.704  46.797 0.0000000000
147946  -34.808  -34.273  46.159 0.0000000000
38927  -38.488  -36.264  43.870 0.0000000000
124703  -40.367  -32.742  45.298 0.0000000000
141852  -37.709  -28.490  43.180 0.0000000000
142515  -38.506  -20.606  48.744 0.0000000000
52072  -40.531  -20.288  48.315 0.0000000000
49229  -43.199  -22.349  46.044 0.0000000000
52091  -45.018  -20.303  44.784 0.0000000000
53859  -45.873  -18.743  43.693 0.0000000000
61385  -52.827  -10.783  38.041 0.0000000000
62502  -55.131  -8.747  27.406 0.0000000000
60572  -56.236  -11.906  28.350 0.0000000000
126866  -22.114  -33.711  51.662 0.0000000000
62208  -41.967  -9.642  49.107 0.0000000000
138411  -42.227  -8.395  48.876 0.0000000000
125065  -40.683  -7.714  48.508 0.0000000000
124856  -36.678  -23.433  44.588 0.0000000000
141849  -38.053  -24.916  46.824 0.0000000000
142141  -37.608  -22.587  45.442 0.0000000000
124651  -40.368  -11.750  49.345 0.0000000000
141776  -40.605  -13.365  49.528 0.0000000000
124365  -41.081  -11.137  49.455 0.0000000000
59378  -42.015  -12.317  49.137 0.0000000000
124426  -48.445  -8.493  39.695 0.0000000000
124433  -48.524  -7.458  39.214 0.0000000000
137753  -53.462  -10.391  31.749 0.0000000000
138374  -53.903  -12.374  32.429 0.0000000000
59614  -56.379  -12.624  31.577 0.0000000000
57583  -57.737  -14.193  31.338 0.0000000000
58612  -56.026  -13.430  30.187 0.0000000000
64446  -56.722  -7.665  23.073 0.0000000000
62571  -57.121  -8.951  23.883 0.0000000000
62570  -56.001  -9.460  23.363 0.0000000000
68147  -54.164  -3.130  22.943 0.0000000000
68139  -55.371  -3.602  24.159 0.0000000000
67204  -56.131  -4.776  24.820 0.0000000000
67205  -56.862  -4.252  24.547 0.0000000000
67218  -57.239  -4.651  23.032 0.0000000000
68141  -57.695  -3.223  24.010 0.0000000000
70028  -59.049  -1.723  22.878 0.0000000000
56475  -46.168  -15.941  43.562 0.0000000000
56481  -47.363  -15.753  43.010 0.0000000000
57452  -45.541  -14.249  43.908 0.0000000000
125184  -44.855  -10.269  46.234 0.0000000000
125161  -45.715  -11.272  45.193 0.0000000000
142108  -45.042  -11.966  43.557 0.0000000000
124422  -45.805  -10.129  42.338 0.0000000000
124418  -45.076  -11.831  43.144 0.0000000000
39857  -24.041  -33.644  51.240 0.0000000000
41878  -24.734  -31.812  51.985 0.0000000000
41889  -26.627  -31.338  50.490 0.0000000000
137988  -31.509  -31.714  48.595 0.0000000000
140642  -30.662  -32.449  48.854 0.0000000000
39890  -30.087  -32.891  48.678 0.0000000000
39913  -31.303  -33.881  48.229 0.0000000000
38891  -31.452  -34.912  46.934 0.0000000000
39914  -32.051  -34.115  48.131 0.0000000000
38894  -35.625  -34.960  46.399 0.0000000000
38912  -36.222  -36.357  45.759 0.0000000000
124296  -37.621  -35.715  46.209 0.0000000000
141754  -38.941  -29.576  47.261 0.0000000000
141864  -39.007  -30.353  47.015 0.0000000000
141822  -40.052  -30.842  45.874 0.0000000000
124646  -40.818  -32.413  44.173 0.0000000000
142174  -39.334  -30.735  45.063 0.0000000000
124691  -37.692  -30.434  43.591 0.0000000000
141858  -38.017  -29.490  44.542 0.0000000000
142388  -40.160  -24.970  46.690 0.0000000000
142393  -38.267  -24.875  46.040 0.0000000000
141948  -39.021  -24.157  46.842 0.0000000000
124848  -40.381  -23.337  47.024 0.0000000000
51196  -40.245  -21.173  47.195 0.0000000000
142498  -39.764  -19.855  47.748 0.0000000000
53821  -40.952  -17.555  48.295 0.0000000000
52956  -40.153  -18.984  49.112 0.0000000000
52973  -41.139  -19.048  47.928 0.0000000000
50195  -42.558  -21.232  46.635 0.0000000000
52083  -42.416  -19.859  46.161 0.0000000000
52985  -43.418  -19.267  45.658 0.0000000000
145701  -44.302  -15.705  46.039 0.0000000000
54749  -44.527  -17.555  45.380 0.0000000000
55561  -45.163  -16.566  44.389 0.0000000000
54756  -47.205  -17.862  43.453 0.0000000000
41909  -22.024  -30.546  49.293 0.0000000000
41884  -22.205  -30.845  51.477 0.0000000000
41876  -22.756  -31.415  52.402 0.0000000000
59464  -48.205  -13.418  41.997 0.0000000000
124427  -47.140  -12.890  40.388 0.0000000000
142100  -49.456  -10.954  38.915 0.0000000000
63404  -50.451  -8.834  36.716 0.0000000000
63367  -51.845  -8.345  38.497 0.0000000000
62360  -52.827  -10.093  37.189 0.0000000000
143757  -53.693  -14.747  33.869 0.0000000000
59562  -52.756  -12.764  35.486 0.0000000000
126575  -57.673  -9.368  25.468 0.0000000000
62523  -56.090  -8.465  26.769 0.0000000000
61522  -57.496  -9.609  27.383 0.0000000000
61489  -56.583  -9.705  28.321 0.0000000000
60584  -57.350  -11.147  26.868 0.0000000000
59655  -56.872  -13.184  27.584 0.0000000000
70026  -55.657  -1.137  22.999 0.0000000000
70018  -57.573  -1.716  24.049 0.0000000000
71974  -55.800  -0.128  22.567 0.0000000000
71976  -57.605  0.781  23.021 0.0000000000
58400  -43.581  -13.056  47.324 0.0000000000
138518  -44.649  -12.438  46.383 0.0000000000
61284  -43.195  -10.920  47.796 0.0000000000
64215  -42.790  -8.290  47.049 0.0000000000
149008  -43.561  -9.390  46.766 0.0000000000
42841  -23.828  -30.398  49.683 0.0000000000
148855  -24.766  -31.024  51.328 0.0000000000
128383  -27.335  -30.635  49.642 0.0000000000
141989  -38.663  -28.551  48.061 0.0000000000
142414  -38.538  -28.396  46.816 0.0000000000
142306  -39.211  -27.193  47.901 0.0000000000
124859  -38.446  -25.237  48.257 0.0000000000
125128  -38.001  -24.268  49.079 0.0000000000
142482  -40.187  -16.558  48.288 0.0000000000
142501  -38.746  -17.295  49.379 0.0000000000
144496  -39.719  -15.390  49.790 0.0000000000
139709  -41.001  -15.747  49.016 0.0000000000
55524  -41.676  -16.115  48.048 0.0000000000
138716  -41.651  -16.347  47.155 0.0000000000
57391  -42.151  -14.585  48.240 0.0000000000
57392  -42.855  -14.006  47.923 0.0000000000
42851  -22.701  -30.442  48.624 0.0000000000
125018  -47.271  -10.546  41.878 0.0000000000
126475  -46.378  -10.941  39.976 0.0000000000
142054  -47.077  -9.853  39.588 0.0000000000
124440  -49.115  -9.579  39.508 0.0000000000
125133  -51.056  -10.172  39.500 0.0000000000
62383  -52.072  -9.690  34.294 0.0000000000
61419  -52.447  -11.153  35.688 0.0000000000
60533  -53.023  -11.433  34.320 0.0000000000
59597  -54.174  -13.278  32.877 0.0000000000
65353  -55.125  -6.268  24.967 0.0000000000
63509  -55.102  -7.769  25.208 0.0000000000
63510  -56.509  -7.403  25.464 0.0000000000
62557  -57.449  -9.268  24.613 0.0000000000
124321  -40.573  -11.005  48.468 0.0000000000
142292  -40.346  -13.653  48.643 0.0000000000
124431  -47.565  -7.092  38.414 0.0000000000
62396  -50.488  -8.837  33.823 0.0000000000
131125  -50.986  -8.837  33.190 0.0000000000
62432  -52.302  -9.058  31.819 0.0000000000
61450  -53.558  -10.083  30.868 0.0000000000
66273  -54.599  -5.593  24.654 0.0000000000
66274  -55.663  -5.535  24.933 0.0000000000
147663  -56.925  -6.099  24.692 0.0000000000
65390  -56.755  -6.750  22.910 0.0000000000
69079  -58.203  -2.856  23.285 0.0000000000
68158  -57.761  -3.425  22.597 0.0000000000
55578  -49.051  -16.584  42.197 0.0000000000
139581  -47.358  -14.380  42.588 0.0000000000
59462  -46.917  -12.792  42.877 0.0000000000
59449  -45.293  -12.846  44.489 0.0000000000
59450  -45.426  -12.592  43.756 0.0000000000
60448  -47.663  -11.317  42.314 0.0000000000
124419  -46.572  -10.123  42.155 0.0000000000
124424  -45.653  -9.209  41.668 0.0000000000
63251  -41.798  -9.719  47.380 0.0000000000
62248  -43.113  -10.602  46.075 0.0000000000
124415  -44.728  -11.913  42.818 0.0000000000
39856  -22.614  -33.869  50.630 0.0000000000
125944  -23.260  -33.974  50.349 0.0000000000
38888  -28.120  -34.176  46.101 0.0000000000
43773  -27.375  -29.843  48.666 0.0000000000
42846  -28.250  -30.733  49.197 0.0000000000
40895  -29.135  -31.416  49.127 0.0000000000
39911  -29.088  -33.857  47.475 0.0000000000
38922  -32.917  -35.520  45.060 0.0000000000
38923  -33.783  -35.016  44.839 0.0000000000
124728  -36.832  -32.165  47.134 0.0000000000
141978  -38.028  -32.012  46.766 0.0000000000
124951  -38.368  -34.360  46.034 0.0000000000
141856  -40.210  -35.129  44.165 0.0000000000
142066  -40.082  -33.990  43.491 0.0000000000
124869  -37.607  -28.120  44.139 0.0000000000
50201  -39.432  -22.094  45.970 0.0000000000
51195  -38.802  -22.104  47.995 0.0000000000
50162  -38.670  -21.905  48.234 0.0000000000
143371  -38.289  -18.679  50.167 0.0000000000
52071  -39.684  -19.982  48.291 0.0000000000
50174  -39.964  -21.856  48.164 0.0000000000
150570  -41.293  -21.960  47.211 0.0000000000
124989  -41.896  -22.678  45.736 0.0000000000
150262  -45.797  -20.984  43.929 0.0000000000
54744  -43.568  -17.889  46.010 0.0000000000
52988  -45.060  -19.538  44.429 0.0000000000
51231  -46.963  -20.742  42.906 0.0000000000
52121  -47.951  -19.796  42.324 0.0000000000
39832  -22.348  -32.924  53.072 0.0000000000
124797  -50.283  -7.031  39.429 0.0000000000
62310  -51.897  -8.580  39.349 0.0000000000
60488  -52.115  -12.156  39.205 0.0000000000
61409  -53.440  -11.371  36.801 0.0000000000
59532  -53.105  -13.338  37.430 0.0000000000
124457  -51.655  -14.667  38.383 0.0000000000
62464  -52.529  -9.282  30.027 0.0000000000
61474  -54.259  -10.176  29.729 0.0000000000
63501  -54.679  -8.518  25.502 0.0000000000
144855  -53.944  -9.185  25.710 0.0000000000
125900  -54.369  -8.863  27.994 0.0000000000
62466  -55.112  -9.388  28.740 0.0000000000
60565  -55.457  -12.250  29.110 0.0000000000
58647  -56.124  -13.733  28.849 0.0000000000
124738  -41.255  -9.076  49.316 0.0000000000
64176  -41.334  -8.364  49.397 0.0000000000
141750  -40.415  -8.082  49.362 0.0000000000
148149  -36.591  -23.853  44.455 0.0000000000
141991  -36.713  -23.528  45.217 0.0000000000
141841  -37.084  -22.648  45.147 0.0000000000
142948  -40.705  -10.255  49.371 0.0000000000
141739  -40.764  -11.602  49.550 0.0000000000
61262  -40.864  -10.651  49.537 0.0000000000
61263  -41.294  -10.394  49.239 0.0000000000
63347  -46.361  -7.577  39.738 0.0000000000
124855  -47.342  -7.542  39.401 0.0000000000
64300  -46.722  -7.250  39.172 0.0000000000
135270  -54.262  -11.946  30.852 0.0000000000
59612  -54.105  -12.124  31.563 0.0000000000
59613  -54.866  -12.580  31.181 0.0000000000
59627  -56.747  -12.729  31.107 0.0000000000
59626  -55.369  -12.938  30.448 0.0000000000
63522  -56.563  -8.528  23.220 0.0000000000
69078  -55.414  -2.075  23.254 0.0000000000
146709  -55.992  -3.295  24.289 0.0000000000
68133  -56.165  -3.957  24.570 0.0000000000
68140  -56.900  -3.431  24.398 0.0000000000
146012  -57.315  -3.853  24.176 0.0000000000
56474  -45.422  -15.815  44.058 0.0000000000
57453  -45.772  -15.090  43.735 0.0000000000
57437  -45.061  -14.239  44.665 0.0000000000
62258  -45.010  -10.430  45.565 0.0000000000
124742  -45.363  -11.352  44.773 0.0000000000
124682  -45.502  -11.387  42.885 0.0000000000
41877  -23.693  -31.700  52.383 0.0000000000
41898  -27.288  -30.982  50.062 0.0000000000
40884  -27.189  -31.556  50.203 0.0000000000
40903  -31.350  -32.502  48.776 0.0000000000
39891  -30.999  -33.147  48.657 0.0000000000
132308  -35.680  -33.452  47.204 0.0000000000
39917  -35.290  -34.402  46.994 0.0000000000
38880  -35.917  -34.327  46.656 0.0000000000
38881  -36.204  -35.468  46.419 0.0000000000
38882  -36.667  -34.436  46.584 0.0000000000
142307  -39.331  -29.549  46.925 0.0000000000
124632  -39.688  -30.060  46.382 0.0000000000
124719  -39.911  -30.424  45.738 0.0000000000
142445  -38.665  -30.070  45.204 0.0000000000
141903  -37.643  -29.263  45.501 0.0000000000
141823  -39.976  -24.479  47.045 0.0000000000
142392  -39.974  -24.444  46.539 0.0000000000
141810  -40.125  -24.186  46.864 0.0000000000
124706  -40.233  -22.989  46.632 0.0000000000
142398  -40.081  -23.596  47.127 0.0000000000
142279  -40.762  -19.904  47.035 0.0000000000
142291  -41.032  -18.920  47.999 0.0000000000
53822  -41.658  -17.516  48.163 0.0000000000
53831  -41.145  -18.168  48.271 0.0000000000
53832  -42.032  -18.098  48.076 0.0000000000
52081  -41.940  -19.945  46.976 0.0000000000
52975  -41.983  -19.295  46.057 0.0000000000
52981  -43.148  -19.291  45.804 0.0000000000
53842  -42.749  -19.247  45.991 0.0000000000
132105  -44.320  -14.903  46.189 0.0000000000
56467  -44.539  -16.101  45.642 0.0000000000
133398  -44.841  -15.840  44.780 0.0000000000
55562  -45.847  -16.555  43.762 0.0000000000
41897  -23.429  -30.548  50.511 0.0000000000
41896  -22.511  -30.593  50.414 0.0000000000
41885  -23.112  -30.848  51.524 0.0000000000
59476  -48.127  -12.811  41.849 0.0000000000
59486  -48.131  -12.856  41.317 0.0000000000
124450  -47.302  -11.697  40.865 0.0000000000
142119  -50.501  -11.839  39.224 0.0000000000
142251  -49.957  -11.663  38.730 0.0000000000
124929  -50.739  -13.217  38.715 0.0000000000
143639  -50.913  -9.352  36.342 0.0000000000
62348  -51.228  -9.315  37.131 0.0000000000
62359  -51.684  -9.875  36.738 0.0000000000
64445  -53.537  -7.192  24.455 0.0000000000
135363  -57.524  -10.504  25.647 0.0000000000
61541  -57.666  -9.434  26.422 0.0000000000
61503  -57.427  -10.398  27.367 0.0000000000
59390  -43.394  -12.057  47.502 0.0000000000
61283  -42.940  -10.845  48.118 0.0000000000
65119  -42.337  -6.965  48.154 0.0000000000
64203  -41.969  -8.214  48.030 0.0000000000
66027  -41.817  -7.027  47.053 0.0000000000
124406  -43.110  -7.724  46.779 0.0000000000
65153  -41.799  -8.448  46.988 0.0000000000
146771  -23.418  -30.395  48.919 0.0000000000
42855  -27.014  -30.163  49.315 0.0000000000
124302  -36.901  -24.735  45.107 0.0000000000
141837  -37.315  -27.327  46.521 0.0000000000
141848  -37.862  -27.902  45.900 0.0000000000
151002  -38.561  -27.599  47.545 0.0000000000
142122  -38.898  -27.823  47.933 0.0000000000
147060  -37.856  -26.953  47.147 0.0000000000
142442  -38.210  -23.895  47.431 0.0000000000
124737  -37.933  -25.086  47.579 0.0000000000
48313  -38.735  -24.124  47.112 0.0000000000
141999  -38.421  -24.665  48.374 0.0000000000
125006  -37.994  -23.064  47.965 0.0000000000
142301  -40.048  -15.107  48.604 0.0000000000
142495  -39.739  -15.856  48.771 0.0000000000
141803  -39.554  -14.987  49.277 0.0000000000
58360  -40.928  -13.631  49.620 0.0000000000
57371  -40.570  -14.354  49.899 0.0000000000
140644  -41.133  -14.253  49.351 0.0000000000
56433  -41.177  -15.445  48.967 0.0000000000
57379  -41.636  -14.482  48.998 0.0000000000
56434  -41.706  -15.103  48.454 0.0000000000
57380  -41.988  -14.297  48.740 0.0000000000
60370  -42.219  -11.551  48.536 0.0000000000
58386  -42.670  -13.227  48.340 0.0000000000
59389  -42.953  -12.151  48.108 0.0000000000
57393  -43.207  -13.764  47.560 0.0000000000
42864  -22.528  -30.335  47.729 0.0000000000
124420  -46.603  -9.778  41.337 0.0000000000
142611  -46.782  -10.222  40.660 0.0000000000
142065  -49.385  -8.141  39.697 0.0000000000
135896  -49.176  -8.863  39.678 0.0000000000
141964  -49.950  -9.032  39.630 0.0000000000
125171  -50.079  -9.902  39.517 0.0000000000
124943  -50.741  -9.107  39.573 0.0000000000
62398  -52.456  -9.651  33.512 0.0000000000
129468  -52.767  -10.389  33.955 0.0000000000
61430  -53.212  -11.047  33.458 0.0000000000
59598  -54.482  -12.891  32.085 0.0000000000
58581  -54.652  -13.755  32.641 0.0000000000
57567  -54.591  -14.662  32.877 0.0000000000
56574  -56.400  -15.481  32.567 0.0000000000
64434  -56.858  -6.951  25.135 0.0000000000
64433  -55.758  -6.967  25.122 0.0000000000
61556  -57.141  -10.308  24.793 0.0000000000
148196  -40.380  -12.257  48.583 0.0000000000
133315  -51.641  -9.030  31.172 0.0000000000
61449  -53.004  -9.568  31.362 0.0000000000
62447  -52.403  -9.166  30.869 0.0000000000
68138  -54.556  -3.685  23.581 0.0000000000
67209  -54.028  -4.349  23.642 0.0000000000
145399  -53.567  -4.917  23.722 0.0000000000
66289  -54.283  -4.932  24.270 0.0000000000
67203  -55.123  -4.981  24.751 0.0000000000
127759  -56.906  -5.007  24.495 0.0000000000
66275  -56.562  -5.538  24.857 0.0000000000
66290  -57.035  -5.728  24.205 0.0000000000
65372  -57.097  -6.400  23.925 0.0000000000
144685  -56.927  -5.637  22.939 0.0000000000
69068  -58.048  -2.382  24.036 0.0000000000
70019  -58.286  -1.556  23.855 0.0000000000
70037  -58.979  -1.914  22.107 0.0000000000
69088  -58.230  -2.624  22.176 0.0000000000
53880  -49.133  -18.167  42.062 0.0000000000
54763  -49.537  -17.618  41.839 0.0000000000
55577  -48.563  -16.710  42.459 0.0000000000
57468  -46.212  -14.549  43.408 0.0000000000
133182  -46.995  -14.861  43.024 0.0000000000
126638  -46.662  -14.117  43.075 0.0000000000
58452  -47.104  -13.644  42.721 0.0000000000
58451  -46.369  -13.500  43.194 0.0000000000
60391  -44.774  -11.835  46.551 0.0000000000
134194  -45.051  -12.850  45.920 0.0000000000
60404  -45.319  -11.528  46.024 0.0000000000
124849  -45.297  -11.994  43.626 0.0000000000
125166  -45.355  -12.129  44.472 0.0000000000
125160  -46.220  -12.265  43.152 0.0000000000
131615  -46.794  -11.497  42.908 0.0000000000
124948  -47.047  -10.761  42.618 0.0000000000
61351  -45.164  -9.699  42.055 0.0000000000
63309  -45.904  -9.658  42.070 0.0000000000
127243  -23.069  -33.681  51.434 0.0000000000
39858  -24.894  -33.414  51.029 0.0000000000
42834  -25.147  -30.763  50.693 0.0000000000
41888  -26.025  -31.760  51.010 0.0000000000
39909  -27.235  -33.695  47.657 0.0000000000
39930  -27.669  -33.875  46.863 0.0000000000
126495  -28.430  -33.979  46.936 0.0000000000
141154  -28.069  -29.949  48.641 0.0000000000
42856  -27.800  -30.385  49.184 0.0000000000
40901  -29.127  -32.306  49.053 0.0000000000
39912  -30.530  -33.705  48.161 0.0000000000
144786  -29.766  -33.619  48.031 0.0000000000
38889  -29.121  -34.481  46.565 0.0000000000
38890  -30.037  -35.093  46.577 0.0000000000
38905  -29.481  -35.138  45.940 0.0000000000
38907  -31.660  -35.347  46.150 0.0000000000
37931  -32.015  -35.846  45.300 0.0000000000
38908  -32.526  -35.010  45.919 0.0000000000
39945  -34.013  -34.131  46.559 0.0000000000
38910  -34.201  -34.327  45.484 0.0000000000
125690  -35.021  -34.361  45.428 0.0000000000
37944  -37.268  -37.077  44.916 0.0000000000
38926  -36.691  -34.832  44.802 0.0000000000
39954  -37.540  -34.074  44.153 0.0000000000
39955  -39.233  -34.916  43.687 0.0000000000
124317  -39.598  -31.640  46.121 0.0000000000
124888  -38.353  -31.121  47.029 0.0000000000
142187  -38.825  -33.054  46.160 0.0000000000
124922  -40.121  -34.084  45.018 0.0000000000
140405  -39.161  -32.215  44.331 0.0000000000
141902  -41.049  -33.783  43.463 0.0000000000
40951  -40.416  -33.131  43.594 0.0000000000
40950  -38.516  -32.769  44.174 0.0000000000
124725  -37.638  -29.383  43.303 0.0000000000
141821  -39.241  -27.334  46.714 0.0000000000
142176  -37.989  -28.119  45.467 0.0000000000
141807  -38.531  -26.225  47.022 0.0000000000
124324  -38.844  -20.987  44.090 0.0000000000
125081  -39.807  -21.027  45.198 0.0000000000
142296  -39.936  -20.980  48.147 0.0000000000
142502  -39.470  -21.426  47.566 0.0000000000
142281  -38.916  -20.957  48.136 0.0000000000
124657  -38.312  -21.922  47.906 0.0000000000
142491  -39.116  -21.084  48.818 0.0000000000
124629  -38.788  -17.103  50.238 0.0000000000
141763  -37.926  -18.054  50.074 0.0000000000
141753  -39.151  -17.823  50.012 0.0000000000
52073  -40.582  -19.595  48.303 0.0000000000
52964  -39.808  -19.682  48.300 0.0000000000
134613  -40.005  -20.009  48.189 0.0000000000
51179  -39.941  -21.461  48.183 0.0000000000
51191  -40.432  -21.172  48.090 0.0000000000
50187  -40.290  -22.196  47.805 0.0000000000
50188  -41.191  -21.683  47.292 0.0000000000
50202  -43.031  -21.677  46.113 0.0000000000
49219  -42.307  -21.935  46.449 0.0000000000
49235  -43.054  -22.994  45.896 0.0000000000
52090  -44.507  -20.430  45.435 0.0000000000
51219  -45.312  -20.946  44.248 0.0000000000
55533  -41.902  -16.267  47.266 0.0000000000
55542  -42.728  -16.920  46.045 0.0000000000
55547  -43.321  -17.434  46.066 0.0000000000
140332  -45.507  -18.217  43.991 0.0000000000
53858  -45.234  -18.843  44.198 0.0000000000
52101  -46.200  -19.934  43.387 0.0000000000
52994  -46.250  -19.298  43.518 0.0000000000
51232  -47.220  -20.339  42.624 0.0000000000
53001  -46.953  -19.351  43.253 0.0000000000
54757  -47.875  -17.896  42.959 0.0000000000
53871  -47.885  -18.624  42.383 0.0000000000
132748  -48.376  -17.977  42.397 0.0000000000
41869  -23.028  -32.030  52.900 0.0000000000
40861  -22.688  -32.529  53.024 0.0000000000
144249  -23.096  -32.976  52.672 0.0000000000
39844  -22.722  -33.322  52.400 0.0000000000
125094  -46.318  -10.771  39.320 0.0000000000
125201  -46.136  -11.462  39.769 0.0000000000
130125  -48.271  -7.267  38.106 0.0000000000
124432  -48.871  -7.359  38.631 0.0000000000
62340  -52.404  -9.302  38.534 0.0000000000
137603  -52.223  -8.650  38.936 0.0000000000
61373  -52.469  -10.077  38.782 0.0000000000
61372  -51.936  -10.451  39.399 0.0000000000
140013  -52.296  -11.162  39.005 0.0000000000
60525  -52.761  -11.842  35.121 0.0000000000
60513  -53.159  -11.938  36.240 0.0000000000
59547  -53.040  -13.138  36.384 0.0000000000
58534  -53.088  -14.525  37.146 0.0000000000
58504  -52.758  -14.315  38.149 0.0000000000
125226  -52.393  -13.800  37.216 0.0000000000
62449  -53.749  -9.822  30.006 0.0000000000
143617  -54.306  -9.605  29.297 0.0000000000
62540  -55.331  -8.548  26.057 0.0000000000
62522  -54.715  -8.891  26.428 0.0000000000
62521  -53.670  -9.444  26.379 0.0000000000
142709  -54.266  -9.025  27.114 0.0000000000
133630  -56.529  -10.543  28.360 0.0000000000
61488  -55.832  -9.926  28.666 0.0000000000
60571  -55.642  -11.077  28.876 0.0000000000
59639  -55.794  -13.026  28.874 0.0000000000
59654  -56.399  -13.043  28.202 0.0000000000
62218  -42.283  -10.147  48.508 0.0000000000
138751  -42.230  -9.655  48.428 0.0000000000
63222  -42.355  -9.038  48.721 0.0000000000
65097  -41.951  -7.417  48.145 0.0000000000
124650  -40.847  -6.995  48.086 0.0000000000
142072  -37.478  -24.982  45.991 0.0000000000
124736  -38.039  -25.981  47.025 0.0000000000
142111  -37.160  -24.536  46.415 0.0000000000
124750  -37.051  -23.872  46.238 0.0000000000
141970  -37.974  -22.820  46.120 0.0000000000
124698  -40.018  -12.419  49.196 0.0000000000
141866  -40.092  -14.037  48.945 0.0000000000
141751  -40.484  -12.557  49.444 0.0000000000
150796  -40.826  -12.316  49.572 0.0000000000
139799  -41.187  -12.720  49.491 0.0000000000
59377  -41.555  -12.846  49.169 0.0000000000
60359  -41.497  -11.936  49.289 0.0000000000
61273  -42.208  -11.008  48.955 0.0000000000
124428  -45.984  -8.034  40.477 0.0000000000
124439  -47.437  -8.806  39.876 0.0000000000
124776  -46.887  -8.116  39.992 0.0000000000
125084  -48.756  -7.921  39.596 0.0000000000
142129  -49.780  -7.653  39.817 0.0000000000
61438  -53.333  -10.733  32.606 0.0000000000
60548  -53.700  -11.416  32.067 0.0000000000
59599  -56.811  -12.768  32.273 0.0000000000
57570  -57.222  -14.378  32.065 0.0000000000
59600  -57.176  -12.884  31.964 0.0000000000
58601  -57.553  -13.240  31.285 0.0000000000
58630  -57.665  -14.172  30.015 0.0000000000
63523  -57.379  -7.936  23.915 0.0000000000
66305  -57.085  -5.284  23.557 0.0000000000
67211  -57.251  -4.496  23.990 0.0000000000
68148  -57.610  -3.905  23.476 0.0000000000
70967  -58.576  -0.685  23.650 0.0000000000
70020  -58.906  -1.342  23.399 0.0000000000
70029  -59.483  -1.099  22.968 0.0000000000
146407  -59.488  -1.397  22.431 0.0000000000
70047  -57.564  -1.521  20.580 0.0000000000
55569  -47.234  -16.514  43.199 0.0000000000
55570  -47.954  -16.432  42.793 0.0000000000
56480  -46.811  -16.061  43.309 0.0000000000
58438  -45.283  -13.588  44.263 0.0000000000
62238  -43.972  -10.356  47.185 0.0000000000
61307  -44.829  -11.319  46.321 0.0000000000
124411  -45.560  -10.835  45.894 0.0000000000
142143  -46.214  -10.660  42.633 0.0000000000
124417  -45.455  -10.800  42.549 0.0000000000
124421  -45.289  -10.272  42.337 0.0000000000
39833  -23.431  -32.518  52.681 0.0000000000
39845  -23.868  -33.033  52.257 0.0000000000
40870  -24.149  -32.460  52.344 0.0000000000
40871  -24.734  -32.892  51.819 0.0000000000
40881  -25.347  -32.921  51.234 0.0000000000
143924  -28.495  -32.992  48.652 0.0000000000
38877  -30.810  -34.268  47.726 0.0000000000
136033  -30.743  -34.803  47.117 0.0000000000
38878  -31.400  -34.442  47.621 0.0000000000
38879  -31.986  -34.498  47.471 0.0000000000
38911  -35.535  -35.010  46.147 0.0000000000
147998  -35.759  -35.636  45.852 0.0000000000
38895  -36.028  -36.178  45.982 0.0000000000
37932  -36.716  -36.858  45.710 0.0000000000
37026  -38.003  -36.909  45.268 0.0000000000
142076  -38.135  -29.508  47.982 0.0000000000
124915  -37.844  -30.000  47.935 0.0000000000
124799  -38.414  -29.981  47.627 0.0000000000
142505  -40.677  -31.959  45.085 0.0000000000
141904  -39.582  -31.473  44.691 0.0000000000
142453  -38.151  -30.056  44.348 0.0000000000
141901  -37.796  -29.045  43.851 0.0000000000
124674  -40.206  -25.726  46.706 0.0000000000
142390  -39.005  -25.759  46.920 0.0000000000
142175  -39.921  -25.357  46.510 0.0000000000
142213  -39.842  -22.291  45.386 0.0000000000
142127  -40.517  -22.420  46.574 0.0000000000
140277  -40.751  -20.562  46.356 0.0000000000
52085  -41.173  -21.538  46.043 0.0000000000
142063  -40.917  -20.639  46.618 0.0000000000
142487  -40.347  -20.743  47.185 0.0000000000
142481  -38.682  -20.159  48.769 0.0000000000
137816  -40.347  -16.947  49.500 0.0000000000
54710  -40.168  -17.527  49.250 0.0000000000
53820  -40.255  -18.071  48.743 0.0000000000
52966  -40.216  -18.758  48.558 0.0000000000
52080  -41.067  -19.979  47.888 0.0000000000
50189  -41.704  -21.040  47.162 0.0000000000
139016  -41.420  -20.370  47.288 0.0000000000
51197  -42.269  -20.586  46.959 0.0000000000
147724  -43.114  -21.067  46.200 0.0000000000
51204  -43.433  -20.709  45.988 0.0000000000
52087  -44.005  -20.378  45.940 0.0000000000
52986  -44.058  -19.820  45.701 0.0000000000
56462  -44.069  -15.660  46.443 0.0000000000
55548  -44.084  -17.213  46.173 0.0000000000
133819  -44.091  -16.371  46.178 0.0000000000
145203  -44.904  -17.260  44.656 0.0000000000
54752  -45.494  -17.400  44.067 0.0000000000
54755  -46.266  -17.862  43.623 0.0000000000
140322  -46.241  -17.062  43.623 0.0000000000
140462  -46.912  -17.120  43.441 0.0000000000
41895  -21.491  -30.724  50.408 0.0000000000
141873  -48.002  -10.254  38.614 0.0000000000
63383  -49.907  -8.379  37.155 0.0000000000
64321  -50.202  -8.234  37.902 0.0000000000
63384  -50.785  -8.711  37.471 0.0000000000
63385  -51.887  -8.806  37.854 0.0000000000
126582  -52.759  -9.951  37.866 0.0000000000
62541  -56.748  -8.067  26.136 0.0000000000
127973  -57.308  -8.601  26.277 0.0000000000
62524  -57.094  -8.709  27.205 0.0000000000
62503  -56.063  -8.803  27.665 0.0000000000
62504  -56.878  -9.211  27.971 0.0000000000
61502  -57.220  -10.013  28.027 0.0000000000
60583  -57.056  -11.090  27.711 0.0000000000
59670  -56.829  -12.273  27.610 0.0000000000
70017  -56.484  -1.815  23.749 0.0000000000
70027  -56.824  -0.789  23.456 0.0000000000
70972  -57.696  -0.142  23.518 0.0000000000
71975  -56.771  0.277  22.928 0.0000000000
136341  -58.489  0.308  23.421 0.0000000000
57422  -44.012  -13.877  46.650 0.0000000000
58415  -44.354  -13.128  46.220 0.0000000000
58401  -44.279  -12.620  47.011 0.0000000000
60390  -44.132  -11.725  47.126 0.0000000000
61294  -43.710  -11.042  47.320 0.0000000000
62227  -42.287  -9.656  48.190 0.0000000000
62236  -43.125  -9.779  47.958 0.0000000000
62237  -43.240  -9.882  47.559 0.0000000000
64216  -43.163  -8.784  47.177 0.0000000000
124407  -43.191  -8.915  46.907 0.0000000000
124409  -44.450  -9.911  46.271 0.0000000000
42833  -24.304  -30.581  50.602 0.0000000000
42843  -25.608  -30.467  49.975 0.0000000000
42844  -26.587  -30.626  49.985 0.0000000000
124298  -38.076  -29.256  48.439 0.0000000000
141749  -39.076  -29.110  47.448 0.0000000000
142200  -38.155  -29.307  46.451 0.0000000000
141772  -39.190  -27.995  47.163 0.0000000000
141738  -40.031  -27.230  47.091 0.0000000000
124826  -38.505  -26.157  47.337 0.0000000000
124772  -38.983  -26.146  48.041 0.0000000000
141736  -40.032  -26.207  46.994 0.0000000000
142185  -39.263  -24.997  47.674 0.0000000000
47363  -39.226  -24.680  47.920 0.0000000000
49194  -39.211  -23.195  47.988 0.0000000000
142492  -40.437  -17.978  47.820 0.0000000000
142483  -39.548  -17.948  48.503 0.0000000000
142280  -40.063  -16.930  48.281 0.0000000000
142511  -38.880  -16.836  49.435 0.0000000000
148797  -39.892  -16.436  50.071 0.0000000000
124318  -39.981  -14.871  49.733 0.0000000000
130253  -40.196  -15.145  50.142 0.0000000000
56424  -40.305  -15.996  49.724 0.0000000000
55517  -41.018  -16.100  49.139 0.0000000000
54720  -41.516  -16.822  48.308 0.0000000000
54729  -41.915  -17.029  47.890 0.0000000000
54730  -42.045  -16.990  47.195 0.0000000000
140964  -41.885  -16.756  47.868 0.0000000000
55532  -41.469  -16.025  47.180 0.0000000000
56442  -42.438  -15.415  47.835 0.0000000000
58375  -42.247  -13.476  48.654 0.0000000000
130786  -42.970  -14.438  47.833 0.0000000000
57405  -43.088  -14.578  47.538 0.0000000000
56453  -43.665  -14.881  47.104 0.0000000000
57406  -43.556  -13.886  47.224 0.0000000000
42850  -21.912  -30.477  48.346 0.0000000000
42840  -22.971  -30.499  49.530 0.0000000000
60459  -47.759  -11.215  41.687 0.0000000000
60469  -47.073  -10.968  40.846 0.0000000000
147963  -46.675  -10.328  39.854 0.0000000000
124805  -48.000  -9.797  39.145 0.0000000000
125089  -48.181  -9.230  39.558 0.0000000000
129139  -49.169  -10.269  39.229 0.0000000000
61384  -50.259  -10.820  39.363 0.0000000000
125119  -51.138  -11.369  39.496 0.0000000000
62382  -51.372  -9.386  34.916 0.0000000000
62374  -51.384  -9.784  35.893 0.0000000000
61418  -51.950  -10.195  35.342 0.0000000000
61423  -52.497  -10.783  34.833 0.0000000000
60540  -53.524  -11.734  32.916 0.0000000000
60534  -53.387  -12.069  33.767 0.0000000000
59586  -53.508  -13.015  34.008 0.0000000000
58568  -53.859  -13.737  33.722 0.0000000000
64432  -54.568  -7.092  24.833 0.0000000000
63503  -57.207  -7.845  25.501 0.0000000000
64423  -57.313  -7.588  24.887 0.0000000000
63511  -57.529  -8.340  24.636 0.0000000000
62542  -57.520  -8.514  25.429 0.0000000000
145864  -40.259  -10.157  48.728 0.0000000000
124357  -40.070  -8.551  48.839 0.0000000000
124935  -40.445  -9.692  48.471 0.0000000000
142517  -41.065  -17.984  47.328 0.0000000000
142512  -40.813  -16.519  47.717 0.0000000000
142480  -40.711  -15.105  48.065 0.0000000000
142490  -40.298  -14.335  48.615 0.0000000000
142514  -40.031  -12.694  49.003 0.0000000000
141814  -40.946  -10.652  48.777 0.0000000000
124447  -45.968  -7.135  38.129 0.0000000000
125079  -46.908  -7.059  38.710 0.0000000000
126496  -46.927  -7.233  37.260 0.0000000000
128708  -48.166  -7.532  36.685 0.0000000000
63403  -49.664  -8.293  36.125 0.0000000000
63426  -50.058  -8.551  35.127 0.0000000000
62381  -50.716  -8.865  34.593 0.0000000000
62397  -51.309  -8.989  34.031 0.0000000000
62415  -51.865  -9.095  33.382 0.0000000000
62416  -52.428  -9.304  32.775 0.0000000000
144677  -51.532  -8.903  32.414 0.0000000000
61437  -52.986  -9.768  32.266 0.0000000000
60549  -53.874  -11.138  31.120 0.0000000000
60556  -54.217  -11.350  30.468 0.0000000000
66272  -53.558  -5.597  24.100 0.0000000000
65354  -56.313  -6.252  25.007 0.0000000000
65355  -57.083  -6.652  24.632 0.0000000000
64447  -57.166  -7.117  23.791 0.0000000000
63535  -55.809  -8.182  22.595 0.0000000000
66318  -56.725  -5.243  22.560 0.0000000000
69067  -57.262  -2.571  24.183 0.0000000000
149387  -57.902  -3.402  23.415 0.0000000000
69069  -58.507  -2.039  23.407 0.0000000000
56482  -47.971  -15.760  42.546 0.0000000000
138978  -48.317  -15.299  42.224 0.0000000000
57484  -48.650  -14.669  41.809 0.0000000000
58453  -47.798  -13.881  42.259 0.0000000000
59463  -47.645  -13.149  42.313 0.0000000000
59475  -47.733  -12.207  42.281 0.0000000000
58426  -44.236  -13.732  45.065 0.0000000000
59460  -45.482  -13.029  43.834 0.0000000000
124414  -45.740  -11.288  45.803 0.0000000000
59461  -45.938  -12.936  43.438 0.0000000000
60436  -47.216  -11.932  42.730 0.0000000000
131225  -46.213  -9.535  41.741 0.0000000000
125189  -46.170  -9.215  41.288 0.0000000000
64298  -45.248  -7.453  39.264 0.0000000000
63239  -40.861  -8.515  48.262 0.0000000000
64227  -40.965  -8.220  47.357 0.0000000000
62247  -42.753  -10.099  46.479 0.0000000000
64228  -42.227  -9.106  46.873 0.0000000000
62256  -44.003  -9.782  45.656 0.0000000000
62257  -44.467  -9.905  45.499 0.0000000000
61316  -44.644  -11.140  45.256 0.0000000000
124412  -44.952  -11.408  44.106 0.0000000000
60447  -44.615  -11.519  42.535 0.0000000000
64318  -44.977  -7.465  38.380 0.0000000000
39870  -22.518  -33.951  49.521 0.0000000000
40872  -25.395  -32.248  51.485 0.0000000000
42845  -27.808  -30.834  49.631 0.0000000000
40894  -28.447  -31.607  49.489 0.0000000000
39889  -29.123  -33.216  48.313 0.0000000000
126605  -30.819  -35.385  46.378 0.0000000000
39931  -32.821  -34.280  47.699 0.0000000000
38893  -33.073  -34.369  46.654 0.0000000000
38909  -33.374  -34.585  45.675 0.0000000000
38925  -35.746  -34.632  45.067 0.0000000000
147966  -36.157  -34.254  44.551 0.0000000000
41926  -35.938  -32.137  47.633 0.0000000000
124755  -37.768  -30.264  47.843 0.0000000000
124862  -37.354  -31.134  47.433 0.0000000000
142233  -37.484  -32.832  46.679 0.0000000000
142216  -37.482  -33.700  46.497 0.0000000000
124295  -39.108  -35.368  45.304 0.0000000000
142728  -39.584  -35.995  44.352 0.0000000000
141737  -41.037  -33.221  44.285 0.0000000000
142413  -41.002  -34.429  43.899 0.0000000000
38928  -40.177  -35.326  43.606 0.0000000000
124306  -38.031  -28.327  46.420 0.0000000000
142444  -37.801  -28.937  44.195 0.0000000000
142454  -37.711  -28.204  43.720 0.0000000000
141838  -38.136  -26.047  46.022 0.0000000000
142389  -37.951  -26.992  45.024 0.0000000000
142173  -37.583  -27.271  43.880 0.0000000000
124761  -37.760  -21.827  45.018 0.0000000000
141993  -38.503  -21.644  45.237 0.0000000000
50200  -39.176  -22.357  46.096 0.0000000000
51203  -39.810  -21.098  46.442 0.0000000000
51201  -40.057  -21.928  46.980 0.0000000000
50193  -38.361  -23.096  47.866 0.0000000000
124310  -38.240  -22.691  48.005 0.0000000000
138170  -38.097  -22.830  49.061 0.0000000000
49195  -39.246  -22.712  47.776 0.0000000000
141745  -38.979  -18.750  48.785 0.0000000000
142096  -38.649  -19.275  49.544 0.0000000000
52945  -39.663  -18.990  49.310 0.0000000000
52054  -38.794  -19.927  49.132 0.0000000000
51162  -38.590  -20.307  49.161 0.0000000000
52070  -38.884  -21.231  49.413 0.0000000000
50173  -39.810  -22.122  48.022 0.0000000000
50186  -39.473  -22.880  47.243 0.0000000000
49207  -38.957  -22.601  47.022 0.0000000000
49217  -41.067  -22.670  47.253 0.0000000000
125281  -40.888  -22.314  46.168 0.0000000000
50194  -41.998  -21.757  46.962 0.0000000000
124313  -41.675  -22.686  46.145 0.0000000000
54738  -41.823  -18.043  46.837 0.0000000000
53846  -43.453  -18.920  45.764 0.0000000000
53852  -44.142  -19.104  45.558 0.0000000000
54748  -44.183  -17.769  45.994 0.0000000000
53853  -44.597  -18.929  44.827 0.0000000000
51244  -48.830  -19.872  41.207 0.0000000000
53870  -47.327  -18.620  43.018 0.0000000000
148457  -48.476  -19.456  41.751 0.0000000000
59495  -46.624  -11.893  40.333 0.0000000000
126739  -48.162  -7.171  38.807 0.0000000000
125111  -49.697  -7.521  39.548 0.0000000000
142139  -50.642  -6.719  40.666 0.0000000000
64310  -51.222  -7.778  38.936 0.0000000000
64301  -51.626  -7.462  39.473 0.0000000000
125134  -51.109  -7.874  40.325 0.0000000000
62323  -51.566  -9.139  39.463 0.0000000000
60478  -51.710  -11.838  39.420 0.0000000000
125135  -51.646  -13.014  39.393 0.0000000000
61407  -52.075  -10.502  36.268 0.0000000000
61408  -53.233  -10.876  36.651 0.0000000000
61395  -53.252  -10.628  37.120 0.0000000000
60514  -53.450  -12.489  36.872 0.0000000000
61386  -53.265  -11.499  37.309 0.0000000000
59517  -52.595  -13.221  38.285 0.0000000000
124463  -52.006  -13.923  39.323 0.0000000000
144218  -51.223  -14.167  39.427 0.0000000000
62446  -51.586  -9.261  30.208 0.0000000000
62448  -53.131  -9.461  30.450 0.0000000000
61461  -53.999  -10.559  30.348 0.0000000000
60563  -54.461  -10.968  29.886 0.0000000000
126681  -54.020  -7.884  24.807 0.0000000000
63508  -53.658  -8.703  25.015 0.0000000000
62501  -53.424  -9.221  27.534 0.0000000000
143197  -54.351  -9.188  28.658 0.0000000000
62487  -55.972  -9.223  28.301 0.0000000000
61475  -54.939  -10.273  29.253 0.0000000000
60564  -54.966  -11.574  29.479 0.0000000000
128863  -55.062  -12.473  29.685 0.0000000000
59638  -55.446  -13.041  29.551 0.0000000000
58629  -56.415  -13.883  29.647 0.0000000000
57613  -56.428  -14.566  29.013 0.0000000000
58648  -56.658  -13.889  28.212 0.0000000000
57614  -56.962  -14.675  28.075 0.0000000000
146358  -56.709  -15.210  28.678 0.0000000000
37040  -38.315  -37.093  44.651 0.0000000000
37048  -38.532  -37.065  44.475 0.0000000000
37916  -36.679  -36.348  46.307 0.0000000000
37923  -37.332  -36.777  45.855 0.0000000000
37933  -37.568  -37.131  45.111 0.0000000000
37945  -38.258  -37.132  44.532 0.0000000000
37946  -38.797  -36.561  44.338 0.0000000000
47355  -38.459  -24.281  48.306 0.0000000000
47356  -39.035  -24.903  48.303 0.0000000000
48277  -38.127  -23.089  49.006 0.0000000000
48283  -38.292  -23.313  49.054 0.0000000000
48284  -38.245  -24.045  48.585 0.0000000000
48290  -38.970  -23.926  48.087 0.0000000000
48291  -39.072  -23.989  47.977 0.0000000000
48300  -39.350  -23.560  47.580 0.0000000000
48301  -38.927  -23.395  46.914 0.0000000000
49185  -38.929  -23.106  48.172 0.0000000000
49208  -40.336  -22.285  47.328 0.0000000000
49215  -38.290  -23.802  47.754 0.0000000000
49216  -40.095  -22.911  47.167 0.0000000000
49218  -41.396  -22.522  46.964 0.0000000000
49226  -37.683  -23.913  46.752 0.0000000000
49227  -42.159  -22.572  46.187 0.0000000000
49228  -42.731  -22.470  46.094 0.0000000000
50161  -38.552  -21.936  48.435 0.0000000000
50172  -39.145  -22.359  48.299 0.0000000000
50199  -39.089  -22.192  46.959 0.0000000000
50225  -45.989  -21.787  43.002 0.0000000000
50238  -48.572  -20.491  41.263 0.0000000000
51170  -38.445  -21.031  49.213 0.0000000000
51178  -39.219  -22.231  48.330 0.0000000000
51180  -40.054  -20.834  48.130 0.0000000000
51192  -41.103  -20.842  47.775 0.0000000000
51198  -43.011  -20.467  46.478 0.0000000000
51202  -40.515  -21.277  46.901 0.0000000000
51209  -45.185  -21.033  45.061 0.0000000000
51230  -46.233  -21.101  43.354 0.0000000000
52063  -39.153  -19.875  48.926 0.0000000000
52086  -43.165  -19.950  45.826 0.0000000000
52109  -47.045  -20.115  42.836 0.0000000000
52122  -48.541  -19.646  41.528 0.0000000000
52954  -39.108  -19.350  49.283 0.0000000000
52955  -39.856  -19.198  48.845 0.0000000000
52965  -40.000  -19.219  48.576 0.0000000000
52974  -42.067  -19.099  47.036 0.0000000000
52984  -41.292  -21.112  46.285 0.0000000000
52987  -44.493  -19.685  45.118 0.0000000000
52993  -45.641  -19.411  43.810 0.0000000000
53002  -47.453  -19.261  42.413 0.0000000000
53003  -48.156  -19.202  42.026 0.0000000000
53799  -39.207  -18.455  49.899 0.0000000000
53809  -39.898  -17.873  49.376 0.0000000000
53833  -42.292  -18.879  47.005 0.0000000000
53847  -44.119  -18.710  45.993 0.0000000000
53869  -46.513  -18.577  43.233 0.0000000000
53879  -48.761  -18.779  42.144 0.0000000000
54711  -40.550  -16.901  49.225 0.0000000000
54718  -40.424  -17.355  49.008 0.0000000000
54719  -41.029  -16.841  48.875 0.0000000000
54743  -43.018  -17.593  45.850 0.0000000000
54751  -44.895  -18.090  44.634 0.0000000000
54762  -48.938  -17.388  42.212 0.0000000000
55509  -39.869  -16.475  50.194 0.0000000000
55510  -40.043  -16.515  49.714 0.0000000000
55516  -40.414  -16.320  49.377 0.0000000000
55523  -41.185  -16.056  48.466 0.0000000000
55553  -44.247  -17.034  46.058 0.0000000000
55554  -44.661  -16.694  45.026 0.0000000000
55568  -46.568  -16.547  43.467 0.0000000000
56441  -42.179  -15.266  48.180 0.0000000000
56452  -43.129  -15.460  47.153 0.0000000000
56468  -45.165  -15.027  44.425 0.0000000000
56489  -48.543  -16.046  42.282 0.0000000000
56538  -53.028  -14.698  37.647 0.0000000000
56595  -58.154  -14.929  30.887 0.0000000000
57372  -40.965  -14.939  49.352 0.0000000000
57381  -42.332  -14.098  48.170 0.0000000000
57423  -44.648  -13.824  45.517 0.0000000000
57467  -46.060  -13.959  43.459 0.0000000000
57469  -47.688  -15.158  42.560 0.0000000000
57470  -48.070  -14.533  42.233 0.0000000000
57524  -53.082  -14.627  37.354 0.0000000000
57533  -53.018  -14.397  37.529 0.0000000000
57569  -56.653  -14.572  32.700 0.0000000000
57581  -54.889  -14.395  32.661 0.0000000000
58374  -41.811  -13.599  49.044 0.0000000000
58387  -43.104  -13.052  47.753 0.0000000000
58414  -44.049  -13.219  46.939 0.0000000000
58517  -52.471  -14.186  38.636 0.0000000000
58518  -52.886  -14.074  38.008 0.0000000000
58526  -53.076  -14.264  37.429 0.0000000000
58533  -52.293  -13.480  36.554 0.0000000000
58580  -54.290  -14.279  33.243 0.0000000000
58583  -56.970  -13.425  32.433 0.0000000000
58584  -57.330  -13.556  31.821 0.0000000000
58600  -55.343  -13.223  32.273 0.0000000000
58613  -57.373  -13.223  30.708 0.0000000000
59367  -40.790  -12.939  49.603 0.0000000000
59368  -41.507  -12.140  49.349 0.0000000000
59379  -42.310  -12.651  48.393 0.0000000000
59404  -44.035  -12.229  47.072 0.0000000000
59405  -44.581  -12.135  46.796 0.0000000000
59423  -45.075  -12.144  46.183 0.0000000000
59437  -45.479  -12.159  45.560 0.0000000000
59477  -48.369  -13.353  41.472 0.0000000000
59505  -52.194  -12.909  39.078 0.0000000000
59548  -53.208  -13.837  36.894 0.0000000000
59615  -57.133  -12.705  31.565 0.0000000000
60358  -41.092  -11.992  49.562 0.0000000000
60360  -42.051  -11.938  49.138 0.0000000000
60378  -43.147  -11.472  48.148 0.0000000000
60379  -43.514  -11.300  47.426 0.0000000000
60435  -44.376  -11.784  42.598 0.0000000000
60446  -44.302  -11.292  42.333 0.0000000000
60468  -46.498  -11.585  40.231 0.0000000000
60489  -52.566  -11.979  38.362 0.0000000000
60501  -53.043  -12.449  37.568 0.0000000000
61264  -41.847  -11.070  49.120 0.0000000000
61274  -42.396  -10.911  48.402 0.0000000000
62209  -42.089  -9.622  48.855 0.0000000000
62219  -42.505  -10.356  48.374 0.0000000000
62228  -43.056  -10.055  48.046 0.0000000000
62229  -43.373  -10.434  47.700 0.0000000000
62324  -52.185  -9.338  39.099 0.0000000000
62349  -52.449  -9.374  37.903 0.0000000000
62486  -53.725  -9.073  28.489 0.0000000000
63214  -41.946  -8.953  49.028 0.0000000000
63230  -42.078  -9.052  48.225 0.0000000000
63231  -41.825  -8.858  47.042 0.0000000000
63240  -42.131  -8.781  47.239 0.0000000000
63241  -42.907  -9.271  47.278 0.0000000000
63242  -43.396  -9.767  47.237 0.0000000000
63260  -43.584  -9.305  45.889 0.0000000000
63261  -43.737  -9.915  45.895 0.0000000000
63272  -44.070  -9.490  46.332 0.0000000000
63310  -51.416  -7.705  40.116 0.0000000000
63327  -51.403  -8.331  39.749 0.0000000000
63328  -51.621  -7.951  39.734 0.0000000000
63348  -51.937  -8.160  39.222 0.0000000000
63366  -51.147  -8.364  38.208 0.0000000000
63368  -52.167  -8.726  38.482 0.0000000000
64181  -41.590  -8.071  49.233 0.0000000000
64182  -41.746  -8.520  49.174 0.0000000000
64183  -42.131  -8.481  49.187 0.0000000000
64193  -42.013  -7.900  48.766 0.0000000000
64194  -42.244  -7.922  48.413 0.0000000000
64204  -41.852  -8.486  47.368 0.0000000000
64229  -43.288  -8.097  47.114 0.0000000000
64241  -42.941  -9.258  46.530 0.0000000000
64251  -43.164  -8.959  46.715 0.0000000000
64282  -51.200  -7.369  40.398 0.0000000000
64290  -51.598  -7.330  40.009 0.0000000000
64299  -46.007  -7.291  39.349 0.0000000000
64308  -45.780  -7.192  38.665 0.0000000000
64311  -51.853  -8.083  38.966 0.0000000000
64319  -48.435  -7.448  37.382 0.0000000000
65109  -42.176  -7.106  48.138 0.0000000000
65120  -41.506  -7.180  47.184 0.0000000000
65130  -42.192  -7.754  47.387 0.0000000000
65131  -43.229  -7.720  46.914 0.0000000000
65143  -40.870  -7.992  48.076 0.0000000000
65144  -40.766  -7.633  47.357 0.0000000000
65188  -51.201  -6.518  40.389 0.0000000000
65198  -51.713  -6.125  40.025 0.0000000000
65204  -51.980  -6.716  39.658 0.0000000000
65213  -51.173  -6.354  39.323 0.0000000000
66011  -42.235  -6.267  48.079 0.0000000000
66026  -42.394  -6.355  48.147 0.0000000000
66041  -42.022  -5.929  47.798 0.0000000000
66042  -42.061  -6.463  47.054 0.0000000000
66051  -42.129  -6.662  46.901 0.0000000000
66102  -51.351  -6.107  40.122 0.0000000000
66103  -51.466  -6.325  40.055 0.0000000000
66960  -41.981  -5.498  48.264 0.0000000000
66961  -42.125  -5.607  48.131 0.0000000000
66978  -41.874  -5.978  47.303 0.0000000000
69089  -58.623  -2.268  22.805 0.0000000000
70021  -59.226  -0.729  23.346 0.0000000000
70036  -58.274  -2.017  21.419 0.0000000000
124303  -38.241  -24.140  48.507 0.0000000000
124304  -38.550  -27.718  48.191 0.0000000000
124305  -39.142  -28.111  47.634 0.0000000000
124307  -38.266  -23.273  48.886 0.0000000000
124308  -37.979  -24.208  48.577 0.0000000000
124312  -38.081  -22.962  49.099 0.0000000000
124315  -41.420  -21.014  46.173 0.0000000000
124319  -41.379  -20.765  45.818 0.0000000000
124326  -40.026  -22.555  46.901 0.0000000000
124327  -40.114  -21.976  45.986 0.0000000000
124374  -41.195  -7.899  49.409 0.0000000000
124398  -41.906  -6.769  48.215 0.0000000000
124402  -42.277  -6.085  47.982 0.0000000000
124403  -42.339  -6.986  46.667 0.0000000000
124408  -44.158  -9.970  47.133 0.0000000000
124410  -44.659  -10.651  46.394 0.0000000000
124425  -48.249  -7.642  39.384 0.0000000000
124429  -47.468  -7.147  38.966 0.0000000000
124430  -48.942  -7.561  37.824 0.0000000000
124434  -50.953  -8.319  40.010 0.0000000000
124435  -48.940  -7.638  39.406 0.0000000000
124436  -51.009  -5.987  40.275 0.0000000000
124437  -50.270  -6.830  39.652 0.0000000000
124441  -47.668  -7.250  37.483 0.0000000000
124442  -50.470  -7.372  39.130 0.0000000000
124443  -48.811  -7.347  39.145 0.0000000000
124449  -51.329  -6.029  39.403 0.0000000000
124452  -45.535  -7.294  37.857 0.0000000000
124459  -52.366  -13.577  38.569 0.0000000000
124633  -40.738  -8.475  49.800 0.0000000000
124635  -39.555  -9.128  49.186 0.0000000000
124640  -41.353  -11.008  48.925 0.0000000000
124644  -41.689  -7.723  49.060 0.0000000000
124645  -39.028  -20.746  49.027 0.0000000000
124647  -38.742  -18.346  50.491 0.0000000000
124664  -39.938  -13.494  49.046 0.0000000000
124669  -39.079  -25.126  46.981 0.0000000000
124681  -38.048  -21.878  48.547 0.0000000000
124689  -42.089  -5.904  48.192 0.0000000000
124702  -39.165  -17.565  50.177 0.0000000000
124741  -37.951  -24.873  48.702 0.0000000000
124759  -38.646  -29.199  48.124 0.0000000000
124764  -42.147  -5.733  48.146 0.0000000000
124780  -39.778  -25.953  47.455 0.0000000000
124804  -47.636  -12.453  40.916 0.0000000000
124807  -39.475  -18.012  49.602 0.0000000000
124822  -37.892  -22.693  49.051 0.0000000000
124832  -37.914  -23.095  49.092 0.0000000000
124838  -51.096  -12.716  39.467 0.0000000000
124843  -39.202  -25.973  47.994 0.0000000000
124844  -43.170  -8.341  46.852 0.0000000000
124851  -50.351  -7.319  40.561 0.0000000000
124875  -42.263  -5.722  47.846 0.0000000000
124892  -42.385  -6.823  46.795 0.0000000000
124893  -37.329  -34.682  46.449 0.0000000000
124897  -50.071  -6.988  40.312 0.0000000000
124917  -37.948  -21.578  44.179 0.0000000000
124925  -40.950  -23.040  46.881 0.0000000000
124926  -37.046  -24.032  45.212 0.0000000000
124934  -42.425  -23.190  45.806 0.0000000000
124936  -44.213  -9.839  46.901 0.0000000000
124945  -50.726  -5.956  39.648 0.0000000000
124946  -46.512  -12.078  40.232 0.0000000000
124949  -52.784  -14.455  37.543 0.0000000000
124960  -50.759  -6.699  39.390 0.0000000000
124973  -41.933  -5.457  48.253 0.0000000000
124974  -49.852  -8.410  39.783 0.0000000000
125005  -43.275  -7.782  47.156 0.0000000000
125034  -52.932  -14.460  37.895 0.0000000000
125049  -46.372  -7.078  38.371 0.0000000000
125059  -49.712  -7.380  39.180 0.0000000000
125069  -41.194  -7.680  48.285 0.0000000000
125082  -38.664  -36.522  44.863 0.0000000000
125099  -42.221  -6.273  47.658 0.0000000000
125102  -42.189  -6.700  47.998 0.0000000000
125107  -40.720  -20.926  45.847 0.0000000000
125149  -39.865  -16.020  50.114 0.0000000000
125154  -51.232  -14.703  39.129 0.0000000000
125158  -45.782  -11.100  45.956 0.0000000000
125164  -38.227  -36.180  45.535 0.0000000000
125200  -38.309  -28.684  48.349 0.0000000000
125231  -51.329  -6.306  40.214 0.0000000000
125267  -50.185  -6.268  40.186 0.0000000000
125486  -43.096  -8.746  47.091 0.0000000000
127101  -43.284  -9.126  46.822 0.0000000000
127238  -55.173  -8.957  28.160 0.0000000000
127390  -51.870  -14.488  39.325 0.0000000000
128196  -44.084  -9.514  46.239 0.0000000000
128361  -53.057  -14.079  36.784 0.0000000000
129297  -38.072  -22.924  48.131 0.0000000000
129377  -39.630  -21.901  47.115 0.0000000000
129500  -46.542  -15.340  43.321 0.0000000000
130425  -51.440  -7.108  39.350 0.0000000000
130607  -49.349  -17.043  41.927 0.0000000000
131364  -55.785  -13.544  29.353 0.0000000000
132884  -41.384  -19.744  47.362 0.0000000000
133516  -53.723  -12.702  33.278 0.0000000000
135160  -43.621  -10.499  47.374 0.0000000000
136485  -43.596  -21.306  46.023 0.0000000000
136623  -42.085  -8.981  48.145 0.0000000000
136984  -41.947  -12.973  48.819 0.0000000000
137278  -52.082  -6.819  39.579 0.0000000000
138490  -39.156  -22.952  47.849 0.0000000000
138571  -39.967  -18.790  49.265 0.0000000000
139446  -42.365  -12.017  48.370 0.0000000000
139448  -42.228  -5.581  48.240 0.0000000000
139483  -48.101  -7.324  39.110 0.0000000000
139868  -47.557  -17.164  43.033 0.0000000000
140068  -42.092  -7.955  47.031 0.0000000000
140150  -38.896  -19.033  49.976 0.0000000000
140333  -44.294  -18.365  45.582 0.0000000000
140511  -41.996  -8.089  46.927 0.0000000000
140512  -42.228  -7.838  47.784 0.0000000000
140514  -41.070  -7.341  46.910 0.0000000000
140663  -42.015  -10.197  49.168 0.0000000000
140703  -44.361  -11.486  46.928 0.0000000000
141743  -40.537  -15.928  48.108 0.0000000000
141748  -39.042  -28.829  47.789 0.0000000000
141752  -40.715  -13.817  49.792 0.0000000000
141762  -39.071  -15.855  49.445 0.0000000000
141765  -39.854  -16.966  49.411 0.0000000000
141766  -38.756  -19.943  49.051 0.0000000000
141834  -39.263  -28.924  47.433 0.0000000000
141840  -41.077  -20.930  46.443 0.0000000000
141869  -40.693  -9.444  49.727 0.0000000000
141872  -40.328  -14.609  50.025 0.0000000000
141881  -38.415  -25.665  48.294 0.0000000000
141913  -47.834  -8.050  39.693 0.0000000000
141937  -39.156  -27.094  47.314 0.0000000000
141953  -37.856  -24.405  48.229 0.0000000000
141954  -39.785  -17.186  49.799 0.0000000000
141992  -37.534  -21.920  44.490 0.0000000000
141995  -42.206  -6.434  47.985 0.0000000000
141998  -38.509  -25.007  47.389 0.0000000000
142000  -41.983  -6.877  48.244 0.0000000000
142011  -38.864  -27.016  48.124 0.0000000000
142012  -39.076  -25.334  47.963 0.0000000000
142021  -39.938  -26.712  47.071 0.0000000000
142039  -43.247  -7.771  46.877 0.0000000000
142058  -39.896  -15.778  50.329 0.0000000000
142094  -38.826  -25.540  48.222 0.0000000000
142107  -50.896  -14.372  39.227 0.0000000000
142114  -50.511  -7.879  40.489 0.0000000000
142128  -40.482  -23.143  47.188 0.0000000000
142130  -50.713  -7.224  40.710 0.0000000000
142140  -36.614  -24.018  44.701 0.0000000000
142142  -36.925  -22.321  44.748 0.0000000000
142151  -38.815  -26.230  48.135 0.0000000000
142152  -38.697  -25.090  48.307 0.0000000000
142154  -40.449  -9.576  49.255 0.0000000000
142159  -41.112  -22.857  46.797 0.0000000000
142210  -41.892  -7.643  46.903 0.0000000000
142214  -40.537  -23.073  46.659 0.0000000000
142238  -40.641  -10.665  48.328 0.0000000000
142239  -50.391  -8.273  40.029 0.0000000000
142254  -43.054  -22.843  45.850 0.0000000000
142262  -39.883  -15.267  50.358 0.0000000000
142284  -39.723  -24.803  47.128 0.0000000000
142290  -38.502  -20.188  49.112 0.0000000000
142294  -39.323  -16.597  48.966 0.0000000000
142298  -38.225  -21.753  48.538 0.0000000000
142303  -38.987  -18.580  49.782 0.0000000000
142305  -39.053  -26.622  48.115 0.0000000000
142308  -41.057  -7.387  48.080 0.0000000000
142320  -38.085  -22.919  49.045 0.0000000000
142330  -40.043  -25.288  47.034 0.0000000000
142375  -39.918  -23.915  46.705 0.0000000000
142377  -38.314  -24.114  46.132 0.0000000000
142391  -38.100  -27.427  46.212 0.0000000000
142394  -38.052  -27.045  45.848 0.0000000000
142403  -40.075  -13.168  49.070 0.0000000000
142404  -40.101  -11.958  49.125 0.0000000000
142488  -40.340  -11.702  48.700 0.0000000000
142493  -38.034  -22.523  48.816 0.0000000000
142496  -38.177  -18.912  49.653 0.0000000000
142507  -39.588  -15.196  49.080 0.0000000000
142516  -38.373  -21.289  48.861 0.0000000000
142603  -41.895  -21.933  47.008 0.0000000000
143180  -41.107  -9.968  49.321 0.0000000000
143225  -39.109  -28.751  47.808 0.0000000000
144416  -52.161  -9.496  37.440 0.0000000000
144527  -42.141  -6.463  48.179 0.0000000000
144678  -36.831  -35.411  46.518 0.0000000000
145696  -49.628  -18.279  41.512 0.0000000000
146646  -37.437  -28.907  47.186 0.0000000000
146817  -39.543  -8.402  49.415 0.0000000000
147962  -38.950  -24.060  48.132 0.0000000000
147993  -41.909  -5.420  48.262 0.0000000000
148280  -41.017  -21.182  47.549 0.0000000000
148324  -36.247  -32.727  47.131 0.0000000000
148361  -38.457  -17.914  50.328 0.0000000000
148585  -40.652  -14.208  49.476 0.0000000000
148657  -39.358  -27.371  47.291 0.0000000000
148671  -37.899  -18.687  49.989 0.0000000000
149077  -41.130  -15.018  49.199 0.0000000000
149372  -52.042  -9.270  29.726 0.0000000000
149854  -38.952  -35.987  45.087 0.0000000000
150006  -54.331  -8.274  25.093 0.0000000000
151076  -50.370  -8.774  35.940 0.0000000000
