#!ascii label  , from subject sub-v2s7x29797_ses-1 vox2ras=TkReg
774
27763  22.904  -48.626  -40.025 0.6000000238
25542  21.189  -50.762  -31.420 0.6999999881
25566  21.506  -50.354  -32.766 0.6999999881
27656  23.998  -48.821  -34.649 0.8999999762
138676  23.813  -48.541  -36.219 0.8000000119
27721  22.834  -48.572  -37.894 0.8000000119
27764  21.930  -48.652  -40.431 0.6000000238
27780  22.004  -48.340  -41.344 0.6999999881
29823  22.282  -47.345  -41.756 0.6999999881
25543  20.532  -50.349  -31.145 0.6999999881
24451  21.207  -51.385  -29.678 0.6999999881
26619  20.706  -50.217  -32.772 0.6999999881
26651  20.564  -49.679  -33.920 0.6000000238
26634  21.129  -50.099  -33.334 0.6999999881
26650  22.042  -49.744  -33.868 0.6999999881
27675  21.874  -49.138  -35.481 0.8000000119
27699  21.335  -49.059  -36.287 0.8000000119
138675  22.660  -48.738  -36.232 0.8000000119
27722  21.645  -48.712  -37.895 0.8000000119
27742  22.118  -48.686  -39.050 0.6000000238
27781  21.090  -48.291  -40.967 0.6000000238
29806  21.643  -46.844  -41.513 0.6999999881
29805  22.687  -46.740  -41.614 0.6999999881
26609  20.026  -49.716  -31.716 0.5000000000
25519  20.757  -50.404  -29.919 0.6000000238
149889  19.790  -48.413  -32.607 0.4000000060
26620  19.988  -49.809  -32.549 0.6000000238
126399  19.690  -49.204  -33.667 0.5000000000
27659  19.876  -49.240  -34.472 0.6000000238
27658  21.124  -49.463  -34.680 0.8000000119
27700  20.069  -49.002  -36.406 0.6999999881
138725  19.875  -48.908  -37.265 0.6999999881
27724  19.790  -48.823  -38.197 0.6999999881
27766  20.050  -48.223  -40.490 0.5000000000
141582  20.577  -46.640  -41.398 0.6000000238
30776  22.302  -46.021  -40.938 0.6000000238
30763  24.082  -45.592  -40.254 0.5000000000
28690  20.258  -48.314  -31.349 0.5000000000
26583  20.468  -49.511  -29.489 0.6000000238
132464  20.470  -50.236  -28.802 0.6000000238
27627  19.978  -48.987  -31.361 0.5000000000
124771  19.290  -48.641  -34.930 0.5000000000
27677  19.216  -48.740  -35.792 0.6000000238
143330  18.740  -48.304  -37.043 0.6000000238
27745  18.994  -48.407  -38.613 0.6000000238
28770  18.847  -47.955  -39.990 0.5000000000
28789  19.457  -47.532  -40.949 0.5000000000
29808  19.660  -46.863  -41.420 0.6000000238
30777  21.130  -45.872  -41.040 0.6000000238
31694  23.733  -44.866  -39.481 0.5000000000
31693  24.757  -45.054  -39.232 0.5000000000
27613  20.452  -48.724  -29.982 0.5000000000
26570  20.224  -49.452  -28.541 0.5000000000
143542  20.210  -47.631  -32.654 0.5000000000
28711  20.099  -47.399  -33.320 0.4000000060
29716  20.664  -46.054  -34.187 0.3000000119
29700  19.919  -47.052  -33.965 0.4000000060
29717  19.824  -46.675  -34.599 0.3000000119
29729  20.343  -45.863  -35.005 0.3000000119
28725  18.988  -48.087  -35.355 0.5000000000
28735  18.779  -48.006  -36.211 0.5000000000
29739  18.561  -47.579  -37.121 0.5000000000
28771  18.292  -47.720  -38.859 0.5000000000
28781  17.999  -47.020  -39.884 0.5000000000
29809  18.655  -45.878  -41.302 0.6000000238
30778  19.842  -45.798  -41.298 0.6000000238
30765  21.931  -44.973  -40.260 0.5000000000
135657  22.915  -44.671  -39.699 0.5000000000
31675  25.111  -44.250  -38.612 0.5000000000
28674  20.719  -48.061  -30.390 0.5000000000
28689  20.840  -47.611  -31.190 0.5000000000
28697  21.030  -47.174  -31.902 0.5000000000
29698  21.990  -46.034  -33.071 0.4000000060
29699  20.919  -46.400  -33.455 0.5000000000
29715  21.696  -45.716  -33.811 0.4000000060
30701  21.550  -45.420  -34.686 0.3000000119
29737  20.109  -45.866  -36.034 0.3000000119
29745  18.768  -46.430  -37.424 0.4000000060
135291  17.901  -46.865  -38.877 0.5000000000
29765  17.740  -45.980  -39.456 0.4000000060
30766  20.470  -44.797  -40.725 0.5000000000
127757  22.823  -42.849  -39.290 0.5000000000
31695  22.319  -43.896  -39.671 0.5000000000
32618  25.630  -43.325  -38.307 0.5000000000
32619  24.674  -43.226  -38.608 0.4000000060
31676  24.208  -44.151  -38.881 0.5000000000
28673  21.580  -47.475  -30.327 0.5000000000
28688  21.914  -47.183  -31.126 0.5000000000
29680  23.142  -46.769  -32.114 0.5000000000
29697  23.125  -46.175  -32.906 0.4000000060
30683  22.568  -45.733  -33.532 0.4000000060
129772  22.543  -45.228  -35.055 0.3000000119
30715  21.294  -45.413  -35.653 0.3000000119
30726  19.885  -45.702  -36.993 0.4000000060
30735  19.283  -45.209  -37.999 0.4000000060
30743  18.189  -44.980  -39.039 0.4000000060
30744  17.748  -44.935  -40.090 0.5000000000
30779  18.288  -44.268  -40.389 0.5000000000
142922  18.997  -44.687  -40.937 0.6000000238
33544  23.563  -42.100  -38.893 0.4000000060
32632  23.806  -43.084  -38.906 0.5000000000
29668  23.123  -47.205  -31.216 0.4000000060
29696  24.204  -46.222  -33.100 0.4000000060
131506  24.003  -46.743  -32.363 0.4000000060
30682  23.503  -45.696  -33.786 0.4000000060
30699  23.423  -45.377  -34.705 0.4000000060
30714  22.412  -45.229  -36.014 0.4000000060
30725  22.412  -44.876  -36.727 0.4000000060
139428  21.328  -45.307  -36.664 0.4000000060
30734  20.731  -44.974  -37.391 0.4000000060
31663  20.130  -44.153  -38.076 0.4000000060
31677  19.059  -44.014  -38.992 0.5000000000
32621  18.770  -43.694  -39.789 0.5000000000
32635  19.431  -43.281  -39.800 0.6000000238
32633  21.617  -42.996  -39.636 0.5000000000
33546  21.980  -42.187  -39.342 0.4000000060
28687  24.204  -47.365  -30.958 0.4000000060
29678  25.283  -46.210  -33.116 0.4000000060
29679  24.808  -46.689  -32.513 0.4000000060
30681  24.561  -45.788  -33.788 0.4000000060
30713  23.426  -45.174  -35.607 0.4000000060
30733  21.732  -44.847  -37.153 0.4000000060
31662  21.282  -44.256  -37.521 0.4000000060
32620  19.477  -43.203  -39.254 0.5000000000
33548  20.093  -42.613  -39.215 0.4000000060
32634  20.411  -43.069  -39.779 0.6000000238
129499  25.661  -46.790  -32.144 0.4000000060
144867  25.347  -45.680  -33.837 0.4000000060
30712  24.327  -45.226  -35.167 0.4000000060
148876  24.756  -44.795  -35.577 0.4000000060
31647  23.893  -44.280  -36.441 0.4000000060
139676  23.434  -43.344  -36.751 0.5000000000
31648  23.063  -44.338  -36.812 0.4000000060
32603  21.778  -43.470  -37.422 0.3000000119
32604  20.655  -43.204  -37.882 0.4000000060
33538  20.026  -42.638  -38.805 0.4000000060
34465  20.715  -41.850  -38.911 0.4000000060
128183  21.362  -41.764  -39.115 0.5000000000
28669  25.083  -47.308  -30.660 0.4000000060
30711  25.234  -44.999  -35.045 0.4000000060
31633  25.320  -44.322  -35.479 0.4000000060
32574  24.417  -43.433  -36.340 0.3000000119
33508  24.060  -42.538  -36.495 0.3000000119
32585  22.664  -43.679  -37.126 0.3000000119
33510  22.417  -42.668  -37.119 0.3000000119
34455  20.710  -41.178  -38.339 0.4000000060
35429  20.924  -40.362  -38.291 0.4000000060
124573  26.690  -45.667  -32.998 0.3000000119
30679  26.606  -45.180  -33.615 0.3000000119
31622  26.517  -44.555  -34.240 0.3000000119
32563  25.827  -43.818  -35.284 0.3000000119
33498  25.530  -42.623  -35.649 0.3000000119
33499  24.890  -42.596  -36.117 0.3000000119
33509  23.257  -42.390  -36.740 0.4000000060
34430  23.625  -41.704  -36.547 0.4000000060
34431  22.679  -41.740  -36.796 0.3000000119
131258  22.073  -41.114  -36.786 0.3000000119
34446  20.839  -41.457  -37.620 0.3000000119
137165  20.598  -40.365  -37.951 0.4000000060
36358  20.723  -39.775  -38.044 0.4000000060
37354  21.546  -38.717  -38.137 0.4000000060
34422  24.529  -41.761  -36.262 0.4000000060
36323  23.314  -39.465  -36.185 0.4000000060
136726  23.019  -40.866  -36.548 0.4000000060
35404  21.917  -40.311  -36.628 0.3000000119
36334  20.824  -39.453  -37.142 0.4000000060
146806  20.882  -38.389  -37.152 0.4000000060
38352  21.197  -37.544  -37.219 0.4000000060
36345  20.695  -39.595  -37.702 0.4000000060
38368  21.459  -37.976  -37.674 0.4000000060
36332  22.295  -39.463  -36.368 0.4000000060
37331  21.744  -38.699  -36.345 0.5000000000
38340  21.162  -37.495  -36.584 0.4000000060
39416  21.190  -37.102  -36.810 0.4000000060
38367  22.193  -38.007  -38.043 0.3000000119
39415  21.435  -36.652  -37.075 0.3000000119
27657  22.640  -49.234  -34.695 0.8000000119
27765  20.958  -48.716  -39.860 0.6000000238
27723  20.637  -48.861  -37.800 0.6999999881
27743  20.855  -48.793  -38.664 0.6999999881
30775  23.303  -46.098  -41.083 0.6000000238
27641  19.660  -48.420  -33.217 0.4000000060
130098  19.421  -48.313  -34.017 0.4000000060
27676  20.278  -49.168  -35.438 0.6999999881
144789  19.103  -48.609  -37.553 0.6999999881
27744  19.839  -48.618  -39.324 0.6999999881
28699  20.169  -47.918  -31.967 0.5000000000
27702  18.508  -48.133  -37.832 0.5000000000
29738  19.063  -46.752  -36.478 0.4000000060
30767  18.089  -45.036  -40.894 0.6000000238
31696  21.093  -43.863  -40.115 0.5000000000
31697  19.791  -43.819  -40.355 0.6000000238
30724  23.294  -44.886  -36.299 0.3000000119
32605  19.910  -43.151  -38.609 0.4000000060
29665  26.494  -46.546  -31.711 0.4000000060
130416  21.687  -41.696  -37.157 0.3000000119
34432  21.281  -40.893  -37.102 0.3000000119
36333  21.354  -39.443  -36.677 0.3000000119
38351  21.785  -37.322  -37.579 0.3000000119
138001  25.010  -52.756  -34.335 0.6000000238
23468  24.306  -52.880  -35.352 0.6000000238
135700  23.906  -53.264  -36.455 0.6000000238
145121  26.414  -53.555  -36.906 0.6000000238
21277  21.233  -53.949  -35.309 0.5000000000
22403  22.096  -53.884  -34.812 0.6000000238
23455  25.076  -52.790  -33.257 0.6999999881
22413  21.996  -53.334  -35.634 0.6000000238
131486  25.841  -52.141  -34.423 0.6000000238
23478  26.026  -52.354  -35.327 0.6000000238
23477  26.682  -52.154  -35.777 0.6000000238
134219  26.211  -52.628  -35.956 0.6000000238
22425  25.968  -53.176  -36.349 0.6000000238
23495  27.156  -52.503  -37.411 0.6000000238
23515  27.433  -53.366  -38.375 0.6999999881
21265  22.224  -54.373  -34.062 0.6000000238
22378  24.544  -53.309  -32.798 0.6999999881
126673  20.722  -54.663  -34.950 0.5000000000
22388  23.862  -53.900  -33.344 0.6999999881
22402  23.026  -53.949  -34.252 0.6999999881
25581  26.309  -50.700  -33.937 0.6999999881
24510  26.288  -51.428  -34.254 0.6999999881
25596  27.352  -50.539  -35.848 0.5000000000
131660  27.307  -51.613  -37.703 0.6000000238
145241  27.146  -51.941  -38.836 0.6000000238
24560  27.266  -52.705  -38.740 0.6999999881
25661  27.086  -51.521  -40.743 0.6999999881
24589  28.049  -52.361  -40.480 0.6999999881
25677  27.864  -51.062  -41.323 0.6999999881
29762  32.873  -46.868  -38.775 0.4000000060
29788  30.971  -47.128  -40.487 0.5000000000
28780  29.795  -48.056  -40.291 0.6000000238
136026  29.223  -48.694  -40.671 0.6000000238
26743  28.392  -50.254  -41.245 0.6999999881
18983  19.636  -56.798  -32.425 0.5000000000
20089  21.568  -55.228  -32.415 0.5000000000
21227  23.241  -54.281  -31.796 0.6000000238
20102  20.369  -55.633  -33.624 0.5000000000
22368  23.951  -53.732  -32.160 0.6999999881
21241  23.368  -54.323  -32.595 0.5000000000
21250  22.851  -54.452  -33.345 0.6000000238
24479  24.751  -51.627  -32.314 0.6999999881
24493  25.322  -52.012  -32.922 0.6999999881
25564  25.715  -50.416  -33.304 0.6999999881
25597  27.095  -49.897  -35.166 0.6999999881
24525  27.318  -51.405  -36.562 0.6000000238
25631  27.282  -50.816  -38.084 0.6000000238
26729  26.797  -50.584  -39.938 0.6999999881
25678  27.299  -51.139  -41.273 0.6999999881
26753  27.975  -50.136  -41.767 0.6999999881
27776  28.620  -49.185  -41.352 0.6000000238
142632  28.679  -48.366  -41.799 0.6000000238
20051  20.272  -55.496  -30.494 0.5000000000
18968  19.348  -56.648  -31.597 0.4000000060
21229  21.963  -54.944  -30.956 0.5000000000
20071  19.819  -56.120  -31.066 0.5000000000
21242  22.067  -55.053  -31.722 0.5000000000
22356  22.834  -53.534  -30.652 0.6000000238
21228  22.608  -54.638  -31.414 0.6000000238
25553  23.598  -50.652  -32.175 0.6999999881
23436  23.875  -52.879  -31.563 0.6000000238
25552  24.464  -50.755  -32.381 0.6999999881
26630  25.325  -49.525  -33.442 0.6999999881
26646  26.522  -49.450  -34.565 0.6999999881
26666  27.296  -49.612  -36.113 0.6999999881
26713  27.088  -50.121  -38.551 0.6999999881
140213  26.528  -49.783  -39.936 0.6999999881
26744  26.552  -49.995  -41.552 0.8000000119
26754  27.392  -49.703  -42.120 0.6999999881
28796  29.865  -47.342  -42.027 0.5000000000
28797  29.054  -47.644  -42.202 0.6000000238
27796  27.607  -48.742  -42.354 0.6000000238
20052  19.368  -55.722  -30.358 0.4000000060
21206  21.623  -54.451  -30.139 0.6000000238
20050  21.145  -55.214  -30.672 0.6000000238
22357  22.192  -53.627  -30.082 0.6000000238
23437  23.133  -52.635  -30.850 0.6000000238
26618  23.142  -50.251  -32.638 0.6000000238
26649  23.531  -49.310  -33.916 0.6999999881
26631  24.326  -49.532  -33.246 0.6999999881
27655  25.168  -48.674  -34.700 0.6999999881
27654  26.158  -48.829  -34.920 0.6999999881
27696  24.907  -48.477  -36.394 0.8000000119
130754  26.040  -48.560  -36.492 0.8000000119
130728  26.259  -48.708  -37.399 0.6000000238
27738  26.221  -49.100  -39.470 0.6000000238
143673  26.295  -49.434  -41.903 0.8000000119
26761  26.747  -49.360  -42.233 0.6999999881
133848  30.823  -46.755  -42.842 0.5000000000
29826  29.414  -46.846  -42.923 0.6000000238
28804  27.640  -47.747  -42.540 0.6999999881
29825  30.242  -46.286  -43.296 0.6000000238
21189  20.198  -54.291  -29.504 0.5000000000
128607  18.030  -55.254  -30.094 0.4000000060
21210  17.299  -54.937  -30.118 0.4000000060
22337  21.489  -53.592  -29.612 0.5000000000
21208  19.796  -55.037  -29.882 0.5000000000
23421  21.898  -52.987  -29.725 0.6000000238
24467  22.819  -51.628  -30.972 0.6000000238
25554  22.415  -50.581  -32.256 0.6000000238
26632  23.254  -49.833  -33.210 0.6999999881
26648  24.738  -48.978  -33.910 0.8000000119
27673  24.462  -48.563  -35.473 0.8000000119
133614  24.787  -48.479  -37.174 0.6000000238
127708  24.824  -48.586  -39.684 0.6000000238
27761  25.515  -48.831  -40.280 0.6999999881
26745  25.616  -48.781  -41.797 0.6999999881
149008  26.535  -46.678  -42.422 0.6999999881
135584  29.244  -45.742  -43.270 0.6000000238
30799  27.679  -45.767  -42.494 0.6000000238
124733  27.883  -44.828  -41.320 0.6000000238
30787  28.421  -44.573  -42.085 0.6000000238
23403  20.536  -52.540  -28.927 0.5000000000
22339  19.678  -53.640  -29.166 0.5000000000
22340  18.735  -53.627  -29.259 0.5000000000
21192  17.164  -54.042  -29.925 0.5000000000
22338  20.632  -53.447  -29.223 0.5000000000
24468  21.960  -51.250  -30.763 0.6000000238
27697  24.186  -48.453  -36.882 0.6999999881
27741  23.424  -48.528  -38.847 0.6000000238
144053  23.940  -48.587  -39.798 0.6000000238
27778  24.239  -48.644  -41.316 0.6000000238
27800  24.690  -47.995  -42.062 0.6999999881
28808  24.598  -47.349  -42.169 0.6000000238
29819  25.604  -46.392  -42.053 0.6000000238
144450  26.897  -45.889  -42.139 0.6999999881
31713  30.030  -44.362  -43.295 0.5000000000
31703  28.665  -44.414  -40.852 0.4000000060
24427  20.299  -51.742  -28.662 0.5000000000
23393  18.874  -52.258  -28.536 0.5000000000
23394  17.969  -52.074  -28.712 0.5000000000
23406  17.457  -52.598  -29.257 0.5000000000
23407  16.295  -52.761  -30.342 0.5000000000
131585  15.523  -52.067  -31.309 0.5000000000
127443  22.595  -48.632  -40.953 0.6000000238
28799  23.849  -47.849  -42.073 0.6000000238
29821  23.963  -46.998  -42.076 0.4000000060
30788  26.158  -45.815  -41.682 0.5000000000
30773  26.421  -45.409  -40.696 0.4000000060
30759  28.010  -44.861  -40.264 0.4000000060
124525  27.171  -45.350  -41.670 0.5000000000
25493  20.018  -50.948  -28.361 0.6000000238
24428  19.456  -51.613  -28.328 0.5000000000
24429  18.502  -51.458  -28.274 0.5000000000
24441  16.646  -51.350  -29.157 0.5000000000
24442  15.989  -51.355  -29.787 0.5000000000
148315  15.452  -51.295  -30.314 0.5000000000
24453  14.576  -51.058  -31.160 0.4000000060
24481  14.532  -51.194  -32.528 0.5000000000
25567  14.113  -50.616  -33.548 0.4000000060
25583  13.906  -50.181  -34.064 0.4000000060
25598  14.763  -50.415  -35.540 0.4000000060
29804  23.450  -46.670  -41.740 0.6000000238
133534  24.781  -45.769  -40.881 0.4000000060
30761  26.750  -45.193  -39.568 0.4000000060
30760  27.592  -44.935  -39.487 0.4000000060
25494  19.129  -50.791  -27.993 0.5000000000
25495  18.142  -50.597  -27.987 0.4000000060
24431  16.731  -50.753  -28.747 0.4000000060
25506  16.033  -50.617  -29.246 0.5000000000
26585  14.730  -49.460  -29.646 0.4000000060
25521  14.035  -50.431  -30.813 0.5000000000
26595  14.070  -49.609  -30.266 0.4000000060
26610  13.159  -49.254  -31.298 0.5000000000
25544  13.413  -50.058  -31.504 0.5000000000
26621  12.966  -49.548  -32.194 0.3000000119
131264  13.261  -49.658  -33.838 0.3000000119
27678  13.475  -48.875  -35.390 0.3000000119
139836  24.952  -45.511  -40.063 0.4000000060
26572  18.804  -49.794  -27.701 0.5000000000
26573  17.733  -49.754  -27.779 0.5000000000
25497  16.434  -50.112  -28.641 0.4000000060
27597  20.068  -48.778  -28.280 0.4000000060
26559  18.961  -48.806  -27.532 0.4000000060
26560  18.150  -49.041  -27.503 0.4000000060
140047  17.057  -48.261  -27.769 0.4000000060
28651  20.323  -48.015  -28.308 0.4000000060
27598  19.634  -48.397  -27.802 0.4000000060
27591  18.327  -48.281  -27.407 0.4000000060
28650  21.009  -47.515  -28.590 0.4000000060
28643  18.376  -47.485  -27.404 0.4000000060
28644  17.618  -47.018  -27.694 0.4000000060
29629  16.801  -47.036  -28.295 0.4000000060
29627  20.520  -47.167  -27.895 0.4000000060
28660  22.216  -47.282  -29.495 0.3000000119
29617  19.207  -46.286  -27.437 0.4000000060
29619  17.942  -46.290  -27.774 0.4000000060
29628  17.315  -46.316  -28.263 0.4000000060
28659  23.195  -47.143  -29.491 0.4000000060
29652  16.266  -46.124  -30.142 0.4000000060
30630  16.856  -45.585  -29.710 0.4000000060
28658  24.107  -47.032  -29.597 0.3000000119
29625  22.042  -46.491  -28.376 0.4000000060
30615  21.481  -45.988  -27.854 0.4000000060
30606  19.982  -45.858  -27.470 0.4000000060
30618  17.889  -45.616  -28.190 0.4000000060
29641  17.257  -45.672  -28.857 0.4000000060
30616  19.287  -44.845  -27.780 0.3000000119
24450  21.755  -52.210  -29.758 0.5000000000
29822  23.081  -47.404  -41.954 0.6000000238
30762  25.747  -45.359  -39.600 0.4000000060
24590  27.508  -52.289  -40.425 0.6999999881
25679  26.970  -50.667  -41.633 0.6999999881
28778  31.207  -47.257  -39.375 0.5000000000
29816  31.465  -46.716  -42.428 0.5000000000
27758  30.106  -48.216  -39.358 0.5000000000
28786  30.160  -47.462  -40.911 0.4000000060
28787  29.301  -48.004  -41.280 0.6000000238
20091  20.037  -56.151  -32.142 0.5000000000
27671  26.622  -48.813  -35.810 0.6999999881
28803  28.482  -47.170  -42.615 0.6000000238
24466  23.616  -51.959  -31.390 0.6000000238
26697  26.907  -49.229  -37.859 0.6999999881
27760  26.234  -49.549  -40.622 0.8000000119
146841  27.146  -49.121  -42.366 0.6999999881
21209  18.844  -55.161  -29.902 0.4000000060
27719  25.323  -48.527  -37.916 0.6000000238
27718  26.270  -48.856  -38.396 0.6000000238
27799  25.434  -48.282  -42.103 0.6999999881
27798  26.136  -48.782  -42.203 0.6999999881
30796  30.601  -45.390  -43.525 0.5000000000
29824  31.145  -46.284  -43.248 0.5000000000
28805  26.824  -47.257  -42.556 0.6999999881
136825  28.538  -46.221  -42.892 0.6000000238
27740  24.539  -48.495  -38.799 0.6999999881
27762  24.474  -48.704  -40.561 0.6999999881
128715  24.963  -48.644  -41.493 0.6999999881
29818  26.352  -46.282  -42.251 0.6000000238
30786  29.108  -44.560  -42.958 0.6000000238
143428  28.938  -44.050  -41.983 0.6000000238
23404  19.237  -52.976  -28.851 0.5000000000
22341  17.780  -53.448  -29.462 0.5000000000
22342  16.938  -53.116  -29.807 0.4000000060
27779  23.466  -48.676  -40.938 0.6000000238
29820  24.791  -46.647  -41.942 0.6000000238
139753  14.790  -50.840  -34.813 0.3000000119
30789  25.183  -46.072  -41.516 0.5000000000
129981  14.849  -50.897  -30.506 0.5000000000
25568  13.511  -50.195  -33.213 0.4000000060
26668  14.274  -49.581  -35.630 0.4000000060
29639  22.629  -46.857  -28.874 0.4000000060
29616  19.877  -46.714  -27.533 0.4000000060
22536  36.666  -53.610  -43.246 0.3000000119
22522  37.469  -53.277  -43.255 0.3000000119
23512  32.438  -52.470  -37.168 0.4000000060
24540  34.249  -51.024  -36.987 0.4000000060
24572  33.906  -51.491  -38.261 0.4000000060
24587  33.948  -51.573  -39.178 0.4000000060
24523  31.978  -51.279  -35.816 0.4000000060
22423  31.124  -53.330  -36.883 0.4000000060
23493  30.938  -52.719  -36.478 0.4000000060
23494  30.328  -52.718  -36.702 0.5000000000
22444  29.886  -54.150  -37.343 0.5000000000
22464  29.009  -53.952  -37.825 0.5000000000
125512  33.828  -49.736  -35.848 0.4000000060
24558  33.039  -51.698  -36.846 0.5000000000
23513  31.777  -53.124  -37.125 0.5000000000
20171  27.358  -56.280  -38.237 0.5000000000
126357  34.253  -50.472  -36.398 0.5000000000
125892  33.623  -51.099  -36.572 0.5000000000
126937  35.111  -50.227  -36.610 0.5000000000
24557  34.610  -51.056  -37.733 0.4000000060
24571  35.546  -50.916  -38.382 0.4000000060
24586  34.524  -51.290  -39.742 0.4000000060
24585  35.249  -51.058  -39.475 0.4000000060
24604  35.338  -51.005  -41.139 0.3000000119
149657  35.858  -50.914  -41.758 0.4000000060
28733  32.646  -47.806  -36.407 0.4000000060
26680  31.119  -49.145  -35.991 0.4000000060
26681  30.640  -49.628  -36.280 0.4000000060
27691  33.046  -48.299  -35.861 0.4000000060
27669  32.580  -48.993  -35.635 0.4000000060
27670  31.749  -49.073  -35.745 0.4000000060
25612  30.628  -50.486  -36.054 0.4000000060
25613  30.125  -51.094  -36.564 0.5000000000
131124  29.702  -52.487  -37.318 0.5000000000
27690  33.906  -48.377  -35.968 0.4000000060
26663  32.988  -49.770  -35.626 0.4000000060
24541  32.820  -51.233  -36.092 0.4000000060
25630  29.766  -50.962  -37.514 0.5000000000
129726  29.107  -53.092  -38.236 0.5000000000
23530  28.306  -53.318  -38.800 0.6000000238
22466  27.849  -53.663  -38.409 0.6000000238
125356  27.729  -54.669  -37.967 0.6000000238
25676  28.636  -50.778  -40.676 0.6000000238
23547  28.152  -52.826  -39.825 0.6000000238
141492  26.971  -54.870  -37.788 0.5000000000
25645  36.427  -50.750  -38.566 0.4000000060
23516  26.952  -53.461  -37.510 0.5000000000
132716  35.771  -50.967  -40.305 0.4000000060
24584  36.683  -50.879  -40.367 0.4000000060
24603  36.303  -50.925  -41.349 0.4000000060
27717  30.590  -48.617  -37.505 0.4000000060
27736  30.366  -48.408  -38.434 0.5000000000
26695  29.825  -50.092  -37.789 0.5000000000
26712  29.588  -50.151  -38.950 0.5000000000
24573  29.353  -52.004  -38.454 0.5000000000
26728  29.346  -49.870  -39.898 0.5000000000
23546  28.695  -52.798  -39.201 0.6000000238
26742  28.966  -49.623  -40.647 0.6000000238
129105  29.140  -50.787  -39.905 0.6000000238
20250  35.770  -54.943  -43.231 0.3000000119
22519  39.293  -53.076  -43.161 0.3000000119
25690  40.527  -50.105  -43.078 0.3000000119
28748  33.002  -47.384  -37.097 0.4000000060
145291  32.300  -47.560  -37.068 0.4000000060
28767  32.362  -47.231  -37.930 0.4000000060
27716  31.200  -48.201  -37.003 0.4000000060
28750  30.947  -47.920  -37.884 0.4000000060
28769  30.734  -47.743  -38.830 0.4000000060
27759  29.536  -48.868  -39.964 0.5000000000
23531  27.749  -53.033  -39.368 0.6000000238
22446  26.602  -54.185  -37.408 0.5000000000
28768  31.454  -47.427  -38.377 0.4000000060
24524  31.353  -51.197  -35.779 0.4000000060
21304  27.557  -55.523  -37.981 0.5000000000
24600  39.513  -50.270  -42.620 0.3000000119
28734  31.883  -47.941  -36.600 0.4000000060
26694  30.287  -49.395  -37.143 0.5000000000
143843  29.581  -50.896  -38.445 0.5000000000
25646  29.210  -51.354  -39.399 0.6000000238
33529  20.437  -42.236  -38.186 0.3000000119
17951  18.961  -57.384  -31.844 0.4000000060
20053  18.421  -55.870  -30.344 0.4000000060
20069  21.379  -55.355  -31.535 0.5000000000
20070  20.601  -55.728  -31.326 0.5000000000
20090  20.759  -55.638  -32.275 0.5000000000
21188  20.977  -54.174  -29.605 0.5000000000
21190  19.240  -54.392  -29.515 0.4000000060
21191  18.150  -54.426  -29.701 0.5000000000
21205  22.441  -54.274  -30.668 0.6000000238
21207  20.709  -54.841  -29.973 0.5000000000
21211  16.540  -54.584  -30.406 0.5000000000
21251  21.723  -54.858  -33.412 0.6000000238
21252  20.857  -55.403  -33.148 0.5000000000
21266  21.379  -54.479  -34.461 0.6000000238
21318  29.197  -54.849  -37.786 0.5000000000
21319  28.349  -55.217  -37.974 0.5000000000
21390  36.548  -54.837  -42.831 0.3000000119
22369  23.416  -53.580  -31.314 0.6000000238
22387  24.569  -53.264  -33.639 0.6999999881
22401  23.929  -53.273  -34.598 0.6000000238
22412  22.888  -53.329  -35.202 0.6000000238
22426  25.058  -53.317  -36.227 0.6000000238
22445  27.339  -54.087  -37.924 0.5000000000
22447  25.695  -54.050  -36.817 0.6000000238
22465  28.314  -54.323  -38.020 0.5000000000
22521  38.165  -52.980  -43.362 0.3000000119
23392  19.758  -52.371  -28.624 0.5000000000
23402  21.284  -52.769  -29.337 0.5000000000
23405  18.340  -52.842  -28.985 0.5000000000
23408  15.859  -51.943  -30.459 0.5000000000
23420  22.414  -52.823  -30.193 0.6000000238
23422  15.843  -52.550  -30.854 0.5000000000
23435  24.321  -52.210  -31.873 0.6999999881
23445  24.813  -52.550  -32.505 0.6999999881
23446  24.395  -53.000  -32.124 0.6999999881
23454  25.515  -52.273  -33.651 0.6999999881
23479  25.220  -52.596  -35.190 0.6000000238
23491  32.198  -51.915  -36.311 0.4000000060
23492  31.595  -52.605  -36.577 0.5000000000
23496  26.711  -52.799  -36.586 0.6000000238
23514  29.754  -53.390  -37.267 0.5000000000
23529  33.382  -52.050  -38.614 0.4000000060
23548  27.732  -52.743  -40.151 0.6999999881
24430  17.466  -51.239  -28.541 0.4000000060
24439  21.015  -51.940  -29.159 0.5000000000
24440  17.211  -51.895  -29.047 0.5000000000
24449  22.377  -52.013  -30.379 0.6000000238
24452  15.189  -51.493  -30.924 0.5000000000
24469  14.960  -51.487  -31.821 0.4000000060
24470  14.086  -50.789  -31.825 0.5000000000
24478  25.275  -51.039  -32.745 0.6999999881
24480  24.032  -51.333  -31.883 0.6999999881
24492  25.841  -51.455  -33.534 0.6999999881
24509  26.698  -51.018  -34.667 0.6999999881
24526  27.061  -51.376  -35.564 0.6000000238
24527  26.435  -51.742  -34.992 0.5000000000
24542  30.758  -51.381  -36.003 0.4000000060
24543  30.189  -51.933  -36.537 0.5000000000
24544  27.098  -52.044  -36.332 0.6000000238
24559  29.774  -51.677  -37.210 0.5000000000
24570  36.099  -50.891  -39.393 0.4000000060
24574  27.371  -52.558  -39.703 0.6999999881
24588  28.681  -52.311  -39.787 0.6000000238
24607  27.659  -51.778  -40.872 0.6999999881
24624  35.464  -50.911  -42.285 0.4000000060
25496  17.211  -50.354  -28.267 0.4000000060
25505  20.714  -51.096  -28.975 0.5000000000
25508  14.661  -50.234  -30.044 0.4000000060
25518  21.192  -50.950  -30.522 0.5000000000
25520  15.354  -50.758  -29.875 0.5000000000
25522  13.546  -49.696  -30.835 0.4000000060
25540  23.160  -51.142  -31.604 0.6000000238
25541  22.127  -50.946  -31.506 0.6000000238
25555  21.332  -50.573  -32.197 0.6999999881
25556  20.531  -50.315  -32.060 0.6000000238
25557  14.019  -50.754  -32.815 0.4000000060
25558  13.451  -50.262  -32.352 0.4000000060
25563  26.174  -49.812  -33.850 0.6999999881
25565  24.921  -50.126  -32.822 0.6999999881
25580  26.692  -50.218  -34.491 0.6999999881
25582  14.453  -50.705  -34.145 0.3000000119
25593  32.517  -50.565  -35.708 0.4000000060
25594  31.699  -50.588  -35.649 0.4000000060
25595  31.101  -50.714  -35.747 0.4000000060
25611  33.373  -50.523  -35.943 0.4000000060
25614  27.439  -50.545  -36.880 0.6000000238
25628  34.765  -50.755  -36.954 0.5000000000
25629  30.124  -50.234  -36.809 0.5000000000
25647  27.042  -51.532  -39.571 0.6000000238
25658  36.987  -50.762  -39.343 0.4000000060
25659  28.653  -51.676  -40.322 0.6000000238
25660  28.154  -51.703  -40.884 0.6999999881
25662  26.759  -50.678  -40.989 0.6999999881
25691  27.343  -50.580  -41.663 0.6999999881
26571  19.615  -49.244  -27.900 0.5000000000
26574  16.855  -49.576  -28.139 0.4000000060
26594  20.244  -49.486  -30.701 0.5000000000
26617  24.014  -50.093  -32.641 0.6999999881
26633  22.238  -50.186  -33.041 0.6999999881
26635  20.169  -49.804  -33.263 0.5000000000
26636  12.927  -49.563  -33.061 0.3000000119
26647  25.757  -49.082  -34.128 0.6999999881
26652  14.334  -50.197  -34.816 0.4000000060
26653  13.623  -49.532  -34.659 0.3000000119
26664  32.115  -49.803  -35.586 0.4000000060
26665  31.241  -49.896  -35.736 0.4000000060
26667  26.836  -49.256  -35.258 0.6999999881
26679  33.430  -48.977  -35.674 0.4000000060
26682  26.908  -49.012  -36.809 0.6000000238
26696  27.297  -49.796  -37.323 0.6999999881
26711  30.063  -49.244  -38.130 0.5000000000
26714  26.679  -49.510  -38.938 0.6000000238
26755  26.854  -50.095  -41.921 0.6999999881
27590  19.047  -47.948  -27.448 0.4000000060
27592  17.688  -48.490  -27.517 0.4000000060
27606  20.447  -48.768  -28.949 0.5000000000
27632  19.821  -48.893  -32.095 0.5000000000
27672  25.595  -48.553  -35.591 0.8000000119
27674  23.264  -48.784  -35.449 0.8999999762
27692  32.203  -48.350  -35.939 0.4000000060
27693  31.464  -48.540  -36.235 0.4000000060
27694  30.828  -48.863  -36.616 0.4000000060
27695  25.473  -48.522  -37.052 0.6000000238
27698  23.319  -48.526  -36.982 0.8000000119
27701  19.185  -48.666  -36.675 0.6999999881
27720  24.076  -48.446  -37.752 0.6999999881
27737  29.814  -49.070  -39.089 0.5000000000
27739  25.518  -48.670  -39.048 0.6000000238
27777  25.770  -49.140  -41.356 0.6999999881
27790  28.140  -49.095  -42.007 0.6000000238
27791  24.318  -48.321  -41.754 0.6000000238
27792  23.586  -48.385  -41.684 0.6000000238
27793  22.823  -48.363  -41.521 0.6000000238
27797  26.870  -48.463  -42.503 0.6999999881
28642  19.746  -47.548  -27.661 0.4000000060
28652  17.062  -47.601  -27.861 0.4000000060
28661  21.322  -47.653  -29.467 0.5000000000
28662  20.766  -48.140  -29.265 0.4000000060
28663  16.181  -47.159  -28.879 0.4000000060
28670  24.447  -47.299  -30.215 0.4000000060
28671  23.659  -47.340  -30.261 0.4000000060
28672  22.649  -47.332  -30.306 0.4000000060
28698  21.231  -46.699  -32.638 0.4000000060
28720  19.263  -47.682  -34.682 0.4000000060
28732  33.491  -47.785  -36.396 0.4000000060
28749  31.668  -47.665  -37.448 0.4000000060
28766  33.333  -47.092  -37.976 0.4000000060
28779  30.480  -47.593  -39.821 0.5000000000
28788  21.399  -47.797  -41.520 0.6999999881
28790  18.539  -46.974  -40.990 0.5000000000
28798  28.292  -48.122  -42.280 0.6000000238
28800  23.115  -48.019  -41.876 0.6000000238
28801  22.324  -47.860  -41.763 0.6999999881
28802  21.696  -47.481  -41.660 0.6999999881
28806  26.069  -47.912  -42.410 0.6999999881
28807  25.301  -47.580  -42.240 0.6999999881
29615  20.676  -46.337  -27.675 0.4000000060
29618  18.466  -46.679  -27.492 0.4000000060
29624  22.737  -46.299  -28.563 0.4000000060
29626  21.282  -46.801  -28.129 0.4000000060
29640  21.765  -47.139  -28.783 0.4000000060
29642  16.589  -46.363  -29.075 0.4000000060
29666  25.867  -47.129  -31.192 0.4000000060
29667  23.879  -47.144  -31.696 0.4000000060
29677  26.256  -46.220  -32.647 0.3000000119
29681  22.184  -46.779  -31.867 0.5000000000
29730  19.269  -46.961  -35.399 0.5000000000
29746  18.242  -47.206  -38.020 0.5000000000
29764  18.154  -46.093  -38.352 0.4000000060
29789  17.908  -45.972  -40.621 0.6000000238
29803  30.752  -47.049  -41.845 0.4000000060
29807  20.879  -47.266  -41.515 0.6000000238
29817  30.270  -46.935  -42.708 0.5000000000
29827  27.724  -46.732  -42.630 0.6999999881
29828  27.007  -46.386  -42.444 0.6999999881
29829  25.968  -46.960  -42.395 0.6000000238
29830  25.227  -46.948  -42.215 0.6000000238
30607  19.278  -45.490  -27.565 0.4000000060
30608  18.545  -45.904  -27.632 0.4000000060
30617  18.631  -45.167  -27.922 0.3000000119
30680  26.041  -45.736  -33.455 0.4000000060
30697  25.838  -45.214  -34.280 0.4000000060
30698  24.937  -45.452  -34.464 0.4000000060
30700  22.536  -45.434  -34.222 0.3000000119
30764  23.049  -45.424  -40.177 0.5000000000
30772  27.293  -45.112  -40.499 0.4000000060
30774  25.516  -45.624  -40.811 0.5000000000
30790  24.219  -46.223  -41.454 0.4000000060
30795  31.469  -45.414  -43.494 0.5000000000
30797  29.828  -45.265  -43.457 0.5000000000
30798  28.449  -45.241  -42.795 0.6000000238
31623  25.909  -44.480  -34.899 0.4000000060
31634  24.683  -44.246  -36.029 0.4000000060
31635  24.125  -44.917  -35.974 0.4000000060
31661  22.264  -44.359  -37.204 0.3000000119
31678  18.238  -44.245  -39.682 0.5000000000
31698  18.941  -43.863  -40.299 0.5000000000
31702  29.450  -43.888  -41.206 0.6000000238
32572  25.999  -43.108  -35.302 0.3000000119
32573  25.266  -43.449  -35.792 0.3000000119
33528  21.198  -42.427  -37.543 0.3000000119
33545  22.851  -41.882  -39.071 0.4000000060
33547  20.941  -42.357  -39.384 0.6000000238
34447  20.528  -41.263  -38.063 0.3000000119
35405  21.016  -40.156  -37.033 0.4000000060
35406  20.676  -40.040  -37.493 0.4000000060
35418  20.721  -40.663  -37.573 0.3000000119
36331  22.871  -40.066  -36.398 0.4000000060
36357  21.213  -39.606  -38.271 0.4000000060
37332  21.007  -38.497  -36.805 0.4000000060
38353  20.935  -37.877  -37.010 0.4000000060
40558  21.539  -35.872  -36.657 0.3000000119
126584  20.412  -47.626  -41.264 0.6000000238
127010  23.330  -43.960  -39.286 0.5000000000
127497  13.160  -49.923  -32.701 0.4000000060
129214  33.776  -51.365  -37.381 0.4000000060
129393  27.943  -45.094  -42.131 0.6000000238
130178  22.386  -46.387  -32.471 0.4000000060
130713  24.957  -48.825  -41.083 0.6999999881
130864  20.469  -42.042  -38.568 0.4000000060
131346  16.672  -55.370  -30.443 0.4000000060
131812  33.280  -46.668  -39.445 0.4000000060
132050  20.953  -48.994  -37.105 0.6999999881
132169  22.168  -48.724  -37.045 0.8000000119
132231  34.618  -51.230  -38.806 0.4000000060
133633  19.736  -50.106  -28.108 0.5000000000
135424  16.610  -52.146  -29.675 0.5000000000
135426  17.655  -47.851  -27.515 0.4000000060
135826  20.886  -39.150  -37.863 0.4000000060
136099  22.563  -54.775  -32.374 0.5000000000
136994  30.731  -52.156  -36.274 0.4000000060
137430  38.781  -50.495  -42.655 0.3000000119
139176  20.239  -48.658  -30.799 0.5000000000
139814  31.335  -51.925  -36.057 0.4000000060
139860  20.352  -55.812  -32.915 0.5000000000
139982  19.125  -47.113  -27.405 0.4000000060
140169  19.994  -53.016  -28.871 0.5000000000
140187  24.989  -48.380  -41.785 0.6999999881
141623  13.067  -49.282  -34.210 0.3000000119
142955  20.835  -38.897  -37.348 0.4000000060
143470  27.051  -50.599  -35.095 0.6999999881
143514  24.153  -45.508  -34.387 0.4000000060
144177  21.766  -51.543  -30.145 0.5000000000
144296  24.838  -47.194  -31.672 0.4000000060
144862  34.158  -49.024  -35.831 0.4000000060
146070  23.472  -52.993  -35.562 0.6000000238
146310  21.033  -38.362  -37.447 0.4000000060
146612  22.862  -41.312  -38.911 0.4000000060
148241  21.950  -45.238  -35.305 0.4000000060
148696  19.668  -49.151  -32.940 0.4000000060
148751  26.846  -51.038  -40.685 0.6999999881
149048  17.661  -45.273  -28.740 0.4000000060
149549  23.003  -54.138  -31.121 0.6000000238
