#!ascii label  , from subject sub-v2s7x29800_ses-1 vox2ras=TkReg
1303
66003  -15.081  -3.090  -34.652 0.5555555820
66015  -15.974  -3.305  -35.127 0.6666666865
134655  -16.801  -2.316  -35.777 0.7777777910
66989  -17.532  -2.468  -36.234 0.7777777910
68753  -18.215  -0.427  -36.806 0.8888888955
67926  -20.515  -1.205  -37.187 0.8888888955
137123  -14.046  -3.809  -34.004 0.5555555820
127372  -14.327  -2.674  -34.298 0.5555555820
67889  -15.625  -1.735  -35.216 0.6666666865
115580  -17.955  -1.905  -36.517 0.8888888955
68774  -19.151  -0.745  -37.214 0.8888888955
69634  -20.163  0.279  -37.746 1.0000000000
68777  -21.098  -0.542  -37.297 0.8888888955
69645  -21.796  1.042  -38.115 1.0000000000
67884  -14.408  -1.097  -34.449 0.7777777910
128655  -15.974  -0.190  -35.579 1.0000000000
70467  -15.819  1.068  -35.676 1.0000000000
69615  -16.873  0.431  -36.219 1.0000000000
71338  -18.194  1.895  -37.130 1.0000000000
70476  -17.224  1.129  -36.465 1.0000000000
70493  -19.311  1.619  -37.702 1.0000000000
71337  -17.800  2.568  -36.945 1.0000000000
71345  -19.164  2.371  -37.733 1.0000000000
70504  -19.935  2.045  -38.155 1.0000000000
116105  -22.428  1.726  -38.532 1.0000000000
72131  -19.782  3.026  -38.201 1.0000000000
71351  -20.785  2.459  -38.446 1.0000000000
115503  -23.839  1.584  -39.016 1.0000000000
72141  -23.108  3.267  -39.276 1.0000000000
115533  -24.856  2.820  -39.556 0.7777777910
125199  -14.992  2.127  -35.373 0.8888888955
136600  -16.817  1.740  -36.323 1.0000000000
72126  -18.884  3.134  -37.673 1.0000000000
123662  -16.922  2.595  -36.444 1.0000000000
72125  -18.155  3.248  -37.301 1.0000000000
122060  -19.966  3.875  -38.350 1.0000000000
72133  -21.385  3.785  -38.743 1.0000000000
73033  -22.212  3.990  -39.119 1.0000000000
118382  -24.145  3.668  -39.463 1.0000000000
115214  -24.842  3.570  -39.453 0.8888888955
115219  -24.631  4.382  -39.313 1.0000000000
115528  -24.941  4.583  -38.925 0.7777777910
115215  -24.350  5.071  -37.862 0.7777777910
72998  -14.869  4.154  -35.565 0.5555555820
74690  -16.351  6.042  -36.521 0.7777777910
139605  -16.190  4.750  -36.324 0.8888888955
127402  -18.430  4.802  -37.587 1.0000000000
73023  -18.598  3.940  -37.605 1.0000000000
130026  -17.641  5.143  -37.185 0.8888888955
73824  -19.076  5.331  -38.007 1.0000000000
117756  -20.016  5.303  -38.453 1.0000000000
137701  -21.636  5.236  -39.025 1.0000000000
73847  -23.202  5.276  -39.357 0.8888888955
120314  -22.220  5.632  -39.250 1.0000000000
74728  -23.627  6.151  -39.299 0.8888888955
74706  -24.390  6.587  -37.564 0.7777777910
73814  -25.565  6.131  -35.976 0.6666666865
74692  -25.072  6.886  -36.596 0.6666666865
74677  -13.403  6.219  -35.246 0.4444444478
74689  -15.400  6.136  -36.079 0.7777777910
75538  -14.896  6.945  -35.908 0.6666666865
75564  -17.292  7.336  -37.246 0.7777777910
74703  -17.526  6.612  -37.309 0.8888888955
121184  -18.784  6.259  -37.928 0.8888888955
73836  -20.933  5.269  -38.675 1.0000000000
73834  -19.165  6.769  -38.191 1.0000000000
138851  -21.180  6.570  -39.061 1.0000000000
74726  -22.055  6.526  -39.343 1.0000000000
125815  -23.040  6.846  -39.463 0.8888888955
129563  -23.745  7.056  -39.296 0.7777777910
75565  -24.279  7.278  -38.326 0.7777777910
74693  -26.034  6.864  -36.076 0.5555555820
123354  -24.318  8.019  -38.247 0.7777777910
75554  -25.565  7.788  -36.677 0.6666666865
76510  -14.420  8.609  -35.876 0.6666666865
75549  -14.152  7.687  -35.713 0.6666666865
75551  -16.505  7.562  -36.758 0.7777777910
123226  -16.246  8.424  -36.690 0.7777777910
74717  -18.546  7.147  -37.878 0.8888888955
76526  -17.877  7.908  -37.602 1.0000000000
76534  -18.699  8.073  -38.088 1.0000000000
75575  -19.994  7.649  -38.691 1.0000000000
131100  -21.431  7.263  -39.275 0.8888888955
76547  -22.581  8.313  -39.751 0.8888888955
75589  -23.727  7.944  -39.329 0.8888888955
132365  -24.193  7.661  -38.767 0.7777777910
76545  -20.937  8.649  -39.467 0.8888888955
76548  -23.300  8.566  -39.684 0.7777777910
76549  -23.726  8.884  -39.318 0.7777777910
76527  -24.884  8.558  -37.577 0.7777777910
76516  -25.829  8.685  -36.933 0.6666666865
77512  -13.533  9.242  -35.721 0.6666666865
76500  -13.260  8.300  -35.573 0.5555555820
76511  -15.400  8.928  -36.316 0.7777777910
123934  -16.731  8.831  -37.054 0.8888888955
120762  -17.390  8.826  -37.413 0.8888888955
121033  -18.199  8.873  -37.817 1.0000000000
75586  -21.667  8.099  -39.542 0.8888888955
77564  -23.208  9.442  -39.815 0.7777777910
116962  -24.050  9.699  -38.918 0.7777777910
77544  -25.089  10.077  -37.925 0.6666666865
78471  -26.708  9.973  -37.057 0.5555555820
77533  -27.135  9.342  -36.712 0.5555555820
77523  -14.617  9.514  -36.005 0.7777777910
78449  -13.901  10.219  -35.836 0.6666666865
77524  -15.432  9.786  -36.378 0.8888888955
77542  -17.575  9.823  -37.569 1.0000000000
77551  -18.528  9.800  -38.130 1.0000000000
77561  -20.478  9.971  -39.549 0.8888888955
135110  -20.990  9.372  -39.691 0.8888888955
77562  -21.465  10.015  -40.062 0.8888888955
119105  -22.766  9.005  -39.968 0.8888888955
78508  -23.709  10.409  -39.340 0.7777777910
133657  -24.579  11.020  -38.765 0.7777777910
78497  -24.848  10.625  -38.400 0.7777777910
78484  -26.402  10.593  -37.450 0.5555555820
78518  -22.756  11.041  -40.080 0.7777777910
79388  -25.306  11.298  -38.396 0.5555555820
79375  -27.010  11.254  -37.466 0.5555555820
80271  -25.309  11.936  -38.727 0.6666666865
79330  -11.242  11.386  -35.279 0.4444444478
130020  -13.098  10.818  -35.715 0.5555555820
79351  -15.365  11.334  -36.350 0.7777777910
78480  -16.762  10.433  -37.154 1.0000000000
78464  -15.418  10.560  -36.388 0.8888888955
78481  -17.339  10.740  -37.447 1.0000000000
78494  -18.595  10.599  -38.278 0.8888888955
78503  -19.808  10.685  -39.198 0.8888888955
78504  -20.715  10.772  -39.846 0.8888888955
78506  -22.286  10.495  -40.248 0.8888888955
79399  -24.670  11.563  -38.940 0.6666666865
79389  -26.302  12.037  -38.200 0.5555555820
81080  -15.341  13.517  -35.836 0.6666666865
80234  -14.270  12.235  -35.881 0.6666666865
80236  -16.032  12.341  -36.494 0.7777777910
129049  -18.009  12.043  -37.744 0.8888888955
126045  -18.790  11.988  -38.487 0.7777777910
79386  -19.475  11.512  -39.002 0.8888888955
80283  -19.623  12.332  -39.118 0.7777777910
79395  -20.171  11.524  -39.495 0.8888888955
80285  -21.248  12.335  -40.214 0.7777777910
79397  -21.767  11.666  -40.367 0.7777777910
79405  -22.896  11.718  -40.094 0.6666666865
81152  -22.361  13.072  -40.568 0.6666666865
80298  -23.909  12.662  -40.138 0.6666666865
138679  -24.073  12.272  -39.730 0.6666666865
134909  -24.201  11.836  -39.408 0.5555555820
81155  -25.046  14.052  -40.539 0.6666666865
81154  -24.488  13.333  -40.361 0.5555555820
116758  -26.629  13.839  -39.116 0.5555555820
80272  -27.167  12.723  -38.215 0.4444444478
81923  -25.833  14.126  -39.852 0.5555555820
123244  -14.238  15.094  -35.300 0.3333333433
81872  -14.251  14.799  -35.386 0.3333333433
81884  -15.964  13.966  -35.959 0.5555555820
81089  -16.207  13.445  -36.295 0.6666666865
81885  -16.900  13.895  -36.652 0.5555555820
81090  -17.109  13.289  -36.934 0.7777777910
80270  -19.000  12.911  -38.566 0.7777777910
81124  -19.222  13.696  -38.641 0.6666666865
81138  -19.559  13.158  -39.035 0.6666666865
128228  -20.694  13.089  -39.839 0.6666666865
129808  -21.806  13.897  -40.520 0.6666666865
81153  -23.583  13.925  -40.921 0.6666666865
119343  -24.338  14.020  -40.890 0.6666666865
82737  -26.731  15.225  -39.836 0.5555555820
81939  -26.182  14.870  -40.027 0.6666666865
82691  -16.049  15.648  -35.745 0.4444444478
139156  -15.398  16.212  -35.332 0.4444444478
82706  -16.659  15.036  -36.317 0.4444444478
82708  -17.999  16.021  -37.184 0.5555555820
119904  -17.535  14.640  -37.033 0.5555555820
82715  -18.015  15.043  -37.381 0.6666666865
81895  -18.237  14.212  -37.763 0.6666666865
81904  -19.333  14.499  -38.633 0.6666666865
81125  -19.996  13.899  -39.322 0.6666666865
81935  -23.039  14.702  -41.062 0.6666666865
125364  -25.543  15.304  -41.093 0.6666666865
83530  -27.446  16.551  -40.056 0.5555555820
82756  -27.035  15.819  -39.945 0.6666666865
83499  -17.840  16.854  -36.813 0.4444444478
128940  -19.348  15.243  -38.519 0.6666666865
81896  -18.725  14.995  -38.064 0.6666666865
81905  -19.869  14.991  -39.024 0.6666666865
81139  -20.962  13.925  -40.003 0.6666666865
81921  -20.567  14.795  -39.604 0.6666666865
81936  -23.968  14.702  -41.331 0.6666666865
67906  -17.581  -1.120  -36.432 0.8888888955
125357  -15.708  -0.890  -35.355 1.0000000000
132962  -16.569  -0.116  -35.940 1.0000000000
69616  -17.681  0.399  -36.627 1.0000000000
69644  -20.873  0.958  -38.148 1.0000000000
123330  -13.805  6.878  -35.529 0.5555555820
75587  -22.367  7.470  -39.522 0.8888888955
78448  -12.793  9.838  -35.641 0.5555555820
80220  -11.866  12.774  -35.475 0.5555555820
128311  -14.819  10.206  -36.118 0.7777777910
122450  -22.942  10.224  -40.028 0.8888888955
81066  -11.286  12.900  -35.140 0.2222222239
80288  -25.611  12.549  -38.922 0.6666666865
80269  -18.270  12.782  -38.003 0.7777777910
81126  -26.484  13.016  -38.669 0.4444444478
82717  -19.092  15.916  -38.152 0.6666666865
75537  -13.057  7.438  -35.398 0.4444444478
77511  -12.334  8.867  -35.519 0.4444444478
83514  -27.812  15.966  -39.631 0.5555555820
82739  -28.609  15.625  -39.362 0.5555555820
83489  -15.059  17.089  -34.668 0.2222222239
136043  -15.954  16.615  -35.395 0.3333333433
83515  -28.382  16.516  -39.704 0.5555555820
65030  -14.992  -4.480  -34.434 0.5555555820
65031  -15.790  -4.701  -34.804 0.5555555820
66016  -16.740  -3.538  -35.578 0.5555555820
66017  -17.174  -3.007  -35.892 0.5555555820
67908  -19.939  -1.858  -37.057 0.7777777910
67927  -21.039  -1.276  -36.934 0.8888888955
63193  -14.401  -5.043  -34.046 0.5555555820
66039  -17.968  -3.185  -36.331 0.6666666865
128945  -18.335  -2.579  -36.536 0.6666666865
139339  -19.414  -2.024  -36.942 0.8888888955
68754  -21.540  -0.913  -36.606 0.7777777910
68778  -21.731  -0.132  -36.803 0.7777777910
70478  -22.554  1.257  -36.851 0.8888888955
65029  -13.686  -4.093  -33.745 0.4444444478
66955  -13.967  -1.719  -33.999 0.5555555820
70507  -22.792  1.657  -38.431 1.0000000000
68730  -14.095  -0.222  -34.170 0.2222222239
68737  -14.490  -0.345  -34.595 0.6666666865
115404  -23.974  1.953  -38.465 0.8888888955
115736  -23.877  3.395  -37.521 0.6666666865
115213  -24.547  4.008  -38.284 0.7777777910
115228  -24.613  4.724  -36.240 0.6666666865
128322  -14.687  1.025  -35.082 0.5555555820
115938  -25.224  5.243  -35.928 0.6666666865
71328  -14.434  2.665  -35.096 0.4444444478
73804  -26.235  5.440  -35.633 0.5555555820
74694  -27.168  6.548  -35.884 0.5555555820
73786  -13.291  5.204  -34.774 0.2222222239
75555  -26.646  7.475  -36.233 0.5555555820
122546  -13.094  6.832  -35.287 0.4444444478
76517  -26.724  8.715  -36.633 0.5555555820
76470  -10.959  8.447  -34.935 0.3333333433
77534  -28.023  9.303  -36.618 0.5555555820
125653  -11.752  11.052  -35.501 0.4444444478
78486  -28.561  10.676  -37.301 0.4444444478
79312  -10.517  11.761  -33.920 0.3333333433
80261  -28.449  12.102  -37.860 0.5555555820
80273  -28.032  12.800  -38.160 0.4444444478
82689  -13.629  15.119  -35.218 0.3333333433
81871  -13.387  14.733  -35.289 0.3333333433
81906  -28.180  14.058  -38.734 0.4444444478
82740  -29.598  15.586  -39.437 0.4444444478
83516  -29.244  16.371  -39.612 0.2222222239
83491  -16.662  17.089  -35.645 0.3333333433
82716  -18.462  15.918  -37.608 0.6666666865
82722  -20.305  15.666  -39.275 0.6666666865
81922  -21.300  14.741  -40.228 0.6666666865
82753  -22.415  15.545  -40.903 0.6666666865
82754  -23.366  15.633  -41.373 0.6666666865
83547  -26.109  16.774  -41.425 0.6666666865
82766  -25.836  15.976  -41.214 0.6666666865
83529  -26.582  16.314  -40.629 0.6666666865
83531  -28.024  17.254  -40.156 0.4444444478
83532  -29.827  16.944  -39.915 0.3333333433
83505  -19.432  16.771  -38.341 0.5555555820
66002  -14.318  -3.458  -34.229 0.5555555820
123000  -14.805  -3.816  -34.456 0.5555555820
65045  -15.511  -3.895  -34.763 0.6666666865
66966  -15.697  -2.520  -35.121 0.6666666865
136066  -16.437  -2.804  -35.487 0.7777777910
131819  -16.191  -2.200  -35.432 0.7777777910
67890  -16.361  -1.634  -35.591 0.8888888955
66988  -17.128  -1.736  -36.091 0.8888888955
138120  -18.833  -0.206  -37.196 1.0000000000
68752  -17.235  -0.306  -36.329 1.0000000000
67905  -16.654  -0.872  -35.866 1.0000000000
68776  -20.442  -0.498  -37.479 1.0000000000
67925  -19.898  -1.086  -37.317 0.8888888955
64086  -14.185  -4.200  -34.061 0.5555555820
65996  -13.425  -3.614  -33.558 0.4444444478
66001  -13.967  -3.253  -34.012 0.5555555820
127405  -14.052  -2.399  -34.105 0.5555555820
66956  -14.219  -1.831  -34.254 0.6666666865
66957  -14.872  -2.014  -34.723 0.6666666865
67888  -14.983  -1.094  -34.879 0.8888888955
67907  -18.498  -1.325  -36.811 0.8888888955
69633  -19.337  0.002  -37.431 1.0000000000
69635  -20.993  0.224  -37.786 1.0000000000
69632  -18.587  0.448  -37.146 1.0000000000
129965  -19.362  0.807  -37.581 1.0000000000
121873  -21.532  0.365  -37.510 1.0000000000
67883  -14.127  -1.100  -34.159 0.5555555820
69605  -14.658  0.301  -34.896 0.8888888955
69606  -15.371  0.529  -35.418 0.8888888955
68738  -14.995  -0.457  -35.014 1.0000000000
69614  -16.183  0.457  -35.773 1.0000000000
70466  -15.159  1.391  -35.410 0.8888888955
71329  -15.940  1.967  -35.846 1.0000000000
70477  -17.987  1.174  -36.864 1.0000000000
127088  -17.514  1.848  -36.672 1.0000000000
70492  -18.679  1.322  -37.338 1.0000000000
70505  -20.633  1.658  -38.292 1.0000000000
70506  -21.413  1.646  -38.390 1.0000000000
70495  -22.980  1.686  -38.102 0.8888888955
71352  -21.831  2.339  -38.672 1.0000000000
72132  -20.642  3.450  -38.492 1.0000000000
135232  -21.323  3.051  -38.642 1.0000000000
71359  -23.002  2.201  -39.104 1.0000000000
132035  -24.907  1.833  -39.245 0.8888888955
115501  -25.066  2.779  -38.781 0.7777777910
71336  -16.060  3.042  -36.061 1.0000000000
120726  -15.241  2.797  -35.553 0.5555555820
72124  -17.470  3.381  -36.818 1.0000000000
72117  -16.716  3.554  -36.446 0.8888888955
73022  -17.878  4.103  -37.256 1.0000000000
73031  -19.644  4.567  -38.256 1.0000000000
73032  -20.596  4.413  -38.530 1.0000000000
133781  -21.488  4.600  -38.861 1.0000000000
73846  -22.291  4.842  -39.195 1.0000000000
73837  -24.658  5.143  -39.009 0.8888888955
118558  -24.472  5.602  -38.450 0.7777777910
73825  -24.711  6.052  -36.549 0.6666666865
72997  -14.058  4.109  -35.092 0.5555555820
72106  -14.628  3.424  -35.320 0.5555555820
127254  -14.330  4.789  -35.399 0.6666666865
128776  -15.126  4.784  -35.772 0.6666666865
72115  -15.445  3.585  -35.778 0.7777777910
73010  -15.721  4.360  -36.054 0.7777777910
73812  -15.782  5.254  -36.197 0.7777777910
119039  -15.943  6.887  -36.399 0.6666666865
74702  -16.845  6.749  -36.871 0.8888888955
73813  -16.722  5.131  -36.600 0.8888888955
74691  -17.180  5.973  -36.976 0.8888888955
73012  -17.182  4.258  -36.734 0.8888888955
73823  -18.314  5.683  -37.611 0.8888888955
73845  -21.383  5.891  -39.019 1.0000000000
74729  -24.160  6.209  -39.044 0.8888888955
74705  -24.310  6.325  -38.737 0.7777777910
75566  -24.661  7.579  -37.400 0.6666666865
135108  -26.420  6.131  -35.756 0.5555555820
74678  -14.400  6.189  -35.603 0.5555555820
74676  -12.631  6.393  -34.963 0.3333333433
73797  -13.068  5.679  -34.850 0.3333333433
73799  -14.848  5.428  -35.700 0.6666666865
75550  -15.401  7.859  -36.250 0.6666666865
124564  -17.879  7.091  -37.552 0.8888888955
73835  -19.543  6.091  -38.326 1.0000000000
75574  -19.260  7.456  -38.309 1.0000000000
75588  -23.227  7.711  -39.568 0.7777777910
119302  -24.053  8.076  -38.986 0.7777777910
126234  -26.366  8.155  -36.539 0.5555555820
76525  -17.025  8.129  -37.172 0.8888888955
76535  -19.439  8.252  -38.506 1.0000000000
77543  -24.631  9.462  -38.131 0.7777777910
118814  -25.424  9.366  -37.477 0.6666666865
76499  -12.253  7.977  -35.343 0.4444444478
77541  -16.783  9.540  -37.153 0.8888888955
120766  -18.941  8.913  -38.321 1.0000000000
77553  -20.304  9.214  -39.253 0.8888888955
77565  -23.569  9.686  -39.447 0.7777777910
129404  -27.065  10.503  -37.136 0.5555555820
78472  -27.501  9.986  -36.834 0.5555555820
78447  -12.098  10.379  -35.571 0.5555555820
137458  -13.861  10.870  -35.810 0.6666666865
78465  -16.132  10.107  -36.704 0.8888888955
77560  -19.744  9.775  -39.029 1.0000000000
77563  -22.482  9.688  -40.123 0.8888888955
78507  -23.245  10.711  -39.737 0.8888888955
79374  -26.095  11.189  -37.842 0.6666666865
78517  -22.219  11.163  -40.324 0.8888888955
80260  -27.522  12.103  -37.792 0.5555555820
126175  -11.763  11.805  -35.524 0.5555555820
79334  -13.832  11.474  -35.816 0.5555555820
130926  -16.114  10.942  -36.674 1.0000000000
79352  -16.046  11.731  -36.601 0.7777777910
79350  -14.667  11.626  -36.072 0.7777777910
79371  -18.328  11.291  -38.069 0.8888888955
79369  -16.806  11.364  -37.095 0.7777777910
81078  -13.078  13.944  -35.419 0.5555555820
80222  -13.720  13.055  -35.648 0.5555555820
81079  -14.245  13.936  -35.557 0.4444444478
80223  -14.783  12.931  -35.818 0.6666666865
80237  -16.463  12.787  -36.617 0.6666666865
80235  -15.277  12.154  -36.229 0.7777777910
121007  -13.308  12.249  -35.710 0.7777777910
80221  -12.684  13.034  -35.583 0.6666666865
80257  -17.573  12.718  -37.435 0.7777777910
80255  -16.596  12.161  -36.851 0.7777777910
80297  -23.282  12.187  -40.059 0.6666666865
80295  -22.045  12.340  -40.461 0.6666666865
133949  -23.947  13.368  -40.638 0.6666666865
124550  -23.251  13.026  -40.541 0.6666666865
81141  -25.124  13.358  -39.926 0.5555555820
138399  -25.170  12.786  -39.474 0.5555555820
81143  -27.529  14.335  -39.041 0.4444444478
81127  -27.517  13.494  -38.573 0.4444444478
82738  -27.563  15.203  -39.445 0.5555555820
81873  -15.159  14.219  -35.630 0.4444444478
126825  -15.390  14.392  -35.665 0.5555555820
81123  -18.528  13.543  -38.154 0.7777777910
81937  -24.901  14.802  -41.224 0.6666666865
82755  -26.209  15.459  -40.504 0.6666666865
82707  -17.773  15.605  -37.053 0.5555555820
82764  -24.372  15.522  -41.589 0.6666666865
125767  -12.151  9.488  -35.540 0.4444444478
81076  -11.538  13.302  -35.189 0.3333333433
75536  -12.286  7.139  -35.090 0.4444444478
118136  -11.721  8.411  -35.302 0.4444444478
83517  -29.951  16.228  -39.709 0.3333333433
84321  -29.709  17.870  -40.266 0.3333333433
67909  -20.661  -1.848  -36.819 0.6666666865
64076  -13.522  -4.853  -33.618 0.4444444478
132751  -22.961  1.945  -37.232 0.7777777910
65023  -13.118  -4.391  -33.394 0.3333333433
66000  -13.721  -2.726  -33.770 0.4444444478
135897  -24.164  4.062  -36.455 0.6666666865
73798  -13.875  5.502  -35.297 0.3333333433
117859  -13.578  5.103  -35.061 0.3333333433
72980  -13.384  4.242  -34.416 0.1111111119
73785  -12.744  6.212  -34.762 0.1111111119
115863  -11.699  7.836  -35.108 0.4444444478
77509  -11.257  9.330  -35.246 0.3333333433
122910  -11.273  9.970  -35.339 0.3333333433
81870  -12.584  14.635  -35.131 0.3333333433
84318  -26.996  17.196  -40.823 0.6666666865
84320  -28.650  17.956  -40.273 0.4444444478
119908  -19.864  -5.570  -35.139 0.4444444478
62296  -22.553  -7.125  -34.862 0.2222222239
64088  -16.072  -5.601  -34.744 0.4444444478
64089  -16.905  -5.855  -35.084 0.4444444478
64111  -16.576  -4.973  -35.235 0.4444444478
64112  -17.389  -5.183  -35.498 0.4444444478
64114  -19.033  -5.476  -35.451 0.4444444478
65050  -20.182  -4.288  -35.822 0.4444444478
65052  -22.010  -4.791  -35.199 0.2222222239
65071  -18.394  -3.923  -36.262 0.4444444478
65072  -19.375  -3.988  -36.236 0.4444444478
65053  -23.428  -4.404  -35.439 0.1111111119
65054  -24.128  -4.692  -35.714 0.1111111119
65073  -20.081  -3.657  -36.201 0.4444444478
118495  -22.124  -3.271  -35.465 0.3333333433
66018  -20.725  -3.746  -35.839 0.3333333433
66968  -22.661  -2.763  -35.448 0.3333333433
66021  -23.952  -3.814  -35.494 0.2222222239
66042  -20.463  -3.101  -36.269 0.4444444478
66043  -21.240  -3.122  -35.823 0.3333333433
66040  -18.889  -3.164  -36.539 0.5555555820
66041  -19.737  -3.153  -36.484 0.4444444478
67892  -23.596  -1.756  -35.467 0.2222222239
133354  -25.262  -1.787  -35.569 0.1111111119
66994  -26.530  -2.347  -36.602 0.1111111119
118061  -22.731  -2.059  -35.526 0.3333333433
68740  -23.746  -0.918  -35.537 0.3333333433
68755  -22.206  -0.557  -36.128 0.4444444478
69617  -22.445  0.279  -36.345 0.5555555820
127077  -23.337  0.782  -35.941 0.6666666865
127022  -26.096  0.397  -35.669 0.4444444478
115211  -27.352  1.109  -36.428 0.3333333433
70479  -23.347  1.891  -36.485 0.6666666865
115229  -25.559  2.165  -35.578 0.5555555820
115227  -24.936  2.419  -35.665 0.5555555820
115221  -26.895  2.319  -35.704 0.5555555820
115220  -26.858  1.488  -35.793 0.4444444478
138719  -27.231  2.806  -35.809 0.3333333433
115553  -24.050  2.658  -36.223 0.5555555820
73002  -26.973  4.026  -35.604 0.4444444478
73805  -26.953  4.862  -35.585 0.5555555820
115232  -25.951  3.674  -35.556 0.4444444478
73815  -27.076  5.627  -35.685 0.4444444478
82752  -21.597  15.551  -40.421 0.5555555820
83512  -20.630  16.216  -39.499 0.5555555820
83544  -23.931  16.315  -41.679 0.5555555820
83546  -25.405  16.492  -41.711 0.5555555820
84332  -26.320  17.537  -41.751 0.5555555820
63222  -18.517  -6.103  -35.133 0.4444444478
63225  -22.086  -6.413  -34.905 0.2222222239
65046  -16.276  -4.103  -35.206 0.4444444478
66020  -23.058  -3.498  -35.375 0.2222222239
66970  -24.454  -2.279  -35.485 0.2222222239
66971  -25.178  -2.721  -35.641 0.1111111119
68741  -24.743  -0.859  -35.511 0.4444444478
68742  -25.700  -0.898  -35.639 0.3333333433
68756  -23.048  -0.257  -35.753 0.4444444478
126831  -23.973  1.343  -35.847 0.6666666865
69608  -25.330  0.859  -35.581 0.4444444478
115225  -27.533  3.327  -35.986 0.3333333433
73806  -27.388  4.502  -35.741 0.4444444478
75556  -27.669  7.305  -36.239 0.4444444478
136366  -22.104  17.037  -40.752 0.5555555820
84316  -22.774  17.308  -41.038 0.5555555820
65070  -17.519  -3.757  -35.995 0.4444444478
68757  -26.683  -0.053  -36.008 0.2222222239
84333  -26.977  17.878  -41.340 0.5555555820
62268  -17.025  -7.358  -34.479 0.4444444478
62269  -17.884  -7.388  -34.581 0.4444444478
63197  -18.799  -6.989  -34.664 0.4444444478
62294  -20.770  -7.084  -34.632 0.2222222239
62273  -22.087  -7.765  -34.622 0.2222222239
120334  -22.852  -7.618  -34.684 0.1111111119
132492  -14.670  -5.818  -33.987 0.4444444478
63195  -16.418  -6.597  -34.562 0.4444444478
64116  -22.511  -5.730  -35.133 0.1111111119
123260  -23.812  -5.330  -35.652 0.1111111119
65055  -24.670  -5.512  -36.137 0.1111111119
66023  -25.453  -3.720  -36.093 0.1111111119
127083  -26.244  -3.433  -36.721 0.1111111119
67911  -26.711  -1.381  -36.615 0.1111111119
138607  -27.196  -0.340  -37.321 0.2222222239
115537  -27.741  1.636  -37.022 0.1111111119
68758  -27.234  0.248  -36.715 0.2222222239
115222  -28.034  2.299  -37.579 0.2222222239
132902  -27.988  3.121  -36.822 0.2222222239
138204  -27.920  3.610  -36.425 0.3333333433
121266  -27.788  5.802  -36.007 0.4444444478
74695  -28.256  6.491  -36.363 0.3333333433
74696  -28.847  6.898  -36.808 0.3333333433
120381  -27.208  8.024  -36.395 0.4444444478
75557  -28.436  7.431  -36.522 0.3333333433
81077  -12.138  13.851  -35.289 0.4444444478
79376  -28.052  11.391  -37.472 0.4444444478
81907  -28.858  14.155  -38.783 0.3333333433
83502  -18.223  16.860  -37.197 0.4444444478
84319  -27.691  17.931  -40.699 0.5555555820
83506  -20.157  16.646  -38.941 0.5555555820
130808  -20.666  16.850  -39.414 0.5555555820
83528  -23.232  16.535  -41.382 0.5555555820
85132  -25.789  17.996  -42.481 0.5555555820
123991  -26.530  18.291  -42.000 0.5555555820
84309  -20.968  17.431  -39.629 0.5555555820
64087  -15.242  -5.306  -34.390 0.4444444478
66991  -19.436  -2.496  -36.753 0.5555555820
66992  -20.196  -2.501  -36.684 0.5555555820
131773  -21.959  -1.193  -36.045 0.6666666865
118135  -24.837  3.317  -35.819 0.5555555820
115688  -26.101  4.589  -35.552 0.4444444478
76519  -28.614  8.437  -36.654 0.4444444478
81926  -29.180  14.863  -39.094 0.3333333433
65047  -17.065  -4.355  -35.626 0.4444444478
67891  -22.119  -1.695  -35.824 0.3333333433
66993  -20.957  -2.455  -36.342 0.3333333433
136347  -20.617  -5.718  -34.928 0.4444444478
123722  -20.264  -6.301  -34.768 0.3333333433
124481  -20.422  -5.034  -35.299 0.4444444478
63223  -19.371  -6.222  -34.924 0.4444444478
63224  -21.155  -6.347  -34.776 0.3333333433
63194  -15.470  -6.179  -34.285 0.4444444478
63196  -17.329  -6.635  -34.823 0.4444444478
63221  -17.723  -5.969  -35.210 0.4444444478
65048  -17.878  -4.558  -35.911 0.4444444478
64113  -18.210  -5.351  -35.575 0.4444444478
65049  -18.742  -4.699  -35.933 0.4444444478
124944  -19.584  -4.829  -35.682 0.4444444478
64115  -21.410  -5.486  -35.008 0.4444444478
65051  -21.020  -4.511  -35.406 0.4444444478
66019  -21.575  -3.899  -35.460 0.4444444478
123036  -22.980  -5.057  -35.288 0.1111111119
123854  -22.545  -4.137  -35.329 0.2222222239
66022  -24.738  -4.373  -35.881 0.1111111119
66967  -21.852  -2.411  -35.762 0.3333333433
66969  -23.588  -2.745  -35.413 0.2222222239
123238  -24.609  -3.263  -35.568 0.2222222239
67893  -24.370  -1.507  -35.489 0.2222222239
67894  -26.164  -1.652  -35.917 0.1111111119
66972  -25.863  -2.603  -35.947 0.1111111119
68739  -22.724  -1.173  -35.649 0.3333333433
131668  -24.075  -0.073  -35.547 0.4444444478
70468  -24.445  0.706  -35.608 0.4444444478
69618  -26.830  0.707  -35.914 0.3333333433
69607  -25.237  -0.020  -35.561 0.4444444478
68743  -26.425  -0.799  -36.010 0.3333333433
115209  -27.146  0.671  -38.447 0.1111111119
69609  -26.131  1.162  -35.619 0.4444444478
70470  -25.292  1.661  -35.583 0.5555555820
124321  -27.726  4.984  -35.930 0.4444444478
83527  -22.615  16.387  -41.037 0.5555555820
83513  -21.173  16.435  -39.947 0.5555555820
84331  -25.605  17.267  -42.067 0.5555555820
129976  -18.038  -6.617  -34.904 0.4444444478
84310  -22.007  17.956  -40.465 0.5555555820
124655  -26.899  -0.548  -36.634 0.2222222239
137920  -18.038  -8.022  -34.367 0.4444444478
62270  -19.448  -7.844  -34.484 0.4444444478
62271  -20.368  -7.856  -34.534 0.2222222239
62293  -19.833  -7.031  -34.619 0.4444444478
138819  -14.257  -6.135  -33.733 0.4444444478
64117  -23.415  -5.955  -35.447 0.1111111119
63226  -22.996  -6.530  -35.165 0.1111111119
65074  -25.359  -5.075  -36.567 0.1111111119
56769  -17.246  -13.629  -30.217 0.1111111119
58535  -14.176  -11.274  -32.186 0.3333333433
57598  -16.805  -12.502  -31.588 0.2222222239
56783  -17.219  -13.026  -30.805 0.2222222239
122147  -17.872  -13.286  -30.094 0.1111111119
57582  -18.096  -12.619  -30.572 0.1111111119
135741  -13.000  -8.745  -32.628 0.3333333433
59463  -12.735  -9.969  -32.069 0.3333333433
59464  -13.585  -10.471  -32.270 0.3333333433
59466  -15.516  -10.724  -32.654 0.3333333433
59467  -16.451  -10.742  -32.827 0.3333333433
57612  -16.377  -11.991  -32.126 0.2222222239
59468  -17.346  -11.090  -32.726 0.2222222239
57599  -17.654  -12.279  -31.330 0.2222222239
57600  -18.483  -11.923  -31.049 0.1111111119
58522  -18.029  -11.766  -31.761 0.2222222239
62249  -12.371  -7.137  -32.790 0.2222222239
62240  -12.650  -7.949  -32.740 0.2222222239
62239  -12.083  -7.800  -32.417 0.2222222239
60349  -13.314  -9.541  -32.475 0.3333333433
60350  -14.238  -9.797  -32.640 0.3333333433
60351  -15.134  -10.008  -32.802 0.3333333433
58539  -18.168  -11.242  -32.394 0.1111111119
63180  -12.716  -6.436  -33.138 0.2222222239
61309  -13.512  -8.136  -33.058 0.3333333433
62251  -14.119  -7.447  -33.404 0.3333333433
62252  -15.133  -7.691  -33.656 0.3333333433
61311  -15.596  -8.659  -33.487 0.3333333433
60364  -16.277  -9.250  -33.451 0.3333333433
130508  -17.680  -9.713  -33.616 0.3333333433
61313  -17.555  -9.020  -33.886 0.3333333433
59484  -18.227  -10.187  -33.465 0.3333333433
59469  -18.875  -10.640  -33.007 0.1111111119
60367  -19.111  -9.935  -33.749 0.2222222239
130443  -12.492  -5.799  -33.105 0.2222222239
125590  -13.104  -5.691  -33.363 0.3333333433
133420  -14.737  -6.674  -33.777 0.3333333433
62266  -15.711  -7.077  -34.083 0.3333333433
61326  -16.715  -7.890  -34.163 0.3333333433
61312  -16.660  -8.625  -33.826 0.3333333433
61327  -17.446  -8.139  -34.226 0.3333333433
60366  -18.293  -9.486  -33.867 0.3333333433
64075  -12.751  -5.143  -33.237 0.3333333433
62267  -16.393  -7.378  -34.258 0.3333333433
61328  -18.272  -8.646  -34.195 0.3333333433
125376  -18.586  -7.918  -34.441 0.3333333433
73014  -28.221  4.584  -36.560 0.2222222239
73816  -28.449  5.397  -36.652 0.2222222239
73024  -28.647  4.566  -37.403 0.2222222239
78474  -29.078  9.966  -37.164 0.3333333433
139093  -28.694  9.357  -36.801 0.2222222239
58536  -15.067  -11.362  -32.375 0.3333333433
60363  -15.689  -9.546  -33.160 0.3333333433
132798  -16.428  -9.934  -33.212 0.3333333433
135979  -18.010  -10.745  -33.015 0.3333333433
124423  -19.136  -8.632  -34.340 0.3333333433
56768  -16.584  -13.709  -30.583 0.1111111119
58533  -12.755  -10.790  -31.821 0.3333333433
58534  -13.390  -11.232  -31.956 0.3333333433
57609  -13.763  -11.905  -31.833 0.3333333433
57610  -14.633  -12.008  -32.066 0.3333333433
57597  -15.944  -12.644  -31.777 0.3333333433
55996  -18.154  -14.392  -29.250 0.1111111119
56770  -18.513  -12.930  -29.965 0.1111111119
139734  -12.640  -9.274  -32.279 0.3333333433
57583  -18.850  -12.346  -30.282 0.1111111119
131724  -19.170  -11.809  -30.629 0.1111111119
63169  -11.969  -7.062  -32.429 0.2222222239
58540  -19.048  -11.043  -32.060 0.1111111119
59485  -19.637  -10.212  -33.274 0.1111111119
60368  -20.047  -9.858  -33.844 0.1111111119
60378  -19.637  -9.366  -34.203 0.1111111119
61329  -19.993  -8.642  -34.435 0.1111111119
65022  -12.661  -4.661  -33.112 0.1111111119
74707  -28.971  6.154  -37.096 0.2222222239
78488  -29.806  10.495  -38.037 0.2222222239
77546  -29.725  9.615  -37.734 0.2222222239
68736  -14.115  0.515  -34.261 0.5555555820
64077  -13.924  -5.651  -33.695 0.4444444478
75558  -29.073  7.578  -36.949 0.2222222239
56754  -18.566  -13.689  -29.511 0.1111111119
56782  -16.318  -13.194  -31.237 0.1111111119
59465  -14.621  -10.614  -32.502 0.3333333433
57611  -15.509  -12.036  -32.148 0.3333333433
61296  -12.270  -8.635  -32.283 0.2222222239
60348  -12.241  -9.458  -31.914 0.2222222239
58537  -15.945  -11.393  -32.447 0.3333333433
133672  -15.844  -10.194  -32.934 0.3333333433
121465  -16.699  -11.427  -32.474 0.2222222239
61297  -13.898  -8.961  -32.855 0.3333333433
118871  -18.566  -11.473  -31.710 0.1111111119
62250  -13.116  -7.279  -33.148 0.3333333433
63170  -12.231  -6.360  -32.827 0.2222222239
63181  -13.693  -6.470  -33.477 0.3333333433
61310  -14.515  -8.361  -33.277 0.3333333433
60362  -14.849  -9.221  -33.042 0.3333333433
59483  -17.316  -10.306  -33.238 0.3333333433
59470  -19.769  -10.482  -32.408 0.1111111119
64067  -12.294  -5.533  -32.865 0.2222222239
62253  -16.041  -7.899  -33.932 0.3333333433
60377  -18.893  -9.255  -34.120 0.3333333433
56015  -16.091  -14.404  -30.338 0.1111111119
58520  -12.184  -11.064  -31.306 0.2222222239
57595  -14.219  -12.654  -31.710 0.3333333433
56781  -15.499  -13.271  -31.455 0.3333333433
60347  -11.922  -8.962  -31.836 0.2222222239
73838  -29.057  5.312  -37.724 0.1111111119
73034  -29.088  4.447  -38.520 0.1111111119
73849  -29.961  5.315  -39.834 0.1111111119
73839  -29.472  5.318  -38.777 0.1111111119
75577  -29.805  6.858  -38.462 0.1111111119
135833  -30.068  6.589  -39.423 0.1111111119
76520  -29.324  8.243  -37.158 0.1111111119
74719  -30.154  7.107  -39.220 0.1111111119
76528  -29.835  8.540  -37.888 0.1111111119
76538  -30.364  8.434  -39.035 0.1111111119
80275  -29.582  12.588  -38.538 0.2222222239
77547  -30.160  9.133  -38.379 0.1111111119
81144  -30.023  13.763  -39.141 0.1111111119
81128  -28.495  13.469  -38.501 0.2222222239
81927  -30.047  14.698  -39.369 0.1111111119
81130  -29.985  13.067  -38.898 0.1111111119
81156  -31.153  14.109  -40.323 0.1111111119
82741  -30.495  15.567  -39.878 0.1111111119
85101  -19.497  18.608  -37.967 0.4444444478
84304  -20.407  17.629  -39.030 0.4444444478
82757  -31.064  16.014  -40.567 0.1111111119
127387  -23.547  17.129  -41.570 0.4444444478
85123  -29.166  18.678  -40.489 0.3333333433
84323  -31.121  17.579  -40.848 0.1111111119
83533  -30.509  16.496  -40.136 0.1111111119
83548  -31.416  17.015  -41.253 0.1111111119
84329  -23.921  17.748  -41.833 0.4444444478
84317  -23.233  17.977  -41.287 0.4444444478
85147  -24.840  18.579  -42.886 0.4444444478
84330  -25.088  17.864  -42.544 0.4444444478
85133  -26.011  18.740  -42.826 0.4444444478
85944  -27.641  19.802  -41.723 0.4444444478
133936  -28.575  19.892  -41.230 0.4444444478
85936  -28.695  19.204  -40.810 0.2222222239
85945  -30.125  20.056  -41.150 0.2222222239
85938  -30.300  19.407  -40.942 0.2222222239
85947  -31.531  19.780  -41.948 0.2222222239
127478  -31.339  19.043  -41.545 0.2222222239
90097  -32.027  24.904  -44.388 0.1111111119
88099  -32.046  22.700  -43.406 0.1111111119
132695  -31.789  19.207  -43.210 0.1111111119
85102  -20.098  18.826  -38.490 0.4444444478
85113  -21.684  18.904  -39.815 0.4444444478
85111  -20.731  18.432  -39.246 0.4444444478
85121  -22.981  18.829  -40.869 0.3333333433
85130  -23.646  18.618  -41.554 0.4444444478
131555  -25.530  19.879  -43.633 0.4444444478
86701  -26.673  20.964  -43.111 0.4444444478
85954  -26.958  20.178  -42.507 0.4444444478
119520  -26.918  19.158  -42.132 0.4444444478
86702  -27.971  20.499  -41.801 0.4444444478
136197  -26.983  22.220  -43.321 0.3333333433
87390  -29.359  21.581  -41.749 0.3333333433
88085  -30.262  22.023  -41.929 0.1111111119
87392  -30.837  21.414  -41.858 0.1111111119
87393  -31.436  21.405  -42.263 0.1111111119
86697  -31.263  20.347  -41.762 0.2222222239
86704  -31.634  20.602  -42.318 0.1111111119
87405  -32.149  21.792  -43.377 0.1111111119
85103  -20.690  19.488  -38.803 0.2222222239
85942  -24.031  19.190  -41.987 0.3333333433
85943  -24.269  19.654  -42.707 0.3333333433
127007  -27.480  20.934  -42.393 0.4444444478
88088  -27.789  22.554  -42.768 0.2222222239
88089  -28.604  22.801  -42.458 0.2222222239
132373  -29.450  22.627  -42.201 0.2222222239
116644  -30.512  22.932  -42.403 0.1111111119
88810  -28.919  23.928  -42.796 0.1111111119
138528  -28.989  23.268  -42.510 0.1111111119
88811  -29.717  23.519  -42.562 0.1111111119
88091  -31.379  22.810  -42.718 0.1111111119
89444  -29.771  24.438  -42.950 0.1111111119
89453  -31.211  24.154  -43.159 0.1111111119
88812  -31.068  23.464  -42.782 0.1111111119
85120  -22.329  18.870  -40.317 0.3333333433
85934  -23.440  19.557  -40.977 0.3333333433
85935  -23.938  20.144  -41.548 0.3333333433
86693  -24.279  20.510  -42.543 0.3333333433
86708  -25.293  20.521  -43.959 0.3333333433
87404  -25.814  21.041  -43.907 0.3333333433
88098  -26.960  22.966  -43.519 0.2222222239
88809  -28.110  23.366  -42.858 0.2222222239
88820  -28.044  24.141  -43.205 0.1111111119
89451  -30.302  25.133  -43.298 0.1111111119
89457  -31.665  24.635  -43.730 0.1111111119
91414  -31.327  26.950  -44.736 0.1111111119
86689  -23.973  20.898  -39.255 0.1111111119
87384  -24.755  21.232  -40.530 0.1111111119
87389  -24.455  21.354  -42.340 0.2222222239
88083  -24.528  22.065  -43.287 0.2222222239
87402  -24.730  21.476  -43.935 0.3333333433
88816  -24.780  23.319  -44.171 0.2222222239
117225  -25.676  21.679  -44.126 0.3333333433
88095  -24.815  22.372  -44.137 0.3333333433
88825  -25.531  23.707  -44.466 0.2222222239
89449  -26.132  24.394  -44.413 0.1111111119
90085  -26.894  25.192  -44.194 0.1111111119
90086  -28.140  25.552  -43.691 0.1111111119
89443  -28.711  24.695  -43.206 0.1111111119
90088  -29.994  25.873  -43.544 0.1111111119
90745  -29.714  26.634  -43.812 0.1111111119
90089  -30.823  25.685  -43.634 0.1111111119
90101  -32.216  25.232  -45.174 0.1111111119
116728  -32.410  24.533  -45.783 0.1111111119
88079  -25.314  22.284  -40.699 0.1111111119
87385  -24.835  21.575  -41.130 0.1111111119
138487  -24.891  23.630  -42.029 0.1111111119
89442  -24.453  24.733  -43.125 0.1111111119
89448  -24.515  24.970  -43.911 0.1111111119
88824  -24.900  23.837  -44.423 0.2222222239
90750  -25.265  25.912  -44.711 0.1111111119
90093  -24.914  25.117  -44.515 0.1111111119
91411  -25.574  27.757  -45.161 0.1111111119
131563  -27.168  26.061  -44.350 0.1111111119
90753  -27.481  27.482  -44.783 0.1111111119
90744  -28.684  27.005  -44.146 0.1111111119
115849  -25.583  23.833  -41.088 0.1111111119
90074  -24.819  25.300  -42.472 0.1111111119
120773  -24.939  26.086  -42.390 0.1111111119
90735  -24.571  26.484  -43.351 0.1111111119
91389  -24.733  27.559  -43.539 0.1111111119
90742  -25.054  27.425  -44.603 0.1111111119
136732  -25.888  26.157  -40.926 0.1111111119
90067  -26.178  25.777  -40.300 0.1111111119
90727  -25.517  26.505  -41.482 0.1111111119
73040  -29.577  4.586  -39.485 0.1111111119
73826  -29.429  6.091  -38.067 0.1111111119
74730  -29.817  6.053  -39.121 0.1111111119
74731  -30.349  6.022  -40.284 0.1111111119
78498  -30.336  10.623  -38.756 0.1111111119
126063  -30.245  9.833  -38.498 0.1111111119
135950  -29.974  11.154  -38.400 0.1111111119
81928  -30.751  14.711  -39.889 0.1111111119
85134  -27.381  18.511  -41.344 0.4444444478
85937  -29.502  19.481  -40.832 0.3333333433
85136  -30.779  18.923  -40.989 0.2222222239
85125  -30.599  18.141  -40.665 0.1111111119
132462  -31.497  18.423  -41.767 0.1111111119
125200  -31.520  16.387  -41.705 0.1111111119
85148  -25.312  18.604  -42.991 0.4444444478
85955  -31.815  19.870  -42.693 0.2222222239
88090  -31.064  22.131  -42.229 0.1111111119
88092  -31.747  22.043  -42.723 0.1111111119
133805  -32.270  21.344  -44.047 0.1111111119
85959  -25.015  19.939  -43.742 0.3333333433
137449  -31.785  24.005  -43.590 0.1111111119
88808  -24.553  23.129  -43.607 0.2222222239
90094  -25.754  25.152  -44.675 0.1111111119
89439  -25.045  24.528  -41.992 0.1111111119
91412  -26.257  28.119  -45.331 0.1111111119
91386  -24.989  28.010  -42.332 0.1111111119
116514  -25.580  27.422  -41.394 0.1111111119
73859  -31.501  5.021  -41.026 0.1111111119
73850  -30.750  5.186  -40.699 0.1111111119
79378  -29.486  11.268  -38.024 0.2222222239
80274  -28.863  12.752  -38.289 0.2222222239
84301  -19.152  17.787  -37.857 0.4444444478
122829  -21.324  18.139  -39.825 0.4444444478
85953  -26.131  19.539  -43.101 0.4444444478
85951  -24.814  19.249  -43.310 0.4444444478
86703  -28.301  21.287  -41.983 0.4444444478
87399  -28.521  22.118  -42.233 0.2222222239
88801  -25.845  23.155  -40.239 0.1111111119
90726  -24.888  27.036  -42.357 0.1111111119
73051  -31.193  4.509  -40.809 0.1111111119
73039  -29.221  3.815  -39.349 0.1111111119
73041  -30.292  4.578  -40.267 0.1111111119
73861  -32.281  5.520  -40.540 0.1111111119
73052  -31.886  4.538  -40.954 0.1111111119
125159  -31.511  6.478  -41.258 0.1111111119
75602  -30.814  7.138  -40.863 0.1111111119
76562  -30.994  7.778  -41.244 0.1111111119
77566  -30.624  8.859  -39.805 0.1111111119
127884  -30.704  10.842  -39.566 0.1111111119
78509  -30.629  9.815  -39.473 0.1111111119
129121  -30.790  11.923  -39.665 0.1111111119
80299  -31.325  12.451  -41.128 0.1111111119
126725  -31.455  14.002  -41.453 0.1111111119
128909  -31.492  14.914  -41.794 0.1111111119
123138  -31.598  17.129  -43.009 0.1111111119
123049  -31.569  16.365  -42.618 0.1111111119
130355  -31.351  17.970  -45.243 0.1111111119
86713  -31.892  20.086  -44.569 0.1111111119
85926  -21.329  19.704  -39.119 0.2222222239
85927  -22.128  19.638  -39.552 0.2222222239
135858  -22.611  19.860  -39.713 0.2222222239
87410  -32.219  21.457  -45.017 0.1111111119
126632  -23.225  20.505  -39.113 0.1111111119
86692  -23.662  20.217  -40.570 0.2222222239
136169  -32.440  23.721  -45.559 0.1111111119
116142  -32.389  24.000  -46.307 0.1111111119
86677  -22.663  20.539  -38.327 0.1111111119
86678  -23.450  20.986  -38.289 0.1111111119
87380  -25.131  22.072  -39.158 0.1111111119
88075  -25.650  22.471  -39.714 0.1111111119
90758  -32.159  25.988  -45.790 0.1111111119
119569  -25.397  22.900  -38.718 0.1111111119
88783  -25.619  23.652  -38.272 0.1111111119
92080  -27.201  28.811  -45.375 0.1111111119
92081  -28.621  28.748  -45.088 0.1111111119
92083  -30.747  27.786  -44.775 0.1111111119
118248  -31.248  28.197  -45.991 0.1111111119
89435  -26.125  24.160  -39.923 0.1111111119
118890  -26.256  25.052  -39.824 0.1111111119
91390  -25.051  28.511  -43.185 0.1111111119
92750  -26.468  29.604  -45.062 0.1111111119
119595  -25.589  28.338  -41.429 0.1111111119
80262  -29.177  12.011  -38.100 0.1111111119
84322  -30.513  17.320  -40.362 0.1111111119
85135  -27.919  19.197  -41.295 0.4444444478
74708  -29.330  6.862  -37.437 0.1111111119
81908  -29.485  14.197  -39.010 0.2222222239
129273  -22.652  18.196  -40.802 0.4444444478
75567  -29.599  7.624  -37.687 0.1111111119
74741  -30.836  6.420  -40.884 0.1111111119
76550  -30.641  8.027  -40.221 0.1111111119
80276  -30.219  12.342  -38.936 0.1111111119
138336  -31.033  13.460  -39.999 0.1111111119
80290  -31.118  12.702  -40.186 0.1111111119
82767  -31.446  15.740  -41.277 0.1111111119
84334  -31.454  17.747  -41.545 0.1111111119
86694  -28.897  20.731  -41.470 0.2222222239
132642  -29.396  20.194  -41.172 0.2222222239
86696  -30.666  20.653  -41.543 0.1111111119
85149  -31.659  18.984  -42.335 0.1111111119
88826  -32.350  23.670  -44.609 0.1111111119
136920  -31.936  25.416  -44.564 0.1111111119
87407  -32.332  22.107  -44.192 0.1111111119
88821  -32.116  23.512  -43.848 0.1111111119
137480  -32.438  23.110  -45.098 0.1111111119
88105  -32.363  22.370  -45.102 0.1111111119
85173  -31.573  18.601  -44.636 0.1111111119
85167  -31.663  18.566  -43.767 0.1111111119
85960  -31.966  19.960  -43.545 0.2222222239
87398  -27.450  21.694  -42.710 0.3333333433
86710  -32.018  20.606  -43.053 0.2222222239
86700  -24.574  20.154  -43.423 0.3333333433
89445  -30.603  24.516  -43.090 0.1111111119
85933  -22.746  19.500  -40.226 0.3333333433
85928  -23.095  20.068  -39.961 0.1111111119
86707  -24.775  20.726  -43.962 0.3333333433
116358  -25.851  22.947  -44.294 0.2222222239
88819  -27.363  23.705  -43.429 0.1111111119
89450  -27.822  24.784  -43.559 0.1111111119
90746  -30.488  26.307  -43.800 0.1111111119
90754  -31.170  26.278  -44.103 0.1111111119
90100  -31.822  26.042  -44.789 0.1111111119
91417  -31.342  27.610  -45.444 0.1111111119
87379  -24.708  21.342  -39.662 0.1111111119
124230  -24.206  20.733  -40.401 0.1111111119
88096  -25.327  22.253  -44.307 0.3333333433
115756  -27.128  24.326  -43.760 0.1111111119
90095  -26.195  26.001  -44.796 0.1111111119
90743  -27.887  26.546  -44.190 0.1111111119
90087  -28.990  26.165  -43.681 0.1111111119
132825  -30.460  27.064  -44.150 0.1111111119
91402  -29.421  27.317  -44.177 0.1111111119
88084  -24.719  22.190  -41.928 0.1111111119
132225  -25.244  21.725  -40.138 0.1111111119
88805  -25.174  22.972  -41.421 0.1111111119
88804  -24.627  22.981  -42.607 0.1111111119
131874  -24.492  23.861  -42.923 0.1111111119
90084  -24.658  25.794  -44.057 0.1111111119
89441  -24.556  24.070  -43.840 0.1111111119
89455  -24.769  24.488  -44.304 0.1111111119
90741  -24.850  26.675  -44.303 0.1111111119
90751  -25.545  26.775  -44.996 0.1111111119
90752  -26.551  26.968  -44.980 0.1111111119
91400  -25.658  28.592  -44.963 0.1111111119
91401  -28.331  27.939  -44.729 0.1111111119
89434  -25.939  24.791  -40.806 0.1111111119
90066  -25.533  25.585  -41.483 0.1111111119
91399  -25.148  28.217  -44.344 0.1111111119
72143  -29.741  3.842  -39.969 0.1111111119
128610  -31.345  5.734  -41.068 0.1111111119
79390  -29.810  11.816  -38.460 0.1111111119
127735  -31.610  17.979  -42.426 0.1111111119
86719  -31.877  20.656  -45.317 0.1111111119
92079  -26.260  28.939  -45.315 0.1111111119
115596  -25.241  28.719  -42.240 0.1111111119
74742  -32.036  5.933  -41.152 0.1111111119
88792  -25.860  23.280  -39.257 0.1111111119
134943  -31.314  13.311  -40.748 0.1111111119
124982  -31.609  17.871  -43.410 0.1111111119
117923  -31.573  19.908  -45.618 0.1111111119
87413  -32.051  21.835  -45.946 0.1111111119
131813  -23.646  20.459  -39.854 0.1111111119
120203  -22.131  20.584  -37.694 0.1111111119
88109  -32.284  22.789  -46.003 0.1111111119
87368  -24.263  21.702  -38.450 0.1111111119
91413  -29.669  27.920  -44.540 0.1111111119
92070  -25.554  28.782  -43.877 0.1111111119
92742  -27.128  29.556  -43.343 0.1111111119
122241  -13.359  -12.536  -31.475 0.2222222239
70464  -14.126  1.917  -34.409 0.2222222239
71327  -14.087  2.658  -34.575 0.2222222239
69604  -14.229  1.177  -34.511 0.3333333433
70465  -14.412  1.849  -34.916 0.4444444478
84300  -18.522  17.872  -37.224 0.3333333433
84296  -18.017  17.883  -36.600 0.2222222239
85092  -18.775  19.797  -36.220 0.1111111119
85098  -19.669  19.535  -37.536 0.1111111119
82675  -12.371  14.793  -34.959 0.2222222239
81868  -11.846  14.043  -35.080 0.1111111119
68735  -13.945  0.620  -33.846 0.2222222239
81860  -12.016  14.442  -34.951 0.1111111119
83488  -14.168  16.786  -34.418 0.1111111119
83475  -14.867  17.322  -34.113 0.1111111119
136320  -17.592  18.921  -35.787 0.1111111119
85903  -18.684  20.260  -35.685 0.1111111119
85911  -19.361  19.855  -36.702 0.1111111119
85915  -20.300  19.962  -37.872 0.1111111119
83490  -15.875  17.682  -34.829 0.1111111119
66946  -13.759  -2.173  -33.736 0.2222222239
68729  -13.949  -0.029  -33.951 0.2222222239
74675  -12.341  6.665  -34.781 0.2222222239
84291  -17.703  18.122  -36.203 0.1111111119
75527  -11.868  7.162  -34.560 0.3333333433
85096  -18.332  18.917  -36.444 0.3333333433
85097  -19.009  18.976  -37.166 0.1111111119
69603  -13.906  1.368  -34.003 0.2222222239
84290  -16.517  18.197  -35.182 0.1111111119
122645  -17.785  18.929  -35.983 0.1111111119
85091  -18.172  19.801  -35.644 0.1111111119
83476  -15.625  17.923  -34.157 0.1111111119
84288  -16.137  18.595  -34.326 0.1111111119
85082  -16.393  19.161  -34.007 0.1111111119
84295  -17.736  19.545  -35.543 0.1111111119
118244  -27.332  -1.027  -38.340 0.1111111119
56778  -13.038  -13.059  -31.168 0.1111111119
56780  -14.691  -13.316  -31.480 0.1111111119
56024  -15.125  -13.831  -31.229 0.1111111119
57581  -11.592  -12.427  -30.529 0.1111111119
57593  -11.969  -11.843  -30.923 0.1111111119
59443  -12.241  -10.262  -31.577 0.1111111119
60327  -11.898  -9.743  -31.434 0.1111111119
66928  -13.458  -2.613  -33.361 0.1111111119
71296  -14.102  2.708  -34.221 0.1111111119
71318  -14.110  2.747  -34.418 0.1111111119
77493  -10.997  9.521  -35.008 0.2222222239
78430  -11.276  10.397  -35.343 0.2222222239
77473  -11.021  10.370  -34.159 0.2222222239
78409  -10.949  11.138  -33.763 0.2222222239
72104  -14.018  3.589  -34.672 0.1111111119
72105  -14.173  3.251  -34.928 0.1111111119
56764  -11.761  -13.131  -30.469 0.1111111119
56766  -13.076  -13.714  -30.930 0.1111111119
56022  -13.729  -14.120  -31.026 0.1111111119
57580  -11.264  -12.204  -30.387 0.1111111119
58519  -11.509  -11.501  -30.663 0.1111111119
59442  -11.762  -10.659  -31.051 0.1111111119
59441  -11.496  -10.036  -30.961 0.1111111119
60326  -11.661  -9.225  -31.346 0.1111111119
61275  -11.731  -8.460  -31.718 0.1111111119
62238  -11.772  -7.758  -32.069 0.1111111119
66910  -13.035  -3.275  -32.899 0.1111111119
67855  -13.863  -1.757  -33.767 0.1111111119
69596  -13.973  0.346  -33.750 0.1111111119
77474  -11.354  10.095  -33.883 0.2222222239
79306  -10.952  12.193  -33.055 0.2222222239
80193  -10.866  13.042  -32.735 0.1111111119
56767  -15.792  -13.837  -30.969 0.1111111119
80201  -10.555  12.567  -33.375 0.2222222239
81067  -11.515  13.631  -35.043 0.1111111119
132807  -14.028  -0.744  -34.025 0.1111111119
76461  -10.940  8.516  -34.934 0.2222222239
72996  -13.658  4.217  -34.680 0.1111111119
64051  -11.970  -6.307  -32.421 0.1111111119
65995  -13.281  -3.120  -33.304 0.1111111119
61295  -11.909  -8.320  -32.107 0.1111111119
58521  -12.796  -11.681  -31.503 0.1111111119
57594  -12.554  -12.448  -31.102 0.1111111119
56779  -13.792  -13.373  -31.332 0.1111111119
69597  -13.739  1.049  -34.071 0.1111111119
67874  -14.009  -1.258  -33.936 0.1111111119
56765  -12.414  -13.128  -30.797 0.1111111119
139510  -11.573  -11.983  -30.613 0.1111111119
138911  -11.837  -11.244  -30.962 0.1111111119
66911  -13.578  -2.471  -32.335 0.1111111119
77475  -11.944  9.604  -33.835 0.1111111119
128891  -11.248  -10.864  -30.584 0.1111111119
125496  -12.759  -3.812  -32.818 0.1111111119
68713  -14.004  -1.114  -33.808 0.1111111119
125198  -12.004  12.578  -33.223 0.1111111119
80194  -11.558  13.175  -32.926 0.1111111119
82676  -12.724  16.347  -34.507 0.1111111119
76471  -11.169  7.921  -34.848 0.1111111119
82667  -12.172  16.000  -34.106 0.1111111119
82668  -12.748  16.521  -33.989 0.1111111119
57596  -15.079  -12.674  -31.819 0.3333333433
58538  -17.306  -11.790  -32.102 0.2222222239
60365  -16.986  -9.492  -33.565 0.3333333433
62295  -21.684  -7.127  -34.718 0.2222222239
62297  -23.310  -7.044  -35.041 0.1111111119
66990  -18.829  -2.090  -36.792 0.8888888955
67910  -21.422  -1.692  -36.348 0.3333333433
67912  -27.102  -1.001  -37.403 0.1111111119
68775  -19.826  -0.443  -37.480 1.0000000000
68779  -27.224  -0.437  -38.215 0.2222222239
69636  -22.227  1.092  -37.765 0.8888888955
70469  -24.674  1.286  -35.641 0.6666666865
70471  -26.129  1.911  -35.581 0.5555555820
70475  -16.471  1.119  -36.057 1.0000000000
70480  -24.320  1.894  -35.854 0.5555555820
70494  -20.070  1.215  -38.017 1.0000000000
70513  -23.359  1.659  -38.929 1.0000000000
70514  -23.980  1.800  -39.168 1.0000000000
71344  -18.463  2.507  -37.384 1.0000000000
71360  -24.177  2.466  -39.357 0.7777777910
72085  -13.809  3.801  -34.598 0.1111111119
72116  -16.099  3.769  -36.156 0.8888888955
72118  -28.293  3.845  -36.974 0.3333333433
72140  -22.101  3.093  -38.991 1.0000000000
73011  -16.457  4.295  -36.398 0.8888888955
73013  -27.798  4.121  -36.080 0.3333333433
73037  -23.129  4.288  -39.339 1.0000000000
73038  -23.922  4.601  -39.397 1.0000000000
73770  -13.033  5.877  -34.805 0.1111111119
73848  -24.183  5.291  -39.249 0.8888888955
73860  -31.988  5.186  -41.113 0.1111111119
74704  -18.142  6.472  -37.609 0.8888888955
74718  -19.817  6.868  -38.501 1.0000000000
74725  -20.593  7.055  -38.866 0.8888888955
74727  -22.863  6.096  -39.364 1.0000000000
75514  -11.335  7.055  -35.024 0.3333333433
75576  -24.102  7.242  -39.034 0.7777777910
75578  -30.054  7.684  -38.619 0.1111111119
75585  -20.771  7.840  -39.169 1.0000000000
75590  -30.383  7.551  -39.669 0.1111111119
76484  -11.249  7.777  -34.843 0.4444444478
76498  -11.290  8.535  -35.151 0.4444444478
76518  -27.651  8.618  -36.509 0.5555555820
76536  -20.162  8.442  -38.958 1.0000000000
76537  -24.227  8.798  -38.548 0.7777777910
76546  -21.846  9.006  -39.911 0.8888888955
77483  -10.949  8.941  -34.990 0.2222222239
77494  -11.059  9.073  -35.094 0.3333333433
77508  -11.224  9.802  -35.256 0.2222222239
77510  -11.640  8.981  -35.361 0.4444444478
77525  -16.141  9.288  -36.686 0.8888888955
77532  -26.275  9.359  -37.014 0.5555555820
77535  -29.274  9.042  -37.100 0.2222222239
77545  -25.910  10.008  -37.436 0.5555555820
77552  -19.627  9.022  -38.766 1.0000000000
77554  -24.532  10.091  -38.467 0.6666666865
77555  -30.447  9.224  -38.992 0.1111111119
78417  -10.807  11.055  -34.041 0.2222222239
78445  -11.045  10.575  -35.345 0.2222222239
78446  -11.438  10.483  -35.361 0.3333333433
78463  -14.559  10.913  -36.040 0.6666666865
78473  -28.309  10.016  -36.852 0.3333333433
78482  -18.005  10.622  -37.799 1.0000000000
78483  -25.566  10.659  -37.879 0.6666666865
78485  -27.750  10.648  -37.132 0.5555555820
78487  -29.213  10.670  -37.600 0.2222222239
78495  -19.168  10.240  -38.632 0.8888888955
78496  -24.257  10.493  -38.870 0.7777777910
78505  -21.575  10.940  -40.261 0.8888888955
79305  -10.692  12.012  -33.399 0.2222222239
79307  -11.784  11.928  -33.326 0.2222222239
79331  -11.382  11.269  -35.369 0.4444444478
79332  -12.314  11.298  -35.623 0.5555555820
79333  -12.989  11.593  -35.691 0.5555555820
79370  -17.624  11.367  -37.557 0.7777777910
79377  -28.840  11.372  -37.691 0.4444444478
79385  -19.012  11.052  -38.634 0.8888888955
79387  -24.134  11.078  -39.145 0.7777777910
79391  -30.345  11.471  -38.912 0.1111111119
79396  -20.962  11.575  -40.102 0.7777777910
79398  -23.666  11.219  -39.499 0.7777777910
79404  -22.436  11.689  -40.298 0.6666666865
79406  -23.235  11.450  -39.832 0.6666666865
80192  -10.716  12.841  -32.922 0.2222222239
80209  -10.443  12.362  -34.129 0.2222222239
80218  -11.206  12.238  -35.217 0.2222222239
80219  -11.330  12.269  -35.302 0.4444444478
80256  -17.256  12.057  -37.288 0.7777777910
80284  -20.456  12.300  -39.694 0.7777777910
80286  -23.701  11.939  -39.721 0.5555555820
80287  -24.871  12.214  -39.211 0.6666666865
80289  -30.587  13.059  -39.444 0.1111111119
80296  -22.736  12.324  -40.327 0.6666666865
81048  -10.613  13.191  -33.020 0.1111111119
81049  -10.787  13.461  -32.863 0.1111111119
81050  -11.145  13.768  -32.908 0.1111111119
81057  -10.500  13.166  -33.742 0.1111111119
81088  -15.700  12.854  -36.216 0.6666666865
81108  -17.870  13.446  -37.581 0.7777777910
81129  -29.342  13.447  -38.699 0.2222222239
81140  -24.530  12.634  -39.755 0.6666666865
81142  -25.783  13.279  -39.331 0.5555555820
81151  -21.521  13.099  -40.332 0.6666666865
81161  -31.405  12.991  -41.758 0.1111111119
81852  -11.697  15.146  -33.704 0.1111111119
81869  -12.146  14.478  -35.020 0.1111111119
81894  -17.587  14.089  -37.220 0.6666666865
81903  -18.788  14.185  -38.251 0.6666666865
81924  -26.751  14.615  -39.533 0.5555555820
81925  -28.347  14.728  -39.030 0.3333333433
81934  -22.107  14.710  -40.741 0.6666666865
81938  -25.612  14.749  -40.609 0.6666666865
81940  -31.259  15.034  -40.644 0.1111111119
82688  -12.899  15.024  -35.101 0.1111111119
82690  -14.814  14.773  -35.473 0.3333333433
82692  -16.727  16.036  -36.049 0.3333333433
82721  -19.707  15.857  -38.708 0.6666666865
82736  -20.918  15.559  -39.841 0.5555555820
82765  -25.154  15.691  -41.507 0.6666666865
83503  -18.786  16.833  -37.758 0.4444444478
83526  -21.870  16.352  -40.598 0.5555555820
83534  -31.071  16.813  -40.645 0.1111111119
83545  -24.725  16.316  -41.742 0.5555555820
84279  -16.121  18.721  -33.894 0.1111111119
84303  -19.776  17.701  -38.470 0.4444444478
84311  -28.998  17.208  -39.842 0.5555555820
84315  -21.556  17.210  -40.228 0.5555555820
85074  -16.576  19.213  -33.666 0.1111111119
85086  -16.636  19.181  -34.599 0.1111111119
85112  -21.109  18.973  -39.419 0.4444444478
85122  -28.252  18.608  -40.729 0.4444444478
85124  -30.041  18.769  -40.628 0.2222222239
85131  -24.345  18.306  -42.339 0.4444444478
85137  -31.190  18.326  -41.159 0.1111111119
85159  -31.689  18.530  -43.005 0.1111111119
85946  -30.921  19.760  -41.352 0.2222222239
85952  -25.432  19.283  -43.392 0.4444444478
86695  -29.790  20.763  -41.410 0.2222222239
86709  -26.051  20.306  -43.493 0.4444444478
86714  -32.151  20.670  -43.837 0.2222222239
87391  -30.206  21.297  -41.646 0.1111111119
87396  -24.510  21.022  -43.385 0.3333333433
87397  -26.439  21.627  -43.584 0.3333333433
87400  -31.911  21.281  -42.817 0.1111111119
87403  -25.073  21.396  -44.246 0.3333333433
88097  -26.166  22.249  -43.975 0.2222222239
88102  -32.345  22.933  -44.344 0.1111111119
88813  -31.621  23.456  -43.208 0.1111111119
88817  -25.098  23.065  -44.440 0.3333333433
88818  -26.465  23.668  -44.028 0.1111111119
89452  -31.071  24.960  -43.411 0.1111111119
89456  -25.271  24.429  -44.586 0.2222222239
89458  -32.125  24.203  -44.145 0.1111111119
89461  -32.332  24.397  -44.906 0.1111111119
90081  -24.494  25.571  -43.274 0.1111111119
90096  -31.559  25.453  -44.004 0.1111111119
92071  -26.181  29.064  -44.569 0.1111111119
92091  -30.857  28.400  -45.421 0.1111111119
115208  -27.491  0.862  -37.458 0.1111111119
115216  -27.371  1.804  -36.123 0.4444444478
115217  -28.382  3.078  -37.843 0.2222222239
115224  -24.314  5.809  -37.336 0.6666666865
115226  -23.371  2.694  -37.114 0.8888888955
115230  -25.874  2.706  -35.557 0.5555555820
115231  -26.783  3.139  -35.617 0.3333333433
115419  -27.616  2.487  -36.332 0.3333333433
115457  -27.288  0.153  -37.820 0.2222222239
115485  -24.984  4.141  -39.216 0.7777777910
115548  -25.164  4.267  -35.770 0.6666666865
115590  -24.010  4.691  -36.986 0.6666666865
115607  -24.555  2.270  -38.548 0.8888888955
115614  -25.058  3.791  -39.263 0.8888888955
115802  -24.375  20.932  -41.409 0.1111111119
115968  -29.355  25.309  -43.350 0.1111111119
116399  -23.325  10.081  -39.687 0.8888888955
116519  -24.497  3.125  -39.468 0.7777777910
117513  -18.736  1.940  -37.469 1.0000000000
117858  -24.395  5.332  -36.672 0.7777777910
117996  -23.937  3.313  -36.516 0.5555555820
119210  -13.265  -2.264  -32.793 0.1111111119
119547  -27.960  7.949  -36.420 0.4444444478
120630  -19.294  3.852  -37.985 1.0000000000
122357  -30.505  23.852  -42.774 0.1111111119
122814  -12.435  12.133  -35.633 0.7777777910
123013  -31.762  19.285  -44.111 0.1111111119
123192  -30.628  13.990  -39.640 0.1111111119
123431  -24.989  17.074  -42.037 0.5555555820
123485  -24.485  18.949  -42.764 0.4444444478
124404  -11.825  9.838  -35.520 0.3333333433
124560  -11.242  12.641  -32.862 0.1111111119
124562  -31.566  17.110  -42.068 0.1111111119
124623  -17.767  5.993  -37.370 0.8888888955
124808  -28.646  3.823  -38.051 0.1111111119
125276  -30.399  6.810  -40.094 0.1111111119
125750  -26.650  29.403  -45.355 0.1111111119
126399  -31.530  17.863  -44.348 0.1111111119
126568  -24.309  16.996  -41.874 0.5555555820
127384  -15.338  -0.156  -35.297 1.0000000000
127718  -20.049  12.958  -39.408 0.6666666865
129072  -22.699  13.859  -40.810 0.6666666865
130014  -10.575  11.738  -34.471 0.3333333433
131516  -17.674  -13.964  -29.693 0.1111111119
131531  -31.373  16.402  -41.029 0.1111111119
133214  -22.007  0.557  -37.017 1.0000000000
134342  -32.136  20.843  -44.554 0.1111111119
134657  -20.490  6.156  -38.644 1.0000000000
135134  -26.990  28.313  -45.281 0.1111111119
135251  -31.221  20.900  -41.882 0.1111111119
135436  -19.318  -1.552  -37.073 0.8888888955
136306  -24.572  17.561  -42.165 0.4444444478
136842  -15.719  13.794  -35.901 0.5555555820
137069  -18.874  -2.593  -36.676 0.6666666865
137257  -32.146  21.155  -43.393 0.2222222239
137265  -26.033  23.635  -39.585 0.1111111119
137515  -19.210  9.545  -38.569 0.8888888955
137813  -19.009  4.515  -37.869 1.0000000000
137872  -29.456  10.196  -37.591 0.2222222239
138109  -17.003  12.612  -37.007 0.7777777910
139019  -26.082  -0.275  -35.712 0.3333333433
139630  -12.014  -12.564  -30.741 0.1111111119
