#!ascii label  , from subject sub-v2s7x29800_ses-1 vox2ras=TkReg
437
22347  -22.112  -51.896  -34.479 0.6999999881
22358  -21.892  -52.054  -35.541 0.6000000238
22371  -21.606  -52.338  -36.808 0.6000000238
121992  -21.846  -52.791  -37.466 0.4000000060
24034  -18.674  -48.953  -29.766 0.6999999881
25710  -18.629  -47.777  -30.364 0.6999999881
24908  -19.038  -48.450  -30.297 0.6000000238
24035  -19.416  -49.277  -30.283 0.6999999881
24922  -19.754  -48.678  -30.838 0.6000000238
23177  -19.900  -49.968  -30.529 0.6000000238
24049  -19.984  -49.462  -31.060 0.6000000238
22319  -20.681  -50.840  -31.622 0.6000000238
24050  -20.308  -49.715  -31.895 0.6000000238
24934  -20.639  -49.153  -32.165 0.5000000000
124943  -20.359  -50.348  -32.282 0.5000000000
24063  -20.351  -49.825  -32.900 0.5000000000
23199  -20.413  -50.206  -34.225 0.6000000238
22335  -21.457  -51.325  -34.061 0.6000000238
23203  -20.871  -50.761  -34.602 0.6000000238
23207  -20.996  -50.737  -35.484 0.6000000238
23206  -20.797  -50.293  -36.303 0.6000000238
25709  -17.873  -47.528  -30.385 0.6000000238
118927  -19.726  -47.143  -30.564 0.6000000238
129543  -19.360  -47.848  -30.497 0.6000000238
124708  -20.051  -48.054  -30.813 0.6000000238
130378  -21.612  -47.888  -31.390 0.6000000238
24923  -20.398  -48.558  -31.312 0.6000000238
135140  -20.204  -49.124  -31.419 0.6000000238
24935  -21.360  -48.623  -32.681 0.6000000238
24068  -20.425  -49.640  -33.801 0.6000000238
24942  -21.181  -48.673  -33.595 0.6999999881
24945  -20.707  -48.927  -34.276 0.6000000238
24070  -20.520  -49.124  -35.278 0.6000000238
23210  -20.840  -50.664  -37.323 0.5000000000
22370  -21.115  -51.529  -37.541 0.5000000000
25731  -17.581  -46.823  -30.952 0.6000000238
25732  -18.542  -46.959  -30.594 0.6000000238
137880  -19.599  -46.226  -30.553 0.6000000238
26578  -20.579  -46.703  -30.540 0.6000000238
25733  -20.785  -47.790  -30.986 0.6000000238
26579  -21.716  -47.227  -30.822 0.6000000238
128160  -22.344  -47.635  -31.463 0.6000000238
24924  -21.141  -48.440  -31.720 0.6000000238
25734  -21.930  -48.151  -31.999 0.6000000238
136296  -22.121  -48.136  -32.645 0.6999999881
23202  -20.508  -50.041  -35.246 0.6000000238
24073  -20.569  -49.401  -36.241 0.6000000238
22380  -21.342  -51.470  -38.296 0.4000000060
27425  -18.350  -45.480  -31.368 0.6000000238
26576  -17.985  -46.126  -31.175 0.6000000238
26559  -21.401  -46.467  -30.412 0.6000000238
26560  -22.251  -46.524  -30.377 0.5000000000
26561  -23.169  -46.392  -30.452 0.6000000238
25735  -23.138  -47.380  -31.663 0.6999999881
24947  -22.073  -47.758  -34.177 0.6000000238
24943  -21.833  -48.252  -33.395 0.6000000238
24946  -21.350  -48.297  -34.278 0.6000000238
119290  -20.908  -48.421  -35.210 0.6000000238
24953  -20.688  -48.830  -37.082 0.6000000238
24074  -20.706  -49.737  -37.208 0.6000000238
23216  -21.333  -50.651  -38.365 0.4000000060
127629  -20.845  -50.168  -37.991 0.5000000000
26590  -17.677  -45.646  -31.949 0.5000000000
27426  -19.099  -45.509  -30.840 0.6000000238
28309  -20.225  -45.254  -30.319 0.6000000238
27410  -20.764  -45.925  -30.288 0.5000000000
118648  -20.894  -45.409  -29.997 0.5000000000
27411  -21.653  -45.838  -29.970 0.5000000000
27413  -23.461  -45.653  -30.047 0.6000000238
27414  -24.134  -45.064  -30.478 0.6000000238
26562  -23.919  -45.976  -30.754 0.6999999881
25736  -23.688  -47.082  -31.987 0.6999999881
25748  -23.312  -47.420  -32.489 0.6999999881
26606  -24.203  -46.162  -33.238 0.6000000238
25758  -22.687  -47.771  -33.183 0.6999999881
128410  -22.900  -47.235  -34.156 0.6000000238
25764  -21.425  -47.747  -35.107 0.6000000238
24950  -20.991  -47.847  -36.108 0.6000000238
24077  -20.892  -49.235  -37.808 0.5000000000
24080  -21.300  -49.728  -38.293 0.4000000060
27435  -17.923  -44.989  -32.139 0.6000000238
29137  -19.190  -44.432  -30.864 0.6000000238
28308  -19.492  -45.040  -30.741 0.5000000000
28296  -20.570  -44.810  -29.887 0.6000000238
27402  -21.389  -45.088  -29.566 0.5000000000
27403  -22.263  -45.295  -29.466 0.6000000238
28288  -21.959  -44.608  -29.022 0.5000000000
27412  -22.659  -45.909  -29.889 0.6000000238
28289  -22.817  -44.756  -29.167 0.5000000000
28310  -24.490  -44.779  -31.399 0.5000000000
27428  -24.311  -45.493  -31.209 0.6000000238
120692  -24.503  -43.884  -31.572 0.5000000000
27436  -24.494  -45.420  -32.019 0.5000000000
127135  -24.027  -46.644  -31.964 0.6000000238
28320  -24.588  -44.454  -32.531 0.4000000060
26592  -24.292  -46.124  -32.425 0.6999999881
27448  -24.472  -45.396  -33.117 0.4000000060
27447  -24.216  -45.720  -33.952 0.5000000000
135881  -23.679  -46.539  -33.931 0.6000000238
27461  -23.663  -45.744  -34.836 0.5000000000
26617  -22.822  -46.423  -35.152 0.6000000238
26625  -22.905  -45.462  -35.830 0.5000000000
25767  -21.448  -47.153  -35.955 0.6000000238
24958  -21.235  -47.796  -38.012 0.5000000000
25768  -21.927  -46.579  -35.807 0.6000000238
25771  -21.021  -47.173  -36.841 0.6000000238
24957  -20.913  -48.293  -37.653 0.6000000238
29136  -18.601  -43.868  -31.324 0.5000000000
28295  -19.827  -44.566  -30.372 0.5000000000
28287  -21.044  -44.374  -29.253 0.5000000000
29120  -21.631  -43.795  -28.682 0.4000000060
130678  -23.401  -44.079  -29.245 0.4000000060
130146  -24.045  -44.182  -29.997 0.5000000000
29138  -24.242  -43.379  -30.672 0.5000000000
30073  -24.495  -42.808  -33.172 0.4000000060
29148  -24.512  -43.419  -32.470 0.4000000060
119064  -24.606  -43.673  -33.382 0.4000000060
28331  -24.557  -44.543  -33.801 0.5000000000
29159  -24.621  -43.752  -34.224 0.5000000000
27462  -24.238  -45.026  -34.633 0.5000000000
139223  -23.640  -45.111  -35.468 0.5000000000
26639  -21.722  -46.104  -37.664 0.5000000000
25775  -21.414  -46.905  -37.885 0.5000000000
26624  -22.065  -45.887  -36.266 0.6000000238
26632  -21.267  -46.567  -37.349 0.5000000000
29127  -23.793  -43.325  -29.639 0.4000000060
30045  -23.868  -42.555  -30.199 0.5000000000
30065  -24.107  -42.193  -32.003 0.5000000000
28344  -24.459  -44.175  -34.841 0.5000000000
27486  -22.118  -45.541  -37.396 0.5000000000
25776  -22.127  -46.531  -38.107 0.3000000119
129681  -24.597  -43.308  -35.040 0.5000000000
27471  -23.918  -44.496  -35.621 0.5000000000
27469  -22.411  -45.246  -36.811 0.5000000000
30054  -24.051  -42.433  -31.122 0.4000000060
136990  -24.367  -42.682  -32.442 0.4000000060
30995  -23.674  -41.496  -32.396 0.4000000060
31009  -23.769  -41.331  -33.243 0.4000000060
30996  -24.201  -42.064  -32.843 0.4000000060
31010  -24.417  -42.010  -33.824 0.4000000060
31028  -24.029  -41.038  -34.065 0.4000000060
30084  -24.663  -42.417  -34.773 0.5000000000
27487  -22.815  -45.144  -37.376 0.4000000060
126150  -22.417  -45.743  -37.835 0.4000000060
28352  -24.204  -43.854  -35.705 0.5000000000
27479  -23.061  -44.836  -36.917 0.5000000000
28363  -23.758  -44.229  -36.525 0.5000000000
27470  -23.224  -44.841  -36.308 0.5000000000
31980  -23.476  -40.319  -34.375 0.4000000060
31029  -24.535  -41.541  -34.751 0.4000000060
28374  -24.028  -44.282  -37.050 0.4000000060
29177  -24.375  -43.344  -36.034 0.5000000000
31992  -23.756  -40.006  -35.035 0.4000000060
29188  -24.459  -43.539  -36.648 0.4000000060
29198  -24.773  -43.683  -37.147 0.3000000119
120473  -24.664  -42.722  -35.544 0.5000000000
30114  -24.777  -42.615  -36.232 0.5000000000
138525  -23.247  -39.485  -35.214 0.4000000060
31072  -25.180  -42.103  -36.595 0.3000000119
30121  -25.014  -42.904  -36.845 0.3000000119
31981  -24.229  -40.712  -34.877 0.4000000060
31993  -24.475  -40.301  -35.535 0.4000000060
31047  -24.766  -41.172  -35.601 0.5000000000
119052  -24.945  -41.837  -36.089 0.5000000000
31073  -25.561  -41.571  -36.855 0.3000000119
31999  -24.994  -40.610  -36.116 0.4000000060
131841  -24.019  -39.597  -35.530 0.4000000060
33760  -22.577  -38.634  -35.611 0.5000000000
31058  -25.480  -40.852  -36.599 0.3000000119
32011  -25.814  -40.319  -36.788 0.4000000060
32928  -26.105  -39.763  -36.935 0.4000000060
120327  -26.011  -41.007  -37.057 0.4000000060
32899  -23.310  -39.078  -35.554 0.4000000060
32915  -24.783  -39.796  -36.091 0.5000000000
32000  -25.319  -40.249  -36.426 0.4000000060
32914  -24.194  -39.090  -35.933 0.5000000000
128995  -24.976  -39.049  -36.408 0.4000000060
32916  -25.477  -39.688  -36.592 0.4000000060
33781  -25.907  -38.968  -36.847 0.4000000060
32012  -26.449  -40.358  -37.210 0.3000000119
33773  -23.574  -38.546  -35.817 0.5000000000
34570  -25.399  -37.489  -36.448 0.4000000060
34571  -26.188  -37.230  -36.692 0.3000000119
35370  -22.019  -37.101  -35.818 0.5000000000
33775  -25.204  -38.279  -36.526 0.4000000060
34575  -26.027  -38.024  -36.837 0.4000000060
33782  -26.743  -38.501  -37.212 0.4000000060
139101  -22.777  -37.434  -35.796 0.5000000000
33774  -24.393  -38.450  -36.179 0.5000000000
124402  -23.067  -38.008  -35.826 0.5000000000
35381  -25.649  -36.739  -36.206 0.4000000060
34576  -26.761  -37.692  -37.084 0.3000000119
35379  -23.769  -37.306  -35.871 0.5000000000
35372  -24.150  -36.411  -35.600 0.5000000000
34569  -24.566  -37.738  -36.213 0.5000000000
34568  -23.874  -38.000  -35.996 0.5000000000
36350  -25.967  -36.008  -35.852 0.4000000060
138858  -21.788  -35.637  -35.499 0.5000000000
36340  -23.499  -35.770  -35.298 0.5000000000
35382  -26.449  -36.516  -36.414 0.3000000119
35390  -26.919  -36.993  -36.902 0.3000000119
36339  -22.439  -36.092  -35.488 0.5000000000
37232  -22.729  -35.062  -35.158 0.5000000000
35371  -23.127  -36.664  -35.616 0.5000000000
22346  -21.457  -51.340  -35.059 0.6000000238
26580  -22.765  -47.076  -30.917 0.6999999881
24949  -20.657  -48.576  -36.181 0.6000000238
26581  -23.633  -46.746  -31.263 0.6999999881
24954  -20.766  -47.972  -36.978 0.6000000238
25759  -23.373  -47.223  -33.309 0.6999999881
25765  -22.125  -47.171  -35.052 0.6000000238
29128  -24.384  -44.266  -30.777 0.5000000000
30055  -24.358  -42.989  -31.707 0.5000000000
26633  -21.650  -45.810  -37.089 0.5000000000
130585  -24.654  -42.996  -34.062 0.5000000000
31057  -25.146  -41.347  -36.338 0.4000000060
15801  -19.543  -58.711  -30.113 0.5000000000
15812  -20.950  -59.237  -30.878 0.5000000000
14893  -20.056  -59.388  -30.511 0.5000000000
14906  -22.451  -59.555  -31.844 0.5000000000
13975  -21.917  -60.387  -31.577 0.5000000000
14905  -21.276  -59.998  -31.144 0.4000000060
16756  -19.889  -57.880  -29.909 0.5000000000
15803  -21.091  -58.305  -30.915 0.6000000238
15802  -20.366  -58.553  -30.386 0.6000000238
15822  -22.014  -58.699  -31.967 0.5000000000
15813  -21.501  -58.712  -31.370 0.5000000000
15836  -23.423  -58.483  -33.187 0.4000000060
18617  -18.879  -55.285  -29.469 0.6999999881
18618  -19.759  -55.288  -29.295 0.6999999881
18630  -20.765  -56.327  -29.884 0.6999999881
16758  -21.244  -57.567  -31.008 0.5000000000
17655  -21.148  -56.831  -30.524 0.6999999881
15835  -22.604  -58.042  -33.521 0.5000000000
130643  -21.961  -57.966  -32.876 0.5000000000
16776  -21.559  -57.946  -31.791 0.5000000000
16785  -23.231  -58.093  -33.934 0.5000000000
15823  -22.746  -58.746  -32.547 0.5000000000
126959  -17.948  -53.675  -28.797 0.5000000000
20448  -18.685  -53.792  -28.707 0.6999999881
20449  -19.564  -53.782  -28.648 0.6999999881
19530  -19.030  -54.537  -29.103 0.6999999881
19531  -20.052  -54.388  -28.966 0.6999999881
17644  -20.018  -56.246  -29.542 0.6000000238
17666  -21.799  -56.364  -32.107 0.6999999881
18645  -21.712  -56.164  -31.075 0.6000000238
17691  -21.982  -57.371  -33.793 0.5000000000
137485  -21.791  -57.344  -33.190 0.6000000238
17678  -21.669  -57.244  -32.532 0.6000000238
17705  -23.773  -57.282  -35.318 0.5000000000
20447  -17.379  -53.222  -28.340 0.5000000000
20432  -18.339  -53.189  -28.200 0.6999999881
125416  -20.514  -54.863  -29.257 0.6999999881
20451  -21.352  -53.522  -29.264 0.6999999881
20450  -20.500  -53.494  -28.765 0.6999999881
18631  -21.363  -55.883  -30.228 0.8000000119
19549  -22.193  -54.362  -30.249 0.6999999881
18659  -22.168  -55.659  -32.595 0.6000000238
18646  -22.179  -55.509  -31.579 0.6999999881
125654  -21.850  -56.526  -34.030 0.6999999881
119615  -21.781  -56.622  -33.180 0.6000000238
17704  -22.919  -57.232  -35.084 0.6000000238
17703  -22.131  -56.911  -34.633 0.6000000238
17728  -23.290  -56.747  -35.695 0.6000000238
21360  -15.954  -52.531  -27.954 0.5000000000
22279  -17.009  -51.318  -27.506 0.6000000238
21361  -16.961  -52.299  -27.696 0.5000000000
21362  -17.987  -52.460  -27.749 0.6000000238
21363  -18.895  -52.514  -27.877 0.6000000238
21364  -19.694  -52.552  -28.101 0.6999999881
21378  -21.067  -52.702  -29.037 0.6999999881
21365  -20.381  -52.605  -28.496 0.6000000238
19533  -21.554  -54.287  -29.576 0.6999999881
139177  -22.189  -53.127  -30.067 0.6999999881
18632  -21.974  -55.293  -30.642 0.6999999881
18671  -22.041  -55.758  -33.610 0.6999999881
17727  -22.457  -56.418  -35.309 0.6999999881
18684  -22.029  -55.867  -34.620 0.6999999881
23138  -16.609  -50.597  -27.545 0.5000000000
23140  -18.417  -50.631  -27.789 0.6000000238
22280  -18.676  -51.612  -27.690 0.6000000238
22282  -20.138  -51.962  -28.289 0.6000000238
20469  -22.460  -53.487  -30.392 0.8000000119
21393  -22.349  -52.685  -30.510 0.5000000000
22299  -21.312  -52.119  -29.496 0.6000000238
123427  -22.996  -54.070  -31.566 0.6999999881
20486  -23.226  -53.436  -32.030 0.6999999881
20508  -22.854  -54.085  -34.415 0.6999999881
20509  -23.054  -54.223  -33.406 0.6999999881
18706  -22.727  -55.288  -35.942 0.5000000000
19618  -22.561  -54.791  -35.660 0.6999999881
19628  -22.797  -54.678  -36.388 0.5000000000
23137  -15.553  -50.747  -27.597 0.5000000000
23997  -17.118  -49.773  -27.890 0.5000000000
24017  -17.511  -49.248  -28.664 0.6000000238
23139  -17.514  -50.545  -27.634 0.6000000238
23998  -18.012  -49.840  -28.120 0.6000000238
23161  -18.879  -50.028  -28.468 0.6000000238
24019  -19.121  -49.628  -29.380 0.6000000238
22297  -20.007  -51.242  -28.541 0.6000000238
23162  -19.674  -50.363  -29.021 0.6000000238
22321  -22.243  -52.005  -31.797 0.6000000238
22311  -22.015  -51.965  -31.069 0.5000000000
129026  -20.019  -50.347  -29.856 0.5000000000
21435  -23.169  -52.900  -33.374 0.6000000238
21434  -22.789  -52.299  -32.998 0.6000000238
20527  -22.596  -53.473  -35.147 0.6000000238
20528  -22.983  -53.125  -34.242 0.6000000238
21481  -22.109  -53.202  -36.799 0.5000000000
24016  -15.937  -49.263  -28.341 0.5000000000
126333  -16.658  -49.218  -28.454 0.6000000238
24018  -18.355  -49.386  -28.970 0.6000000238
118899  -21.225  -51.389  -30.847 0.5000000000
23190  -20.218  -50.175  -31.372 0.5000000000
22327  -22.095  -51.808  -32.572 0.4000000060
138987  -21.440  -51.415  -32.558 0.5000000000
22325  -20.818  -50.967  -32.611 0.5000000000
21463  -22.474  -52.619  -34.850 0.6000000238
24015  -15.341  -49.005  -28.660 0.5000000000
24887  -16.140  -48.746  -28.968 0.6000000238
24888  -16.997  -48.689  -29.199 0.6000000238
24889  -17.859  -48.765  -29.441 0.6000000238
23200  -20.723  -50.766  -33.601 0.5000000000
24014  -14.625  -48.814  -29.090 0.5000000000
24886  -15.438  -48.381  -29.547 0.5000000000
24905  -16.444  -48.181  -29.762 0.6000000238
24907  -18.245  -48.254  -30.029 0.6000000238
24884  -13.837  -48.709  -29.517 0.5000000000
117010  -15.084  -48.000  -30.261 0.5000000000
24904  -15.846  -47.781  -30.382 0.6000000238
24906  -17.375  -48.146  -29.919 0.6000000238
24902  -13.490  -48.301  -30.388 0.5000000000
24903  -14.372  -47.954  -30.570 0.5000000000
25707  -15.183  -47.572  -30.984 0.5000000000
25730  -16.865  -46.861  -31.484 0.6000000238
139579  -16.863  -47.462  -30.558 0.6000000238
25728  -14.460  -47.581  -31.524 0.5000000000
25729  -15.340  -47.225  -32.106 0.5000000000
25727  -13.697  -47.671  -31.936 0.5000000000
25746  -16.282  -46.885  -32.169 0.5000000000
25744  -13.512  -47.438  -32.952 0.5000000000
25757  -15.070  -47.062  -33.289 0.5000000000
132838  -16.501  -46.558  -32.828 0.5000000000
26575  -17.388  -46.286  -31.703 0.4000000060
26602  -14.777  -46.642  -34.140 0.5000000000
26604  -16.319  -46.286  -33.502 0.5000000000
26605  -16.896  -46.080  -32.986 0.4000000060
26574  -16.886  -46.433  -32.276 0.4000000060
26603  -15.593  -46.510  -33.863 0.4000000060
27446  -16.657  -45.552  -33.635 0.4000000060
130915  -17.455  -44.538  -32.969 0.4000000060
22336  -22.166  -51.821  -33.518 0.6000000238
122938  -22.180  -52.925  -35.892 0.5000000000
20569  -22.342  -53.287  -37.583 0.4000000060
23178  -20.479  -50.700  -30.510 0.6000000238
27434  -17.285  -45.376  -32.869 0.4000000060
28319  -18.011  -44.248  -32.180 0.4000000060
18619  -20.760  -55.530  -29.568 0.6999999881
126430  -22.716  -53.970  -30.842 0.6999999881
19578  -22.645  -54.947  -33.021 0.6999999881
22310  -21.701  -52.013  -30.198 0.6000000238
23163  -20.386  -50.928  -29.389 0.6000000238
19607  -22.395  -54.954  -34.938 0.6999999881
20485  -22.931  -53.252  -31.158 0.6999999881
20496  -23.294  -53.517  -32.900 0.6999999881
120640  -22.571  -54.277  -35.307 0.6000000238
20543  -22.359  -53.921  -36.053 0.6000000238
14904  -20.570  -60.063  -30.926 0.5000000000
16757  -20.680  -57.702  -30.399 0.6000000238
16786  -24.102  -58.186  -33.622 0.4000000060
16800  -22.675  -57.648  -34.350 0.5000000000
17654  -20.355  -57.038  -29.887 0.6999999881
17665  -21.497  -57.017  -31.537 0.5000000000
18620  -21.552  -55.059  -29.887 0.6999999881
18693  -22.402  -55.561  -35.409 0.6999999881
18694  -22.908  -55.968  -35.879 0.6000000238
19532  -20.885  -54.253  -29.132 0.6999999881
19550  -22.521  -54.686  -31.113 0.6999999881
19566  -22.660  -54.848  -32.043 0.6999999881
19579  -23.116  -54.198  -32.477 0.6999999881
19590  -22.478  -54.964  -34.014 0.6999999881
20433  -19.177  -53.201  -28.242 0.6999999881
20434  -19.889  -53.156  -28.353 0.6999999881
20468  -21.984  -53.595  -29.814 0.6999999881
20559  -22.542  -53.928  -36.942 0.5000000000
21379  -21.780  -52.795  -29.709 0.6999999881
21407  -22.647  -52.482  -31.383 0.6000000238
21408  -23.067  -52.833  -31.805 0.6999999881
21419  -22.752  -52.346  -32.155 0.6000000238
21420  -23.182  -52.831  -32.520 0.6999999881
21447  -22.710  -52.404  -33.903 0.6000000238
21480  -21.493  -52.224  -37.885 0.4000000060
22278  -16.222  -51.596  -27.554 0.5000000000
22281  -19.517  -51.763  -27.959 0.6000000238
22298  -20.703  -51.814  -28.919 0.6000000238
22309  -21.036  -51.446  -29.841 0.6000000238
22320  -21.497  -51.473  -31.868 0.5000000000
22326  -21.434  -51.359  -33.156 0.5000000000
22357  -21.212  -51.292  -36.284 0.5000000000
23141  -19.296  -50.849  -28.088 0.6000000238
23197  -20.409  -50.435  -33.011 0.5000000000
23214  -20.937  -50.926  -38.039 0.5000000000
23995  -15.337  -49.710  -27.967 0.5000000000
23996  -16.208  -49.804  -27.830 0.5000000000
24885  -14.566  -48.330  -29.822 0.5000000000
24921  -13.813  -47.865  -31.111 0.5000000000
24941  -20.731  -49.161  -33.277 0.5000000000
24961  -21.257  -48.748  -38.114 0.4000000060
25708  -16.059  -47.239  -31.248 0.5000000000
25745  -14.386  -47.370  -32.576 0.5000000000
25747  -22.655  -47.816  -32.202 0.6000000238
25756  -14.184  -47.134  -33.639 0.5000000000
25774  -21.034  -47.406  -37.519 0.5000000000
26577  -18.798  -46.148  -30.752 0.6000000238
26582  -24.205  -46.115  -31.564 0.6000000238
26588  -15.909  -46.863  -33.016 0.5000000000
26589  -17.266  -45.964  -32.398 0.4000000060
26591  -23.882  -46.804  -32.751 0.6999999881
26623  -21.431  -46.442  -36.613 0.6000000238
27404  -22.990  -45.367  -29.530 0.6000000238
27427  -19.914  -45.761  -30.463 0.6000000238
27445  -15.958  -45.731  -34.238 0.4000000060
28290  -23.554  -44.893  -29.649 0.5000000000
28307  -18.709  -44.787  -31.379 0.6000000238
28373  -23.373  -44.701  -37.104 0.4000000060
30101  -24.781  -42.030  -35.504 0.5000000000
36351  -26.778  -35.803  -36.061 0.3000000119
118292  -19.631  -49.890  -29.823 0.6000000238
119793  -17.312  -53.763  -29.505 0.5000000000
119943  -20.350  -50.194  -33.525 0.6000000238
123529  -17.760  -51.488  -27.564 0.6000000238
125207  -21.716  -59.435  -31.413 0.4000000060
134710  -21.087  -54.815  -29.452 0.6999999881
135424  -20.435  -49.564  -34.559 0.6000000238
137214  -14.055  -48.276  -30.042 0.5000000000
137384  -24.421  -45.190  -33.871 0.5000000000
137969  -23.168  -53.552  -33.665 0.6000000238
