#!ascii label  , from subject sub-v2s7x29800_ses-1 vox2ras=TkReg
515
66044  -26.035  -4.605  -36.940 0.0000000000
70479  -23.347  1.891  -36.485 0.0000000000
119343  -24.338  14.020  -40.890 0.0000000000
79374  -26.095  11.189  -37.842 0.0000000000
73816  -28.449  5.397  -36.652 0.0000000000
68803  -29.606  -0.503  -40.314 0.0000000000
82754  -23.366  15.633  -41.373 0.0000000000
76517  -26.724  8.715  -36.633 0.0000000000
74706  -24.390  6.587  -37.564 0.0000000000
68742  -25.700  -0.898  -35.639 0.0000000000
115209  -27.146  0.671  -38.447 0.0000000000
67008  -28.280  -2.194  -38.829 0.0000000000
62270  -19.448  -7.844  -34.484 0.0000000000
66968  -22.661  -2.763  -35.448 0.0000000000
116358  -25.851  22.947  -44.294 0.0000000000
87398  -27.450  21.694  -42.710 0.0000000000
133936  -28.575  19.892  -41.230 0.0000000000
84321  -29.709  17.870  -40.266 0.0000000000
83517  -29.951  16.228  -39.709 0.0000000000
138399  -25.170  12.786  -39.474 0.0000000000
81144  -30.023  13.763  -39.141 0.0000000000
135950  -29.974  11.154  -38.400 0.0000000000
76538  -30.364  8.434  -39.035 0.0000000000
73850  -30.750  5.186  -40.699 0.0000000000
115232  -25.951  3.674  -35.556 0.0000000000
72142  -28.729  3.020  -39.411 0.0000000000
75565  -24.279  7.278  -38.326 0.0000000000
74728  -23.627  6.151  -39.299 0.0000000000
66972  -25.863  -2.603  -35.947 0.0000000000
67911  -26.711  -1.381  -36.615 0.0000000000
67003  -26.882  -3.050  -37.433 0.0000000000
118871  -18.566  -11.473  -31.710 0.0000000000
59470  -19.769  -10.482  -32.408 0.0000000000
60368  -20.047  -9.858  -33.844 0.0000000000
67891  -22.119  -1.695  -35.824 0.0000000000
66042  -20.463  -3.101  -36.269 0.0000000000
86703  -28.301  21.287  -41.983 0.0000000000
81936  -23.968  14.702  -41.331 0.0000000000
84318  -26.996  17.196  -40.823 0.0000000000
83530  -27.446  16.551  -40.056 0.0000000000
83532  -29.827  16.944  -39.915 0.0000000000
82737  -26.731  15.225  -39.836 0.0000000000
80271  -25.309  11.936  -38.727 0.0000000000
81127  -27.517  13.494  -38.573 0.0000000000
80260  -27.522  12.103  -37.792 0.0000000000
80276  -30.219  12.342  -38.936 0.0000000000
79376  -28.052  11.391  -37.472 0.0000000000
75556  -27.669  7.305  -36.239 0.0000000000
76520  -29.324  8.243  -37.158 0.0000000000
74708  -29.330  6.862  -37.437 0.0000000000
135833  -30.068  6.589  -39.423 0.0000000000
73839  -29.472  5.318  -38.777 0.0000000000
115404  -23.974  1.953  -38.465 0.0000000000
135897  -24.164  4.062  -36.455 0.0000000000
115227  -24.936  2.419  -35.665 0.0000000000
68801  -26.334  0.314  -40.224 0.0000000000
115212  -26.409  2.161  -39.431 0.0000000000
125101  -28.139  0.981  -40.438 0.0000000000
125858  -30.079  2.686  -40.263 0.0000000000
69665  -31.137  0.231  -40.572 0.0000000000
62272  -21.260  -7.848  -34.588 0.0000000000
123722  -20.264  -6.301  -34.768 0.0000000000
62296  -22.553  -7.125  -34.862 0.0000000000
64116  -22.511  -5.730  -35.133 0.0000000000
77543  -24.631  9.462  -38.131 0.0000000000
78471  -26.708  9.973  -37.057 0.0000000000
76527  -24.884  8.558  -37.577 0.0000000000
75554  -25.565  7.788  -36.677 0.0000000000
135108  -26.420  6.131  -35.756 0.0000000000
70468  -24.445  0.706  -35.608 0.0000000000
69609  -26.131  1.162  -35.619 0.0000000000
68757  -26.683  -0.053  -36.008 0.0000000000
121997  -27.279  -0.850  -39.089 0.0000000000
67941  -28.552  -1.542  -39.583 0.0000000000
60379  -20.464  -9.303  -34.288 0.0000000000
69617  -22.445  0.279  -36.345 0.0000000000
68756  -23.048  -0.257  -35.753 0.0000000000
67892  -23.596  -1.756  -35.467 0.0000000000
123238  -24.609  -3.263  -35.568 0.0000000000
90085  -26.894  25.192  -44.194 0.0000000000
86707  -24.775  20.726  -43.962 0.0000000000
88098  -26.960  22.966  -43.519 0.0000000000
132373  -29.450  22.627  -42.201 0.0000000000
88085  -30.262  22.023  -41.929 0.0000000000
86696  -30.666  20.653  -41.543 0.0000000000
84332  -26.320  17.537  -41.751 0.0000000000
85937  -29.502  19.481  -40.832 0.0000000000
85947  -31.531  19.780  -41.948 0.0000000000
132462  -31.497  18.423  -41.767 0.0000000000
83548  -31.416  17.015  -41.253 0.0000000000
82767  -31.446  15.740  -41.277 0.0000000000
81154  -24.488  13.333  -40.361 0.0000000000
81143  -27.529  14.335  -39.041 0.0000000000
81927  -30.047  14.698  -39.369 0.0000000000
128909  -31.492  14.914  -41.794 0.0000000000
134943  -31.314  13.311  -40.748 0.0000000000
78519  -31.113  10.198  -41.413 0.0000000000
78474  -29.078  9.966  -37.164 0.0000000000
126063  -30.245  9.833  -38.498 0.0000000000
115528  -24.941  4.583  -38.925 0.0000000000
115938  -25.224  5.243  -35.928 0.0000000000
73806  -27.388  4.502  -35.741 0.0000000000
115537  -27.741  1.636  -37.022 0.0000000000
132902  -27.988  3.121  -36.822 0.0000000000
73024  -28.647  4.566  -37.403 0.0000000000
72143  -29.741  3.842  -39.969 0.0000000000
126342  -31.599  3.837  -40.689 0.0000000000
66019  -21.575  -3.899  -35.460 0.0000000000
65053  -23.428  -4.404  -35.439 0.0000000000
65055  -24.670  -5.512  -36.137 0.0000000000
127083  -26.244  -3.433  -36.721 0.0000000000
66994  -26.530  -2.347  -36.602 0.0000000000
66053  -26.768  -4.243  -37.478 0.0000000000
58523  -19.136  -11.408  -31.242 0.0000000000
58540  -19.048  -11.043  -32.060 0.0000000000
59444  -19.772  -10.881  -31.442 0.0000000000
81937  -24.901  14.802  -41.224 0.0000000000
125364  -25.543  15.304  -41.093 0.0000000000
82755  -26.209  15.459  -40.504 0.0000000000
82756  -27.035  15.819  -39.945 0.0000000000
81939  -26.182  14.870  -40.027 0.0000000000
78497  -24.848  10.625  -38.400 0.0000000000
133657  -24.579  11.020  -38.765 0.0000000000
79388  -25.306  11.298  -38.396 0.0000000000
79389  -26.302  12.037  -38.200 0.0000000000
80261  -28.449  12.102  -37.860 0.0000000000
79375  -27.010  11.254  -37.466 0.0000000000
74695  -28.256  6.491  -36.363 0.0000000000
74696  -28.847  6.898  -36.808 0.0000000000
74707  -28.971  6.154  -37.096 0.0000000000
73826  -29.429  6.091  -38.067 0.0000000000
73838  -29.057  5.312  -37.724 0.0000000000
132751  -22.961  1.945  -37.232 0.0000000000
115553  -24.050  2.658  -36.223 0.0000000000
122473  -28.071  -0.368  -40.296 0.0000000000
69662  -27.270  0.427  -40.431 0.0000000000
69663  -28.660  0.266  -40.450 0.0000000000
70529  -29.223  1.198  -40.235 0.0000000000
69664  -29.990  0.281  -40.334 0.0000000000
123796  -31.453  -0.515  -40.683 0.0000000000
68804  -30.779  -0.952  -40.633 0.0000000000
62273  -22.087  -7.765  -34.622 0.0000000000
76549  -23.726  8.884  -39.318 0.0000000000
119302  -24.053  8.076  -38.986 0.0000000000
75566  -24.661  7.579  -37.400 0.0000000000
74692  -25.072  6.886  -36.596 0.0000000000
74693  -26.034  6.864  -36.076 0.0000000000
73814  -25.565  6.131  -35.976 0.0000000000
69607  -25.237  -0.020  -35.561 0.0000000000
127022  -26.096  0.397  -35.669 0.0000000000
68743  -26.425  -0.799  -36.010 0.0000000000
67928  -27.138  -1.904  -37.530 0.0000000000
118244  -27.332  -1.027  -38.340 0.0000000000
67933  -27.611  -1.615  -38.502 0.0000000000
67940  -27.737  -1.184  -39.299 0.0000000000
67015  -29.145  -2.447  -39.477 0.0000000000
58522  -18.029  -11.766  -31.761 0.0000000000
57599  -17.654  -12.279  -31.330 0.0000000000
60369  -20.848  -9.591  -33.796 0.0000000000
135477  -21.493  -9.276  -33.790 0.0000000000
66967  -21.852  -2.411  -35.762 0.0000000000
118061  -22.731  -2.059  -35.526 0.0000000000
66970  -24.454  -2.279  -35.485 0.0000000000
66969  -23.588  -2.745  -35.413 0.0000000000
88825  -25.531  23.707  -44.466 0.0000000000
90094  -25.754  25.152  -44.675 0.0000000000
89449  -26.132  24.394  -44.413 0.0000000000
115756  -27.128  24.326  -43.760 0.0000000000
86701  -26.673  20.964  -43.111 0.0000000000
87404  -25.814  21.041  -43.907 0.0000000000
136197  -26.983  22.220  -43.321 0.0000000000
88809  -28.110  23.366  -42.858 0.0000000000
88088  -27.789  22.554  -42.768 0.0000000000
138528  -28.989  23.268  -42.510 0.0000000000
88089  -28.604  22.801  -42.458 0.0000000000
86702  -27.971  20.499  -41.801 0.0000000000
87390  -29.359  21.581  -41.749 0.0000000000
86694  -28.897  20.731  -41.470 0.0000000000
87392  -30.837  21.414  -41.858 0.0000000000
132642  -29.396  20.194  -41.172 0.0000000000
83546  -25.405  16.492  -41.711 0.0000000000
84320  -28.650  17.956  -40.273 0.0000000000
84319  -27.691  17.931  -40.699 0.0000000000
85123  -29.166  18.678  -40.489 0.0000000000
85938  -30.300  19.407  -40.942 0.0000000000
85136  -30.779  18.923  -40.989 0.0000000000
127478  -31.339  19.043  -41.545 0.0000000000
85125  -30.599  18.141  -40.665 0.0000000000
83516  -29.244  16.371  -39.612 0.0000000000
84322  -30.513  17.320  -40.362 0.0000000000
83533  -30.509  16.496  -40.136 0.0000000000
125200  -31.520  16.387  -41.705 0.0000000000
82757  -31.064  16.014  -40.567 0.0000000000
134909  -24.201  11.836  -39.408 0.0000000000
138679  -24.073  12.272  -39.730 0.0000000000
81141  -25.124  13.358  -39.926 0.0000000000
81923  -25.833  14.126  -39.852 0.0000000000
116758  -26.629  13.839  -39.116 0.0000000000
81128  -28.495  13.469  -38.501 0.0000000000
81907  -28.858  14.155  -38.783 0.0000000000
81908  -29.485  14.197  -39.010 0.0000000000
81928  -30.751  14.711  -39.889 0.0000000000
81156  -31.153  14.109  -40.323 0.0000000000
126725  -31.455  14.002  -41.453 0.0000000000
138336  -31.033  13.460  -39.999 0.0000000000
79390  -29.810  11.816  -38.460 0.0000000000
129121  -30.790  11.923  -39.665 0.0000000000
137442  -31.181  11.083  -41.212 0.0000000000
127884  -30.704  10.842  -39.566 0.0000000000
77533  -27.135  9.342  -36.712 0.0000000000
78472  -27.501  9.986  -36.834 0.0000000000
77534  -28.023  9.303  -36.618 0.0000000000
76528  -29.835  8.540  -37.888 0.0000000000
77546  -29.725  9.615  -37.734 0.0000000000
77547  -30.160  9.133  -38.379 0.0000000000
78509  -30.629  9.815  -39.473 0.0000000000
77566  -30.624  8.859  -39.805 0.0000000000
74731  -30.349  6.022  -40.284 0.0000000000
73859  -31.501  5.021  -41.026 0.0000000000
115219  -24.631  4.382  -39.313 0.0000000000
115228  -24.613  4.724  -36.240 0.0000000000
115688  -26.101  4.589  -35.552 0.0000000000
73805  -26.953  4.862  -35.585 0.0000000000
73002  -26.973  4.026  -35.604 0.0000000000
115211  -27.352  1.109  -36.428 0.0000000000
115220  -26.858  1.488  -35.793 0.0000000000
115218  -28.054  2.306  -38.970 0.0000000000
115222  -28.034  2.299  -37.579 0.0000000000
115217  -28.382  3.078  -37.843 0.0000000000
72118  -28.293  3.845  -36.974 0.0000000000
132603  -28.899  3.666  -38.826 0.0000000000
73039  -29.221  3.815  -39.349 0.0000000000
123703  -29.138  3.257  -39.770 0.0000000000
71375  -31.082  2.076  -40.537 0.0000000000
72155  -30.976  3.158  -40.525 0.0000000000
71376  -31.804  2.805  -40.575 0.0000000000
64117  -23.415  -5.955  -35.447 0.0000000000
123036  -22.980  -5.057  -35.288 0.0000000000
123260  -23.812  -5.330  -35.652 0.0000000000
65054  -24.128  -4.692  -35.714 0.0000000000
132365  -24.193  7.661  -38.767 0.0000000000
74729  -24.160  6.209  -39.044 0.0000000000
74705  -24.310  6.325  -38.737 0.0000000000
67894  -26.164  -1.652  -35.917 0.0000000000
67004  -27.541  -2.628  -38.142 0.0000000000
135577  -28.134  -3.260  -38.515 0.0000000000
129411  -27.436  -3.667  -37.998 0.0000000000
131498  -27.477  -4.517  -37.945 0.0000000000
57600  -18.483  -11.923  -31.049 0.0000000000
60367  -19.111  -9.935  -33.749 0.0000000000
59485  -19.637  -10.212  -33.274 0.0000000000
138939  -20.347  -10.192  -32.278 0.0000000000
131773  -21.959  -1.193  -36.045 0.0000000000
67909  -20.661  -1.848  -36.819 0.0000000000
66993  -20.957  -2.455  -36.342 0.0000000000
66043  -21.240  -3.122  -35.823 0.0000000000
88095  -24.815  22.372  -44.137 0.0000000000
127007  -27.480  20.934  -42.393 0.0000000000
85954  -26.958  20.178  -42.507 0.0000000000
119520  -26.918  19.158  -42.132 0.0000000000
85944  -27.641  19.802  -41.723 0.0000000000
83547  -26.109  16.774  -41.425 0.0000000000
82766  -25.836  15.976  -41.214 0.0000000000
83529  -26.582  16.314  -40.629 0.0000000000
83531  -28.024  17.254  -40.156 0.0000000000
83515  -28.382  16.516  -39.704 0.0000000000
83514  -27.812  15.966  -39.631 0.0000000000
82739  -28.609  15.625  -39.362 0.0000000000
80288  -25.611  12.549  -38.922 0.0000000000
81126  -26.484  13.016  -38.669 0.0000000000
80272  -27.167  12.723  -38.215 0.0000000000
80273  -28.032  12.800  -38.160 0.0000000000
80274  -28.863  12.752  -38.289 0.0000000000
81130  -29.985  13.067  -38.898 0.0000000000
80275  -29.582  12.588  -38.538 0.0000000000
80262  -29.177  12.011  -38.100 0.0000000000
79378  -29.486  11.268  -38.024 0.0000000000
120381  -27.208  8.024  -36.395 0.0000000000
76519  -28.614  8.437  -36.654 0.0000000000
75557  -28.436  7.431  -36.522 0.0000000000
75558  -29.073  7.578  -36.949 0.0000000000
75567  -29.599  7.624  -37.687 0.0000000000
74719  -30.154  7.107  -39.220 0.0000000000
75577  -29.805  6.858  -38.462 0.0000000000
74730  -29.817  6.053  -39.121 0.0000000000
73849  -29.961  5.315  -39.834 0.0000000000
115501  -25.066  2.779  -38.781 0.0000000000
115736  -23.877  3.395  -37.521 0.0000000000
118135  -24.837  3.317  -35.819 0.0000000000
115416  -25.779  0.346  -39.771 0.0000000000
115210  -25.828  1.189  -39.282 0.0000000000
124421  -25.806  1.873  -40.121 0.0000000000
131232  -26.590  1.846  -40.349 0.0000000000
136394  -28.330  2.225  -40.109 0.0000000000
72153  -28.556  2.673  -39.980 0.0000000000
71374  -29.052  2.237  -40.104 0.0000000000
125980  -30.547  1.100  -40.399 0.0000000000
70530  -31.571  1.018  -40.578 0.0000000000
70515  -32.260  1.050  -40.312 0.0000000000
69667  -32.144  0.167  -40.600 0.0000000000
62271  -20.368  -7.856  -34.534 0.0000000000
62293  -19.833  -7.031  -34.619 0.0000000000
62294  -20.770  -7.084  -34.632 0.0000000000
63224  -21.155  -6.347  -34.776 0.0000000000
63225  -22.086  -6.413  -34.905 0.0000000000
64115  -21.410  -5.486  -35.008 0.0000000000
63226  -22.996  -6.530  -35.165 0.0000000000
116962  -24.050  9.699  -38.918 0.0000000000
77544  -25.089  10.077  -37.925 0.0000000000
78484  -26.402  10.593  -37.450 0.0000000000
118814  -25.424  9.366  -37.477 0.0000000000
76516  -25.829  8.685  -36.933 0.0000000000
123354  -24.318  8.019  -38.247 0.0000000000
126234  -26.366  8.155  -36.539 0.0000000000
75555  -26.646  7.475  -36.233 0.0000000000
74694  -27.168  6.548  -35.884 0.0000000000
121266  -27.788  5.802  -36.007 0.0000000000
126831  -23.973  1.343  -35.847 0.0000000000
70470  -25.292  1.661  -35.583 0.0000000000
69608  -25.330  0.859  -35.581 0.0000000000
69618  -26.830  0.707  -35.914 0.0000000000
68758  -27.234  0.248  -36.715 0.0000000000
124655  -26.899  -0.548  -36.634 0.0000000000
138607  -27.196  -0.340  -37.321 0.0000000000
131423  -26.438  0.194  -38.924 0.0000000000
68793  -26.895  -0.551  -39.740 0.0000000000
67946  -27.672  -0.882  -39.998 0.0000000000
67947  -28.878  -1.073  -40.097 0.0000000000
67948  -30.081  -1.307  -40.329 0.0000000000
67021  -29.521  -1.842  -40.026 0.0000000000
66060  -28.908  -3.765  -38.777 0.0000000000
57598  -16.805  -12.502  -31.588 0.0000000000
60378  -19.637  -9.366  -34.203 0.0000000000
61329  -19.993  -8.642  -34.435 0.0000000000
61330  -20.849  -8.599  -34.497 0.0000000000
61314  -21.906  -8.842  -34.105 0.0000000000
70478  -22.554  1.257  -36.851 0.0000000000
127077  -23.337  0.782  -35.941 0.0000000000
131668  -24.075  -0.073  -35.547 0.0000000000
68741  -24.743  -0.859  -35.511 0.0000000000
68739  -22.724  -1.173  -35.649 0.0000000000
68740  -23.746  -0.918  -35.537 0.0000000000
67893  -24.370  -1.507  -35.489 0.0000000000
133354  -25.262  -1.787  -35.569 0.0000000000
66971  -25.178  -2.721  -35.641 0.0000000000
66023  -25.453  -3.720  -36.093 0.0000000000
90093  -24.914  25.117  -44.515 0.0000000000
87402  -24.730  21.476  -43.935 0.0000000000
88096  -25.327  22.253  -44.307 0.0000000000
117225  -25.676  21.679  -44.126 0.0000000000
88819  -27.363  23.705  -43.429 0.0000000000
88820  -28.044  24.141  -43.205 0.0000000000
87399  -28.521  22.118  -42.233 0.0000000000
116644  -30.512  22.932  -42.403 0.0000000000
88090  -31.064  22.131  -42.229 0.0000000000
87393  -31.436  21.405  -42.263 0.0000000000
86704  -31.634  20.602  -42.318 0.0000000000
123991  -26.530  18.291  -42.000 0.0000000000
85135  -27.919  19.197  -41.295 0.0000000000
84333  -26.977  17.878  -41.340 0.0000000000
85134  -27.381  18.511  -41.344 0.0000000000
85936  -28.695  19.204  -40.810 0.0000000000
85945  -30.125  20.056  -41.150 0.0000000000
86697  -31.263  20.347  -41.762 0.0000000000
85955  -31.815  19.870  -42.693 0.0000000000
127735  -31.610  17.979  -42.426 0.0000000000
84323  -31.121  17.579  -40.848 0.0000000000
84334  -31.454  17.747  -41.545 0.0000000000
124550  -23.251  13.026  -40.541 0.0000000000
81155  -25.046  14.052  -40.539 0.0000000000
82738  -27.563  15.203  -39.445 0.0000000000
82740  -29.598  15.586  -39.437 0.0000000000
81906  -28.180  14.058  -38.734 0.0000000000
81926  -29.180  14.863  -39.094 0.0000000000
82741  -30.495  15.567  -39.878 0.0000000000
80290  -31.118  12.702  -40.186 0.0000000000
80299  -31.325  12.451  -41.128 0.0000000000
79414  -31.196  11.258  -42.525 0.0000000000
79407  -31.141  10.698  -42.042 0.0000000000
129404  -27.065  10.503  -37.136 0.0000000000
78486  -28.561  10.676  -37.301 0.0000000000
78488  -29.806  10.495  -38.037 0.0000000000
139093  -28.694  9.357  -36.801 0.0000000000
78498  -30.336  10.623  -38.756 0.0000000000
75602  -30.814  7.138  -40.863 0.0000000000
73837  -24.658  5.143  -39.009 0.0000000000
118558  -24.472  5.602  -38.450 0.0000000000
115213  -24.547  4.008  -38.284 0.0000000000
115215  -24.350  5.071  -37.862 0.0000000000
73825  -24.711  6.052  -36.549 0.0000000000
73804  -26.235  5.440  -35.633 0.0000000000
73815  -27.076  5.627  -35.685 0.0000000000
124321  -27.726  4.984  -35.930 0.0000000000
115229  -25.559  2.165  -35.578 0.0000000000
115221  -26.895  2.319  -35.704 0.0000000000
138719  -27.231  2.806  -35.809 0.0000000000
115610  -27.477  1.474  -38.393 0.0000000000
115225  -27.533  3.327  -35.986 0.0000000000
138204  -27.920  3.610  -36.425 0.0000000000
73014  -28.221  4.584  -36.560 0.0000000000
73034  -29.088  4.447  -38.520 0.0000000000
73040  -29.577  4.586  -39.485 0.0000000000
73041  -30.292  4.578  -40.267 0.0000000000
72154  -29.356  3.071  -40.066 0.0000000000
72144  -30.660  3.913  -40.493 0.0000000000
73051  -31.193  4.509  -40.809 0.0000000000
66018  -20.725  -3.746  -35.839 0.0000000000
118495  -22.124  -3.271  -35.465 0.0000000000
65052  -22.010  -4.791  -35.199 0.0000000000
123854  -22.545  -4.137  -35.329 0.0000000000
66020  -23.058  -3.498  -35.375 0.0000000000
66021  -23.952  -3.814  -35.494 0.0000000000
66022  -24.738  -4.373  -35.881 0.0000000000
65074  -25.359  -5.075  -36.567 0.0000000000
60380  -21.235  -9.115  -34.290 0.0000000000
61331  -21.632  -8.441  -34.458 0.0000000000
62295  -21.684  -7.127  -34.718 0.0000000000
67910  -21.422  -1.692  -36.348 0.0000000000
67912  -27.102  -1.001  -37.403 0.0000000000
68779  -27.224  -0.437  -38.215 0.0000000000
68786  -26.577  -0.278  -39.359 0.0000000000
68792  -26.105  -0.060  -39.957 0.0000000000
68800  -25.832  0.469  -40.122 0.0000000000
68802  -26.876  -0.245  -40.127 0.0000000000
69666  -31.875  0.141  -40.715 0.0000000000
70469  -24.674  1.286  -35.641 0.0000000000
70471  -26.129  1.911  -35.581 0.0000000000
70480  -24.320  1.894  -35.854 0.0000000000
70527  -26.172  1.054  -40.410 0.0000000000
70528  -27.281  1.362  -40.455 0.0000000000
70531  -32.016  0.967  -40.620 0.0000000000
71372  -27.607  2.200  -40.171 0.0000000000
71373  -28.260  1.712  -40.239 0.0000000000
72134  -28.596  3.187  -38.666 0.0000000000
73013  -27.798  4.121  -36.080 0.0000000000
73038  -23.922  4.601  -39.397 0.0000000000
73848  -24.183  5.291  -39.249 0.0000000000
73860  -31.988  5.186  -41.113 0.0000000000
75576  -24.102  7.242  -39.034 0.0000000000
75578  -30.054  7.684  -38.619 0.0000000000
75590  -30.383  7.551  -39.669 0.0000000000
76518  -27.651  8.618  -36.509 0.0000000000
76537  -24.227  8.798  -38.548 0.0000000000
77532  -26.275  9.359  -37.014 0.0000000000
77535  -29.274  9.042  -37.100 0.0000000000
77545  -25.910  10.008  -37.436 0.0000000000
77554  -24.532  10.091  -38.467 0.0000000000
77555  -30.447  9.224  -38.992 0.0000000000
78473  -28.309  10.016  -36.852 0.0000000000
78483  -25.566  10.659  -37.879 0.0000000000
78485  -27.750  10.648  -37.132 0.0000000000
78487  -29.213  10.670  -37.600 0.0000000000
78496  -24.257  10.493  -38.870 0.0000000000
79377  -28.840  11.372  -37.691 0.0000000000
79387  -24.134  11.078  -39.145 0.0000000000
79391  -30.345  11.471  -38.912 0.0000000000
79400  -31.039  11.009  -40.439 0.0000000000
80286  -23.701  11.939  -39.721 0.0000000000
80287  -24.871  12.214  -39.211 0.0000000000
80289  -30.587  13.059  -39.444 0.0000000000
81129  -29.342  13.447  -38.699 0.0000000000
81140  -24.530  12.634  -39.755 0.0000000000
81142  -25.783  13.279  -39.331 0.0000000000
81161  -31.405  12.991  -41.758 0.0000000000
81924  -26.751  14.615  -39.533 0.0000000000
81925  -28.347  14.728  -39.030 0.0000000000
81938  -25.612  14.749  -40.609 0.0000000000
81940  -31.259  15.034  -40.644 0.0000000000
82765  -25.154  15.691  -41.507 0.0000000000
83534  -31.071  16.813  -40.645 0.0000000000
84311  -28.998  17.208  -39.842 0.0000000000
85122  -28.252  18.608  -40.729 0.0000000000
85124  -30.041  18.769  -40.628 0.0000000000
85137  -31.190  18.326  -41.159 0.0000000000
85946  -30.921  19.760  -41.352 0.0000000000
86695  -29.790  20.763  -41.410 0.0000000000
87391  -30.206  21.297  -41.646 0.0000000000
87396  -24.510  21.022  -43.385 0.0000000000
87397  -26.439  21.627  -43.584 0.0000000000
87403  -25.073  21.396  -44.246 0.0000000000
88097  -26.166  22.249  -43.975 0.0000000000
88817  -25.098  23.065  -44.440 0.0000000000
88818  -26.465  23.668  -44.028 0.0000000000
115208  -27.491  0.862  -37.458 0.0000000000
115216  -27.371  1.804  -36.123 0.0000000000
115223  -26.835  2.455  -40.020 0.0000000000
115224  -24.314  5.809  -37.336 0.0000000000
115226  -23.371  2.694  -37.114 0.0000000000
115230  -25.874  2.706  -35.557 0.0000000000
115231  -26.783  3.139  -35.617 0.0000000000
115419  -27.616  2.487  -36.332 0.0000000000
115432  -25.481  0.956  -40.065 0.0000000000
115457  -27.288  0.153  -37.820 0.0000000000
115485  -24.984  4.141  -39.216 0.0000000000
115548  -25.164  4.267  -35.770 0.0000000000
115590  -24.010  4.691  -36.986 0.0000000000
116519  -24.497  3.125  -39.468 0.0000000000
117858  -24.395  5.332  -36.672 0.0000000000
117996  -23.937  3.313  -36.516 0.0000000000
119547  -27.960  7.949  -36.420 0.0000000000
123192  -30.628  13.990  -39.640 0.0000000000
124562  -31.566  17.110  -42.068 0.0000000000
124808  -28.646  3.823  -38.051 0.0000000000
125276  -30.399  6.810  -40.094 0.0000000000
126703  -31.242  11.593  -41.595 0.0000000000
127423  -29.999  1.873  -40.236 0.0000000000
131531  -31.373  16.402  -41.029 0.0000000000
132066  -30.131  3.392  -40.251 0.0000000000
132741  -28.024  2.445  -39.834 0.0000000000
133949  -23.947  13.368  -40.638 0.0000000000
135251  -31.221  20.900  -41.882 0.0000000000
137872  -29.456  10.196  -37.591 0.0000000000
137938  -28.795  -2.997  -38.961 0.0000000000
139019  -26.082  -0.275  -35.712 0.0000000000
139378  -30.659  -0.332  -40.530 0.0000000000
