#!ascii label  , from subject sub-v2s7x29800_ses-1 vox2ras=TkReg
764
12890  40.140  -57.697  -31.706 0.3000000119
130973  36.574  -54.737  -34.458 0.6000000238
126815  38.423  -50.602  -37.074 0.6999999881
137925  38.777  -49.880  -37.096 0.6999999881
12057  39.232  -57.894  -31.015 0.4000000060
14382  35.390  -55.252  -27.732 0.4000000060
13639  39.876  -57.140  -30.910 0.5000000000
119958  40.459  -56.946  -31.376 0.5000000000
16178  36.943  -54.086  -33.726 0.6999999881
16218  37.655  -53.945  -36.263 0.6999999881
16204  37.936  -54.017  -35.524 0.5000000000
17972  39.324  -52.100  -36.733 0.6000000238
18692  38.933  -51.796  -37.051 0.6000000238
120147  39.662  -51.475  -36.948 0.6999999881
20182  39.138  -49.361  -37.101 0.6999999881
12867  38.668  -57.235  -29.702 0.5000000000
121543  35.786  -55.628  -27.410 0.4000000060
12878  39.263  -57.204  -30.308 0.6000000238
15262  35.116  -54.755  -29.346 0.4000000060
130253  35.280  -54.563  -30.099 0.5000000000
13625  39.204  -56.560  -29.682 0.6000000238
15278  35.363  -54.935  -30.996 0.6000000238
16162  36.029  -54.353  -32.365 0.6000000238
128827  39.783  -56.553  -30.278 0.6000000238
16161  36.488  -53.936  -32.946 0.6000000238
17132  38.404  -53.517  -36.081 0.6000000238
17964  39.441  -52.185  -36.367 0.6000000238
18685  40.307  -50.916  -36.545 0.6999999881
18691  40.128  -51.059  -36.770 0.6999999881
18684  40.607  -50.376  -36.771 0.6999999881
133284  40.215  -49.804  -37.129 0.6999999881
126801  40.016  -47.620  -37.052 0.6999999881
20181  40.970  -49.599  -37.066 0.6999999881
133927  41.071  -48.644  -37.120 0.6999999881
123306  39.843  -48.687  -37.150 0.6999999881
123911  42.028  -48.259  -36.965 0.6999999881
12868  38.025  -57.305  -29.057 0.5000000000
13614  36.850  -56.743  -27.772 0.5000000000
13599  36.289  -56.116  -27.392 0.5000000000
14403  35.126  -54.974  -28.435 0.4000000060
13626  38.577  -56.571  -29.015 0.5000000000
16129  35.521  -53.987  -30.485 0.5000000000
16146  35.704  -54.207  -31.405 0.6000000238
14427  39.129  -55.854  -29.096 0.6000000238
13612  38.451  -55.822  -28.438 0.5000000000
14402  38.224  -55.090  -27.976 0.5000000000
17103  37.457  -53.352  -34.056 0.6999999881
130368  38.235  -53.397  -35.015 0.6000000238
17116  37.490  -54.092  -34.694 0.6999999881
18674  39.971  -51.495  -35.978 0.6000000238
17115  38.954  -52.859  -35.812 0.6000000238
18673  40.437  -50.782  -35.976 0.6000000238
17963  39.805  -51.519  -36.639 0.6000000238
19426  40.922  -50.242  -36.334 0.6000000238
19430  41.120  -49.800  -36.675 0.6999999881
20175  41.566  -49.428  -36.274 0.6000000238
128544  41.044  -47.698  -37.071 0.6999999881
20174  42.075  -48.582  -36.535 0.6999999881
15244  35.390  -54.305  -28.643 0.4000000060
13613  37.768  -56.517  -28.278 0.5000000000
14381  36.564  -55.270  -27.395 0.4000000060
16112  35.392  -53.856  -29.433 0.5000000000
13598  37.142  -55.931  -27.594 0.4000000060
17086  36.062  -53.228  -32.303 0.6000000238
119249  37.825  -55.717  -27.920 0.4000000060
14380  37.433  -55.184  -27.576 0.4000000060
15230  37.033  -54.632  -27.400 0.4000000060
17085  36.642  -52.963  -33.112 0.6999999881
17102  37.838  -52.655  -34.265 0.6000000238
17954  38.472  -52.287  -34.781 0.6000000238
126172  39.696  -50.519  -35.184 0.6000000238
17953  39.261  -52.054  -35.489 0.6000000238
19419  40.374  -50.018  -35.401 0.6000000238
22595  40.633  -45.901  -36.676 0.6999999881
21735  41.668  -47.011  -36.992 0.6999999881
20943  42.521  -48.027  -36.625 0.6000000238
20942  42.616  -47.585  -36.736 0.6000000238
134930  35.913  -54.990  -27.500 0.4000000060
15232  35.679  -54.448  -27.921 0.4000000060
122128  35.801  -53.509  -31.698 0.6999999881
15231  36.352  -54.456  -27.493 0.4000000060
15243  37.729  -54.420  -27.628 0.5000000000
17944  37.135  -52.254  -33.654 0.6999999881
17943  37.652  -51.835  -34.040 0.6000000238
18675  38.954  -51.032  -34.869 0.6000000238
23450  40.882  -44.966  -36.425 0.6999999881
20931  41.328  -48.047  -34.798 0.6000000238
20168  41.192  -48.926  -35.275 0.6000000238
22594  41.919  -45.878  -36.735 0.8000000119
20930  42.290  -47.723  -35.181 0.6000000238
20938  42.656  -48.153  -36.148 0.6000000238
123191  35.334  -53.114  -30.071 0.5000000000
121443  35.524  -53.304  -30.974 0.6000000238
16091  35.600  -53.450  -28.400 0.5000000000
122809  35.846  -52.773  -27.917 0.6999999881
16090  36.074  -53.642  -27.733 0.4000000060
18667  36.960  -51.165  -33.551 0.6999999881
19420  38.628  -50.022  -34.437 0.6000000238
18666  37.928  -50.985  -34.172 0.6000000238
20170  39.229  -49.341  -34.509 0.6000000238
24335  41.142  -44.107  -36.103 0.6000000238
20169  40.281  -49.103  -34.837 0.6000000238
138855  42.726  -46.158  -36.664 0.6999999881
23449  41.995  -44.843  -36.552 0.6999999881
21723  42.945  -47.025  -35.095 0.6999999881
21729  43.375  -47.083  -35.886 0.6999999881
22593  43.212  -46.297  -36.424 0.6999999881
17040  35.294  -52.830  -29.144 0.5000000000
135128  35.287  -52.585  -30.620 0.6000000238
118020  35.057  -52.064  -28.978 0.6999999881
17029  35.441  -52.393  -28.465 0.6000000238
17934  35.922  -52.134  -32.291 0.6999999881
17016  35.646  -51.941  -27.971 0.6999999881
122575  36.568  -52.986  -27.596 0.6999999881
17933  36.390  -51.663  -32.976 0.6999999881
19409  37.791  -49.887  -33.965 0.5000000000
19410  36.928  -49.998  -33.378 0.6000000238
24326  40.456  -43.426  -35.680 0.5000000000
20933  39.333  -48.300  -34.190 0.6000000238
19408  38.132  -49.162  -33.949 0.6000000238
24325  41.460  -43.269  -35.922 0.6000000238
25207  40.830  -42.616  -35.518 0.5000000000
21725  40.463  -47.271  -34.131 0.6000000238
20932  40.315  -48.158  -34.480 0.6000000238
23448  43.109  -44.734  -36.522 0.6000000238
24324  42.560  -43.164  -36.163 0.5000000000
25205  42.974  -42.432  -35.999 0.5000000000
120465  41.352  -47.237  -34.409 0.6999999881
21724  41.932  -46.777  -34.384 0.6999999881
22582  43.535  -46.169  -35.170 0.6999999881
22587  43.649  -46.315  -36.038 0.6999999881
23447  43.919  -44.531  -36.259 0.5000000000
22576  42.498  -46.154  -34.328 0.6999999881
23433  44.376  -44.513  -35.332 0.6000000238
17068  35.545  -52.558  -31.469 0.6000000238
127474  35.044  -52.191  -29.821 0.6999999881
17907  35.121  -51.873  -30.720 0.6000000238
17886  35.174  -51.481  -28.491 0.6999999881
18661  35.761  -51.076  -32.281 0.6999999881
18660  36.271  -50.611  -32.866 0.6999999881
20161  37.362  -49.083  -33.433 0.6000000238
139408  37.773  -48.527  -33.500 0.5000000000
26117  42.294  -41.762  -35.699 0.4000000060
21717  40.824  -46.413  -33.786 0.6000000238
24333  43.368  -43.901  -36.362 0.5000000000
23440  44.288  -44.612  -35.926 0.5000000000
24331  44.112  -42.895  -35.995 0.4000000060
129487  41.811  -45.372  -33.693 0.6000000238
122958  43.032  -44.476  -33.950 0.6999999881
23434  43.846  -45.121  -34.781 0.6000000238
24305  43.946  -43.217  -34.289 0.5000000000
116073  34.810  -50.802  -29.814 0.6000000238
120442  35.014  -51.026  -30.696 0.6999999881
17920  35.388  -51.498  -31.524 0.6999999881
18635  34.845  -50.728  -28.927 0.6999999881
127200  35.780  -50.272  -32.248 0.6000000238
19400  36.172  -49.720  -32.570 0.6000000238
20925  37.894  -47.879  -33.299 0.6000000238
20151  37.277  -48.272  -33.014 0.5000000000
20924  38.649  -47.638  -33.572 0.6000000238
21718  39.771  -46.584  -33.512 0.6000000238
25204  43.987  -42.432  -35.927 0.4000000060
26116  43.382  -41.729  -35.815 0.5000000000
127293  42.682  -41.087  -35.635 0.4000000060
26115  44.277  -41.714  -35.659 0.4000000060
18645  34.928  -50.186  -30.463 0.6999999881
18654  35.324  -50.441  -31.483 0.6000000238
19386  34.970  -49.380  -30.119 0.6999999881
19393  35.241  -49.534  -31.041 0.6000000238
19401  35.649  -49.637  -31.862 0.6000000238
19376  34.946  -49.262  -29.213 0.6999999881
20152  36.635  -48.899  -32.713 0.5000000000
21712  38.422  -46.405  -32.627 0.6000000238
20917  37.472  -47.526  -32.658 0.6000000238
21719  38.891  -46.834  -33.273 0.6000000238
22569  39.995  -45.695  -33.181 0.5000000000
22577  40.887  -45.453  -33.399 0.6000000238
23426  42.023  -44.604  -33.552 0.6000000238
24306  43.029  -43.558  -33.771 0.5000000000
20139  35.366  -48.756  -30.653 0.6999999881
20146  35.667  -48.901  -31.471 0.6999999881
20918  36.826  -47.961  -32.304 0.6000000238
21713  37.747  -46.798  -32.304 0.5000000000
22570  38.665  -45.615  -32.271 0.6000000238
23420  40.185  -44.715  -32.791 0.6000000238
24308  40.697  -43.920  -32.698 0.6000000238
25191  42.087  -42.933  -33.255 0.5000000000
15241  39.413  -54.351  -28.914 0.5000000000
123818  37.910  -53.550  -27.727 0.5000000000
16111  39.747  -53.757  -29.247 0.5000000000
16100  39.254  -53.520  -28.762 0.5000000000
132170  37.338  -53.081  -27.587 0.6999999881
17028  37.864  -51.710  -27.871 0.6999999881
16102  37.947  -52.676  -27.833 0.5000000000
16101  38.591  -53.131  -28.283 0.5000000000
17015  36.274  -52.234  -27.648 0.6999999881
17014  37.166  -52.385  -27.585 0.6999999881
17878  35.560  -51.200  -27.868 0.6999999881
12889  40.879  -57.062  -32.018 0.3000000119
17131  38.865  -52.788  -36.545 0.6000000238
21737  39.237  -46.694  -36.681 0.6999999881
121248  36.998  -53.825  -27.439 0.6000000238
21733  43.126  -47.033  -36.396 0.6999999881
24334  42.230  -43.974  -36.364 0.6000000238
136046  43.755  -45.435  -36.225 0.6999999881
22581  44.126  -45.447  -35.660 0.6999999881
25206  41.858  -42.489  -35.787 0.5000000000
26118  41.255  -41.823  -35.405 0.5000000000
24316  44.399  -43.778  -34.909 0.5000000000
140086  41.380  -44.015  -33.153 0.6000000238
20145  36.233  -48.418  -31.865 0.6000000238
21711  39.149  -46.021  -32.939 0.6000000238
20908  36.476  -47.656  -31.488 0.5000000000
17885  38.597  -51.377  -28.424 0.6000000238
20118  39.472  -48.477  -28.381 0.6000000238
20129  40.342  -48.222  -28.923 0.4000000060
18626  39.114  -50.502  -28.843 0.5000000000
14472  35.145  -55.567  -32.448 0.5000000000
122963  40.115  -47.744  -28.258 0.4000000060
15307  36.317  -54.737  -33.401 0.5000000000
15339  35.686  -54.952  -34.677 0.5000000000
18634  39.938  -49.922  -29.589 0.5000000000
131183  39.987  -47.472  -27.688 0.4000000060
15324  35.745  -55.204  -33.865 0.5000000000
132159  36.216  -54.263  -35.958 0.5000000000
131186  39.633  -49.165  -29.026 0.6000000238
16205  37.094  -54.344  -35.509 0.5000000000
18627  38.227  -50.715  -28.127 0.5000000000
17876  36.833  -51.637  -27.573 0.6000000238
20865  40.154  -47.167  -26.443 0.4000000060
20853  40.269  -46.984  -25.551 0.4000000060
17134  35.108  -52.481  -35.885 0.5000000000
19365  38.687  -49.577  -28.216 0.5000000000
16206  36.356  -53.601  -36.439 0.5000000000
18695  35.712  -51.225  -36.333 0.5000000000
18616  37.334  -50.926  -27.670 0.6000000238
17877  36.031  -51.604  -27.630 0.6000000238
17973  38.569  -52.494  -36.927 0.5000000000
18694  36.581  -51.202  -36.746 0.5000000000
134505  35.873  -50.580  -36.306 0.4000000060
19366  37.677  -50.124  -27.708 0.5000000000
19354  37.930  -49.333  -27.489 0.5000000000
129686  36.862  -50.369  -27.478 0.6000000238
19356  36.105  -50.021  -27.439 0.6000000238
18618  35.639  -50.548  -27.742 0.6000000238
19357  35.412  -49.924  -27.913 0.6000000238
18628  35.207  -50.640  -28.223 0.6000000238
20878  39.553  -47.393  -27.090 0.4000000060
20866  39.774  -47.044  -26.480 0.4000000060
19431  37.087  -49.693  -36.679 0.5000000000
123831  36.387  -50.175  -36.462 0.5000000000
20177  35.499  -49.025  -35.640 0.4000000060
127913  37.216  -50.608  -36.862 0.6000000238
19427  35.694  -49.880  -35.962 0.4000000060
121076  36.374  -49.213  -27.244 0.6000000238
129354  35.727  -49.261  -27.562 0.6000000238
20120  35.227  -49.070  -28.311 0.6000000238
21635  40.238  -46.328  -24.863 0.4000000060
20184  36.808  -48.672  -36.337 0.5000000000
20176  36.049  -48.450  -35.772 0.4000000060
20940  35.804  -47.662  -35.444 0.4000000060
20879  38.602  -47.816  -26.802 0.6000000238
20103  39.302  -47.926  -27.662 0.4000000060
20104  37.193  -48.979  -27.044 0.6000000238
20119  38.729  -48.765  -27.805 0.6000000238
136189  35.973  -48.741  -27.230 0.6000000238
20105  36.518  -48.566  -26.869 0.5000000000
135324  35.184  -48.603  -29.044 0.6000000238
20945  37.403  -47.975  -36.408 0.6000000238
20939  36.564  -47.784  -35.881 0.5000000000
21731  36.269  -46.928  -35.499 0.5000000000
21732  35.479  -46.889  -35.059 0.5000000000
126160  37.967  -47.616  -26.184 0.4000000060
20867  38.888  -47.194  -26.343 0.4000000060
20868  37.181  -47.543  -26.020 0.5000000000
20093  36.526  -47.877  -26.498 0.5000000000
20880  36.043  -47.307  -26.921 0.5000000000
20106  35.601  -48.482  -27.681 0.6000000238
20887  35.435  -48.050  -28.500 0.6000000238
20130  35.174  -48.654  -29.800 0.6000000238
21644  39.406  -46.127  -25.195 0.4000000060
20854  39.931  -46.674  -25.743 0.4000000060
21636  39.642  -45.557  -24.763 0.4000000060
124019  38.913  -47.474  -36.817 0.6000000238
22485  38.653  -45.635  -24.794 0.4000000060
21656  39.162  -46.657  -25.757 0.4000000060
21739  37.102  -47.053  -35.960 0.6000000238
21730  36.788  -46.203  -35.537 0.5000000000
22591  35.913  -46.023  -35.009 0.4000000060
20855  37.945  -47.007  -25.644 0.4000000060
20869  36.550  -47.115  -26.205 0.5000000000
20881  35.702  -47.636  -27.665 0.5000000000
21677  35.745  -47.138  -28.416 0.6000000238
123084  35.429  -48.002  -29.453 0.6000000238
20899  35.572  -48.022  -30.289 0.6000000238
138442  40.014  -44.937  -24.467 0.4000000060
133385  38.436  -46.702  -36.430 0.6000000238
23446  35.937  -45.014  -34.892 0.5000000000
21637  37.842  -45.771  -24.801 0.4000000060
21646  37.358  -46.253  -25.226 0.4000000060
20856  37.057  -46.948  -25.657 0.5000000000
21657  36.279  -46.389  -26.734 0.5000000000
21686  36.016  -46.781  -29.262 0.5000000000
22597  38.622  -46.007  -36.221 0.6000000238
22588  38.055  -45.363  -35.731 0.5000000000
23445  36.709  -44.789  -35.140 0.5000000000
123512  36.242  -45.883  -27.617 0.4000000060
120898  36.574  -45.502  -28.877 0.4000000060
118404  36.418  -46.645  -30.186 0.4000000060
120313  36.147  -47.442  -30.675 0.6000000238
20907  37.098  -47.205  -31.906 0.4000000060
116428  40.156  -44.150  -24.304 0.4000000060
22477  38.914  -44.969  -24.505 0.4000000060
22596  39.535  -45.904  -36.472 0.6000000238
23318  38.258  -44.337  -24.300 0.4000000060
23451  39.850  -45.094  -36.195 0.5000000000
23444  37.499  -44.647  -35.371 0.5000000000
24330  36.952  -43.982  -35.020 0.4000000060
23443  38.336  -44.521  -35.556 0.4000000060
22492  36.477  -45.648  -26.223 0.5000000000
22504  36.354  -45.577  -26.983 0.5000000000
116023  36.529  -45.016  -27.693 0.6000000238
119894  36.497  -46.000  -29.432 0.4000000060
21693  36.996  -45.784  -30.222 0.4000000060
21702  37.417  -46.489  -31.593 0.4000000060
22535  36.945  -45.214  -29.443 0.5000000000
23441  40.149  -44.265  -35.882 0.5000000000
23442  39.216  -44.403  -35.707 0.6000000238
24327  39.514  -43.587  -35.497 0.4000000060
135556  37.653  -45.302  -30.803 0.5000000000
21701  38.035  -46.064  -31.949 0.5000000000
116222  37.219  -44.131  -28.784 0.5000000000
23363  36.829  -44.818  -28.668 0.5000000000
22534  37.435  -44.909  -30.050 0.5000000000
24206  39.508  -43.509  -24.227 0.4000000060
22558  38.247  -45.243  -31.523 0.5000000000
23394  37.800  -44.203  -29.974 0.5000000000
125591  37.642  -43.767  -29.311 0.5000000000
25208  39.865  -42.794  -35.298 0.4000000060
24298  39.945  -43.877  -32.205 0.4000000060
23409  39.287  -43.864  -31.600 0.4000000060
23421  39.445  -44.466  -32.151 0.5000000000
139596  39.066  -44.381  -31.755 0.5000000000
134085  38.135  -44.727  -30.948 0.5000000000
23410  38.664  -44.390  -31.321 0.5000000000
118475  37.859  -44.636  -30.475 0.5000000000
24268  38.259  -43.442  -30.018 0.5000000000
24280  38.771  -43.616  -30.870 0.4000000060
18693  37.879  -51.565  -37.043 0.5000000000
20183  37.937  -49.147  -36.837 0.6000000238
16219  37.157  -53.659  -36.617 0.6000000238
20944  38.457  -48.257  -36.839 0.6000000238
15292  35.618  -55.088  -31.967 0.5000000000
20909  35.857  -48.159  -31.096 0.6000000238
21703  36.794  -46.853  -31.065 0.4000000060
17144  35.809  -52.813  -36.437 0.5000000000
17143  36.796  -53.063  -36.801 0.5000000000
17975  36.203  -52.096  -36.666 0.5000000000
19432  36.209  -49.291  -36.137 0.4000000060
116941  35.438  -48.274  -35.387 0.4000000060
20092  37.424  -48.241  -26.519 0.6000000238
21645  38.355  -46.279  -25.157 0.4000000060
134997  37.942  -47.240  -36.440 0.6000000238
22592  35.117  -46.216  -34.699 0.5000000000
21726  34.701  -46.834  -34.659 0.5000000000
21738  37.731  -46.287  -35.957 0.5000000000
22590  36.516  -45.494  -35.225 0.5000000000
22589  37.209  -45.459  -35.507 0.5000000000
21676  36.165  -46.201  -28.499 0.5000000000
22486  36.779  -45.583  -25.422 0.5000000000
23452  38.928  -45.227  -35.935 0.6000000238
21692  37.239  -46.127  -30.943 0.3000000119
24287  39.301  -43.092  -31.195 0.4000000060
8346  43.786  -64.161  -32.485 0.3000000119
7592  44.043  -64.362  -33.461 0.3000000119
8373  44.392  -63.658  -34.283 0.3000000119
8361  44.246  -64.058  -33.907 0.3000000119
126487  44.522  -63.899  -33.277 0.3000000119
8389  44.294  -63.361  -35.106 0.3000000119
9081  44.837  -63.033  -34.354 0.3000000119
8322  46.224  -63.042  -31.383 0.3000000119
8343  45.329  -63.142  -32.843 0.3000000119
9073  45.519  -62.697  -33.473 0.3000000119
9080  45.359  -62.121  -34.576 0.3000000119
9049  46.284  -62.549  -31.834 0.3000000119
124987  46.701  -61.943  -31.641 0.3000000119
9063  46.557  -62.061  -32.279 0.3000000119
9072  46.336  -62.139  -33.037 0.4000000060
9785  45.979  -61.995  -33.752 0.4000000060
10558  46.011  -60.632  -34.911 0.4000000060
10575  45.455  -60.471  -35.743 0.3000000119
10509  47.101  -60.812  -31.679 0.3000000119
10525  47.255  -60.821  -32.354 0.4000000060
10539  47.140  -60.833  -33.175 0.4000000060
9784  46.571  -61.483  -33.489 0.4000000060
125420  46.705  -60.886  -30.959 0.3000000119
11318  46.535  -60.110  -34.598 0.4000000060
11280  45.450  -59.437  -31.368 0.4000000060
125038  46.924  -60.184  -31.689 0.4000000060
11332  45.945  -59.720  -35.466 0.4000000060
11331  46.162  -58.605  -35.373 0.3000000119
128513  47.118  -59.314  -32.144 0.4000000060
10508  47.333  -60.069  -32.223 0.3000000119
10538  47.449  -60.127  -32.850 0.4000000060
11279  46.390  -59.398  -31.673 0.4000000060
12101  47.032  -58.546  -34.444 0.5000000000
11316  47.296  -59.188  -33.965 0.4000000060
140119  40.203  -55.979  -30.296 0.5000000000
12068  45.653  -58.667  -31.572 0.4000000060
11317  46.748  -59.358  -34.642 0.4000000060
12897  41.387  -57.144  -32.813 0.3000000119
13644  41.491  -56.426  -32.334 0.4000000060
13663  43.972  -57.106  -35.451 0.3000000119
14446  34.862  -55.592  -31.120 0.4000000060
14461  34.693  -55.756  -31.881 0.4000000060
15242  38.630  -54.178  -28.213 0.4000000060
14401  38.954  -55.086  -28.612 0.4000000060
11291  47.465  -59.475  -32.675 0.3000000119
11302  47.507  -59.367  -33.264 0.5000000000
14426  39.628  -55.123  -29.298 0.4000000060
14445  39.727  -55.879  -29.757 0.4000000060
12067  46.556  -58.510  -31.886 0.4000000060
120513  40.995  -56.289  -31.458 0.4000000060
12102  46.580  -57.784  -34.799 0.4000000060
13638  41.623  -55.659  -31.884 0.5000000000
124724  45.842  -57.747  -35.368 0.5000000000
14481  42.049  -55.765  -32.755 0.4000000060
13650  41.962  -56.510  -33.226 0.4000000060
12912  45.160  -57.283  -35.471 0.3000000119
13649  42.479  -56.574  -34.033 0.4000000060
14482  35.108  -55.463  -33.288 0.4000000060
12066  47.151  -58.293  -32.330 0.4000000060
12090  47.602  -58.741  -32.979 0.4000000060
14425  40.335  -55.176  -30.051 0.4000000060
12896  47.469  -57.952  -32.772 0.4000000060
127363  47.559  -58.024  -33.258 0.4000000060
15277  41.042  -54.954  -30.743 0.5000000000
13636  47.039  -56.688  -31.975 0.4000000060
13643  47.478  -56.340  -32.813 0.4000000060
119727  47.514  -57.108  -33.207 0.4000000060
12900  47.152  -56.671  -33.799 0.5000000000
13653  46.493  -56.337  -34.320 0.5000000000
119533  41.644  -54.809  -31.470 0.5000000000
14456  47.360  -55.873  -32.247 0.4000000060
13661  45.145  -56.562  -35.114 0.5000000000
13662  44.482  -56.712  -35.269 0.4000000060
14490  43.538  -55.747  -34.575 0.4000000060
14491  42.898  -55.969  -34.276 0.4000000060
14480  42.478  -55.858  -33.656 0.4000000060
15261  40.042  -54.347  -29.562 0.4000000060
16110  40.244  -53.477  -29.723 0.3000000119
13648  47.386  -56.070  -33.260 0.4000000060
124474  46.931  -55.805  -33.730 0.4000000060
138100  41.364  -54.255  -30.917 0.4000000060
20941  35.092  -47.652  -35.026 0.4000000060
14457  47.176  -55.139  -31.721 0.4000000060
14469  47.518  -55.384  -32.910 0.4000000060
14487  46.197  -55.497  -34.153 0.5000000000
14488  45.370  -55.237  -34.428 0.5000000000
15291  41.822  -53.871  -31.452 0.5000000000
15306  42.164  -54.287  -31.977 0.4000000060
15303  47.449  -54.554  -32.830 0.4000000060
117133  44.185  -55.639  -34.774 0.4000000060
14470  42.579  -55.058  -33.258 0.4000000060
15338  43.050  -55.256  -34.107 0.4000000060
15323  43.196  -54.339  -33.808 0.4000000060
17026  39.197  -52.612  -28.809 0.4000000060
15260  40.757  -54.108  -30.288 0.3000000119
15319  47.215  -54.725  -33.267 0.4000000060
14479  46.737  -55.023  -33.656 0.4000000060
16127  41.349  -53.430  -30.877 0.3000000119
16157  47.110  -53.999  -33.231 0.4000000060
15321  45.776  -53.973  -33.884 0.4000000060
15335  45.946  -54.708  -33.965 0.4000000060
14489  44.684  -55.007  -34.564 0.5000000000
15304  47.288  -53.843  -32.605 0.4000000060
16158  46.866  -53.309  -33.026 0.4000000060
16191  44.461  -53.728  -34.300 0.4000000060
15322  43.803  -53.774  -34.148 0.4000000060
15305  42.637  -54.090  -32.815 0.4000000060
17027  38.577  -52.201  -28.347 0.4000000060
16190  45.129  -53.737  -34.242 0.4000000060
10616  42.077  -60.933  -37.598 0.3000000119
9043  46.899  -62.423  -30.131 0.3000000119
9746  46.810  -61.455  -31.252 0.3000000119
125710  45.714  -60.582  -30.714 0.4000000060
121087  45.840  -57.782  -31.595 0.4000000060
12887  46.739  -57.569  -31.943 0.4000000060
129556  45.229  -57.172  -31.128 0.4000000060
14458  46.734  -55.927  -31.472 0.4000000060
16128  40.789  -53.018  -30.305 0.3000000119
15275  46.949  -54.373  -31.405 0.4000000060
17038  40.266  -52.552  -29.803 0.4000000060
17052  41.306  -52.437  -30.896 0.4000000060
16145  41.909  -52.801  -31.606 0.4000000060
17065  46.417  -52.391  -32.142 0.4000000060
16174  45.632  -53.252  -33.879 0.4000000060
16175  44.914  -53.039  -34.176 0.4000000060
16176  44.143  -53.033  -34.093 0.4000000060
16160  42.758  -53.134  -32.746 0.3000000119
139733  42.336  -53.513  -32.102 0.4000000060
17081  46.013  -52.199  -32.972 0.4000000060
14444  40.711  -55.745  -30.749 0.4000000060
17884  39.165  -51.659  -28.870 0.4000000060
7607  43.735  -64.590  -34.261 0.3000000119
8345  44.627  -64.029  -32.723 0.3000000119
133503  41.755  -61.412  -37.783 0.3000000119
10615  42.693  -60.878  -37.577 0.3000000119
8360  44.782  -63.483  -33.511 0.3000000119
9048  46.675  -62.310  -31.049 0.3000000119
9064  45.941  -62.656  -32.579 0.4000000060
9800  46.042  -61.414  -34.332 0.4000000060
9755  47.011  -61.443  -31.930 0.3000000119
9771  46.890  -61.491  -32.677 0.4000000060
10557  46.645  -60.780  -34.058 0.4000000060
9748  46.267  -61.262  -30.161 0.3000000119
11270  44.606  -59.421  -31.058 0.4000000060
12905  47.305  -57.688  -33.954 0.4000000060
12907  45.944  -56.984  -34.925 0.5000000000
13656  43.868  -56.408  -35.032 0.3000000119
13637  46.129  -56.801  -31.420 0.4000000060
135658  43.937  -54.696  -34.436 0.4000000060
16177  43.350  -53.248  -33.512 0.4000000060
18644  40.922  -50.179  -30.556 0.4000000060
18633  40.346  -50.588  -30.032 0.4000000060
20138  41.241  -48.711  -30.109 0.4000000060
17894  39.716  -51.081  -29.475 0.4000000060
16989  42.373  -52.627  -25.589 0.3000000119
17004  42.936  -52.412  -26.216 0.3000000119
19334  41.030  -49.687  -26.279 0.3000000119
19342  41.263  -48.879  -27.279 0.3000000119
19343  40.734  -48.508  -26.463 0.3000000119
20102  40.545  -47.593  -27.800 0.3000000119
17864  42.404  -51.808  -25.929 0.3000000119
17865  41.752  -51.218  -25.665 0.3000000119
18596  41.012  -50.454  -25.379 0.3000000119
16069  41.995  -53.337  -25.373 0.3000000119
16971  41.541  -52.173  -24.683 0.3000000119
118632  40.424  -47.653  -26.110 0.3000000119
17833  41.338  -51.432  -24.772 0.3000000119
132024  40.632  -49.992  -24.808 0.3000000119
130755  40.519  -48.530  -25.462 0.3000000119
18572  40.623  -50.804  -23.582 0.3000000119
18584  40.782  -50.685  -24.433 0.3000000119
20059  40.567  -48.731  -22.870 0.3000000119
19296  40.524  -49.556  -22.990 0.3000000119
20049  40.613  -48.457  -22.079 0.3000000119
17834  41.097  -51.981  -24.086 0.3000000119
139261  40.490  -48.517  -24.715 0.3000000119
20835  40.746  -47.521  -23.717 0.3000000119
122953  40.528  -45.754  -24.431 0.3000000119
117259  40.339  -50.133  -22.241 0.3000000119
126393  40.615  -48.232  -23.519 0.3000000119
21627  40.877  -46.665  -23.964 0.3000000119
20042  40.421  -48.589  -21.151 0.3000000119
20820  41.074  -47.268  -22.428 0.3000000119
20821  40.751  -47.894  -22.789 0.3000000119
21593  41.978  -46.397  -22.456 0.3000000119
137348  40.742  -45.364  -24.265 0.3000000119
22468  41.281  -45.977  -23.865 0.3000000119
128725  40.895  -44.108  -24.155 0.3000000119
23317  39.217  -44.249  -24.319 0.3000000119
133565  41.140  -43.131  -24.410 0.3000000119
24205  40.448  -43.382  -24.281 0.3000000119
25080  40.591  -42.418  -24.501 0.3000000119
20128  41.207  -48.228  -29.376 0.3000000119
19375  40.511  -48.825  -29.605 0.4000000060
123380  40.489  -47.599  -27.012 0.3000000119
20843  40.574  -47.107  -24.616 0.3000000119
19385  41.262  -49.345  -30.535 0.5000000000
17849  41.925  -52.002  -25.252 0.3000000119
19323  40.515  -49.262  -24.728 0.3000000119
19353  41.674  -48.612  -28.204 0.3000000119
20101  41.153  -47.943  -28.102 0.3000000119
125819  40.862  -51.317  -24.031 0.3000000119
20083  40.455  -47.745  -25.162 0.3000000119
19305  40.556  -49.947  -23.942 0.3000000119
20807  40.751  -47.765  -21.664 0.3000000119
20806  41.507  -46.810  -22.072 0.3000000119
134323  40.536  -48.490  -20.359 0.3000000119
21626  41.492  -46.799  -23.075 0.3000000119
16144  42.496  -52.704  -32.291 0.3000000119
17930  44.714  -51.160  -32.575 0.4000000060
17931  43.814  -51.053  -32.613 0.4000000060
18651  43.802  -49.962  -31.475 0.4000000060
137380  44.340  -50.227  -31.299 0.3000000119
17066  42.422  -51.883  -32.127 0.4000000060
17918  43.421  -50.413  -32.083 0.4000000060
18642  43.274  -49.437  -30.898 0.3000000119
17067  41.767  -51.705  -31.501 0.3000000119
121576  42.452  -50.783  -31.882 0.4000000060
18652  42.990  -49.845  -31.573 0.4000000060
17906  40.758  -51.129  -30.436 0.3000000119
123332  41.232  -50.699  -30.844 0.4000000060
19384  41.937  -48.884  -30.552 0.4000000060
17053  40.764  -52.057  -30.353 0.3000000119
17893  40.264  -51.602  -29.895 0.3000000119
17039  39.714  -52.096  -29.374 0.3000000119
18653  42.248  -50.030  -31.462 0.4000000060
17932  43.002  -51.177  -32.429 0.4000000060
116898  45.097  -60.918  -30.044 0.3000000119
17101  43.844  -52.432  -33.609 0.3000000119
117001  44.276  -62.094  -27.879 0.3000000119
9031  45.175  -61.889  -28.534 0.3000000119
130840  44.439  -61.284  -29.330 0.3000000119
10511  45.208  -59.999  -31.077 0.3000000119
17084  43.177  -52.125  -32.889 0.3000000119
17099  45.443  -52.520  -33.681 0.3000000119
9719  42.300  -61.620  -27.783 0.3000000119
9738  43.149  -60.890  -29.251 0.3000000119
9728  42.742  -61.285  -28.461 0.3000000119
10499  43.570  -60.025  -30.306 0.3000000119
12055  44.285  -58.521  -30.938 0.3000000119
17083  44.187  -51.673  -33.267 0.3000000119
9713  41.003  -61.443  -26.932 0.3000000119
10482  42.328  -60.672  -28.787 0.3000000119
9720  41.494  -61.250  -27.571 0.3000000119
10490  43.016  -60.159  -29.843 0.3000000119
11271  43.722  -59.276  -30.582 0.3000000119
10474  41.235  -60.507  -27.884 0.3000000119
10483  41.665  -60.128  -28.638 0.3000000119
11261  43.105  -59.530  -30.131 0.3000000119
11262  42.507  -59.373  -29.641 0.3000000119
12876  44.352  -57.465  -30.654 0.3000000119
14442  45.824  -55.965  -30.785 0.3000000119
14441  46.494  -55.121  -30.964 0.3000000119
138634  40.914  -60.849  -27.347 0.3000000119
12056  43.593  -58.180  -30.378 0.3000000119
12865  43.013  -57.905  -29.765 0.3000000119
13629  44.959  -56.521  -30.498 0.3000000119
17082  45.160  -51.754  -33.217 0.3000000119
130016  40.987  -59.739  -28.016 0.3000000119
9721  40.586  -60.232  -27.405 0.3000000119
11253  41.482  -59.133  -28.624 0.3000000119
12047  42.486  -58.475  -29.498 0.3000000119
13630  44.219  -56.739  -30.105 0.3000000119
14422  45.753  -55.120  -30.235 0.3000000119
16125  46.801  -53.534  -31.333 0.3000000119
17916  45.688  -51.614  -32.161 0.3000000119
130818  45.074  -51.025  -31.758 0.3000000119
12037  41.967  -58.150  -28.897 0.3000000119
12877  43.620  -57.278  -29.979 0.3000000119
14443  45.206  -55.761  -30.147 0.3000000119
15276  46.277  -54.165  -30.528 0.3000000119
10489  43.882  -60.637  -29.979 0.3000000119
9727  43.792  -61.594  -28.596 0.3000000119
9032  43.236  -61.863  -27.918 0.3000000119
9729  41.906  -60.932  -28.237 0.3000000119
10491  42.352  -60.159  -29.284 0.3000000119
10498  44.466  -60.188  -30.628 0.3000000119
10510  46.141  -60.123  -31.264 0.4000000060
11263  41.946  -59.572  -29.130 0.3000000119
11278  47.347  -59.498  -32.435 0.3000000119
11303  47.184  -59.992  -33.796 0.4000000060
12046  42.997  -58.776  -30.061 0.3000000119
12048  42.022  -58.947  -29.209 0.3000000119
12069  44.927  -58.817  -31.302 0.4000000060
12078  47.379  -58.916  -32.580 0.4000000060
12100  47.460  -58.605  -33.618 0.5000000000
12886  47.242  -57.374  -32.413 0.4000000060
12888  44.972  -58.048  -31.282 0.3000000119
12906  46.780  -57.095  -34.391 0.5000000000
13631  40.362  -56.464  -30.827 0.5000000000
13635  47.338  -56.671  -32.469 0.4000000060
13654  45.624  -56.066  -34.672 0.5000000000
13655  44.769  -55.898  -34.839 0.5000000000
14459  41.221  -55.513  -31.234 0.5000000000
14460  35.173  -55.489  -31.700 0.4000000060
14471  42.150  -54.973  -32.311 0.4000000060
14478  47.238  -55.355  -33.316 0.4000000060
15289  47.459  -55.069  -32.400 0.4000000060
15290  47.371  -54.457  -32.150 0.4000000060
15308  35.696  -55.238  -32.931 0.5000000000
15320  46.579  -54.291  -33.595 0.4000000060
15336  45.237  -54.446  -34.275 0.4000000060
15337  44.711  -54.297  -34.401 0.5000000000
15349  36.236  -54.646  -35.239 0.5000000000
16142  46.945  -53.152  -32.196 0.4000000060
16143  46.605  -52.825  -31.488 0.3000000119
16159  46.199  -52.880  -33.371 0.4000000060
16173  46.385  -53.584  -33.529 0.4000000060
16990  41.770  -52.707  -24.984 0.3000000119
17080  46.549  -52.743  -32.778 0.4000000060
17100  44.596  -52.355  -33.775 0.3000000119
17142  37.944  -53.280  -36.776 0.5000000000
17818  40.569  -51.640  -23.248 0.3000000119
17895  34.880  -51.451  -29.306 0.6000000238
17905  41.252  -51.492  -30.866 0.3000000119
17917  44.337  -50.487  -31.923 0.4000000060
17919  41.714  -50.755  -31.309 0.4000000060
17974  37.346  -52.356  -36.984 0.5000000000
17976  35.456  -51.887  -36.194 0.5000000000
18617  36.293  -50.919  -27.538 0.6000000238
18643  41.639  -49.820  -31.009 0.5000000000
19289  40.414  -49.249  -21.919 0.3000000119
19335  40.659  -49.448  -25.524 0.3000000119
19355  36.975  -49.709  -27.336 0.5000000000
19367  34.972  -49.943  -28.625 0.6999999881
19374  40.651  -49.530  -30.150 0.4000000060
19392  42.473  -49.370  -31.112 0.4000000060
19418  41.028  -49.664  -35.644 0.6000000238
20031  40.658  -47.884  -20.639 0.3000000119
20090  40.875  -47.963  -27.381 0.3000000119
20091  38.220  -48.554  -27.163 0.6000000238
20153  36.029  -49.093  -32.135 0.6000000238
20160  38.440  -48.431  -33.835 0.6000000238
20167  42.003  -48.604  -35.775 0.6000000238
20180  41.539  -49.140  -36.783 0.6999999881
20877  40.143  -47.312  -27.192 0.4000000060
20893  35.646  -47.449  -29.103 0.6000000238
20898  35.824  -47.362  -29.860 0.6000000238
20916  38.134  -47.149  -32.991 0.6000000238
20929  42.974  -47.616  -35.785 0.6999999881
20937  42.958  -47.655  -36.370 0.6000000238
21594  41.810  -46.264  -21.533 0.3000000119
21608  40.984  -47.257  -23.200 0.3000000119
21647  36.670  -46.373  -25.819 0.5000000000
21667  35.937  -46.754  -27.611 0.4000000060
21734  42.673  -46.750  -36.727 0.6999999881
21736  40.292  -46.755  -36.910 0.6999999881
22478  37.969  -45.124  -24.498 0.4000000060
22517  36.458  -45.453  -28.283 0.5000000000
22559  37.724  -45.842  -31.366 0.4000000060
22575  42.866  -45.362  -34.173 0.6999999881
23300  40.988  -44.926  -24.145 0.3000000119
23378  37.324  -44.477  -29.373 0.5000000000
23393  38.270  -44.157  -30.589 0.5000000000
23427  41.120  -44.645  -33.222 0.6000000238
24253  37.332  -43.456  -28.459 0.5000000000
24307  42.080  -43.791  -33.418 0.5000000000
24317  43.947  -44.158  -34.508 0.5000000000
24332  44.264  -43.781  -36.052 0.5000000000
25164  38.843  -42.828  -30.494 0.4000000060
25203  44.499  -42.531  -35.531 0.4000000060
25211  43.657  -43.131  -36.162 0.4000000060
26119  40.275  -41.984  -35.092 0.4000000060
27139  44.533  -40.853  -35.473 0.4000000060
118006  39.522  -47.433  -33.842 0.6000000238
118964  39.730  -53.013  -29.297 0.4000000060
120244  47.442  -57.095  -32.734 0.4000000060
120347  47.195  -53.840  -31.916 0.4000000060
121660  40.512  -48.918  -23.876 0.3000000119
121838  36.478  -44.957  -26.766 0.5000000000
122733  41.208  -43.740  -24.219 0.3000000119
123767  39.370  -45.208  -32.558 0.5000000000
123866  40.526  -50.277  -23.091 0.3000000119
124718  34.809  -50.040  -29.504 0.6999999881
124988  35.935  -48.111  -27.071 0.5000000000
125940  39.762  -50.521  -37.095 0.6999999881
128138  42.870  -45.586  -36.597 0.6999999881
130936  40.569  -48.008  -24.292 0.3000000119
132149  39.733  -43.307  -31.757 0.4000000060
132611  38.879  -44.855  -31.953 0.5000000000
133777  41.575  -46.029  -33.840 0.6000000238
135464  36.856  -46.368  -30.612 0.3000000119
135469  41.077  -47.132  -21.671 0.3000000119
136932  36.923  -54.079  -36.295 0.5000000000
137046  38.697  -51.601  -34.777 0.6000000238
137897  43.672  -62.304  -27.407 0.3000000119
138185  38.277  -50.428  -34.317 0.6000000238
138755  45.503  -56.590  -30.962 0.4000000060
138864  44.302  -56.153  -34.992 0.4000000060
139411  40.263  -49.254  -21.114 0.3000000119
140038  34.895  -51.459  -30.070 0.6999999881
