#!ascii label  , from subject sub-v2s7x29800_ses-1 vox2ras=TkReg
326
75540  33.242  11.164  -35.874 0.0000000000
66745  30.673  0.315  -34.600 0.0000000000
80660  32.327  16.502  -37.902 0.0000000000
89485  34.804  27.116  -40.749 0.0000000000
64818  29.369  -1.497  -34.452 0.0000000000
83075  37.245  18.932  -37.891 0.0000000000
84825  37.488  21.661  -38.952 0.0000000000
74634  30.766  8.916  -37.693 0.0000000000
139018  31.536  6.051  -35.885 0.0000000000
73664  33.693  8.604  -35.237 0.0000000000
78070  36.593  13.777  -36.083 0.0000000000
75522  36.618  10.722  -35.706 0.0000000000
78942  32.834  14.208  -36.799 0.0000000000
80648  36.428  16.636  -36.740 0.0000000000
124285  34.327  23.888  -39.330 0.0000000000
118152  37.659  24.224  -41.103 0.0000000000
130238  32.793  2.721  -34.501 0.0000000000
83965  34.816  20.508  -37.631 0.0000000000
84827  35.983  21.728  -38.158 0.0000000000
75542  31.835  10.343  -37.232 0.0000000000
74624  31.905  8.961  -36.636 0.0000000000
75525  33.550  10.294  -35.622 0.0000000000
65803  30.518  -0.544  -34.535 0.0000000000
78960  32.056  14.914  -37.824 0.0000000000
79791  34.414  15.268  -36.035 0.0000000000
132616  34.936  16.575  -36.251 0.0000000000
134001  38.152  19.434  -39.556 0.0000000000
81478  38.189  17.901  -39.416 0.0000000000
88767  32.680  26.132  -41.412 0.0000000000
86469  32.870  23.667  -40.568 0.0000000000
88073  34.482  25.595  -40.142 0.0000000000
89519  36.753  27.725  -44.689 0.0000000000
88793  37.349  26.209  -44.083 0.0000000000
88082  37.432  25.781  -41.683 0.0000000000
87290  37.548  25.151  -43.251 0.0000000000
86482  37.736  23.910  -42.051 0.0000000000
70938  32.957  5.439  -34.665 0.0000000000
69242  31.725  4.036  -34.868 0.0000000000
63775  28.347  -2.337  -34.134 0.0000000000
81462  34.229  17.725  -36.688 0.0000000000
126136  34.892  19.082  -37.020 0.0000000000
83083  37.183  19.853  -38.145 0.0000000000
83986  38.195  20.837  -40.083 0.0000000000
70976  30.508  5.903  -37.418 0.0000000000
72740  31.275  7.684  -36.971 0.0000000000
72716  32.445  7.725  -35.465 0.0000000000
72703  33.868  7.117  -34.717 0.0000000000
77195  34.746  12.474  -35.447 0.0000000000
76372  34.986  11.605  -35.383 0.0000000000
77205  37.035  12.148  -36.265 0.0000000000
124725  31.419  11.071  -38.188 0.0000000000
77228  31.307  12.242  -38.866 0.0000000000
77207  32.815  12.761  -36.479 0.0000000000
78926  34.462  14.344  -35.756 0.0000000000
124914  36.535  15.180  -36.379 0.0000000000
124476  37.924  15.738  -38.631 0.0000000000
81461  36.692  17.473  -37.134 0.0000000000
80678  38.066  16.430  -39.026 0.0000000000
85655  33.565  22.236  -39.162 0.0000000000
89483  36.266  27.336  -41.085 0.0000000000
88071  36.305  26.007  -40.358 0.0000000000
87258  36.671  24.595  -39.835 0.0000000000
85652  36.328  22.828  -38.747 0.0000000000
122384  37.606  22.469  -39.518 0.0000000000
85679  37.979  22.301  -40.853 0.0000000000
122888  30.046  1.803  -35.482 0.0000000000
129960  31.340  4.218  -36.839 0.0000000000
74610  35.372  9.720  -35.326 0.0000000000
73652  35.428  8.122  -35.069 0.0000000000
124014  34.599  21.117  -37.929 0.0000000000
84829  34.143  21.672  -38.406 0.0000000000
75541  32.349  10.863  -36.730 0.0000000000
75526  32.854  10.153  -36.085 0.0000000000
62805  27.583  -3.469  -33.524 0.0000000000
136222  28.503  -3.242  -33.727 0.0000000000
79806  32.603  15.617  -37.378 0.0000000000
79805  33.380  15.843  -36.756 0.0000000000
136925  33.658  16.478  -36.712 0.0000000000
121750  38.253  19.940  -40.517 0.0000000000
127274  38.271  19.118  -40.426 0.0000000000
89486  33.994  26.853  -40.786 0.0000000000
125374  32.713  25.374  -41.236 0.0000000000
88063  33.567  25.038  -40.376 0.0000000000
88765  34.640  26.379  -40.431 0.0000000000
88092  37.472  25.810  -43.397 0.0000000000
126093  37.552  24.363  -43.743 0.0000000000
70937  34.043  5.024  -34.584 0.0000000000
70092  33.314  4.556  -34.584 0.0000000000
65815  28.924  0.162  -34.888 0.0000000000
82257  34.110  18.547  -36.982 0.0000000000
82258  33.344  18.691  -37.641 0.0000000000
122049  36.464  21.129  -38.115 0.0000000000
83956  36.482  20.410  -37.876 0.0000000000
83963  37.228  20.840  -38.437 0.0000000000
83092  37.789  20.123  -38.820 0.0000000000
83975  37.901  20.913  -39.159 0.0000000000
138445  33.175  27.591  -41.465 0.0000000000
72741  30.749  7.158  -37.294 0.0000000000
73683  31.344  8.542  -37.122 0.0000000000
73665  32.875  8.581  -35.529 0.0000000000
73673  32.190  8.427  -36.002 0.0000000000
72715  33.298  7.866  -35.079 0.0000000000
72704  32.971  7.074  -34.897 0.0000000000
135084  29.069  -2.094  -34.311 0.0000000000
122209  29.216  -2.715  -34.038 0.0000000000
127504  35.529  13.044  -35.541 0.0000000000
77194  35.518  12.226  -35.483 0.0000000000
123861  36.861  13.004  -36.205 0.0000000000
75565  30.945  10.717  -38.492 0.0000000000
78082  31.513  13.476  -38.533 0.0000000000
78081  31.889  13.428  -37.741 0.0000000000
77217  32.136  12.508  -37.304 0.0000000000
78072  32.490  13.433  -36.996 0.0000000000
78058  33.797  13.551  -35.842 0.0000000000
78941  33.525  14.254  -36.247 0.0000000000
79790  35.219  15.830  -36.048 0.0000000000
79775  35.854  15.177  -35.915 0.0000000000
79804  36.818  15.869  -36.851 0.0000000000
79788  37.137  15.081  -37.004 0.0000000000
79803  37.451  15.677  -37.678 0.0000000000
82255  36.622  18.461  -37.307 0.0000000000
82244  35.989  17.988  -36.764 0.0000000000
82254  37.323  18.001  -37.754 0.0000000000
81470  37.868  17.356  -38.540 0.0000000000
123082  38.242  16.246  -39.951 0.0000000000
86459  33.644  23.749  -39.795 0.0000000000
85673  32.136  22.112  -40.962 0.0000000000
86460  33.225  23.004  -39.931 0.0000000000
85664  32.760  22.206  -40.204 0.0000000000
85663  34.111  23.182  -39.065 0.0000000000
139166  36.927  27.619  -43.969 0.0000000000
118832  36.534  28.366  -43.940 0.0000000000
89489  36.944  27.172  -41.855 0.0000000000
139638  36.874  26.613  -41.024 0.0000000000
117236  37.398  25.148  -40.952 0.0000000000
87269  36.851  25.295  -40.322 0.0000000000
87257  37.267  24.487  -40.366 0.0000000000
86456  36.477  23.927  -39.399 0.0000000000
86455  37.130  23.861  -39.818 0.0000000000
85662  36.974  23.177  -39.262 0.0000000000
133576  37.487  23.232  -39.822 0.0000000000
123603  37.772  22.955  -42.462 0.0000000000
86476  37.835  23.191  -41.255 0.0000000000
85684  37.870  22.241  -41.781 0.0000000000
84854  37.921  21.355  -42.053 0.0000000000
67600  29.961  2.045  -36.536 0.0000000000
70975  31.086  5.704  -37.157 0.0000000000
70130  30.452  5.060  -37.450 0.0000000000
70129  31.297  4.931  -37.043 0.0000000000
68417  31.710  3.169  -34.749 0.0000000000
122637  31.082  3.403  -35.476 0.0000000000
67584  31.789  2.312  -34.599 0.0000000000
75523  35.460  10.646  -35.378 0.0000000000
124977  36.195  9.847  -35.491 0.0000000000
83085  33.310  19.444  -38.121 0.0000000000
83084  33.989  20.149  -37.827 0.0000000000
83964  35.600  20.990  -37.828 0.0000000000
84826  36.809  21.654  -38.476 0.0000000000
74633  31.491  9.538  -37.359 0.0000000000
119299  32.165  9.860  -36.686 0.0000000000
74623  32.528  9.248  -36.058 0.0000000000
74613  33.350  9.432  -35.576 0.0000000000
64817  30.377  -1.514  -34.410 0.0000000000
63774  30.613  -2.361  -34.150 0.0000000000
64806  31.630  -1.976  -33.670 0.0000000000
78069  37.183  13.656  -36.729 0.0000000000
78950  31.726  14.186  -38.162 0.0000000000
79793  32.585  14.786  -37.220 0.0000000000
78940  33.849  14.862  -36.203 0.0000000000
79792  33.193  15.005  -36.689 0.0000000000
80650  34.221  16.051  -36.333 0.0000000000
80649  35.724  16.618  -36.357 0.0000000000
129212  37.762  19.267  -38.615 0.0000000000
82266  37.798  18.384  -38.506 0.0000000000
138137  38.085  18.717  -39.191 0.0000000000
82283  38.309  18.447  -40.801 0.0000000000
87270  33.340  24.263  -40.326 0.0000000000
88062  34.465  24.930  -39.825 0.0000000000
89518  37.103  26.999  -44.485 0.0000000000
89511  37.189  27.082  -43.565 0.0000000000
88784  37.302  26.533  -42.178 0.0000000000
135238  37.577  25.232  -42.391 0.0000000000
87279  37.615  24.815  -41.783 0.0000000000
87285  37.624  24.525  -42.710 0.0000000000
86488  37.661  23.668  -43.125 0.0000000000
70945  32.174  5.705  -34.915 0.0000000000
70103  31.546  4.699  -35.293 0.0000000000
70102  32.186  4.894  -34.777 0.0000000000
69241  32.657  4.177  -34.609 0.0000000000
63761  27.759  -2.793  -33.838 0.0000000000
133639  27.893  -1.664  -34.285 0.0000000000
120090  28.741  -0.795  -34.595 0.0000000000
121135  29.617  -0.679  -34.588 0.0000000000
66746  29.813  0.206  -34.764 0.0000000000
81464  32.816  17.229  -37.615 0.0000000000
81463  33.531  17.119  -36.954 0.0000000000
121158  33.404  17.910  -37.242 0.0000000000
82245  35.061  18.300  -36.699 0.0000000000
82256  35.809  18.825  -37.013 0.0000000000
83958  34.807  19.816  -37.343 0.0000000000
130789  36.426  19.455  -37.522 0.0000000000
128206  38.138  20.252  -39.593 0.0000000000
121037  38.186  19.984  -41.463 0.0000000000
88775  33.146  26.919  -41.310 0.0000000000
89493  33.931  27.607  -41.146 0.0000000000
71816  30.919  6.413  -37.209 0.0000000000
71786  31.502  6.572  -36.239 0.0000000000
73674  31.673  8.148  -36.507 0.0000000000
72727  31.570  7.388  -36.399 0.0000000000
71785  31.865  6.327  -35.408 0.0000000000
71772  32.604  6.288  -34.871 0.0000000000
71771  33.638  6.124  -34.615 0.0000000000
138501  34.605  5.491  -34.691 0.0000000000
76373  34.037  11.855  -35.460 0.0000000000
76371  35.966  11.561  -35.505 0.0000000000
76370  36.653  11.639  -35.835 0.0000000000
77204  37.487  12.733  -37.012 0.0000000000
76381  37.463  11.733  -36.945 0.0000000000
124989  37.470  10.834  -37.029 0.0000000000
75555  31.422  10.398  -37.868 0.0000000000
75554  31.793  11.007  -37.567 0.0000000000
76394  32.083  11.601  -37.232 0.0000000000
76395  31.626  11.792  -38.039 0.0000000000
76384  32.625  11.859  -36.552 0.0000000000
77196  33.931  12.754  -35.604 0.0000000000
78057  34.584  13.343  -35.554 0.0000000000
78055  35.938  13.806  -35.680 0.0000000000
78925  35.496  14.456  -35.689 0.0000000000
78939  36.855  14.430  -36.527 0.0000000000
78938  37.417  14.339  -37.210 0.0000000000
79814  37.900  15.019  -38.349 0.0000000000
81450  34.279  16.902  -36.493 0.0000000000
81448  36.073  17.248  -36.637 0.0000000000
81460  37.326  17.194  -37.729 0.0000000000
80668  37.649  16.495  -38.125 0.0000000000
84838  33.509  21.437  -38.914 0.0000000000
89492  34.990  27.829  -41.115 0.0000000000
90179  36.072  28.310  -41.802 0.0000000000
89484  35.690  27.283  -40.855 0.0000000000
88764  35.586  26.595  -40.494 0.0000000000
88072  35.434  25.864  -40.116 0.0000000000
88061  35.255  25.125  -39.753 0.0000000000
88070  37.030  26.081  -40.838 0.0000000000
88060  36.121  25.277  -39.908 0.0000000000
87260  34.949  24.393  -39.350 0.0000000000
86458  34.918  23.648  -38.911 0.0000000000
86446  34.904  23.035  -38.610 0.0000000000
85654  34.503  22.427  -38.523 0.0000000000
85653  35.519  22.486  -38.393 0.0000000000
85651  37.009  22.354  -38.850 0.0000000000
129101  37.996  22.189  -40.136 0.0000000000
84837  37.980  21.617  -39.669 0.0000000000
84847  38.112  21.555  -40.521 0.0000000000
83995  38.152  20.801  -41.172 0.0000000000
66756  30.006  1.134  -34.970 0.0000000000
133448  30.873  1.105  -34.663 0.0000000000
69265  30.403  3.328  -37.302 0.0000000000
69257  31.212  4.140  -35.796 0.0000000000
69264  31.159  3.399  -36.806 0.0000000000
68433  30.772  2.697  -36.645 0.0000000000
67585  30.269  2.412  -35.943 0.0000000000
135640  30.775  1.956  -34.890 0.0000000000
121300  34.274  10.810  -35.394 0.0000000000
74612  34.091  9.886  -35.380 0.0000000000
138629  34.054  9.195  -35.291 0.0000000000
139202  35.891  9.224  -35.396 0.0000000000
74598  35.310  8.952  -35.221 0.0000000000
73653  34.570  8.586  -35.097 0.0000000000
72702  34.730  7.141  -34.729 0.0000000000
64816  31.209  -1.849  -34.140 0.0000000000
67608  30.521  2.278  -37.028 0.0000000000
70120  31.326  4.870  -36.094 0.0000000000
70962  31.372  5.710  -36.458 0.0000000000
71799  31.288  6.273  -36.854 0.0000000000
72717  31.867  7.153  -35.755 0.0000000000
72726  31.898  7.791  -35.985 0.0000000000
73654  34.144  7.875  -34.911 0.0000000000
74611  34.672  9.422  -35.266 0.0000000000
75524  34.758  10.113  -35.328 0.0000000000
76382  37.142  11.251  -36.276 0.0000000000
76383  33.308  12.237  -35.914 0.0000000000
77193  36.311  12.419  -35.717 0.0000000000
77206  33.376  12.974  -35.996 0.0000000000
77218  31.588  12.718  -38.215 0.0000000000
78056  35.202  13.808  -35.560 0.0000000000
78071  33.124  13.533  -36.366 0.0000000000
78924  36.270  14.493  -35.940 0.0000000000
78949  32.259  14.164  -37.451 0.0000000000
79776  35.093  15.044  -35.768 0.0000000000
79789  36.156  15.912  -36.311 0.0000000000
80658  37.027  16.573  -37.355 0.0000000000
80659  33.034  16.462  -37.218 0.0000000000
81449  35.224  17.370  -36.465 0.0000000000
82275  38.256  18.575  -39.943 0.0000000000
83076  35.553  19.480  -37.236 0.0000000000
83077  34.030  19.320  -37.399 0.0000000000
83957  35.653  20.126  -37.517 0.0000000000
84828  35.044  21.785  -38.072 0.0000000000
85672  37.815  22.870  -40.301 0.0000000000
86444  36.251  23.416  -39.023 0.0000000000
86445  35.602  23.229  -38.745 0.0000000000
86457  35.703  23.880  -39.101 0.0000000000
86468  37.590  23.662  -40.415 0.0000000000
87259  35.906  24.573  -39.471 0.0000000000
87261  34.040  24.403  -39.767 0.0000000000
88762  37.107  26.558  -41.416 0.0000000000
88789  37.382  26.472  -43.062 0.0000000000
89490  36.447  27.630  -41.558 0.0000000000
89491  35.843  27.857  -41.269 0.0000000000
90180  35.304  28.456  -41.577 0.0000000000
121604  36.717  27.020  -41.245 0.0000000000
122901  34.874  7.791  -34.881 0.0000000000
123828  32.310  6.949  -35.260 0.0000000000
124316  34.286  20.676  -37.889 0.0000000000
124802  37.569  14.898  -37.632 0.0000000000
124857  36.358  22.209  -38.504 0.0000000000
125256  30.752  2.739  -37.080 0.0000000000
127204  30.863  4.142  -37.244 0.0000000000
127870  31.436  14.135  -38.953 0.0000000000
128002  32.410  22.927  -40.765 0.0000000000
128170  31.630  5.482  -35.450 0.0000000000
128412  33.787  15.407  -36.390 0.0000000000
129023  36.277  13.215  -35.781 0.0000000000
130639  31.276  6.914  -36.881 0.0000000000
134819  38.030  21.638  -41.281 0.0000000000
138231  30.367  1.525  -34.961 0.0000000000
