#!ascii label  , from subject sub-v2s7x29664_ses-1 vox2ras=TkReg
1091
128977  28.512  -15.522  46.539 0.0000000000
118444  33.664  -6.958  53.265 0.0000000000
61581  39.581  2.951  27.493 0.0000000000
127943  46.177  -3.466  44.276 0.0000000000
57539  43.787  -0.485  48.662 0.0000000000
72780  52.009  15.303  22.085 0.0000000000
60577  42.837  1.838  31.133 0.0000000000
57743  39.420  -0.667  34.320 0.0000000000
44029  23.454  -16.233  40.315 0.0000000000
128730  30.893  -16.760  54.348 0.0000000000
112562  35.366  -9.875  53.146 0.0000000000
112464  32.045  -15.729  51.689 0.0000000000
69076  45.712  11.153  24.875 0.0000000000
114547  25.979  -17.452  50.745 0.0000000000
43110  21.655  -16.779  46.334 0.0000000000
67158  44.774  9.136  28.275 0.0000000000
44930  17.228  -14.393  44.402 0.0000000000
41528  13.436  -18.379  41.797 0.0000000000
57678  41.104  -1.223  39.757 0.0000000000
112686  47.339  2.724  45.173 0.0000000000
52985  42.925  -5.155  47.248 0.0000000000
51208  39.490  -7.142  48.379 0.0000000000
60542  43.383  1.642  33.193 0.0000000000
58690  40.965  -0.195  32.415 0.0000000000
58658  42.044  -0.133  34.395 0.0000000000
61510  44.411  3.456  32.792 0.0000000000
127890  31.014  -14.153  42.842 0.0000000000
129064  29.939  -14.248  38.201 0.0000000000
129092  26.890  -14.152  42.231 0.0000000000
129134  28.920  -16.800  49.626 0.0000000000
127879  30.901  -16.230  52.743 0.0000000000
134809  30.687  -15.762  47.845 0.0000000000
128833  34.407  -15.039  46.378 0.0000000000
63481  39.144  5.486  25.977 0.0000000000
124474  43.173  5.822  29.312 0.0000000000
64397  41.887  6.412  27.713 0.0000000000
66271  41.759  8.106  25.780 0.0000000000
43941  19.569  -15.698  48.834 0.0000000000
124274  19.736  -15.427  45.143 0.0000000000
44905  17.272  -14.181  47.758 0.0000000000
41485  13.742  -18.810  47.455 0.0000000000
42298  14.955  -17.823  45.599 0.0000000000
40654  12.391  -19.597  44.118 0.0000000000
39723  10.379  -20.497  43.863 0.0000000000
38733  9.992  -21.107  45.653 0.0000000000
61347  46.457  3.579  45.018 0.0000000000
58480  45.502  0.840  47.379 0.0000000000
56667  45.924  -1.376  47.494 0.0000000000
54780  43.987  -3.500  48.759 0.0000000000
46750  35.979  -12.157  52.689 0.0000000000
132691  38.717  -8.607  51.222 0.0000000000
119171  39.219  -10.777  50.919 0.0000000000
49348  39.799  -9.394  49.615 0.0000000000
128924  41.176  -2.973  43.702 0.0000000000
129499  37.015  -3.939  40.969 0.0000000000
129100  43.914  -4.336  42.643 0.0000000000
73711  54.857  16.870  22.222 0.0000000000
73724  53.120  16.276  20.774 0.0000000000
60613  41.461  1.939  28.689 0.0000000000
58728  38.874  -0.440  29.462 0.0000000000
62474  43.728  3.821  30.317 0.0000000000
48414  32.460  -10.153  53.943 0.0000000000
50236  34.142  -8.424  53.049 0.0000000000
47583  32.688  -11.492  54.166 0.0000000000
128679  33.152  -13.472  53.568 0.0000000000
44862  34.300  -14.555  53.077 0.0000000000
70004  47.324  12.379  26.876 0.0000000000
69073  48.421  11.285  24.730 0.0000000000
70038  50.119  11.618  22.976 0.0000000000
70057  50.070  13.247  20.820 0.0000000000
114537  26.893  -17.181  47.797 0.0000000000
43117  25.049  -17.309  45.153 0.0000000000
43080  23.981  -17.457  48.477 0.0000000000
129139  28.727  -16.668  52.631 0.0000000000
68085  45.005  10.792  26.726 0.0000000000
43140  22.410  -17.054  43.201 0.0000000000
44949  19.649  -15.002  41.821 0.0000000000
44978  16.625  -14.303  40.199 0.0000000000
43961  15.647  -15.733  46.635 0.0000000000
43142  15.644  -16.242  42.884 0.0000000000
36602  6.723  -23.379  47.313 0.0000000000
57708  42.579  -0.563  36.887 0.0000000000
128003  45.954  -1.194  44.065 0.0000000000
128095  45.384  0.626  46.005 0.0000000000
128485  47.405  1.457  45.209 0.0000000000
58490  46.062  0.207  45.715 0.0000000000
54810  46.284  -3.157  46.295 0.0000000000
122107  43.589  -6.951  46.875 0.0000000000
112539  37.178  -7.098  52.123 0.0000000000
121446  39.385  -5.573  50.745 0.0000000000
53856  41.647  -4.737  50.078 0.0000000000
52097  42.161  -6.219  49.433 0.0000000000
50282  42.599  -8.083  48.348 0.0000000000
57710  40.623  -1.229  37.085 0.0000000000
129341  36.391  -1.828  37.231 0.0000000000
59588  43.469  1.342  34.578 0.0000000000
59590  42.523  0.518  34.060 0.0000000000
58657  42.633  0.370  34.821 0.0000000000
60522  44.061  2.011  34.352 0.0000000000
128074  29.085  -13.199  44.285 0.0000000000
112444  28.406  -12.678  41.910 0.0000000000
128781  27.071  -14.970  43.537 0.0000000000
129140  29.101  -16.242  47.840 0.0000000000
129145  29.576  -16.566  49.401 0.0000000000
128723  29.559  -15.479  46.958 0.0000000000
128732  30.610  -14.717  46.255 0.0000000000
62535  39.370  4.730  26.823 0.0000000000
62516  41.832  4.210  28.279 0.0000000000
64390  42.622  6.406  28.178 0.0000000000
63471  40.735  5.464  27.565 0.0000000000
64406  40.403  6.202  26.746 0.0000000000
39668  12.421  -19.743  47.395 0.0000000000
40635  13.202  -19.328  46.179 0.0000000000
39706  11.996  -19.989  45.889 0.0000000000
40655  11.684  -19.957  44.385 0.0000000000
39707  11.222  -20.370  45.580 0.0000000000
38749  9.990  -20.861  44.557 0.0000000000
128336  45.036  2.255  47.111 0.0000000000
58472  44.524  -0.163  48.197 0.0000000000
57546  45.321  -0.591  47.891 0.0000000000
56657  43.853  -1.346  48.881 0.0000000000
133310  35.094  -5.709  53.192 0.0000000000
46760  36.451  -12.725  52.318 0.0000000000
47596  37.956  -11.143  51.755 0.0000000000
124703  37.783  -11.925  51.749 0.0000000000
47605  39.150  -11.646  50.938 0.0000000000
128835  45.379  -3.786  43.966 0.0000000000
129101  40.923  -4.505  44.229 0.0000000000
71846  51.861  14.360  22.611 0.0000000000
72768  52.466  15.847  23.402 0.0000000000
73712  52.733  16.858  22.037 0.0000000000
73723  53.267  16.775  21.452 0.0000000000
72812  52.486  15.872  20.675 0.0000000000
59641  42.173  1.424  30.083 0.0000000000
59662  40.284  0.462  28.974 0.0000000000
59652  41.467  0.902  29.754 0.0000000000
57752  40.161  -0.480  32.879 0.0000000000
57771  39.268  -0.557  31.768 0.0000000000
57754  38.553  -0.494  33.178 0.0000000000
60575  43.601  2.344  32.095 0.0000000000
60591  43.273  2.516  30.796 0.0000000000
61556  42.976  2.971  29.253 0.0000000000
128794  26.004  -14.257  39.340 0.0000000000
44045  21.833  -15.142  38.379 0.0000000000
46729  31.531  -12.627  54.928 0.0000000000
117978  32.821  -10.424  53.866 0.0000000000
45824  31.544  -13.561  54.732 0.0000000000
127887  31.438  -15.999  52.281 0.0000000000
136037  32.139  -15.060  54.031 0.0000000000
130322  32.118  -15.482  53.970 0.0000000000
128225  33.681  -14.083  53.265 0.0000000000
128795  32.085  -16.007  53.764 0.0000000000
128544  32.783  -15.750  51.764 0.0000000000
58500  47.729  0.176  45.142 0.0000000000
69046  46.225  11.643  26.112 0.0000000000
69044  47.922  12.013  26.185 0.0000000000
130811  47.156  11.302  25.043 0.0000000000
123243  48.586  11.275  23.165 0.0000000000
69099  48.895  11.912  21.455 0.0000000000
70050  50.249  12.777  21.818 0.0000000000
43066  26.052  -17.446  49.217 0.0000000000
129275  25.416  -17.460  48.000 0.0000000000
43067  25.173  -17.520  49.340 0.0000000000
113748  27.275  -17.300  51.649 0.0000000000
43064  27.273  -17.307  50.216 0.0000000000
69030  46.170  11.647  27.805 0.0000000000
68086  44.516  10.016  27.069 0.0000000000
67188  41.937  8.973  24.646 0.0000000000
114787  23.064  -17.302  45.504 0.0000000000
113870  24.070  -17.377  44.040 0.0000000000
43130  21.589  -16.783  44.574 0.0000000000
44929  18.492  -14.422  44.330 0.0000000000
43989  19.809  -15.344  43.409 0.0000000000
44951  18.494  -14.346  42.614 0.0000000000
134403  18.338  -13.838  40.615 0.0000000000
114712  17.305  -14.316  42.592 0.0000000000
43099  15.346  -16.261  47.147 0.0000000000
42313  14.312  -18.252  43.207 0.0000000000
42303  15.226  -17.375  44.261 0.0000000000
42322  14.557  -17.357  41.958 0.0000000000
117415  14.876  -16.484  40.940 0.0000000000
129081  44.119  -1.557  43.274 0.0000000000
128057  47.460  3.512  45.478 0.0000000000
60372  46.458  2.968  45.153 0.0000000000
128622  46.591  2.545  45.231 0.0000000000
112743  46.431  1.765  45.526 0.0000000000
112705  46.877  2.224  45.291 0.0000000000
60347  48.111  2.111  45.524 0.0000000000
128295  47.299  1.989  46.172 0.0000000000
126564  45.361  -3.700  47.686 0.0000000000
56666  46.291  -2.144  46.475 0.0000000000
54811  45.808  -3.582  47.188 0.0000000000
52996  44.648  -5.433  47.482 0.0000000000
52997  43.511  -5.468  47.109 0.0000000000
128593  34.170  -9.383  53.126 0.0000000000
128056  35.921  -8.070  52.747 0.0000000000
112520  36.253  -8.696  52.504 0.0000000000
50245  39.307  -8.060  50.969 0.0000000000
51204  39.398  -7.138  50.899 0.0000000000
123945  39.084  -6.799  49.736 0.0000000000
52954  39.556  -5.115  50.116 0.0000000000
52094  40.805  -6.220  49.576 0.0000000000
52963  41.901  -5.497  49.777 0.0000000000
52104  40.608  -7.329  48.894 0.0000000000
49359  40.942  -9.854  49.564 0.0000000000
50283  41.855  -8.549  49.175 0.0000000000
57695  41.894  -1.126  38.357 0.0000000000
57709  41.706  -1.012  36.724 0.0000000000
128748  39.809  -1.256  38.654 0.0000000000
112493  37.821  -5.799  39.886 0.0000000000
112482  36.973  -3.729  38.324 0.0000000000
72777  56.685  15.418  22.393 0.0000000000
59610  42.721  1.382  31.850 0.0000000000
59627  41.648  0.581  31.217 0.0000000000
59611  42.287  0.766  32.397 0.0000000000
58673  41.008  -0.411  33.335 0.0000000000
57742  40.562  -0.641  34.144 0.0000000000
61493  44.620  3.299  33.620 0.0000000000
60559  43.748  2.203  32.757 0.0000000000
128976  30.128  -14.052  40.761 0.0000000000
129191  27.743  -12.579  40.682 0.0000000000
127950  25.272  -15.662  40.866 0.0000000000
127886  30.090  -16.437  52.939 0.0000000000
128733  31.153  -16.818  54.125 0.0000000000
129131  30.286  -16.438  51.367 0.0000000000
127972  30.814  -16.305  50.441 0.0000000000
128831  32.169  -15.716  50.575 0.0000000000
128872  34.207  -15.039  49.607 0.0000000000
112445  32.110  -15.468  47.555 0.0000000000
127939  32.035  -14.828  44.976 0.0000000000
68149  44.730  10.491  22.725 0.0000000000
114546  25.205  -17.479  50.793 0.0000000000
65344  43.581  7.213  29.446 0.0000000000
65351  43.515  7.407  28.584 0.0000000000
66258  43.645  8.321  27.420 0.0000000000
66269  43.201  8.629  26.705 0.0000000000
65367  42.230  7.626  26.881 0.0000000000
64414  40.175  6.629  25.828 0.0000000000
43950  20.254  -16.144  47.376 0.0000000000
43967  20.296  -15.960  45.540 0.0000000000
43960  19.650  -15.578  46.908 0.0000000000
132197  18.506  -14.537  45.855 0.0000000000
44923  17.688  -14.254  45.636 0.0000000000
42292  14.827  -17.796  46.529 0.0000000000
41492  14.372  -18.428  46.091 0.0000000000
41506  13.708  -18.925  44.372 0.0000000000
41520  13.040  -19.031  42.949 0.0000000000
40679  11.624  -19.667  42.657 0.0000000000
128297  46.279  3.648  46.371 0.0000000000
112612  46.367  2.117  46.445 0.0000000000
59436  46.399  1.194  46.621 0.0000000000
57545  45.843  -0.020  47.418 0.0000000000
55695  45.043  -2.317  48.230 0.0000000000
54795  44.548  -4.075  48.212 0.0000000000
113266  35.868  -10.683  52.924 0.0000000000
49329  36.875  -9.877  52.260 0.0000000000
48448  37.520  -10.491  52.041 0.0000000000
49327  38.505  -9.343  51.304 0.0000000000
49338  39.748  -9.434  50.104 0.0000000000
50270  39.770  -9.173  49.216 0.0000000000
48457  39.721  -10.277  50.232 0.0000000000
48465  40.250  -10.574  50.067 0.0000000000
129099  38.944  -1.595  43.117 0.0000000000
127975  37.700  -1.921  41.586 0.0000000000
128970  39.808  -3.165  43.179 0.0000000000
128140  39.327  -5.064  43.386 0.0000000000
74624  54.188  17.561  22.302 0.0000000000
73722  54.171  16.842  21.704 0.0000000000
61568  41.394  2.801  28.354 0.0000000000
59683  38.732  1.475  26.598 0.0000000000
135077  39.632  1.005  27.755 0.0000000000
58704  40.110  -0.345  31.189 0.0000000000
57781  37.857  -0.544  30.933 0.0000000000
63364  44.660  4.968  33.283 0.0000000000
131996  44.101  5.819  31.954 0.0000000000
63427  43.821  5.797  31.246 0.0000000000
62486  43.516  4.429  29.754 0.0000000000
61566  42.639  3.374  28.750 0.0000000000
50228  32.100  -8.211  51.262 0.0000000000
51195  33.772  -7.656  53.040 0.0000000000
49306  32.292  -9.726  51.568 0.0000000000
49305  33.280  -10.160  52.265 0.0000000000
128224  33.660  -11.100  53.779 0.0000000000
45840  31.909  -14.607  54.209 0.0000000000
112699  33.585  -12.605  53.594 0.0000000000
112543  34.508  -11.461  53.390 0.0000000000
128461  35.127  -12.300  53.176 0.0000000000
45852  35.734  -12.951  52.743 0.0000000000
118733  35.644  -13.875  52.612 0.0000000000
69058  50.238  11.332  25.048 0.0000000000
69087  47.688  11.103  23.502 0.0000000000
69086  49.075  11.165  24.011 0.0000000000
70032  51.039  11.606  24.446 0.0000000000
70942  51.423  12.742  23.045 0.0000000000
70952  51.296  13.677  22.283 0.0000000000
71855  51.049  14.077  21.364 0.0000000000
71862  51.286  14.733  20.022 0.0000000000
127884  27.808  -16.582  47.212 0.0000000000
128851  27.071  -16.357  45.886 0.0000000000
129424  26.377  -17.048  46.558 0.0000000000
113743  24.299  -17.455  46.958 0.0000000000
43096  22.674  -17.185  47.079 0.0000000000
119932  23.772  -17.396  50.106 0.0000000000
43083  21.736  -16.860  48.202 0.0000000000
43930  20.141  -16.192  49.345 0.0000000000
51197  32.469  -7.520  53.007 0.0000000000
49295  31.819  -9.080  53.331 0.0000000000
47574  30.947  -12.272  55.450 0.0000000000
129147  30.663  -15.770  55.088 0.0000000000
128717  29.868  -17.732  54.741 0.0000000000
129107  29.510  -16.590  53.094 0.0000000000
129186  28.560  -16.878  51.647 0.0000000000
128727  27.787  -17.155  49.160 0.0000000000
69968  47.426  12.653  28.446 0.0000000000
69036  46.068  11.777  26.945 0.0000000000
68103  44.950  11.032  25.106 0.0000000000
67179  43.401  9.265  26.368 0.0000000000
134126  43.421  10.026  25.280 0.0000000000
68134  43.764  10.370  23.903 0.0000000000
114750  25.471  -16.920  44.218 0.0000000000
43138  24.295  -17.054  43.091 0.0000000000
43163  22.663  -16.636  41.426 0.0000000000
43975  20.881  -16.278  44.068 0.0000000000
44001  20.829  -16.078  42.465 0.0000000000
119805  21.627  -15.636  40.349 0.0000000000
44989  20.077  -14.082  39.417 0.0000000000
45962  18.907  -13.676  38.615 0.0000000000
44915  16.561  -14.483  46.757 0.0000000000
43969  16.332  -15.030  45.055 0.0000000000
43979  15.881  -15.830  44.750 0.0000000000
43990  16.471  -14.996  43.390 0.0000000000
134246  16.202  -14.985  41.435 0.0000000000
37647  8.338  -22.353  46.866 0.0000000000
58633  42.950  0.073  36.353 0.0000000000
57646  41.308  -1.259  41.485 0.0000000000
127942  41.738  -1.324  43.694 0.0000000000
128836  42.837  -2.680  43.465 0.0000000000
129483  46.312  -2.547  43.340 0.0000000000
128944  45.808  0.663  45.694 0.0000000000
128837  45.752  -0.549  45.610 0.0000000000
112545  45.813  -0.951  45.803 0.0000000000
128471  46.874  0.158  45.021 0.0000000000
131990  48.109  0.790  45.585 0.0000000000
57567  47.100  -0.702  45.238 0.0000000000
125890  46.620  0.091  46.310 0.0000000000
56679  46.594  -1.387  45.869 0.0000000000
54809  46.104  -3.186  45.618 0.0000000000
53898  45.966  -4.239  47.042 0.0000000000
52118  45.336  -6.155  47.177 0.0000000000
56649  42.387  -1.459  49.556 0.0000000000
113093  35.746  -6.437  53.020 0.0000000000
112588  36.603  -6.541  52.316 0.0000000000
128490  38.444  -5.237  51.529 0.0000000000
128085  37.824  -7.673  51.788 0.0000000000
52091  38.753  -6.600  51.318 0.0000000000
53849  39.526  -4.718  50.897 0.0000000000
54760  40.531  -3.620  50.470 0.0000000000
54759  41.481  -3.886  50.194 0.0000000000
137276  42.756  -2.674  49.442 0.0000000000
54769  43.155  -3.525  49.268 0.0000000000
53877  43.316  -4.637  49.032 0.0000000000
52973  43.080  -5.007  47.434 0.0000000000
50268  40.857  -8.142  49.043 0.0000000000
51215  42.337  -7.270  48.494 0.0000000000
52110  42.807  -6.772  47.438 0.0000000000
51220  42.961  -7.327  46.893 0.0000000000
58634  42.336  -0.471  36.050 0.0000000000
57719  41.524  -0.853  35.713 0.0000000000
135480  39.750  -0.994  36.031 0.0000000000
129162  38.319  -1.349  38.970 0.0000000000
127877  37.476  -1.452  37.187 0.0000000000
128740  37.064  -1.266  35.831 0.0000000000
72822  52.473  15.382  19.703 0.0000000000
59579  43.628  1.312  35.262 0.0000000000
121313  42.971  0.873  34.495 0.0000000000
59580  43.179  0.857  35.216 0.0000000000
125759  43.907  1.678  35.014 0.0000000000
128746  28.784  -14.349  45.638 0.0000000000
128854  28.134  -13.619  43.749 0.0000000000
128726  27.965  -14.802  45.155 0.0000000000
112446  28.659  -16.092  47.224 0.0000000000
128736  29.515  -14.638  46.220 0.0000000000
61589  39.617  3.827  27.426 0.0000000000
62536  38.887  4.024  26.558 0.0000000000
61590  39.024  3.176  26.883 0.0000000000
120070  40.413  3.969  28.016 0.0000000000
62517  40.976  4.537  28.113 0.0000000000
62534  40.120  4.695  27.538 0.0000000000
39687  12.003  -20.018  46.706 0.0000000000
40636  12.580  -19.671  46.503 0.0000000000
132640  11.652  -20.089  45.124 0.0000000000
39708  10.572  -20.675  45.311 0.0000000000
114352  43.977  0.181  48.377 0.0000000000
58481  44.544  0.674  47.975 0.0000000000
52941  34.400  -5.528  53.431 0.0000000000
52088  34.547  -6.308  53.298 0.0000000000
126185  36.928  -13.289  52.148 0.0000000000
46759  37.306  -12.578  52.050 0.0000000000
46758  37.970  -12.756  51.442 0.0000000000
128858  44.798  -4.100  43.507 0.0000000000
71845  52.254  15.078  22.972 0.0000000000
72779  52.298  16.083  22.474 0.0000000000
72795  52.372  16.075  21.565 0.0000000000
59642  41.759  0.850  30.515 0.0000000000
57753  39.297  -0.560  33.426 0.0000000000
129083  37.910  -0.655  34.165 0.0000000000
57755  37.914  -0.508  33.612 0.0000000000
60592  42.738  1.946  30.429 0.0000000000
128420  24.082  -15.817  39.741 0.0000000000
128894  24.820  -14.858  38.667 0.0000000000
130907  23.833  -15.588  39.163 0.0000000000
127736  23.415  -15.569  38.710 0.0000000000
44044  22.637  -15.590  38.940 0.0000000000
112986  30.855  -14.904  55.134 0.0000000000
129135  31.333  -14.644  54.732 0.0000000000
128798  32.006  -16.040  53.907 0.0000000000
129177  32.511  -15.333  53.619 0.0000000000
127922  31.918  -16.411  52.954 0.0000000000
129588  32.167  -16.062  52.325 0.0000000000
130056  47.730  -0.982  46.065 0.0000000000
124895  46.159  11.375  25.380 0.0000000000
69062  46.800  11.493  25.470 0.0000000000
69075  46.606  11.188  24.745 0.0000000000
119935  26.413  -17.415  50.060 0.0000000000
119934  25.599  -17.477  50.041 0.0000000000
114548  26.663  -17.406  50.799 0.0000000000
114185  27.173  -17.337  51.029 0.0000000000
68076  45.472  10.380  28.261 0.0000000000
68077  45.008  9.789  27.878 0.0000000000
43118  22.311  -17.045  45.888 0.0000000000
43129  22.324  -17.103  45.043 0.0000000000
43119  21.613  -16.763  45.475 0.0000000000
45909  17.837  -14.234  43.920 0.0000000000
44938  18.490  -14.394  43.482 0.0000000000
45918  17.870  -14.213  43.050 0.0000000000
45927  17.909  -14.065  42.157 0.0000000000
44939  17.303  -14.395  43.476 0.0000000000
43100  15.029  -16.893  47.726 0.0000000000
42312  14.760  -17.585  42.880 0.0000000000
42323  14.146  -18.022  42.322 0.0000000000
128273  47.493  3.277  45.778 0.0000000000
128372  47.333  3.403  44.918 0.0000000000
128603  47.469  2.837  44.896 0.0000000000
128412  47.961  2.301  45.267 0.0000000000
128374  47.708  2.938  45.635 0.0000000000
53887  44.757  -4.398  47.955 0.0000000000
52984  43.993  -5.043  47.987 0.0000000000
128141  35.377  -8.861  53.110 0.0000000000
112569  36.185  -9.406  52.599 0.0000000000
51203  39.629  -7.652  50.009 0.0000000000
52095  39.739  -7.195  49.529 0.0000000000
136344  39.854  -7.246  48.566 0.0000000000
57696  40.981  -1.188  38.743 0.0000000000
59600  42.841  1.229  32.819 0.0000000000
58672  41.903  0.025  33.627 0.0000000000
58659  41.375  -0.422  34.041 0.0000000000
62411  44.910  3.698  34.208 0.0000000000
60523  43.550  1.615  33.892 0.0000000000
60541  43.896  2.088  33.512 0.0000000000
60560  43.263  1.782  32.377 0.0000000000
128848  26.732  -13.644  40.859 0.0000000000
128782  25.742  -15.565  41.521 0.0000000000
128735  29.147  -16.762  51.234 0.0000000000
129144  29.713  -16.518  51.932 0.0000000000
129183  29.311  -16.747  50.275 0.0000000000
128162  30.411  -16.134  48.731 0.0000000000
129126  30.197  -16.477  49.785 0.0000000000
134551  30.949  -16.216  49.657 0.0000000000
128870  31.316  -15.908  48.896 0.0000000000
127940  32.270  -15.680  49.284 0.0000000000
129142  30.959  -14.300  45.193 0.0000000000
128716  31.871  -15.031  46.019 0.0000000000
64374  43.401  6.381  29.883 0.0000000000
65352  43.047  7.044  28.179 0.0000000000
66241  43.949  8.028  28.187 0.0000000000
65358  42.512  7.173  27.545 0.0000000000
66259  42.938  7.921  27.086 0.0000000000
65359  41.692  7.066  27.042 0.0000000000
64407  39.782  6.042  26.207 0.0000000000
121023  19.537  -15.574  47.880 0.0000000000
44904  18.507  -14.574  47.185 0.0000000000
114274  17.761  -14.224  47.123 0.0000000000
131280  17.503  -14.219  46.476 0.0000000000
41484  14.339  -18.336  46.998 0.0000000000
40645  13.124  -19.355  45.418 0.0000000000
133899  13.588  -19.029  45.055 0.0000000000
126969  13.067  -19.344  44.642 0.0000000000
40653  13.088  -19.243  43.805 0.0000000000
40663  12.366  -19.443  43.223 0.0000000000
39740  11.010  -20.132  43.740 0.0000000000
116207  11.096  -19.971  43.006 0.0000000000
38740  9.329  -21.455  44.918 0.0000000000
37646  9.220  -21.627  45.786 0.0000000000
60325  45.554  1.759  47.098 0.0000000000
112660  44.932  2.326  46.139 0.0000000000
128236  45.406  2.100  46.251 0.0000000000
134566  46.772  2.735  46.249 0.0000000000
113035  45.595  1.889  46.328 0.0000000000
129595  45.687  1.706  46.342 0.0000000000
59437  46.079  1.276  47.080 0.0000000000
134465  44.501  -1.658  48.461 0.0000000000
56668  45.212  -1.514  48.090 0.0000000000
54779  44.810  -3.183  48.278 0.0000000000
47598  36.299  -11.385  52.480 0.0000000000
113205  36.648  -10.649  52.335 0.0000000000
48447  38.368  -10.344  51.380 0.0000000000
49339  39.258  -9.857  50.825 0.0000000000
47604  39.624  -11.190  50.413 0.0000000000
128972  42.516  -4.506  43.518 0.0000000000
128791  41.503  -4.959  42.488 0.0000000000
73737  53.904  16.254  21.072 0.0000000000
72811  53.706  15.728  20.423 0.0000000000
60624  40.686  2.173  28.222 0.0000000000
59670  40.058  1.560  28.026 0.0000000000
59661  40.747  1.301  28.611 0.0000000000
119213  39.628  -0.065  29.031 0.0000000000
58740  39.717  0.239  28.566 0.0000000000
58741  38.973  -0.226  28.704 0.0000000000
57795  37.499  -0.527  29.336 0.0000000000
58703  40.932  0.011  31.563 0.0000000000
58716  40.977  0.261  30.600 0.0000000000
57772  38.100  -0.520  31.713 0.0000000000
57780  39.106  -0.574  30.980 0.0000000000
120943  36.311  -0.652  31.940 0.0000000000
57782  36.508  -0.618  31.013 0.0000000000
62425  44.679  4.020  33.319 0.0000000000
62438  44.450  4.349  32.555 0.0000000000
62456  43.998  3.867  31.043 0.0000000000
63405  44.172  4.803  31.643 0.0000000000
63428  43.805  4.879  30.594 0.0000000000
120606  43.568  5.837  30.520 0.0000000000
60612  42.239  2.577  28.830 0.0000000000
61567  42.091  3.418  28.445 0.0000000000
49307  31.741  -9.522  51.723 0.0000000000
126375  31.840  -9.079  51.152 0.0000000000
48430  32.655  -9.361  52.776 0.0000000000
48429  33.212  -10.012  52.968 0.0000000000
47582  33.198  -10.842  54.012 0.0000000000
48428  33.905  -10.521  53.460 0.0000000000
129130  31.128  -17.030  53.732 0.0000000000
128719  31.578  -15.606  54.190 0.0000000000
134727  32.766  -13.986  53.718 0.0000000000
112373  32.396  -13.624  54.115 0.0000000000
112599  33.972  -11.958  53.588 0.0000000000
135026  34.480  -12.095  53.351 0.0000000000
128096  34.345  -12.591  53.336 0.0000000000
127447  34.388  -13.834  53.162 0.0000000000
45853  34.941  -13.281  53.157 0.0000000000
130816  36.215  -13.355  52.360 0.0000000000
135747  34.939  -14.065  53.053 0.0000000000
127966  34.939  -15.054  47.669 0.0000000000
70859  47.990  13.028  28.029 0.0000000000
69060  48.599  11.560  25.563 0.0000000000
69043  48.812  12.044  26.272 0.0000000000
69059  49.488  11.549  25.696 0.0000000000
70018  50.206  11.616  25.798 0.0000000000
68131  46.205  10.780  23.159 0.0000000000
68113  46.851  11.011  23.819 0.0000000000
69093  49.256  11.581  22.531 0.0000000000
130045  49.469  11.353  23.345 0.0000000000
69085  50.116  11.253  23.990 0.0000000000
70037  50.948  11.823  23.455 0.0000000000
70953  50.875  12.957  22.294 0.0000000000
70958  50.675  13.414  21.628 0.0000000000
135971  50.611  13.748  20.930 0.0000000000
129176  27.068  -16.823  46.830 0.0000000000
43092  26.192  -17.269  47.435 0.0000000000
43093  24.590  -17.491  47.797 0.0000000000
113742  23.428  -17.371  46.944 0.0000000000
43094  23.753  -17.433  47.662 0.0000000000
119933  24.728  -17.487  50.096 0.0000000000
43070  22.376  -17.130  49.473 0.0000000000
125784  22.427  -17.152  48.683 0.0000000000
43071  21.574  -16.829  49.147 0.0000000000
43084  21.058  -16.608  48.520 0.0000000000
50222  31.740  -8.406  53.302 0.0000000000
127882  28.943  -16.811  53.609 0.0000000000
129184  29.984  -17.925  54.182 0.0000000000
43065  26.941  -17.358  49.286 0.0000000000
127921  27.494  -17.099  48.298 0.0000000000
137039  28.044  -16.690  47.729 0.0000000000
59671  39.085  0.747  27.274 0.0000000000
69037  45.566  11.251  27.225 0.0000000000
69047  45.530  11.331  26.438 0.0000000000
69048  44.909  11.003  25.918 0.0000000000
66270  42.373  8.223  26.345 0.0000000000
67187  42.811  8.970  25.987 0.0000000000
67196  42.466  9.545  24.367 0.0000000000
67186  43.020  9.888  24.935 0.0000000000
68117  43.644  10.307  24.840 0.0000000000
67195  43.045  10.049  24.140 0.0000000000
43107  26.070  -16.994  45.699 0.0000000000
127920  26.168  -16.511  44.495 0.0000000000
43139  23.239  -17.284  43.640 0.0000000000
117685  23.412  -17.065  42.682 0.0000000000
43151  23.521  -16.808  41.808 0.0000000000
43152  22.506  -16.847  42.279 0.0000000000
43976  20.301  -15.873  44.678 0.0000000000
44003  19.661  -15.161  42.525 0.0000000000
118263  20.181  -15.622  42.741 0.0000000000
44002  20.172  -15.496  42.002 0.0000000000
114596  20.835  -15.697  41.501 0.0000000000
44017  20.920  -15.293  40.669 0.0000000000
44973  21.141  -14.968  39.835 0.0000000000
44975  19.552  -14.216  40.380 0.0000000000
44965  17.287  -13.963  40.705 0.0000000000
45943  18.726  -13.797  40.172 0.0000000000
45953  17.805  -13.691  39.387 0.0000000000
44991  16.651  -14.322  39.221 0.0000000000
43953  15.670  -15.330  47.427 0.0000000000
44916  16.045  -15.063  46.631 0.0000000000
44924  16.439  -14.737  45.942 0.0000000000
43970  15.888  -15.604  45.791 0.0000000000
42291  15.302  -17.091  45.664 0.0000000000
43143  15.326  -16.989  43.503 0.0000000000
43132  15.535  -16.684  44.440 0.0000000000
119458  15.821  -16.093  43.808 0.0000000000
43978  16.297  -15.229  44.081 0.0000000000
43991  16.116  -15.535  43.183 0.0000000000
44004  16.392  -15.063  42.784 0.0000000000
44005  15.940  -15.550  42.139 0.0000000000
38735  9.020  -21.809  46.640 0.0000000000
38724  8.782  -21.898  47.552 0.0000000000
113397  7.588  -22.889  47.088 0.0000000000
57677  42.032  -1.119  39.263 0.0000000000
114495  41.805  -1.115  42.082 0.0000000000
128838  40.823  -1.333  42.219 0.0000000000
129180  41.365  -1.186  42.999 0.0000000000
128946  45.244  -2.097  43.424 0.0000000000
128484  46.050  2.150  45.550 0.0000000000
128594  46.300  1.003  45.719 0.0000000000
112577  45.522  -0.291  46.069 0.0000000000
112552  45.982  -0.115  45.697 0.0000000000
59448  47.432  0.974  46.191 0.0000000000
59447  48.133  1.467  45.566 0.0000000000
58501  47.055  0.180  45.001 0.0000000000
57557  46.562  -0.343  47.032 0.0000000000
58491  46.415  0.497  46.109 0.0000000000
56680  46.728  -1.175  46.961 0.0000000000
55703  45.793  -2.697  45.593 0.0000000000
136484  46.156  -3.467  46.304 0.0000000000
133173  46.166  -3.640  46.847 0.0000000000
52119  44.209  -6.231  47.298 0.0000000000
51228  44.722  -7.080  47.055 0.0000000000
50309  43.691  -8.039  46.500 0.0000000000
137111  34.729  -7.738  53.185 0.0000000000
51200  34.698  -7.094  53.233 0.0000000000
128015  36.285  -7.261  52.449 0.0000000000
129111  37.362  -6.221  52.084 0.0000000000
128240  38.164  -6.015  51.684 0.0000000000
126880  37.886  -8.616  51.769 0.0000000000
129067  36.978  -9.041  52.217 0.0000000000
52090  39.408  -6.352  50.781 0.0000000000
113340  38.942  -5.833  51.304 0.0000000000
53858  39.955  -4.695  50.421 0.0000000000
53857  40.746  -4.378  50.234 0.0000000000
54770  42.163  -3.114  49.960 0.0000000000
53867  42.425  -4.099  49.665 0.0000000000
52962  42.778  -5.399  49.246 0.0000000000
113548  43.111  -6.016  48.627 0.0000000000
50269  39.792  -8.583  48.854 0.0000000000
51216  41.881  -7.676  49.197 0.0000000000
51221  42.779  -7.637  47.322 0.0000000000
57720  40.735  -1.089  36.249 0.0000000000
57732  40.529  -0.920  35.472 0.0000000000
121893  39.474  -1.152  36.715 0.0000000000
128886  36.684  -2.205  39.817 0.0000000000
128497  37.074  -3.501  37.624 0.0000000000
127891  36.762  -1.572  37.794 0.0000000000
73709  56.798  15.909  23.011 0.0000000000
73708  57.555  15.685  22.479 0.0000000000
72823  51.772  15.021  19.609 0.0000000000
71874  52.072  14.822  18.994 0.0000000000
59589  43.003  1.147  33.773 0.0000000000
127883  30.325  -13.716  44.739 0.0000000000
128975  29.643  -13.210  42.434 0.0000000000
112443  28.612  -16.826  48.888 0.0000000000
129108  29.562  -16.344  48.521 0.0000000000
129129  30.314  -15.531  47.251 0.0000000000
62551  38.784  4.719  26.104 0.0000000000
63459  42.223  4.659  28.323 0.0000000000
64383  42.834  5.681  28.687 0.0000000000
63469  42.179  5.513  28.166 0.0000000000
124484  41.455  5.751  27.812 0.0000000000
64398  41.126  6.352  27.254 0.0000000000
63480  39.883  5.470  26.889 0.0000000000
43942  18.872  -15.170  49.168 0.0000000000
133468  19.045  -15.216  48.469 0.0000000000
44898  18.431  -14.677  48.548 0.0000000000
120232  12.662  -19.615  45.813 0.0000000000
132653  12.378  -19.717  45.062 0.0000000000
39722  10.930  -20.359  44.668 0.0000000000
133515  10.312  -20.996  46.430 0.0000000000
59425  44.782  1.468  47.446 0.0000000000
117197  45.117  0.164  47.797 0.0000000000
56656  44.516  -0.957  48.387 0.0000000000
55696  44.093  -2.354  48.807 0.0000000000
130489  36.729  -12.036  52.267 0.0000000000
47597  37.209  -11.370  52.130 0.0000000000
136289  37.293  -11.971  52.074 0.0000000000
47595  38.549  -11.259  51.236 0.0000000000
46757  38.519  -12.083  51.193 0.0000000000
46769  38.825  -12.232  50.395 0.0000000000
132941  43.553  -4.206  43.223 0.0000000000
112491  42.310  -4.120  43.838 0.0000000000
128923  43.550  -4.271  43.920 0.0000000000
71832  52.363  14.016  23.389 0.0000000000
120699  52.797  14.750  23.759 0.0000000000
74625  53.360  17.402  22.097 0.0000000000
130859  52.788  16.427  21.282 0.0000000000
59651  41.956  1.654  29.281 0.0000000000
115480  41.370  1.295  29.071 0.0000000000
126286  40.957  0.839  29.196 0.0000000000
58726  40.641  0.317  29.726 0.0000000000
58691  40.156  -0.425  32.038 0.0000000000
57764  39.370  -0.532  32.568 0.0000000000
57765  38.456  -0.489  32.439 0.0000000000
57766  37.600  -0.510  33.330 0.0000000000
61511  44.022  2.850  32.332 0.0000000000
62439  44.206  3.675  31.924 0.0000000000
61544  43.680  3.223  30.751 0.0000000000
60601  43.159  2.638  29.983 0.0000000000
60602  42.589  2.158  29.612 0.0000000000
128852  27.902  -13.158  37.666 0.0000000000
44061  22.467  -15.533  37.821 0.0000000000
45004  21.040  -14.597  37.755 0.0000000000
47572  32.012  -11.211  54.439 0.0000000000
46728  32.058  -12.137  54.457 0.0000000000
45823  32.008  -12.869  54.410 0.0000000000
129148  31.309  -16.298  53.062 0.0000000000
127941  31.560  -16.185  54.103 0.0000000000
128778  31.937  -15.611  54.036 0.0000000000
112939  32.450  -14.611  53.884 0.0000000000
130855  34.016  -13.300  53.335 0.0000000000
113274  32.987  -14.392  53.494 0.0000000000
43892  33.327  -15.150  53.266 0.0000000000
127924  32.065  -16.677  52.990 0.0000000000
70003  48.208  12.482  26.840 0.0000000000
69045  47.066  11.886  26.129 0.0000000000
69061  47.642  11.516  25.392 0.0000000000
68129  47.773  11.128  22.562 0.0000000000
68145  47.724  11.213  21.600 0.0000000000
70045  49.821  12.086  22.095 0.0000000000
70051  49.506  12.565  21.130 0.0000000000
119971  26.682  -17.342  48.614 0.0000000000
43078  26.105  -17.391  48.322 0.0000000000
137146  25.507  -17.491  48.718 0.0000000000
43079  24.826  -17.521  48.617 0.0000000000
127889  28.065  -17.002  52.163 0.0000000000
127894  27.839  -17.162  51.147 0.0000000000
130491  45.675  11.009  27.886 0.0000000000
119025  45.205  10.544  27.509 0.0000000000
66279  42.135  8.669  25.488 0.0000000000
113741  23.908  -17.426  46.035 0.0000000000
113740  23.949  -17.427  44.986 0.0000000000
43128  23.128  -17.345  44.588 0.0000000000
126174  22.343  -17.150  44.133 0.0000000000
44928  19.151  -14.857  44.740 0.0000000000
43977  19.753  -15.349  44.310 0.0000000000
44937  19.177  -14.777  43.898 0.0000000000
122292  19.130  -14.734  43.029 0.0000000000
44950  19.122  -14.657  42.180 0.0000000000
44963  19.296  -14.527  41.354 0.0000000000
44964  18.575  -14.219  41.735 0.0000000000
45934  17.995  -13.892  41.162 0.0000000000
44952  17.305  -14.158  41.662 0.0000000000
43085  15.217  -16.012  48.025 0.0000000000
41505  14.357  -18.424  44.094 0.0000000000
42304  14.901  -17.935  44.629 0.0000000000
116940  14.875  -17.817  43.759 0.0000000000
43155  15.139  -16.889  42.509 0.0000000000
43154  15.431  -16.315  42.134 0.0000000000
43166  14.963  -16.716  41.661 0.0000000000
128805  42.156  -0.994  43.056 0.0000000000
128942  43.168  -0.921  43.538 0.0000000000
128806  45.148  -0.751  43.679 0.0000000000
128276  46.751  3.560  44.897 0.0000000000
131362  47.004  3.728  44.700 0.0000000000
134284  45.779  1.270  45.948 0.0000000000
128110  48.138  2.079  45.426 0.0000000000
55704  45.895  -2.302  47.470 0.0000000000
54793  46.451  -3.102  46.713 0.0000000000
53899  45.063  -4.571  47.543 0.0000000000
112912  35.218  -8.107  53.134 0.0000000000
112492  36.897  -8.063  52.218 0.0000000000
50246  38.409  -8.064  51.350 0.0000000000
136581  39.399  -6.397  49.538 0.0000000000
52955  39.366  -5.283  49.824 0.0000000000
115401  39.400  -5.530  49.892 0.0000000000
52953  40.350  -5.359  50.081 0.0000000000
132453  42.476  -4.871  49.493 0.0000000000
48464  40.146  -10.287  49.103 0.0000000000
49347  40.895  -8.988  49.329 0.0000000000
49358  41.853  -9.450  49.202 0.0000000000
49357  42.632  -9.009  48.508 0.0000000000
114279  42.213  -0.965  37.608 0.0000000000
113269  41.373  -1.182  37.723 0.0000000000
56797  40.298  -1.252  37.934 0.0000000000
112500  38.086  -5.729  41.795 0.0000000000
133090  36.242  -4.483  39.236 0.0000000000
73721  55.168  16.148  21.944 0.0000000000
73710  55.794  16.245  22.549 0.0000000000
59626  42.305  1.254  30.985 0.0000000000
120953  42.148  0.854  31.682 0.0000000000
58702  41.635  0.355  32.004 0.0000000000
59601  42.409  0.658  33.251 0.0000000000
58689  41.728  0.182  32.822 0.0000000000
114614  40.092  -0.606  33.614 0.0000000000
126169  44.792  3.844  33.759 0.0000000000
61478  44.330  2.580  33.800 0.0000000000
61494  44.229  2.710  33.111 0.0000000000
60576  43.246  2.093  31.603 0.0000000000
129150  29.288  -13.306  39.746 0.0000000000
128725  28.162  -12.833  38.897 0.0000000000
127919  26.469  -13.639  39.855 0.0000000000
112541  24.514  -15.913  40.419 0.0000000000
129185  30.860  -17.335  53.848 0.0000000000
129127  30.618  -16.665  53.303 0.0000000000
129106  30.398  -16.314  52.255 0.0000000000
128718  29.836  -16.625  50.845 0.0000000000
128829  31.050  -16.111  51.549 0.0000000000
129179  33.420  -15.406  50.876 0.0000000000
128885  33.051  -15.415  47.882 0.0000000000
128832  31.905  -15.351  46.764 0.0000000000
68115  45.124  10.925  24.265 0.0000000000
68114  45.980  10.978  24.048 0.0000000000
68132  45.359  10.747  23.386 0.0000000000
43044  25.628  -17.461  51.462 0.0000000000
65343  44.029  7.752  29.968 0.0000000000
64382  43.157  6.578  28.894 0.0000000000
66240  44.445  8.504  28.646 0.0000000000
67159  44.271  8.704  27.837 0.0000000000
67170  44.516  9.337  27.621 0.0000000000
65368  41.703  7.628  26.346 0.0000000000
64405  40.950  7.015  26.355 0.0000000000
65379  41.203  7.698  25.650 0.0000000000
65380  40.550  7.288  25.387 0.0000000000
43111  20.961  -16.499  46.853 0.0000000000
43120  20.928  -16.408  45.947 0.0000000000
43959  20.272  -16.058  46.438 0.0000000000
43968  19.682  -15.512  46.008 0.0000000000
43951  19.114  -15.101  47.266 0.0000000000
44912  18.983  -14.936  46.466 0.0000000000
44921  19.105  -14.950  45.563 0.0000000000
44922  18.477  -14.466  45.150 0.0000000000
45902  17.818  -14.255  44.744 0.0000000000
135354  17.378  -14.306  45.006 0.0000000000
42284  14.721  -17.652  47.386 0.0000000000
41500  13.744  -18.946  45.737 0.0000000000
41499  14.263  -18.523  45.085 0.0000000000
41512  13.727  -18.777  43.521 0.0000000000
41519  13.636  -18.558  42.676 0.0000000000
40678  12.292  -19.239  42.212 0.0000000000
40664  11.694  -19.789  43.536 0.0000000000
63260  46.594  4.414  46.421 0.0000000000
112632  47.199  4.201  45.917 0.0000000000
128373  47.149  3.711  46.089 0.0000000000
112639  47.086  2.956  46.171 0.0000000000
59449  46.570  1.310  46.552 0.0000000000
58492  46.378  0.563  47.039 0.0000000000
129656  46.106  -0.714  47.362 0.0000000000
54794  45.596  -2.965  47.645 0.0000000000
53888  43.393  -4.755  47.686 0.0000000000
112374  36.214  -10.094  52.606 0.0000000000
49328  37.745  -9.612  51.942 0.0000000000
50257  39.316  -8.974  50.784 0.0000000000
50256  39.723  -8.602  50.063 0.0000000000
50255  39.688  -8.177  48.574 0.0000000000
49349  39.867  -9.651  49.116 0.0000000000
129503  40.553  -1.323  41.090 0.0000000000
56775  39.477  -1.293  39.727 0.0000000000
128790  38.263  -3.483  42.524 0.0000000000
72810  54.766  15.331  20.952 0.0000000000
61580  40.388  3.090  28.025 0.0000000000
60635  39.175  2.330  27.129 0.0000000000
60625  39.868  2.282  27.763 0.0000000000
59682  39.425  1.566  27.441 0.0000000000
126925  40.016  0.822  28.297 0.0000000000
58752  39.264  0.289  27.971 0.0000000000
58717  39.997  -0.261  30.352 0.0000000000
57788  38.962  -0.530  30.207 0.0000000000
57789  37.573  -0.585  30.200 0.0000000000
63382  44.394  5.387  32.530 0.0000000000
64373  43.673  6.589  30.807 0.0000000000
63444  43.419  5.406  29.885 0.0000000000
63445  43.192  5.005  29.166 0.0000000000
119349  43.088  3.982  29.026 0.0000000000
62500  42.490  4.039  28.503 0.0000000000
61579  41.216  3.665  28.290 0.0000000000
51196  32.726  -7.245  52.096 0.0000000000
50227  33.145  -8.105  51.811 0.0000000000
117281  32.716  -9.093  51.659 0.0000000000
128462  34.317  -10.092  53.288 0.0000000000
128698  34.942  -10.679  53.294 0.0000000000
46742  32.794  -12.538  54.090 0.0000000000
128404  33.351  -11.735  53.992 0.0000000000
128384  35.509  -11.465  53.067 0.0000000000
129324  34.931  -15.192  50.265 0.0000000000
128123  46.998  -2.095  45.129 0.0000000000
70017  50.945  11.671  25.414 0.0000000000
69074  47.528  11.220  24.475 0.0000000000
136050  48.272  11.192  23.990 0.0000000000
69072  49.345  11.237  24.862 0.0000000000
70031  51.808  11.968  24.960 0.0000000000
70036  51.779  12.171  23.971 0.0000000000
70941  52.276  13.014  23.667 0.0000000000
70044  50.628  12.283  22.610 0.0000000000
115076  51.872  13.523  23.009 0.0000000000
117905  51.553  14.613  21.742 0.0000000000
72796  51.880  15.409  21.176 0.0000000000
122511  51.384  14.747  20.871 0.0000000000
128793  27.836  -15.820  46.249 0.0000000000
127666  25.391  -17.384  46.969 0.0000000000
43108  24.925  -17.420  46.189 0.0000000000
43109  22.930  -17.254  46.346 0.0000000000
129529  22.283  -17.045  46.578 0.0000000000
43068  24.294  -17.473  49.309 0.0000000000
119931  22.815  -17.242  50.118 0.0000000000
43069  23.259  -17.361  49.202 0.0000000000
43081  23.164  -17.353  48.233 0.0000000000
43082  22.485  -17.146  47.833 0.0000000000
43097  21.824  -16.894  47.238 0.0000000000
43098  21.004  -16.554  47.769 0.0000000000
43940  20.306  -16.230  48.401 0.0000000000
43931  19.466  -15.681  49.708 0.0000000000
52084  33.646  -6.127  53.713 0.0000000000
52085  33.006  -6.893  53.243 0.0000000000
117664  31.885  -7.720  51.773 0.0000000000
50229  31.583  -8.525  51.663 0.0000000000
118446  32.124  -9.528  53.360 0.0000000000
48415  31.747  -10.467  54.580 0.0000000000
127853  31.574  -11.941  54.982 0.0000000000
45825  30.705  -13.851  55.382 0.0000000000
129133  30.381  -16.866  54.983 0.0000000000
128734  30.475  -17.579  54.200 0.0000000000
129146  30.290  -17.443  53.777 0.0000000000
129128  29.089  -16.615  52.081 0.0000000000
128729  28.624  -16.938  50.661 0.0000000000
128737  28.158  -17.088  49.960 0.0000000000
128768  28.276  -16.769  48.195 0.0000000000
69986  47.297  12.598  27.690 0.0000000000
69969  46.791  12.237  28.121 0.0000000000
69987  46.673  12.180  27.352 0.0000000000
70005  46.636  12.027  26.693 0.0000000000
69063  45.552  11.287  25.654 0.0000000000
67171  43.953  9.123  27.032 0.0000000000
68096  43.864  9.800  26.345 0.0000000000
126449  42.573  9.329  25.199 0.0000000000
124250  43.262  9.653  25.681 0.0000000000
68105  43.798  10.171  25.627 0.0000000000
68104  44.317  10.645  25.372 0.0000000000
68116  44.370  10.679  24.526 0.0000000000
68133  44.541  10.607  23.636 0.0000000000
127951  27.086  -15.772  44.783 0.0000000000
128849  26.158  -16.083  43.465 0.0000000000
43127  24.721  -17.284  44.398 0.0000000000
127089  25.177  -16.839  43.480 0.0000000000
129171  25.218  -16.486  42.563 0.0000000000
128853  24.617  -16.582  42.015 0.0000000000
112710  24.339  -16.448  41.298 0.0000000000
43177  22.829  -16.431  40.755 0.0000000000
43131  20.901  -16.359  45.048 0.0000000000
43987  21.066  -16.389  43.250 0.0000000000
119343  20.243  -15.771  43.965 0.0000000000
43988  20.501  -15.937  43.318 0.0000000000
43153  21.640  -16.639  42.767 0.0000000000
43164  21.664  -16.344  41.760 0.0000000000
44015  22.078  -16.209  40.904 0.0000000000
44030  22.507  -15.975  40.075 0.0000000000
44031  21.829  -15.355  39.447 0.0000000000
44988  21.229  -14.679  38.892 0.0000000000
123978  20.504  -14.213  38.578 0.0000000000
45942  19.272  -13.757  39.428 0.0000000000
45951  19.723  -13.842  38.551 0.0000000000
44914  17.055  -14.171  46.966 0.0000000000
115658  16.979  -14.288  46.178 0.0000000000
119668  16.920  -14.421  45.249 0.0000000000
132279  16.697  -14.676  44.522 0.0000000000
43113  15.132  -17.090  46.874 0.0000000000
43112  15.425  -16.508  46.227 0.0000000000
42297  15.276  -17.257  44.987 0.0000000000
43121  15.547  -16.492  45.312 0.0000000000
44931  16.780  -14.654  43.826 0.0000000000
44940  16.811  -14.648  43.042 0.0000000000
44953  16.637  -14.671  42.130 0.0000000000
44966  16.681  -14.441  41.142 0.0000000000
43165  15.369  -16.109  41.422 0.0000000000
44018  15.701  -15.480  41.054 0.0000000000
38734  9.729  -21.356  46.491 0.0000000000
37654  8.480  -22.251  45.854 0.0000000000
59570  43.186  0.628  35.926 0.0000000000
127995  40.390  -1.574  43.648 0.0000000000
112474  44.249  -3.296  43.526 0.0000000000
128804  46.969  -1.932  44.024 0.0000000000
129181  45.948  0.194  44.386 0.0000000000
129077  45.327  0.508  46.139 0.0000000000
128483  47.046  -1.001  45.260 0.0000000000
112813  48.947  1.761  45.015 0.0000000000
56678  46.643  -1.238  45.517 0.0000000000
59435  46.708  0.350  46.407 0.0000000000
57556  47.110  -0.693  45.322 0.0000000000
55715  46.141  -2.089  45.683 0.0000000000
54825  46.548  -4.016  46.510 0.0000000000
53911  46.574  -4.948  46.542 0.0000000000
52995  45.696  -5.240  47.115 0.0000000000
51227  45.811  -6.939  46.750 0.0000000000
132565  43.053  -0.910  49.236 0.0000000000
51199  35.497  -7.471  53.047 0.0000000000
128084  36.588  -5.677  52.366 0.0000000000
128380  38.933  -4.660  51.276 0.0000000000
51205  38.575  -7.392  51.321 0.0000000000
128359  38.001  -6.834  51.778 0.0000000000
134377  39.272  -4.348  51.143 0.0000000000
54753  39.451  -3.880  51.091 0.0000000000
120380  41.188  -3.114  50.364 0.0000000000
55688  42.157  -2.169  49.830 0.0000000000
56658  43.078  -1.939  49.288 0.0000000000
55687  43.361  -2.749  49.211 0.0000000000
54796  43.588  -4.574  47.775 0.0000000000
53889  43.183  -4.798  47.486 0.0000000000
51211  39.546  -7.280  48.649 0.0000000000
130991  40.485  -7.349  48.723 0.0000000000
113418  41.932  -6.926  49.295 0.0000000000
52103  42.574  -6.564  48.191 0.0000000000
52102  43.038  -5.958  47.491 0.0000000000
52109  43.086  -6.199  47.185 0.0000000000
49356  43.330  -8.495  47.940 0.0000000000
127125  43.115  -8.187  46.695 0.0000000000
58644  42.759  0.217  35.586 0.0000000000
58645  42.162  -0.312  35.195 0.0000000000
57731  41.254  -0.679  34.792 0.0000000000
134345  40.234  -0.791  34.802 0.0000000000
57721  39.152  -0.804  35.399 0.0000000000
128713  38.647  -1.368  38.197 0.0000000000
128773  36.661  -1.877  38.531 0.0000000000
127896  39.067  -1.323  37.464 0.0000000000
127881  38.067  -1.175  36.427 0.0000000000
112954  38.094  -0.715  34.940 0.0000000000
72813  51.828  15.273  20.314 0.0000000000
119544  52.988  15.861  20.167 0.0000000000
71873  52.951  14.866  18.980 0.0000000000
43028  27.647  -17.194  51.863 0.0000000000
43042  26.836  -17.395  51.364 0.0000000000
43095  23.098  -17.325  47.548 0.0000000000
43141  21.620  -16.771  43.666 0.0000000000
44016  21.409  -15.838  41.046 0.0000000000
44032  16.097  -14.881  40.616 0.0000000000
44043  23.273  -15.896  39.581 0.0000000000
44060  23.099  -15.589  38.105 0.0000000000
44913  18.186  -14.360  46.462 0.0000000000
44962  20.118  -14.998  41.115 0.0000000000
44974  20.440  -14.628  40.146 0.0000000000
44976  18.740  -14.079  40.907 0.0000000000
44977  17.237  -13.854  39.770 0.0000000000
45006  19.302  -13.916  37.895 0.0000000000
45944  17.956  -13.685  40.194 0.0000000000
45952  18.457  -13.648  39.410 0.0000000000
45963  18.113  -13.724  38.670 0.0000000000
46730  30.977  -13.033  55.352 0.0000000000
52946  39.121  -5.223  51.209 0.0000000000
55677  41.525  -2.459  50.198 0.0000000000
56747  41.004  -1.309  41.477 0.0000000000
58727  39.817  -0.161  29.591 0.0000000000
61545  43.515  3.092  30.280 0.0000000000
63458  42.730  4.775  28.564 0.0000000000
63470  41.580  5.003  28.089 0.0000000000
64216  46.901  4.513  46.184 0.0000000000
65357  43.315  7.639  27.801 0.0000000000
68095  44.364  10.453  26.194 0.0000000000
74623  55.085  17.342  22.713 0.0000000000
112576  47.032  3.564  46.167 0.0000000000
112720  46.164  2.797  46.403 0.0000000000
113135  46.547  4.609  46.309 0.0000000000
113268  23.573  -16.536  41.033 0.0000000000
115845  47.828  12.713  27.382 0.0000000000
116204  35.587  -0.787  31.446 0.0000000000
122210  43.416  3.459  29.726 0.0000000000
127526  52.592  16.510  23.750 0.0000000000
128118  25.998  -15.732  42.433 0.0000000000
128170  46.847  3.871  46.200 0.0000000000
128250  25.181  -14.901  39.305 0.0000000000
128274  46.568  4.277  46.291 0.0000000000
128337  45.834  2.874  46.437 0.0000000000
128338  44.989  1.965  46.091 0.0000000000
128413  47.290  3.201  44.723 0.0000000000
128830  31.753  -16.150  52.775 0.0000000000
129132  29.678  -17.715  54.032 0.0000000000
129143  31.151  -15.711  54.571 0.0000000000
130487  38.168  -11.601  51.449 0.0000000000
134199  43.984  -4.035  48.599 0.0000000000
135681  20.696  -14.468  39.379 0.0000000000
