#!ascii label  , from subject sub-v2s7x29664_ses-1 vox2ras=TkReg
1601
3847  28.238  -67.502  -32.483 0.6999999881
4343  27.666  -67.114  -32.088 0.8000000119
4327  27.752  -66.481  -31.434 0.8000000119
4344  26.893  -66.528  -32.145 0.6999999881
3355  28.148  -68.654  -33.446 0.6000000238
3861  27.838  -68.099  -32.896 0.6000000238
118093  27.081  -67.201  -32.516 0.6000000238
3367  28.424  -69.240  -34.052 0.6000000238
134134  28.161  -65.918  -30.948 0.8000000119
4328  26.975  -66.116  -31.403 0.6999999881
4819  26.639  -65.538  -30.952 0.6999999881
5361  25.960  -64.861  -30.836 0.6999999881
3860  28.561  -67.939  -33.075 0.6000000238
4342  28.501  -66.828  -31.985 0.6999999881
2863  28.820  -69.870  -34.793 0.6000000238
2864  28.069  -69.890  -34.478 0.6000000238
2453  28.135  -71.339  -35.586 0.6000000238
2448  27.967  -70.995  -35.274 0.6000000238
5348  27.598  -64.844  -29.954 0.8000000119
5833  27.812  -63.947  -29.759 0.8000000119
5824  26.576  -63.970  -28.853 0.6999999881
5825  25.904  -63.920  -28.696 0.6999999881
5826  25.072  -63.655  -28.777 0.6999999881
4805  28.669  -65.316  -31.031 0.8000000119
5834  25.473  -64.188  -29.510 0.6999999881
4817  28.701  -66.092  -31.472 0.6999999881
4806  27.989  -65.396  -30.493 0.8000000119
5350  25.899  -64.662  -29.985 0.6999999881
4341  29.219  -66.239  -32.273 0.6999999881
3354  28.836  -68.481  -33.743 0.6999999881
3376  29.529  -69.533  -35.633 0.6000000238
3366  29.143  -69.053  -34.574 0.6000000238
2447  28.874  -71.021  -35.660 0.6000000238
2870  28.460  -70.570  -35.093 0.6000000238
2073  28.146  -71.491  -35.675 0.6000000238
1350  28.233  -73.044  -35.694 0.6999999881
1670  27.658  -72.448  -36.116 0.6000000238
1061  27.255  -74.425  -34.257 0.5000000000
1339  27.782  -73.911  -35.069 0.6000000238
6282  27.732  -62.964  -29.872 0.8999999762
6270  27.095  -63.440  -29.029 0.8000000119
6260  25.946  -62.699  -28.165 0.6999999881
5347  28.427  -64.500  -30.538 0.6999999881
5842  28.347  -63.447  -30.582 0.8999999762
6272  24.731  -63.019  -28.099 0.6999999881
4839  29.282  -65.214  -31.869 0.8000000119
4349  29.495  -66.416  -33.328 0.8000000119
4357  29.543  -66.987  -34.386 0.6999999881
3846  28.978  -67.139  -32.678 0.6999999881
3870  29.385  -68.063  -34.472 0.8000000119
3885  29.625  -68.566  -35.682 0.8000000119
2446  29.426  -70.329  -35.731 0.6999999881
2072  29.106  -71.241  -35.765 0.6000000238
1669  28.765  -72.354  -35.777 0.6999999881
1338  28.608  -73.689  -34.859 0.6999999881
6283  27.008  -62.350  -29.278 0.8000000119
6261  25.161  -62.525  -27.874 0.6999999881
5373  29.303  -64.208  -31.993 0.8000000119
5841  28.887  -63.826  -31.312 0.8000000119
5372  29.503  -64.603  -32.587 0.6999999881
115070  29.610  -66.046  -34.393 0.6999999881
4367  29.589  -67.495  -35.600 0.8000000119
126265  29.921  -68.930  -36.764 0.8000000119
121141  30.217  -69.913  -36.468 0.6999999881
137139  29.894  -70.859  -36.014 0.8000000119
2452  29.770  -70.660  -35.952 0.6999999881
2068  30.169  -71.265  -35.934 0.8000000119
1337  29.385  -73.343  -34.612 0.6999999881
1666  29.398  -72.603  -35.409 0.6999999881
1334  28.977  -74.043  -33.940 0.6999999881
1349  28.916  -73.079  -35.380 0.6999999881
9527  15.774  -56.532  -31.233 0.6000000238
9538  15.462  -56.057  -32.078 0.6000000238
9529  14.350  -55.900  -30.425 0.6000000238
10731  13.300  -54.748  -30.749 0.6999999881
6779  27.425  -62.022  -30.381 0.8999999762
6752  26.292  -62.172  -28.529 0.6999999881
5385  29.606  -64.516  -33.408 0.6000000238
115772  29.611  -65.301  -35.032 0.6000000238
4875  29.660  -65.321  -33.891 0.6000000238
3898  29.779  -67.905  -37.045 0.6999999881
130110  29.558  -66.987  -36.614 0.6999999881
7819  23.193  -59.264  -29.978 0.6999999881
7799  22.640  -59.257  -29.018 0.6999999881
118141  23.278  -59.173  -30.923 0.6000000238
8376  22.466  -58.948  -30.438 0.6000000238
7820  21.814  -58.880  -29.489 0.6999999881
134378  29.935  -69.632  -36.466 0.6999999881
8377  21.514  -58.686  -30.593 0.5000000000
8352  21.136  -58.661  -29.740 0.6999999881
2451  30.801  -70.621  -36.239 0.8000000119
7837  22.717  -58.937  -31.427 0.5000000000
8396  21.977  -58.714  -31.498 0.5000000000
1665  29.910  -72.765  -34.813 0.6999999881
8409  21.647  -58.521  -32.502 0.5000000000
8423  21.410  -58.120  -33.484 0.6000000238
8410  20.180  -58.225  -32.507 0.5000000000
8411  19.276  -58.174  -32.317 0.6000000238
8399  19.057  -58.280  -31.245 0.6999999881
8898  17.035  -57.342  -30.193 0.6999999881
8929  19.619  -57.767  -33.047 0.5000000000
8412  18.377  -58.025  -32.057 0.6000000238
8914  17.468  -57.623  -31.516 0.6000000238
119874  16.525  -57.088  -31.433 0.6000000238
8424  20.513  -57.871  -33.267 0.6000000238
8931  17.766  -57.494  -32.731 0.6000000238
8915  16.851  -57.147  -32.531 0.6000000238
8944  20.084  -57.314  -33.443 0.5000000000
8930  18.716  -57.681  -32.912 0.5000000000
117788  16.556  -56.575  -32.969 0.6000000238
10143  14.944  -55.483  -31.493 0.6000000238
10144  14.178  -54.936  -31.056 0.6999999881
11393  13.987  -53.286  -30.634 0.6000000238
11395  12.224  -53.035  -30.279 0.6999999881
9546  18.273  -57.013  -33.348 0.6000000238
9536  17.261  -56.841  -33.173 0.6000000238
10158  15.534  -55.439  -32.302 0.6000000238
10747  15.045  -54.795  -31.664 0.6999999881
11392  15.024  -53.268  -30.785 0.5000000000
118489  26.487  -61.665  -29.188 0.8999999762
5850  29.410  -63.762  -32.923 0.6000000238
5851  29.063  -63.365  -32.178 0.6999999881
6753  25.924  -61.429  -28.652 0.8000000119
6744  23.698  -61.597  -27.650 0.6999999881
7238  24.720  -60.402  -28.659 0.6999999881
7255  25.633  -60.558  -30.199 0.8000000119
113515  29.557  -66.329  -35.589 0.6999999881
7818  23.973  -59.524  -30.267 0.8000000119
7798  23.541  -59.578  -29.104 0.6000000238
7836  23.906  -59.382  -31.316 0.6999999881
121834  23.339  -59.115  -31.995 0.6000000238
2877  30.669  -69.962  -36.653 0.8000000119
2880  31.034  -69.393  -37.132 0.8000000119
2444  31.480  -70.678  -35.762 0.8000000119
2445  30.974  -71.161  -35.752 0.8000000119
8408  22.472  -58.788  -32.258 0.5000000000
7869  22.670  -58.561  -33.804 0.5000000000
121578  22.098  -58.216  -33.895 0.6000000238
114558  22.185  -58.541  -33.182 0.6000000238
8943  21.051  -57.407  -33.795 0.6000000238
12128  14.101  -52.477  -29.585 0.5000000000
8945  19.193  -57.240  -33.338 0.5000000000
12147  13.807  -52.711  -30.182 0.5000000000
11377  12.622  -52.664  -29.896 0.6000000238
10170  18.547  -56.199  -33.341 0.6000000238
10156  16.903  -55.966  -33.176 0.6999999881
10761  16.256  -55.265  -32.768 0.6999999881
11412  15.433  -53.967  -31.405 0.6999999881
10169  19.373  -56.137  -33.321 0.6000000238
10746  15.815  -54.656  -32.077 0.6000000238
10154  18.960  -55.458  -32.967 0.6999999881
10760  17.260  -54.981  -32.788 0.6000000238
10745  16.747  -54.410  -32.154 0.5000000000
6292  28.603  -62.941  -31.549 0.6999999881
6293  28.045  -62.493  -30.930 0.6999999881
6765  26.125  -61.065  -29.699 0.8000000119
7273  26.271  -60.821  -30.834 0.6999999881
7835  24.620  -59.711  -31.152 0.6999999881
7274  25.438  -60.187  -31.035 0.6999999881
12079  14.835  -52.761  -28.005 0.5000000000
8954  23.295  -57.324  -35.028 0.5000000000
8955  22.552  -57.613  -34.607 0.6000000238
12080  13.987  -52.801  -28.136 0.5000000000
124968  22.697  -56.686  -34.596 0.5000000000
9557  23.677  -56.392  -34.825 0.5000000000
9559  21.893  -57.145  -34.202 0.6000000238
9544  20.515  -56.788  -33.625 0.6000000238
120656  15.943  -53.204  -30.872 0.5000000000
10178  23.348  -55.775  -34.390 0.5000000000
9558  22.015  -56.355  -34.086 0.6000000238
127739  20.858  -56.230  -33.584 0.6000000238
10167  21.487  -55.917  -33.672 0.6000000238
6304  28.171  -62.136  -31.941 0.6999999881
119203  27.541  -61.703  -31.422 0.6999999881
131363  26.976  -61.382  -30.940 0.6999999881
10758  19.534  -54.763  -32.407 0.5000000000
10177  24.309  -55.494  -34.518 0.5000000000
135951  18.475  -53.924  -31.790 0.5000000000
10165  23.038  -55.256  -33.894 0.5000000000
10152  20.858  -55.505  -33.177 0.5000000000
10153  19.906  -55.500  -32.933 0.5000000000
10759  18.450  -54.683  -32.443 0.5000000000
11425  21.000  -54.102  -32.088 0.5000000000
11408  20.694  -53.292  -31.591 0.5000000000
11441  23.106  -54.044  -33.051 0.5000000000
125271  21.709  -54.073  -32.326 0.5000000000
10743  19.221  -54.018  -31.852 0.5000000000
10768  23.564  -54.429  -33.562 0.5000000000
10755  22.241  -54.371  -32.787 0.5000000000
10756  21.339  -54.695  -32.684 0.5000000000
10781  23.965  -54.905  -34.057 0.5000000000
10769  22.649  -54.836  -33.381 0.5000000000
117504  22.347  -53.601  -32.397 0.5000000000
136888  14.462  -54.589  -25.928 0.6000000238
10679  13.277  -54.761  -26.710 0.6000000238
11320  15.490  -53.864  -25.900 0.5000000000
10050  15.295  -54.963  -25.056 0.6999999881
130754  14.154  -55.680  -26.048 0.6000000238
9474  13.167  -56.183  -26.584 0.6000000238
8855  13.976  -57.651  -26.397 0.6999999881
9455  15.391  -55.898  -25.112 0.6000000238
9456  14.628  -56.203  -25.705 0.6999999881
9457  13.886  -56.489  -26.266 0.6999999881
121923  13.115  -57.043  -26.652 0.6999999881
125181  14.864  -58.407  -26.190 0.8000000119
10032  16.657  -55.368  -24.116 0.5000000000
10033  15.904  -55.145  -24.582 0.5000000000
8845  14.680  -57.241  -25.960 0.8000000119
8833  15.955  -57.045  -25.082 0.6000000238
7715  15.697  -60.452  -25.353 0.6999999881
118552  17.867  -55.202  -23.716 0.5000000000
10031  17.226  -54.887  -24.079 0.5000000000
8293  16.345  -59.374  -25.371 0.6999999881
8310  14.948  -59.503  -26.298 0.6999999881
117925  15.647  -58.066  -25.657 0.6999999881
8832  16.733  -57.229  -24.550 0.6999999881
7701  15.846  -60.472  -24.624 0.6999999881
7700  17.146  -60.032  -24.198 0.6999999881
9413  17.579  -56.603  -23.558 0.6000000238
131344  17.195  -58.236  -24.577 0.8000000119
11241  14.901  -54.086  -19.426 0.6999999881
9958  15.130  -55.166  -18.779 0.8000000119
10014  19.881  -55.676  -23.002 0.4000000060
120316  15.274  -60.115  -23.936 0.6999999881
113848  19.127  -55.514  -22.456 0.5000000000
118636  16.595  -60.201  -24.280 0.6999999881
130437  17.967  -55.529  -23.089 0.6000000238
9412  18.097  -56.471  -23.030 0.6000000238
8274  17.129  -59.339  -24.688 0.6999999881
8821  17.568  -57.559  -24.040 0.8000000119
8831  17.753  -58.784  -24.131 0.8000000119
15546  6.983  -47.505  -21.740 0.5000000000
15561  7.221  -47.926  -22.595 0.5000000000
14106  6.984  -49.024  -22.806 0.5000000000
12763  13.162  -51.305  -23.542 0.5000000000
12747  14.199  -51.270  -22.362 0.6000000238
12762  13.840  -50.917  -23.165 0.6000000238
12764  12.444  -51.757  -23.848 0.6000000238
12025  8.930  -52.863  -23.883 0.6000000238
12733  13.887  -52.035  -22.036 0.6999999881
12748  13.535  -51.620  -22.753 0.6999999881
11250  14.376  -53.364  -20.452 0.6999999881
11264  13.743  -53.204  -21.107 0.6999999881
8800  16.221  -58.408  -21.531 0.6999999881
8786  16.231  -57.789  -20.664 0.6999999881
9361  16.121  -56.370  -19.337 0.8000000119
8244  16.391  -59.022  -22.278 0.6999999881
9999  18.551  -55.944  -22.704 0.6000000238
7689  16.916  -60.087  -23.756 0.8000000119
8811  18.604  -57.835  -22.869 0.6999999881
8243  17.979  -59.186  -21.780 0.8000000119
7699  17.635  -59.555  -24.026 0.8000000119
16297  7.438  -46.709  -21.401 0.5000000000
16312  8.506  -46.984  -22.396 0.6000000238
16311  9.276  -46.715  -22.252 0.5000000000
126209  9.072  -47.333  -22.885 0.6000000238
14813  7.686  -48.328  -23.338 0.6000000238
14105  7.326  -49.890  -23.418 0.6000000238
14826  9.195  -48.453  -24.112 0.6000000238
14132  8.631  -49.872  -24.967 0.5000000000
13435  13.448  -50.628  -24.131 0.5000000000
12779  12.677  -51.049  -24.435 0.5000000000
13419  14.506  -50.541  -22.730 0.6000000238
12780  11.939  -51.536  -24.683 0.6000000238
12765  11.576  -52.354  -24.140 0.6999999881
12784  8.187  -51.364  -24.357 0.6000000238
12731  15.252  -51.325  -21.265 0.6000000238
12719  14.955  -52.008  -21.087 0.6999999881
12002  13.205  -52.384  -22.445 0.6999999881
12021  12.885  -51.994  -23.103 0.6999999881
119336  11.525  -53.014  -23.436 0.8000000119
12039  10.014  -52.816  -24.743 0.6999999881
12718  15.650  -51.904  -20.576 0.6999999881
11967  15.022  -52.639  -20.623 0.6999999881
11966  15.616  -52.649  -20.150 0.6999999881
11240  15.645  -53.816  -19.291 0.8000000119
136857  16.452  -55.775  -19.033 0.8000000119
9957  15.777  -55.592  -18.934 0.8000000119
9983  19.504  -56.305  -21.505 0.5000000000
9971  19.877  -56.103  -19.734 0.6000000238
8799  17.260  -58.534  -21.196 0.8000000119
9375  16.742  -57.143  -19.873 0.8000000119
9395  18.875  -57.075  -22.391 0.6000000238
132895  19.613  -56.980  -20.768 0.6999999881
8785  17.565  -57.969  -20.463 0.8000000119
8810  19.086  -58.313  -22.070 0.6999999881
8242  18.727  -58.977  -21.897 0.6999999881
8254  18.644  -58.864  -22.709 0.8000000119
16284  8.781  -45.584  -20.959 0.4000000060
16296  8.428  -46.391  -21.686 0.5000000000
15559  10.077  -47.042  -22.873 0.4000000060
15573  9.616  -47.729  -23.546 0.5000000000
14837  9.679  -48.879  -24.865 0.5000000000
14104  14.860  -49.846  -23.128 0.5000000000
13448  12.864  -50.306  -25.302 0.6000000238
13461  11.296  -50.686  -25.727 0.6000000238
13451  9.106  -50.451  -25.380 0.6000000238
14087  16.006  -49.732  -21.915 0.6000000238
12782  10.301  -52.086  -25.315 0.6999999881
12783  9.423  -52.191  -25.202 0.6999999881
13389  16.014  -50.969  -20.839 0.6000000238
121518  16.131  -54.326  -18.910 0.8000000119
9358  19.386  -56.378  -19.529 0.6999999881
8784  18.657  -57.916  -20.503 0.6999999881
9374  17.986  -57.273  -19.822 0.8000000119
9956  17.089  -55.442  -18.866 0.8000000119
8783  19.271  -57.527  -20.634 0.6999999881
16295  9.542  -46.043  -21.546 0.4000000060
17051  9.508  -45.228  -20.756 0.4000000060
133085  9.457  -44.653  -20.179 0.4000000060
16310  10.839  -46.510  -22.469 0.5000000000
16294  10.516  -46.210  -21.651 0.4000000060
17873  9.298  -44.299  -19.684 0.5000000000
14825  10.083  -48.137  -24.345 0.5000000000
14835  11.321  -48.299  -25.386 0.5000000000
14130  10.237  -49.394  -25.485 0.5000000000
16350  13.147  -47.121  -25.835 0.5000000000
13462  10.611  -50.541  -25.844 0.6999999881
12717  16.548  -51.470  -20.165 0.6000000238
10584  16.946  -54.470  -18.721 0.8000000119
10581  19.899  -55.000  -18.853 0.6000000238
10582  19.017  -54.662  -18.558 0.6000000238
130989  18.928  -52.825  -18.644 0.6999999881
124864  17.849  -53.007  -18.766 0.6999999881
9955  17.927  -55.826  -18.982 0.6999999881
18732  9.368  -43.272  -18.400 0.3000000119
119686  11.231  -46.131  -21.779 0.4000000060
16283  11.104  -45.962  -21.180 0.3000000119
17050  10.516  -45.648  -20.911 0.4000000060
17881  10.109  -44.901  -20.325 0.4000000060
127226  9.682  -44.299  -19.791 0.4000000060
18746  9.485  -43.865  -19.168 0.5000000000
121731  11.368  -46.201  -23.154 0.4000000060
18731  9.930  -43.407  -18.620 0.3000000119
15572  10.514  -47.428  -23.803 0.4000000060
15601  12.745  -47.809  -26.091 0.5000000000
15571  11.243  -47.033  -24.131 0.4000000060
15600  13.507  -48.031  -26.623 0.6000000238
16320  11.590  -46.307  -23.699 0.4000000060
113580  14.058  -47.281  -26.488 0.4000000060
15586  11.605  -47.472  -24.915 0.5000000000
11955  16.755  -52.925  -19.216 0.6999999881
124031  17.951  -54.081  -18.552 0.6999999881
18747  9.257  -43.905  -19.040 0.4000000060
18745  9.979  -43.985  -19.319 0.4000000060
17843  10.714  -43.848  -17.804 0.3000000119
16309  11.563  -45.929  -22.609 0.3000000119
16334  11.909  -46.637  -24.380 0.4000000060
16332  13.695  -46.261  -25.476 0.4000000060
16333  12.729  -46.190  -24.687 0.4000000060
17049  11.574  -45.819  -20.464 0.3000000119
17034  11.838  -45.773  -19.454 0.3000000119
17857  11.263  -45.213  -19.024 0.4000000060
132322  11.513  -45.115  -18.192 0.3000000119
17858  10.712  -44.423  -18.603 0.3000000119
17048  12.200  -46.001  -20.884 0.3000000119
17088  12.300  -45.154  -23.297 0.3000000119
17935  13.557  -44.608  -24.041 0.3000000119
17087  12.760  -45.054  -23.722 0.3000000119
17101  14.116  -45.329  -24.985 0.3000000119
17023  12.029  -45.668  -18.488 0.3000000119
17009  12.186  -45.284  -17.727 0.3000000119
17033  12.637  -46.118  -19.012 0.3000000119
17022  12.886  -45.867  -18.091 0.3000000119
17907  13.165  -44.132  -22.717 0.3000000119
17918  13.903  -43.661  -23.525 0.3000000119
18832  14.677  -43.141  -23.945 0.3000000119
19622  9.613  -42.598  -17.969 0.3000000119
132131  12.884  -46.102  -20.495 0.3000000119
16274  14.065  -46.440  -19.486 0.3000000119
18797  13.726  -43.481  -22.919 0.3000000119
8378  20.628  -58.537  -30.531 0.6000000238
8398  19.951  -58.409  -31.464 0.6999999881
8380  18.878  -58.174  -30.231 0.6999999881
130666  17.747  -57.660  -30.173 0.6999999881
14836  10.543  -48.587  -25.092 0.4000000060
14145  11.518  -49.628  -26.019 0.6000000238
18714  11.471  -43.645  -16.953 0.3000000119
4350  26.982  -67.699  -33.076 0.6999999881
5843  25.269  -64.117  -30.783 0.6999999881
3859  29.199  -67.539  -33.516 0.8000000119
1682  27.801  -71.958  -36.058 0.6000000238
122123  29.327  -71.851  -35.786 0.6999999881
4856  29.568  -65.393  -32.846 0.6000000238
7221  25.187  -61.176  -28.087 0.6999999881
2881  30.514  -69.402  -36.998 0.8000000119
114058  30.050  -72.149  -35.398 0.6999999881
131075  30.743  -71.700  -35.202 0.8000000119
131753  13.804  -54.088  -30.927 0.6999999881
8397  20.969  -58.523  -31.723 0.5000000000
11378  11.902  -52.735  -29.612 0.6000000238
10155  17.952  -55.578  -33.119 0.6999999881
7256  24.881  -60.100  -29.999 0.8000000119
7854  23.712  -59.211  -32.926 0.5000000000
7855  22.942  -58.888  -32.984 0.6000000238
9543  21.285  -56.669  -33.861 0.6000000238
136319  17.036  -58.927  -21.822 0.8000000119
2046  22.809  -71.795  -30.424 0.4000000060
2036  23.015  -70.979  -30.172 0.4000000060
132752  24.944  -73.142  -31.543 0.3000000119
1654  23.356  -72.697  -31.222 0.4000000060
1642  22.609  -72.742  -30.722 0.4000000060
2037  22.433  -71.470  -29.658 0.4000000060
2051  27.281  -71.458  -31.238 0.4000000060
2432  26.595  -70.844  -31.175 0.5000000000
2433  25.827  -70.825  -31.212 0.5000000000
118891  26.886  -72.273  -31.428 0.3000000119
2053  25.478  -71.551  -31.429 0.4000000060
2044  24.147  -71.134  -31.061 0.4000000060
122427  25.685  -73.134  -31.526 0.3000000119
120850  24.609  -71.712  -31.384 0.3000000119
2054  23.795  -71.890  -31.229 0.3000000119
1322  25.295  -73.951  -31.545 0.3000000119
116555  27.626  -72.365  -31.260 0.4000000060
2050  28.205  -72.017  -31.049 0.4000000060
2043  28.015  -71.056  -30.837 0.5000000000
1649  28.260  -73.070  -31.028 0.3000000119
1651  26.558  -73.165  -31.458 0.3000000119
771  26.090  -75.000  -31.884 0.4000000060
1320  27.099  -74.091  -31.422 0.3000000119
785  26.800  -75.053  -32.676 0.4000000060
778  26.442  -75.094  -32.152 0.4000000060
1053  25.785  -74.885  -33.602 0.4000000060
1640  29.071  -72.754  -30.708 0.4000000060
1639  29.898  -72.844  -30.516 0.4000000060
1309  28.898  -73.651  -30.946 0.4000000060
1308  29.726  -73.526  -30.871 0.4000000060
1306  31.050  -72.905  -30.760 0.5000000000
1319  28.144  -74.018  -31.240 0.4000000060
122792  29.767  -73.823  -31.382 0.4000000060
770  26.770  -74.929  -31.886 0.4000000060
1046  28.051  -74.741  -32.158 0.5000000000
1033  28.947  -74.400  -32.029 0.4000000060
1051  27.573  -74.796  -33.106 0.4000000060
1351  27.369  -73.263  -35.764 0.6000000238
1340  26.891  -73.994  -35.149 0.4000000060
2049  31.959  -72.169  -31.304 0.6000000238
2059  31.519  -71.731  -32.172 0.6000000238
121785  30.330  -73.522  -31.787 0.6000000238
1659  30.767  -72.917  -32.347 0.6000000238
1328  30.267  -73.395  -32.803 0.6000000238
1663  30.615  -72.617  -33.443 0.6999999881
1049  29.307  -74.155  -33.030 0.5000000000
1333  29.528  -73.710  -33.750 0.6000000238
123212  30.447  -72.385  -34.510 0.6999999881
2853  31.598  -69.744  -32.638 0.6999999881
127045  31.802  -69.961  -33.906 0.6999999881
2437  31.588  -70.776  -32.396 0.6000000238
130971  31.429  -70.453  -33.156 0.6999999881
2869  32.049  -70.118  -35.744 0.6999999881
2876  31.312  -70.091  -36.438 0.6999999881
3388  30.518  -68.769  -37.426 0.6999999881
2063  31.082  -71.767  -34.065 0.6999999881
2440  31.949  -70.548  -34.923 0.6999999881
2065  31.408  -71.196  -35.016 0.6999999881
3353  32.166  -68.328  -34.043 0.5000000000
3365  32.484  -68.528  -35.176 0.6000000238
2862  32.271  -69.920  -34.941 0.6999999881
2868  32.405  -69.411  -35.539 0.6000000238
3382  31.701  -68.843  -37.145 0.6999999881
2439  31.529  -70.881  -34.037 0.6999999881
3387  30.989  -68.585  -37.701 0.6999999881
3389  30.176  -68.363  -37.525 0.6000000238
3375  32.349  -68.743  -36.257 0.6000000238
118173  32.155  -68.019  -36.876 0.6000000238
3904  30.473  -67.942  -38.008 0.6000000238
3386  31.555  -68.074  -37.584 0.6000000238
5405  29.480  -64.548  -35.767 0.5000000000
119169  25.552  -64.272  -31.794 0.6000000238
5374  26.076  -64.929  -31.824 0.6000000238
3905  30.046  -67.577  -38.038 0.6000000238
4382  29.714  -67.004  -37.645 0.6000000238
119113  29.515  -66.228  -36.976 0.5000000000
4893  29.485  -65.399  -36.296 0.5000000000
114325  24.147  -63.144  -31.077 0.6000000238
5835  24.621  -63.574  -30.115 0.6000000238
5844  24.627  -63.499  -31.245 0.6000000238
3903  30.724  -67.371  -38.303 0.6000000238
127147  29.794  -66.251  -37.960 0.5000000000
6274  22.748  -62.375  -29.085 0.6000000238
137140  23.307  -62.440  -28.351 0.6000000238
130293  23.472  -62.753  -29.221 0.6000000238
6285  23.034  -62.533  -30.319 0.6000000238
119029  24.228  -63.205  -29.054 0.6000000238
6262  24.323  -62.322  -27.774 0.6000000238
6273  23.929  -62.704  -28.275 0.6000000238
6303  28.704  -62.593  -32.462 0.6000000238
4395  29.994  -66.929  -38.248 0.6000000238
6755  21.927  -61.910  -28.793 0.6000000238
7224  21.901  -60.434  -27.605 0.6000000238
6754  22.855  -61.967  -27.924 0.6000000238
126983  22.674  -60.286  -27.571 0.6000000238
6745  22.605  -61.117  -27.631 0.6000000238
7222  24.320  -60.910  -27.706 0.6000000238
7239  23.946  -60.080  -28.207 0.5000000000
6286  22.165  -62.199  -30.209 0.6999999881
6766  21.193  -61.868  -30.129 0.6000000238
136647  22.235  -61.574  -27.899 0.6000000238
7771  22.278  -59.676  -27.883 0.6000000238
122582  21.856  -59.185  -28.471 0.6000000238
7258  17.294  -60.665  -30.015 0.6000000238
6756  21.006  -61.560  -28.872 0.6000000238
6747  20.734  -61.096  -28.132 0.6000000238
136148  20.764  -59.285  -28.019 0.5000000000
7226  20.022  -60.645  -28.164 0.6000000238
7774  18.845  -59.361  -28.244 0.6000000238
7228  17.998  -60.134  -28.595 0.6000000238
129817  16.888  -60.153  -29.274 0.6000000238
6757  20.225  -61.308  -28.900 0.6000000238
7800  21.124  -58.917  -28.657 0.6000000238
7773  20.294  -59.779  -27.810 0.6000000238
7802  19.594  -59.122  -28.147 0.5000000000
8336  19.014  -58.625  -28.622 0.6000000238
7775  18.143  -59.489  -28.416 0.5000000000
7243  16.769  -59.253  -28.736 0.5000000000
8379  19.681  -58.387  -30.157 0.6000000238
117384  18.988  -58.253  -29.295 0.6000000238
8355  18.343  -58.215  -28.883 0.6000000238
8357  16.781  -58.205  -28.783 0.6000000238
116634  15.923  -58.023  -28.972 0.6999999881
7822  15.333  -59.009  -29.335 0.6999999881
7823  14.549  -58.590  -29.612 0.6999999881
8382  13.483  -57.969  -30.163 0.6999999881
8381  18.307  -57.934  -29.626 0.6000000238
8356  17.531  -57.773  -29.237 0.6999999881
8900  15.452  -56.589  -30.041 0.6999999881
8886  15.731  -57.192  -29.384 0.6999999881
9509  14.878  -57.002  -29.516 0.6999999881
8901  13.449  -57.160  -30.021 0.6000000238
8899  16.233  -56.924  -30.143 0.6000000238
5395  29.601  -64.344  -34.538 0.5000000000
6332  29.073  -62.912  -35.479 0.5000000000
5872  29.375  -63.400  -34.577 0.5000000000
6314  29.216  -63.026  -33.741 0.6000000238
6851  28.207  -61.600  -37.270 0.6000000238
134020  28.559  -62.337  -36.425 0.6000000238
6325  29.106  -62.749  -34.605 0.6000000238
6315  28.790  -62.386  -33.324 0.6000000238
6794  28.287  -61.861  -32.880 0.6000000238
6835  28.205  -61.599  -36.065 0.5000000000
6822  28.316  -61.621  -34.874 0.6000000238
6795  27.629  -61.408  -32.409 0.6000000238
7315  27.114  -60.424  -35.086 0.6000000238
7304  27.062  -60.581  -34.018 0.5000000000
6811  27.720  -61.188  -33.404 0.6000000238
6780  26.864  -60.935  -31.866 0.6000000238
7316  26.388  -60.087  -34.662 0.5000000000
7289  27.050  -60.731  -32.955 0.6000000238
7853  24.289  -59.434  -32.181 0.5000000000
115887  24.871  -59.613  -33.029 0.5000000000
113641  25.968  -60.381  -31.859 0.6000000238
7290  26.382  -60.452  -32.601 0.6000000238
1060  28.154  -74.290  -34.081 0.6000000238
1332  30.058  -73.184  -33.917 0.6999999881
121966  29.510  -63.787  -33.810 0.5000000000
8354  19.713  -58.538  -28.901 0.6000000238
8885  16.595  -57.448  -29.353 0.6999999881
5859  29.093  -63.001  -32.912 0.6000000238
7852  25.181  -59.820  -31.992 0.6000000238
1653  24.237  -72.669  -31.465 0.3000000119
1652  25.147  -72.359  -31.527 0.3000000119
1321  26.178  -74.052  -31.509 0.3000000119
1035  27.481  -74.616  -31.719 0.4000000060
1307  30.487  -73.027  -30.617 0.4000000060
1318  29.059  -74.055  -31.299 0.3000000119
1317  30.408  -73.405  -31.059 0.5000000000
1648  30.930  -73.065  -31.387 0.6000000238
1034  28.341  -74.379  -31.642 0.5000000000
124906  29.822  -73.746  -33.173 0.5000000000
1050  28.542  -74.496  -33.037 0.5000000000
1662  31.037  -72.103  -32.846 0.6000000238
2859  32.250  -69.217  -34.497 0.6999999881
7225  20.961  -60.511  -27.793 0.6000000238
8916  12.939  -57.644  -30.721 0.6000000238
6333  28.740  -62.234  -35.240 0.6000000238
7331  27.391  -60.262  -36.051 0.5000000000
6326  28.806  -62.274  -34.230 0.6000000238
6810  28.345  -61.698  -33.831 0.6000000238
6836  27.711  -60.943  -35.602 0.5000000000
6823  27.721  -61.045  -34.457 0.6000000238
7305  26.255  -60.222  -33.573 0.5000000000
132259  25.510  -59.822  -33.575 0.5000000000
1506  28.945  -72.488  -15.404 0.4000000060
1490  28.622  -71.220  -15.512 0.4000000060
1507  28.384  -72.136  -16.193 0.5000000000
670  29.719  -75.415  -15.291 0.5000000000
514  29.393  -76.134  -15.015 0.5000000000
404  28.356  -77.214  -15.570 0.5000000000
906  29.582  -74.570  -15.915 0.5000000000
1168  29.956  -73.802  -14.463 0.5000000000
2249  28.800  -70.139  -15.822 0.4000000060
125327  29.331  -69.843  -15.826 0.4000000060
2264  28.425  -69.945  -16.836 0.5000000000
1612  21.043  -71.969  -25.831 0.3000000119
1602  21.495  -72.689  -25.256 0.3000000119
1621  20.867  -72.339  -27.502 0.3000000119
2028  21.420  -71.724  -28.158 0.3000000119
896  30.095  -74.285  -13.725 0.4000000060
666  29.581  -75.728  -14.391 0.5000000000
505  28.929  -76.437  -14.317 0.5000000000
116414  29.874  -72.820  -13.511 0.4000000060
113395  29.479  -72.654  -14.488 0.4000000060
1864  29.561  -70.727  -14.157 0.3000000119
1850  29.887  -71.129  -13.467 0.3000000119
2276  28.647  -69.862  -17.980 0.4000000060
2246  30.570  -70.574  -14.508 0.3000000119
2262  29.667  -69.943  -16.376 0.4000000060
118669  28.665  -69.734  -17.244 0.5000000000
1876  31.048  -70.990  -15.188 0.3000000119
1993  21.620  -71.712  -25.152 0.3000000119
1273  22.212  -73.579  -25.301 0.3000000119
2021  21.110  -71.502  -26.952 0.3000000119
2392  21.684  -70.906  -27.858 0.3000000119
2038  21.792  -71.998  -29.102 0.3000000119
1155  30.060  -73.361  -12.549 0.3000000119
881  29.996  -74.525  -12.915 0.4000000060
1863  31.442  -71.385  -14.231 0.3000000119
1909  29.844  -71.182  -18.044 0.4000000060
1910  29.170  -70.478  -18.493 0.4000000060
1893  30.572  -70.627  -16.030 0.4000000060
1474  32.350  -72.195  -14.586 0.3000000119
1977  22.651  -70.608  -24.727 0.4000000060
1992  22.251  -71.524  -24.832 0.4000000060
2009  23.573  -71.792  -25.569 0.4000000060
1610  23.977  -71.981  -26.523 0.4000000060
1619  24.864  -72.210  -28.050 0.4000000060
1627  25.343  -72.783  -28.483 0.5000000000
2372  21.654  -70.098  -26.439 0.3000000119
2010  21.287  -70.943  -25.838 0.3000000119
2382  21.444  -70.678  -26.939 0.3000000119
2027  22.069  -71.177  -28.800 0.3000000119
2425  23.726  -70.654  -30.525 0.3000000119
1150  30.125  -73.249  -11.584 0.3000000119
1188  31.837  -73.093  -17.016 0.3000000119
1513  30.513  -72.047  -17.664 0.3000000119
1531  29.127  -72.167  -19.690 0.4000000060
1222  28.482  -72.464  -20.954 0.4000000060
1473  33.162  -72.370  -14.510 0.3000000119
1504  32.029  -72.620  -16.187 0.3000000119
1488  32.663  -72.543  -15.361 0.3000000119
1892  31.295  -71.616  -15.878 0.3000000119
987  28.359  -74.142  -26.228 0.5000000000
979  28.534  -74.204  -25.317 0.5000000000
115632  24.852  -68.778  -24.307 0.3000000119
2756  24.222  -69.494  -24.593 0.3000000119
2757  23.422  -69.359  -24.572 0.3000000119
2355  24.051  -70.338  -24.952 0.3000000119
1990  23.826  -71.061  -25.289 0.4000000060
2017  27.286  -71.673  -27.974 0.5000000000
113655  27.878  -73.505  -27.879 0.5000000000
2337  23.360  -70.040  -24.627 0.3000000119
2008  24.293  -71.391  -26.277 0.4000000060
2020  24.567  -71.742  -27.229 0.4000000060
1618  25.771  -72.151  -28.394 0.5000000000
118438  26.726  -72.329  -28.401 0.5000000000
2381  21.948  -70.154  -27.539 0.3000000119
2391  22.306  -70.360  -28.509 0.3000000119
2408  23.334  -70.223  -29.870 0.3000000119
1193  31.243  -73.076  -17.554 0.3000000119
1214  29.672  -73.352  -19.529 0.4000000060
1846  34.248  -71.544  -13.479 0.3000000119
1487  33.516  -72.482  -15.443 0.3000000119
1503  33.033  -72.943  -16.239 0.3000000119
1233  28.893  -73.896  -21.006 0.4000000060
1472  34.088  -72.055  -14.486 0.3000000119
1246  28.337  -73.502  -22.733 0.4000000060
971  28.778  -74.389  -24.252 0.5000000000
727  29.560  -75.085  -23.592 0.4000000060
3245  26.488  -68.414  -23.878 0.3000000119
986  29.381  -74.515  -26.003 0.5000000000
740  29.184  -74.581  -25.588 0.5000000000
118352  25.220  -69.356  -24.830 0.3000000119
1287  29.308  -73.469  -27.282 0.4000000060
996  29.611  -74.311  -26.374 0.5000000000
3247  23.817  -68.600  -24.420 0.3000000119
2775  25.082  -69.953  -25.503 0.4000000060
2370  25.514  -70.481  -26.482 0.4000000060
1616  28.597  -72.876  -27.757 0.5000000000
1288  28.671  -73.622  -27.448 0.5000000000
2777  22.475  -69.177  -25.120 0.3000000119
2371  24.638  -70.692  -25.950 0.4000000060
2007  25.052  -71.091  -26.903 0.5000000000
2018  26.307  -71.492  -28.012 0.5000000000
2789  22.174  -69.436  -27.093 0.3000000119
2788  22.789  -68.807  -27.645 0.4000000060
2797  23.352  -68.939  -28.714 0.3000000119
2821  22.936  -69.815  -29.102 0.4000000060
2820  23.703  -69.452  -29.608 0.4000000060
2883  25.904  -69.470  -37.701 0.5000000000
2424  24.493  -70.449  -30.763 0.3000000119
2671  35.649  -69.968  -14.782 0.3000000119
1875  34.806  -71.598  -15.007 0.3000000119
927  30.329  -74.267  -19.515 0.3000000119
1860  35.128  -70.981  -14.561 0.3000000119
701  30.229  -74.991  -20.533 0.3000000119
722  29.470  -75.186  -22.343 0.5000000000
132080  30.614  -74.932  -24.431 0.4000000060
125761  29.983  -75.391  -22.809 0.3000000119
3244  27.471  -68.566  -23.837 0.3000000119
738  30.216  -74.799  -25.179 0.5000000000
2755  25.958  -68.968  -24.601 0.3000000119
1608  30.048  -73.318  -26.977 0.4000000060
995  30.344  -74.182  -26.168 0.4000000060
2783  25.944  -69.995  -26.115 0.4000000060
2368  27.325  -70.442  -26.727 0.4000000060
2006  27.803  -71.121  -27.336 0.4000000060
1609  29.357  -72.489  -27.254 0.4000000060
3258  22.786  -68.549  -25.208 0.3000000119
3265  22.938  -67.965  -25.723 0.3000000119
2379  26.829  -70.907  -27.450 0.4000000060
3292  23.426  -68.293  -27.997 0.3000000119
3291  24.225  -68.196  -28.697 0.4000000060
2796  24.123  -68.816  -29.370 0.4000000060
3383  26.430  -69.132  -36.849 0.5000000000
2834  24.779  -69.880  -30.481 0.4000000060
2818  25.427  -68.995  -29.949 0.5000000000
2462  26.191  -70.459  -37.012 0.5000000000
2245  35.577  -70.440  -15.093 0.3000000119
6295  23.459  -62.743  -31.439 0.5000000000
977  31.434  -74.605  -24.324 0.3000000119
133868  30.921  -75.011  -23.692 0.3000000119
6294  24.220  -63.112  -32.045 0.5000000000
6307  22.861  -62.532  -32.300 0.6000000238
3230  27.966  -67.969  -23.194 0.3000000119
2753  27.918  -69.145  -24.546 0.3000000119
3231  26.983  -67.780  -23.269 0.3000000119
2754  26.994  -69.005  -24.585 0.3000000119
2772  28.325  -69.671  -25.227 0.3000000119
1280  30.453  -73.752  -26.531 0.4000000060
978  30.918  -74.511  -25.130 0.4000000060
4840  26.488  -65.654  -31.995 0.5000000000
114932  20.753  -61.840  -33.303 0.5000000000
2353  27.819  -70.017  -25.985 0.3000000119
2367  28.280  -70.654  -26.592 0.3000000119
2004  29.680  -71.635  -26.577 0.3000000119
2003  30.526  -72.072  -26.301 0.3000000119
121480  26.652  -66.729  -33.051 0.5000000000
3758  23.457  -67.380  -25.438 0.3000000119
3783  23.722  -67.436  -26.933 0.3000000119
3871  26.733  -67.934  -33.979 0.5000000000
3275  23.898  -67.717  -27.726 0.3000000119
3378  26.750  -69.035  -35.397 0.5000000000
3798  24.801  -67.557  -28.150 0.4000000060
3290  25.292  -67.986  -28.941 0.4000000060
3309  25.843  -68.523  -29.544 0.5000000000
2872  26.915  -69.990  -35.694 0.5000000000
3308  26.823  -68.583  -29.535 0.4000000060
2817  26.344  -69.197  -30.156 0.3000000119
2423  25.297  -70.273  -30.846 0.4000000060
2455  26.717  -71.057  -36.364 0.6000000238
2813  30.546  -69.325  -29.135 0.3000000119
2814  29.395  -69.514  -29.578 0.4000000060
2420  27.934  -70.241  -30.546 0.4000000060
2422  26.273  -70.126  -30.758 0.3000000119
2075  26.738  -71.525  -36.437 0.6000000238
2456  26.224  -71.064  -36.776 0.5000000000
2812  31.536  -69.580  -29.096 0.3000000119
2404  30.408  -70.225  -29.567 0.5000000000
2405  29.557  -70.541  -30.066 0.4000000060
2042  28.811  -71.604  -30.667 0.4000000060
1684  26.594  -72.041  -36.555 0.6000000238
2811  32.460  -69.894  -29.135 0.3000000119
2403  31.356  -71.020  -29.562 0.5000000000
129931  30.484  -71.025  -29.829 0.4000000060
127709  29.598  -72.056  -30.449 0.4000000060
117911  32.286  -71.337  -29.525 0.4000000060
2034  31.053  -71.949  -29.898 0.5000000000
2041  30.411  -72.400  -30.295 0.4000000060
131493  31.644  -72.256  -30.105 0.5000000000
6296  22.518  -62.384  -31.338 0.6000000238
6308  21.992  -62.279  -32.258 0.6000000238
3729  29.501  -67.364  -23.110 0.3000000119
3243  28.432  -68.724  -23.813 0.3000000119
2751  29.700  -69.528  -24.435 0.3000000119
2752  28.835  -69.332  -24.461 0.3000000119
6287  21.583  -62.138  -31.270 0.6000000238
6796  20.973  -62.065  -32.256 0.6000000238
3731  27.447  -67.022  -22.741 0.3000000119
2771  29.202  -69.910  -25.079 0.3000000119
2350  30.452  -70.762  -25.388 0.3000000119
6797  20.240  -61.816  -32.650 0.6000000238
118703  26.735  -65.548  -23.278 0.3000000119
2352  28.723  -70.283  -25.804 0.3000000119
118337  29.651  -71.044  -26.119 0.3000000119
6798  19.518  -61.657  -32.517 0.6000000238
3767  23.979  -66.905  -26.280 0.3000000119
6783  18.243  -61.273  -31.518 0.6000000238
6799  18.627  -61.434  -32.432 0.6000000238
6816  18.134  -61.228  -33.347 0.6000000238
7306  17.289  -60.845  -33.328 0.5000000000
3307  27.789  -68.665  -29.404 0.4000000060
2815  28.299  -69.275  -29.789 0.4000000060
2402  33.012  -70.990  -29.397 0.4000000060
2033  31.969  -71.911  -29.775 0.5000000000
134578  30.707  -66.990  -23.556 0.3000000119
3728  30.378  -67.454  -23.505 0.3000000119
3228  29.916  -68.214  -23.557 0.3000000119
3241  30.384  -69.018  -24.101 0.3000000119
2336  30.000  -70.156  -24.922 0.3000000119
2349  31.321  -70.963  -25.350 0.3000000119
1987  32.031  -71.971  -25.828 0.3000000119
121475  29.021  -66.454  -22.731 0.3000000119
4230  26.994  -66.097  -22.754 0.3000000119
6767  20.431  -61.722  -30.496 0.5000000000
6781  20.714  -61.913  -31.217 0.6000000238
4215  28.527  -65.588  -22.739 0.3000000119
2002  31.431  -72.489  -26.131 0.3000000119
6782  20.110  -61.826  -31.872 0.6000000238
5267  27.928  -64.823  -23.382 0.3000000119
132310  19.261  -61.554  -31.452 0.6000000238
3795  27.748  -67.670  -28.325 0.3000000119
3796  26.784  -67.575  -28.378 0.3000000119
6800  17.650  -61.103  -32.364 0.6000000238
7293  16.240  -60.533  -32.237 0.6000000238
119662  20.040  -61.708  -31.059 0.6000000238
6768  19.687  -61.462  -30.087 0.5000000000
6769  18.656  -61.255  -30.536 0.6000000238
6784  17.525  -60.988  -31.479 0.6000000238
133099  16.905  -60.763  -32.599 0.6000000238
7277  15.489  -60.244  -31.857 0.6000000238
7292  16.908  -60.771  -31.788 0.6000000238
7856  15.026  -59.863  -32.501 0.5000000000
121789  20.509  -61.613  -29.734 0.5000000000
6758  19.556  -61.086  -28.935 0.5000000000
6770  17.799  -61.005  -30.736 0.5000000000
7276  16.085  -60.516  -31.126 0.6000000238
7858  13.393  -58.727  -32.264 0.5000000000
8917  12.240  -57.209  -31.451 0.6000000238
8402  12.685  -57.992  -31.772 0.6000000238
8413  12.454  -58.142  -32.835 0.5000000000
8932  11.834  -57.511  -32.448 0.6000000238
8414  11.353  -57.926  -33.337 0.6000000238
7241  18.364  -60.592  -28.925 0.5000000000
7260  15.554  -60.058  -30.150 0.5000000000
7838  14.647  -59.518  -30.366 0.5000000000
133765  15.249  -60.151  -30.975 0.6000000238
7839  13.961  -59.228  -31.262 0.5000000000
8400  13.893  -58.668  -30.180 0.6000000238
116182  14.767  -56.390  -29.952 0.6000000238
8933  10.827  -57.381  -32.731 0.5000000000
8276  12.452  -59.058  -24.236 0.5000000000
7240  19.123  -60.588  -28.566 0.5000000000
7259  16.445  -60.409  -30.117 0.5000000000
8823  11.769  -57.596  -23.192 0.5000000000
8816  11.402  -57.313  -22.388 0.6000000238
8268  12.117  -58.207  -23.795 0.6000000238
116210  12.832  -58.613  -23.772 0.6000000238
8277  11.655  -58.652  -24.355 0.5000000000
7704  12.832  -60.071  -24.566 0.5000000000
7180  13.008  -61.589  -25.599 0.5000000000
123770  9.511  -57.466  -31.445 0.5000000000
8934  10.126  -57.490  -32.620 0.5000000000
9362  15.194  -56.252  -19.109 0.6000000238
127600  14.634  -55.656  -18.732 0.6999999881
9377  14.716  -57.110  -19.703 0.6000000238
9378  13.838  -57.244  -19.637 0.6999999881
9379  12.908  -57.376  -19.673 0.6000000238
8790  12.283  -57.521  -20.789 0.6000000238
8788  14.180  -57.522  -20.572 0.6000000238
8789  13.272  -57.497  -20.611 0.6000000238
8787  15.099  -57.567  -20.553 0.6000000238
8801  14.630  -57.858  -21.378 0.6000000238
127361  12.821  -57.546  -21.431 0.6000000238
8805  10.807  -57.381  -21.582 0.6000000238
127819  15.446  -57.990  -21.233 0.6000000238
8802  13.622  -57.731  -21.578 0.6000000238
8815  12.149  -57.536  -22.553 0.5000000000
8804  11.600  -57.421  -21.497 0.6000000238
8813  14.327  -58.146  -22.224 0.6000000238
8814  13.502  -58.072  -22.570 0.6000000238
8266  14.576  -59.159  -23.375 0.6000000238
8257  14.160  -58.475  -22.898 0.6000000238
8275  13.378  -59.512  -24.158 0.6000000238
127870  13.582  -60.419  -24.611 0.5000000000
6711  12.590  -62.038  -26.141 0.5000000000
125409  13.221  -61.746  -26.399 0.5000000000
7212  12.187  -61.546  -27.452 0.5000000000
7751  11.486  -60.370  -27.891 0.5000000000
9364  13.509  -56.753  -18.819 0.6000000238
9365  12.559  -56.926  -18.858 0.6999999881
8812  15.345  -58.409  -22.058 0.5000000000
7702  14.915  -60.597  -24.588 0.6000000238
7178  14.383  -61.101  -25.733 0.6000000238
7179  13.751  -61.415  -25.680 0.5000000000
7196  14.374  -61.045  -26.145 0.6000000238
7210  13.407  -60.419  -27.054 0.5000000000
7735  12.889  -59.198  -27.171 0.6000000238
7750  12.423  -60.232  -27.476 0.6000000238
13387  17.880  -50.209  -20.211 0.4000000060
10604  13.451  -53.992  -20.018 0.6999999881
10606  12.304  -53.780  -20.188 0.5000000000
117791  12.873  -54.032  -19.212 0.5000000000
12706  18.008  -51.451  -19.380 0.6000000238
12707  17.258  -52.030  -19.420 0.5000000000
10588  13.417  -54.727  -18.413 0.6000000238
9961  12.748  -55.345  -17.894 0.5000000000
12704  19.711  -51.398  -19.330 0.5000000000
10603  14.094  -54.045  -19.778 0.6000000238
10587  13.802  -54.428  -19.044 0.8000000119
10586  14.470  -54.727  -18.814 0.6999999881
9959  13.974  -55.561  -18.499 0.8000000119
9350  12.209  -56.281  -18.274 0.6999999881
7177  14.991  -60.728  -25.759 0.6000000238
7734  14.122  -60.443  -26.600 0.6000000238
11252  11.582  -53.569  -20.393 0.5000000000
13388  16.917  -50.577  -20.491 0.5000000000
11265  13.096  -53.495  -21.317 0.6999999881
121820  12.311  -53.712  -19.375 0.5000000000
13372  20.199  -50.648  -20.290 0.4000000060
13386  18.921  -49.910  -20.089 0.4000000060
12703  20.241  -51.392  -19.703 0.4000000060
11235  20.398  -53.155  -19.518 0.5000000000
10602  20.219  -55.188  -19.620 0.4000000060
11267  11.672  -53.728  -21.215 0.5000000000
11242  11.605  -53.290  -19.555 0.5000000000
14085  18.159  -49.008  -21.415 0.3000000119
14086  16.985  -49.236  -21.598 0.3000000119
11266  12.353  -53.685  -21.383 0.6000000238
11964  20.461  -52.529  -20.495 0.4000000060
11248  20.398  -53.451  -20.645 0.4000000060
9982  19.912  -56.077  -20.508 0.4000000060
11282  11.703  -53.685  -22.118 0.6000000238
11281  12.633  -53.211  -22.121 0.6000000238
10612  20.185  -54.267  -20.969 0.4000000060
11283  10.797  -53.730  -22.133 0.5000000000
11268  10.875  -53.594  -21.189 0.5000000000
14115  18.271  -49.495  -23.716 0.3000000119
14797  17.399  -48.712  -22.212 0.3000000119
14102  16.464  -48.961  -22.376 0.3000000119
14103  15.606  -49.413  -22.708 0.4000000060
122793  20.381  -54.279  -21.885 0.3000000119
9997  19.766  -55.475  -21.606 0.4000000060
123884  19.827  -55.313  -22.288 0.4000000060
114483  16.226  -48.562  -24.300 0.4000000060
12023  10.702  -53.174  -23.906 0.6000000238
11269  10.270  -53.518  -21.700 0.4000000060
14116  15.406  -49.054  -24.375 0.4000000060
14140  20.047  -50.086  -26.135 0.3000000119
14142  18.647  -49.648  -25.937 0.3000000119
11299  9.444  -53.324  -23.158 0.5000000000
14117  14.704  -49.659  -24.190 0.4000000060
13447  13.890  -50.002  -24.865 0.4000000060
14144  12.405  -49.569  -26.103 0.5000000000
14129  14.559  -49.316  -25.607 0.4000000060
14143  13.429  -49.526  -25.993 0.4000000060
17112  17.550  -45.254  -25.763 0.3000000119
17098  16.664  -44.975  -25.673 0.3000000119
16348  15.722  -46.275  -26.448 0.3000000119
16349  14.784  -46.296  -26.105 0.3000000119
17100  14.957  -45.065  -25.308 0.3000000119
17052  8.402  -45.449  -20.474 0.4000000060
127540  17.249  -44.381  -25.311 0.3000000119
1599  31.869  -73.186  -26.010 0.3000000119
3289  26.296  -68.006  -28.993 0.4000000060
15599  14.435  -48.144  -26.937 0.3000000119
8311  14.196  -58.784  -26.547 0.6000000238
17875  8.149  -44.822  -19.222 0.4000000060
11236  19.893  -53.227  -18.724 0.5000000000
117585  14.909  -47.522  -26.849 0.3000000119
2421  27.216  -70.546  -30.889 0.3000000119
2419  28.698  -70.723  -30.478 0.4000000060
7275  17.003  -60.753  -30.892 0.5000000000
1475  29.550  -71.634  -13.739 0.4000000060
1180  29.566  -73.643  -15.324 0.5000000000
515  28.944  -76.659  -15.251 0.5000000000
2269  28.130  -69.772  -17.656 0.5000000000
113561  21.989  -72.264  -24.872 0.4000000060
1463  30.010  -71.911  -12.897 0.4000000060
1902  29.400  -70.243  -17.800 0.4000000060
2293  27.767  -70.252  -20.091 0.4000000060
121719  21.876  -70.825  -25.040 0.4000000060
1272  22.694  -73.120  -25.466 0.4000000060
1292  23.330  -73.286  -26.496 0.4000000060
120838  29.481  -74.737  -11.913 0.3000000119
1862  32.504  -72.066  -13.719 0.3000000119
1505  31.088  -71.937  -16.770 0.3000000119
117658  29.610  -71.494  -18.632 0.4000000060
1923  28.527  -70.950  -19.904 0.4000000060
2357  22.151  -69.976  -24.974 0.3000000119
2784  21.992  -69.402  -25.855 0.4000000060
1521  29.657  -72.386  -19.007 0.4000000060
1234  28.249  -72.783  -21.878 0.4000000060
118202  27.676  -72.617  -28.163 0.5000000000
2798  22.537  -69.544  -28.161 0.4000000060
1502  33.826  -72.553  -16.436 0.3000000119
928  29.654  -74.303  -20.166 0.4000000060
952  28.670  -74.000  -21.840 0.4000000060
118410  28.850  -74.566  -23.137 0.5000000000
739  29.700  -74.784  -25.337 0.5000000000
126013  26.634  -69.397  -25.214 0.3000000119
3748  23.823  -67.596  -24.552 0.3000000119
3266  22.497  -68.598  -25.872 0.3000000119
3276  23.048  -68.059  -26.907 0.3000000119
131404  26.502  -70.214  -36.701 0.6000000238
721  30.152  -75.392  -22.021 0.3000000119
711  29.804  -75.226  -21.395 0.4000000060
123917  30.099  -72.547  -26.778 0.3000000119
3368  27.015  -68.829  -34.277 0.5000000000
3310  24.907  -68.586  -29.461 0.4000000060
970  31.489  -74.727  -23.278 0.3000000119
1269  31.770  -73.558  -25.671 0.3000000119
2816  27.392  -69.161  -29.974 0.4000000060
2832  27.177  -69.783  -30.466 0.4000000060
3304  31.934  -68.959  -28.882 0.3000000119
2750  31.061  -69.604  -24.542 0.3000000119
3306  28.722  -68.767  -29.212 0.3000000119
2334  31.601  -70.255  -24.998 0.3000000119
1986  33.219  -71.942  -25.679 0.3000000119
5284  27.971  -64.613  -23.963 0.3000000119
116407  14.751  -59.815  -31.561 0.5000000000
8401  13.328  -58.452  -30.999 0.6000000238
9363  14.342  -56.521  -18.944 0.6999999881
9960  13.137  -55.997  -18.288 0.6999999881
10614  12.929  -53.823  -20.694 0.6000000238
14796  18.096  -48.751  -22.275 0.3000000119
14821  17.819  -49.028  -24.304 0.3000000119
124994  27.764  -69.222  -33.933 0.5000000000
3344  31.767  -68.784  -32.478 0.6000000238
7821  16.126  -59.708  -29.348 0.4000000060
7803  16.133  -58.848  -28.880 0.5000000000
122137  11.330  -56.859  -32.029 0.5000000000
127453  14.066  -56.618  -29.854 0.5000000000
9517  13.246  -56.321  -30.250 0.5000000000
8902  12.727  -56.783  -30.578 0.5000000000
8918  10.449  -56.855  -32.084 0.5000000000
9530  11.854  -56.418  -31.229 0.5000000000
9528  15.082  -56.100  -30.882 0.5000000000
9532  10.108  -56.158  -31.509 0.4000000060
10128  13.633  -55.751  -30.411 0.5000000000
9518  12.434  -55.941  -30.694 0.5000000000
10145  10.535  -55.578  -31.265 0.5000000000
9533  9.613  -56.597  -31.234 0.5000000000
117249  12.585  -54.539  -30.721 0.6000000238
9519  11.397  -55.596  -31.129 0.5000000000
10132  10.035  -55.278  -31.077 0.5000000000
8324  11.445  -59.242  -27.682 0.5000000000
10733  11.708  -53.846  -30.648 0.6000000238
8876  9.686  -57.281  -28.798 0.5000000000
8325  10.652  -58.361  -27.931 0.5000000000
10131  10.770  -54.709  -30.920 0.6000000238
10118  9.439  -55.475  -29.788 0.6000000238
8887  9.369  -57.241  -29.651 0.5000000000
10732  12.946  -53.674  -30.642 0.6000000238
10734  10.568  -53.743  -30.427 0.6000000238
114828  9.590  -54.691  -30.072 0.6000000238
8875  10.190  -57.349  -28.176 0.6000000238
11364  10.390  -53.376  -29.181 0.6000000238
8866  10.848  -57.374  -27.680 0.5000000000
130621  12.091  -58.963  -27.395 0.5000000000
10117  9.629  -54.840  -29.106 0.6000000238
9499  9.785  -56.487  -28.514 0.6000000238
9381  10.950  -57.200  -19.926 0.5000000000
9366  11.571  -56.891  -19.055 0.5000000000
9380  11.921  -57.354  -19.787 0.5000000000
8312  13.258  -58.203  -26.784 0.6000000238
10708  10.843  -54.070  -27.873 0.6000000238
8865  11.656  -57.241  -27.331 0.6000000238
10103  9.960  -55.595  -28.284 0.6000000238
9486  11.078  -56.500  -27.525 0.6000000238
10086  11.243  -55.663  -27.468 0.6000000238
14128  15.567  -48.745  -25.437 0.3000000119
115908  7.971  -46.003  -20.934 0.3000000119
1632  32.176  -72.099  -30.117 0.4000000060
2431  32.153  -71.466  -31.595 0.5000000000
1671  26.957  -72.615  -36.285 0.5000000000
1683  27.238  -71.946  -36.363 0.5000000000
124905  32.069  -70.410  -31.812 0.4000000060
2074  27.411  -71.555  -36.003 0.4000000060
132075  31.814  -68.237  -33.067 0.4000000060
3377  27.372  -69.674  -34.650 0.4000000060
2871  27.642  -70.475  -35.031 0.4000000060
2878  27.132  -70.805  -35.866 0.4000000060
2454  27.435  -71.321  -35.852 0.4000000060
4874  32.736  -65.894  -34.785 0.4000000060
4356  32.485  -66.636  -35.350 0.4000000060
3884  32.411  -67.633  -35.953 0.4000000060
3356  27.369  -68.499  -33.493 0.4000000060
4348  32.437  -66.699  -34.150 0.4000000060
3869  32.383  -67.541  -34.708 0.4000000060
3897  32.064  -67.198  -37.264 0.4000000060
3902  31.412  -67.351  -37.942 0.5000000000
11363  10.901  -53.383  -28.437 0.5000000000
12106  12.681  -52.579  -29.154 0.5000000000
11352  11.744  -53.765  -27.632 0.5000000000
11351  12.610  -53.376  -27.729 0.5000000000
114692  13.639  -53.247  -27.591 0.5000000000
10680  12.346  -54.733  -27.157 0.5000000000
11332  14.023  -53.703  -26.854 0.5000000000
10589  12.904  -54.252  -18.285 0.4000000060
10694  12.766  -54.031  -27.190 0.5000000000
9476  11.836  -56.382  -27.242 0.5000000000
122525  31.728  -68.979  -33.381 0.5000000000
3858  32.162  -67.530  -33.498 0.4000000060
4366  32.444  -66.671  -36.480 0.4000000060
518  28.910  -76.707  -16.088 0.4000000060
411  28.370  -77.212  -16.452 0.4000000060
215  24.369  -79.272  -21.602 0.4000000060
673  29.406  -75.455  -16.257 0.4000000060
122405  28.787  -76.178  -17.372 0.4000000060
324  24.985  -78.590  -21.287 0.4000000060
525  28.060  -77.291  -17.930 0.4000000060
559  24.513  -77.199  -21.983 0.4000000060
134846  25.413  -78.252  -20.916 0.4000000060
319  25.572  -78.635  -20.454 0.4000000060
121335  29.021  -74.684  -16.856 0.5000000000
674  29.084  -75.577  -16.950 0.5000000000
917  28.197  -74.904  -17.952 0.4000000060
685  28.269  -75.780  -18.206 0.4000000060
430  25.800  -77.907  -20.643 0.4000000060
1189  28.935  -73.491  -16.288 0.5000000000
1196  27.683  -72.656  -17.492 0.5000000000
116925  28.411  -73.733  -17.179 0.5000000000
533  27.925  -76.707  -18.686 0.4000000060
118368  27.183  -73.935  -18.512 0.4000000060
918  27.578  -74.839  -18.542 0.4000000060
702  25.290  -75.115  -20.763 0.4000000060
547  25.179  -76.053  -20.802 0.4000000060
546  25.885  -76.484  -20.375 0.4000000060
429  26.344  -77.316  -20.184 0.4000000060
136126  26.984  -77.086  -19.718 0.4000000060
554  24.829  -76.720  -21.395 0.4000000060
126714  25.471  -77.030  -20.743 0.4000000060
1205  26.624  -73.336  -18.926 0.5000000000
919  26.797  -74.322  -19.016 0.4000000060
929  27.024  -75.092  -19.124 0.4000000060
538  27.280  -76.500  -19.385 0.4000000060
1223  25.696  -73.048  -20.307 0.5000000000
940  25.632  -74.307  -20.281 0.4000000060
930  26.339  -74.800  -19.571 0.4000000060
694  26.808  -75.692  -19.529 0.4000000060
1248  25.792  -73.568  -22.760 0.3000000119
972  26.106  -74.529  -24.007 0.3000000119
1256  26.197  -73.440  -23.840 0.4000000060
1235  25.804  -72.631  -22.152 0.3000000119
1569  26.465  -71.967  -22.665 0.4000000060
117999  26.362  -75.714  -26.522 0.3000000119
989  26.526  -74.307  -25.597 0.4000000060
980  26.423  -73.773  -24.787 0.4000000060
1579  26.679  -72.688  -23.923 0.4000000060
1264  26.724  -73.081  -24.591 0.4000000060
1589  26.988  -72.753  -24.349 0.4000000060
1567  27.756  -72.418  -22.728 0.3000000119
131838  25.306  -74.332  -21.070 0.3000000119
1948  27.201  -71.013  -21.535 0.3000000119
1939  26.598  -70.866  -21.217 0.4000000060
744  26.659  -74.706  -26.632 0.4000000060
1568  27.041  -71.969  -23.019 0.3000000119
1263  27.154  -73.106  -24.857 0.4000000060
1270  27.530  -73.622  -25.593 0.4000000060
1255  27.469  -72.887  -24.249 0.4000000060
1224  25.737  -72.208  -21.209 0.4000000060
1543  26.060  -71.285  -21.124 0.4000000060
131432  26.454  -75.312  -27.186 0.4000000060
1553  27.889  -71.731  -21.532 0.3000000119
1290  26.546  -74.576  -27.987 0.4000000060
1009  26.649  -74.649  -27.484 0.4000000060
1289  27.076  -73.850  -28.032 0.4000000060
998  27.831  -73.983  -26.962 0.4000000060
988  27.065  -73.872  -26.376 0.4000000060
117272  26.138  -72.655  -19.594 0.4000000060
1532  26.225  -71.623  -19.723 0.4000000060
1938  27.208  -70.420  -20.784 0.3000000119
115181  26.370  -70.820  -20.416 0.4000000060
1937  27.991  -71.118  -20.796 0.3000000119
1296  26.412  -73.860  -28.373 0.4000000060
1297  25.418  -73.716  -28.589 0.4000000060
1626  26.140  -72.988  -28.579 0.4000000060
1007  28.331  -73.860  -27.219 0.4000000060
1515  27.478  -71.291  -17.518 0.4000000060
2285  27.500  -70.033  -19.573 0.3000000119
1894  28.231  -70.797  -16.379 0.4000000060
1204  27.135  -72.984  -18.271 0.4000000060
1904  27.462  -70.323  -18.132 0.4000000060
1523  26.581  -71.997  -18.905 0.4000000060
1912  27.156  -70.081  -19.080 0.4000000060
3909  30.617  -66.811  -38.516 0.4000000060
999  27.009  -74.199  -27.163 0.4000000060
418  28.475  -76.971  -17.310 0.4000000060
419  27.926  -77.638  -17.060 0.4000000060
425  27.385  -77.259  -19.206 0.4000000060
433  25.074  -77.662  -21.267 0.4000000060
517  29.333  -76.126  -15.763 0.5000000000
524  28.386  -76.609  -17.953 0.4000000060
539  26.573  -76.445  -19.908 0.4000000060
677  28.696  -75.296  -17.507 0.4000000060
686  27.571  -75.771  -18.976 0.4000000060
695  25.896  -75.554  -20.128 0.4000000060
710  30.510  -75.212  -21.233 0.3000000119
720  30.662  -75.182  -22.739 0.3000000119
726  30.242  -75.228  -23.599 0.4000000060
732  29.912  -75.072  -24.491 0.4000000060
733  29.369  -74.794  -24.786 0.5000000000
741  26.387  -75.239  -25.897 0.3000000119
748  26.311  -75.376  -27.747 0.4000000060
786  26.096  -75.092  -32.778 0.4000000060
872  29.618  -75.007  -12.567 0.3000000119
882  29.786  -75.255  -13.515 0.5000000000
903  29.946  -74.547  -15.023 0.5000000000
909  28.459  -74.539  -17.504 0.4000000060
910  27.820  -73.983  -17.916 0.5000000000
939  29.478  -74.817  -20.867 0.4000000060
941  25.457  -73.395  -21.120 0.3000000119
951  29.106  -74.802  -21.547 0.4000000060
953  25.484  -73.888  -21.843 0.3000000119
961  31.886  -74.356  -22.655 0.3000000119
963  28.841  -74.576  -22.260 0.5000000000
973  25.824  -74.454  -23.128 0.3000000119
984  31.044  -74.068  -25.694 0.4000000060
985  29.938  -74.609  -25.810 0.5000000000
997  28.866  -74.188  -26.645 0.5000000000
1008  27.264  -73.958  -27.546 0.4000000060
1036  26.577  -74.670  -31.691 0.4000000060
1052  26.664  -74.840  -33.502 0.4000000060
1194  30.687  -73.051  -18.107 0.3000000119
1195  28.254  -72.811  -16.814 0.5000000000
1215  26.148  -73.780  -19.565 0.5000000000
1221  29.088  -73.080  -20.267 0.4000000060
1247  26.243  -72.655  -23.178 0.4000000060
1254  28.234  -73.526  -23.813 0.5000000000
1262  27.932  -73.478  -24.783 0.4000000060
1271  26.863  -73.517  -25.332 0.4000000060
1274  21.743  -73.525  -25.272 0.3000000119
1279  31.065  -73.685  -26.071 0.4000000060
1281  29.876  -73.984  -26.829 0.4000000060
1282  29.150  -74.049  -27.006 0.5000000000
1329  29.732  -73.997  -32.187 0.5000000000
1462  33.507  -72.026  -13.540 0.3000000119
1486  34.324  -72.144  -15.648 0.3000000119
1489  31.798  -71.966  -15.222 0.3000000119
1514  27.874  -71.678  -16.894 0.4000000060
1520  30.108  -72.321  -18.364 0.4000000060
1522  27.078  -71.637  -18.091 0.4000000060
1542  28.653  -71.985  -20.312 0.4000000060
1554  27.404  -71.715  -22.233 0.3000000119
1555  26.174  -71.558  -21.819 0.4000000060
1577  27.668  -72.679  -23.462 0.3000000119
1578  27.053  -72.460  -23.793 0.4000000060
1598  32.535  -73.085  -25.596 0.3000000119
1600  22.667  -72.251  -25.019 0.4000000060
1601  22.085  -72.938  -24.989 0.3000000119
1607  30.840  -73.112  -26.464 0.3000000119
1611  23.421  -72.530  -25.965 0.4000000060
1617  27.035  -73.228  -28.328 0.4000000060
1620  24.031  -72.541  -27.248 0.4000000060
1636  32.124  -72.179  -30.585 0.4000000060
1637  31.609  -72.392  -30.453 0.4000000060
1638  31.108  -72.578  -30.329 0.5000000000
1641  23.182  -72.048  -30.965 0.4000000060
1647  31.558  -72.617  -30.990 0.5000000000
1650  27.444  -73.191  -31.299 0.4000000060
1658  31.300  -72.475  -31.810 0.6000000238
1681  28.527  -71.715  -35.837 0.6000000238
1861  34.657  -71.413  -14.184 0.3000000119
1874  35.399  -71.094  -15.463 0.3000000119
1877  30.462  -70.370  -15.183 0.3000000119
1878  29.081  -70.639  -14.950 0.4000000060
1901  30.090  -70.678  -17.167 0.4000000060
1903  27.870  -70.456  -17.228 0.4000000060
1911  28.325  -70.173  -19.135 0.4000000060
1913  26.579  -70.785  -19.430 0.4000000060
1922  29.128  -71.145  -19.185 0.4000000060
1924  26.893  -70.118  -19.910 0.3000000119
1949  26.740  -71.433  -22.108 0.4000000060
1988  30.958  -71.568  -25.783 0.3000000119
1989  30.144  -71.232  -25.950 0.3000000119
1991  23.014  -71.357  -24.816 0.4000000060
2005  28.783  -71.487  -27.139 0.4000000060
2019  25.381  -71.530  -27.759 0.4000000060
2035  30.058  -71.525  -30.142 0.4000000060
2040  32.580  -71.897  -30.255 0.4000000060
2045  23.429  -71.385  -30.775 0.3000000119
2052  26.349  -71.487  -31.393 0.5000000000
2062  31.265  -71.221  -33.091 0.6999999881
2225  34.787  -70.851  -13.703 0.3000000119
2247  30.080  -70.196  -14.715 0.3000000119
2263  28.956  -69.705  -16.545 0.5000000000
2268  29.207  -69.818  -17.195 0.5000000000
2286  27.223  -70.108  -20.201 0.3000000119
2335  30.776  -70.260  -24.876 0.3000000119
2351  29.611  -70.599  -25.626 0.3000000119
2354  26.789  -69.862  -25.987 0.4000000060
2356  23.327  -70.693  -24.751 0.3000000119
2366  29.136  -70.899  -26.333 0.3000000119
2369  26.383  -70.388  -26.739 0.4000000060
2380  25.898  -70.898  -27.324 0.5000000000
2406  28.633  -69.935  -30.186 0.4000000060
2407  24.077  -69.941  -30.265 0.4000000060
2409  22.664  -70.643  -29.390 0.4000000060
2434  24.964  -70.945  -31.204 0.3000000119
2758  22.819  -69.703  -24.675 0.3000000119
2773  27.421  -69.500  -25.295 0.3000000119
2774  25.950  -69.545  -25.452 0.3000000119
2776  23.065  -68.942  -24.719 0.3000000119
2819  24.620  -69.277  -29.983 0.4000000060
2831  27.890  -69.646  -30.235 0.4000000060
2833  25.453  -69.591  -30.401 0.4000000060
2875  31.913  -69.539  -36.496 0.6999999881
2882  30.252  -69.139  -37.047 0.6999999881
3229  28.966  -68.121  -23.303 0.3000000119
3242  29.392  -68.880  -23.850 0.3000000119
3257  23.221  -68.148  -24.893 0.3000000119
3277  22.434  -68.815  -26.687 0.3000000119
3288  27.277  -68.093  -28.941 0.3000000119
3730  28.493  -67.243  -22.803 0.3000000119
3768  23.370  -67.484  -26.289 0.3000000119
3848  27.566  -67.583  -32.553 0.6999999881
3910  30.285  -67.061  -38.371 0.6000000238
4229  27.991  -66.274  -22.587 0.3000000119
4724  28.303  -64.971  -23.010 0.3000000119
4725  27.619  -65.378  -22.932 0.3000000119
4740  27.321  -65.040  -23.617 0.3000000119
4741  26.576  -65.322  -23.968 0.3000000119
4807  27.279  -65.388  -30.388 0.8000000119
4818  27.486  -65.856  -30.881 0.6999999881
5339  26.279  -64.404  -29.323 0.6999999881
5349  26.653  -65.023  -29.980 0.6999999881
5360  28.990  -64.599  -31.318 0.8000000119
5814  26.302  -63.376  -28.510 0.8000000119
5815  25.553  -63.252  -28.189 0.6999999881
5823  27.081  -64.367  -29.310 0.8000000119
6271  26.571  -62.828  -28.591 0.8000000119
6284  23.809  -62.983  -30.263 0.6000000238
6709  13.826  -61.482  -26.087 0.5000000000
6710  13.345  -61.778  -26.014 0.5000000000
6742  25.574  -61.975  -28.003 0.6999999881
6743  24.721  -61.774  -27.710 0.6999999881
6746  21.590  -61.236  -27.856 0.6000000238
6759  18.893  -61.054  -29.456 0.5000000000
6764  26.785  -61.484  -30.044 0.6999999881
7164  15.061  -60.774  -25.238 0.6999999881
7165  14.258  -60.938  -25.110 0.6000000238
7166  13.338  -60.954  -25.074 0.5000000000
7167  12.435  -60.739  -25.022 0.5000000000
7197  13.732  -61.239  -26.558 0.6000000238
7211  13.063  -61.426  -27.058 0.5000000000
7223  23.409  -60.604  -27.609 0.6000000238
7227  18.610  -60.069  -28.376 0.5000000000
7229  17.448  -59.752  -28.653 0.6000000238
7237  25.467  -60.717  -29.177 0.8000000119
7242  17.640  -60.451  -29.170 0.6000000238
7257  18.100  -60.879  -29.822 0.5000000000
7291  25.695  -60.039  -32.756 0.6000000238
7678  17.546  -59.814  -23.360 0.8000000119
7679  16.759  -59.776  -23.057 0.8000000119
7680  15.783  -59.254  -22.837 0.6999999881
7690  16.166  -60.094  -23.711 0.6999999881
7691  14.323  -59.783  -23.976 0.6000000238
7703  14.108  -60.339  -24.441 0.5000000000
7714  16.500  -60.182  -24.903 0.6999999881
7716  15.473  -60.250  -25.909 0.6999999881
7733  14.810  -60.410  -26.222 0.6000000238
7770  23.129  -59.787  -28.041 0.6000000238
7772  21.297  -59.656  -27.797 0.5000000000
7797  24.244  -59.860  -29.229 0.8000000119
7801  20.345  -58.925  -28.342 0.5000000000
8255  18.223  -59.448  -22.580 0.8000000119
8256  17.393  -59.457  -22.457 0.8000000119
8265  18.125  -59.253  -23.417 0.8000000119
8267  13.623  -58.692  -23.448 0.6000000238
8292  16.569  -58.246  -25.088 0.8000000119
8294  15.626  -59.345  -25.908 0.6999999881
8323  12.354  -58.032  -27.165 0.5000000000
8337  18.417  -58.785  -28.453 0.5000000000
8338  17.641  -58.656  -28.567 0.6000000238
8339  9.722  -58.118  -29.058 0.5000000000
8353  20.465  -58.579  -29.354 0.6999999881
8358  15.078  -57.895  -29.312 0.6999999881
8359  14.174  -57.677  -29.648 0.6999999881
8438  21.880  -57.802  -34.156 0.6000000238
8791  11.304  -57.449  -20.705 0.5000000000
8797  19.019  -58.272  -21.274 0.6999999881
8798  18.356  -58.628  -21.143 0.8000000119
8803  12.170  -57.434  -21.848 0.6000000238
8820  18.236  -58.349  -23.496 0.6999999881
8822  12.672  -57.979  -23.088 0.6000000238
8856  12.384  -57.069  -27.033 0.6000000238
8897  18.301  -58.001  -30.838 0.6999999881
8919  9.901  -57.003  -31.908 0.5000000000
9359  18.453  -56.496  -19.375 0.6999999881
9360  17.210  -56.345  -19.303 0.8000000119
9372  19.595  -56.812  -20.114 0.6000000238
9373  19.020  -57.205  -19.904 0.6999999881
9376  15.641  -57.087  -19.809 0.6000000238
9386  19.338  -57.448  -21.478 0.6999999881
9433  16.968  -56.336  -23.965 0.6000000238
9434  16.207  -56.091  -24.463 0.6000000238
9475  12.557  -56.289  -26.904 0.5000000000
9487  10.344  -56.528  -27.916 0.6000000238
9500  9.443  -56.401  -29.327 0.6000000238
9510  9.406  -56.234  -30.409 0.6000000238
9520  9.718  -55.833  -31.067 0.5000000000
9531  10.879  -56.203  -31.631 0.5000000000
9537  16.119  -56.617  -32.359 0.6000000238
9545  19.699  -56.753  -33.474 0.6000000238
9547  17.755  -56.350  -33.286 0.6000000238
9953  19.778  -55.702  -19.269 0.6000000238
9954  19.038  -55.662  -18.909 0.6999999881
9998  19.129  -56.397  -22.153 0.6000000238
10017  17.441  -55.657  -23.588 0.6000000238
10051  14.677  -55.213  -25.580 0.6999999881
10052  14.019  -55.013  -26.177 0.6000000238
10070  13.546  -55.595  -26.422 0.6000000238
10071  12.820  -55.522  -26.814 0.6000000238
10072  12.050  -55.563  -27.192 0.5000000000
10104  9.555  -55.745  -28.964 0.6000000238
10129  12.898  -55.448  -30.571 0.5000000000
10130  11.992  -55.004  -30.783 0.5000000000
10133  9.972  -54.504  -30.585 0.6000000238
10157  16.021  -56.031  -32.822 0.6000000238
10166  22.243  -55.579  -33.783 0.5000000000
10168  20.189  -56.167  -33.379 0.6000000238
10567  19.775  -54.195  -18.639 0.6000000238
10583  17.979  -55.059  -18.667 0.6999999881
10585  15.606  -54.658  -18.885 0.8000000119
10601  20.429  -54.206  -19.835 0.4000000060
10605  13.032  -54.041  -19.791 0.6000000238
10613  20.046  -55.046  -20.793 0.4000000060
10615  12.427  -53.776  -20.717 0.6000000238
10626  20.075  -54.841  -21.781 0.3000000119
10648  16.511  -54.619  -24.555 0.5000000000
10660  15.013  -54.441  -25.496 0.6000000238
10678  13.961  -54.338  -26.386 0.5000000000
10695  11.431  -54.764  -27.474 0.6000000238
10696  10.537  -54.951  -27.884 0.6000000238
10718  10.521  -53.261  -29.812 0.6000000238
10719  9.869  -53.876  -29.773 0.6000000238
10730  14.563  -54.032  -31.172 0.6999999881
10742  20.131  -54.094  -31.896 0.5000000000
10744  17.708  -54.184  -31.998 0.5000000000
10757  20.467  -54.792  -32.512 0.5000000000
10770  21.798  -55.185  -33.242 0.5000000000
11237  18.929  -53.667  -18.514 0.6999999881
11238  17.130  -53.610  -18.809 0.8000000119
11239  16.370  -53.669  -19.039 0.8000000119
11249  15.225  -53.285  -19.966 0.6999999881
11251  13.573  -53.680  -20.605 0.6999999881
11284  9.923  -53.562  -22.396 0.5000000000
11297  11.119  -53.585  -22.925 0.6000000238
11298  10.262  -53.603  -23.109 0.6000000238
11321  14.619  -54.014  -26.115 0.6000000238
11333  13.267  -53.636  -27.314 0.5000000000
11349  14.427  -53.196  -27.409 0.5000000000
11350  13.052  -52.929  -28.245 0.5000000000
11362  11.908  -52.951  -28.538 0.5000000000
11379  11.046  -52.969  -29.298 0.6000000238
11394  13.138  -52.920  -30.273 0.6000000238
11396  11.240  -53.066  -30.125 0.6000000238
11951  20.411  -52.144  -19.752 0.4000000060
11952  20.096  -52.250  -19.212 0.4000000060
11953  19.411  -52.193  -18.906 0.5000000000
11954  18.359  -52.129  -18.984 0.6000000238
11956  15.953  -53.092  -19.592 0.6999999881
11965  16.265  -52.329  -19.855 0.6999999881
11980  14.288  -52.535  -21.263 0.6999999881
11981  13.490  -52.827  -21.747 0.6999999881
11982  10.242  -53.100  -20.986 0.4000000060
11983  9.599  -52.923  -21.631 0.4000000060
12003  11.971  -53.198  -22.812 0.6000000238
12004  8.740  -52.636  -22.961 0.6000000238
12022  12.206  -52.484  -23.354 0.8000000119
12024  9.736  -53.302  -23.987 0.6999999881
12038  10.759  -52.518  -24.677 0.6999999881
12040  9.306  -52.812  -24.599 0.6999999881
12105  13.569  -52.510  -28.909 0.5000000000
12129  13.300  -52.545  -29.723 0.6000000238
12146  14.568  -52.708  -30.228 0.5000000000
12705  18.876  -51.387  -19.227 0.5000000000
12716  17.439  -51.061  -19.847 0.5000000000
12732  14.568  -51.668  -21.654 0.6999999881
12766  8.699  -52.208  -24.590 0.6000000238
12781  11.168  -51.903  -25.041 0.6999999881
12799  10.769  -51.298  -25.600 0.6999999881
12800  9.815  -51.203  -25.661 0.6999999881
13373  19.331  -50.613  -19.631 0.4000000060
13374  18.370  -50.728  -19.653 0.6000000238
13385  19.742  -50.080  -20.208 0.4000000060
13403  19.990  -49.982  -20.881 0.4000000060
13404  16.457  -50.127  -21.191 0.3000000119
13405  15.596  -50.546  -21.556 0.6000000238
13406  14.853  -50.900  -21.940 0.6000000238
13418  15.210  -50.163  -22.303 0.6000000238
13434  14.209  -50.267  -23.681 0.5000000000
13449  12.059  -50.863  -25.291 0.6000000238
13450  11.447  -51.249  -25.312 0.6000000238
13452  8.316  -50.533  -24.795 0.5000000000
13460  11.880  -50.186  -25.854 0.6000000238
14069  18.393  -49.513  -20.630 0.4000000060
14070  17.452  -49.685  -20.862 0.3000000119
14101  18.513  -49.117  -22.625 0.3000000119
14118  7.970  -49.664  -24.302 0.5000000000
14119  7.533  -49.103  -23.659 0.6000000238
14131  9.373  -49.656  -25.243 0.5000000000
14141  19.227  -50.273  -25.897 0.3000000119
14146  10.753  -49.846  -25.917 0.6000000238
14147  9.953  -50.184  -25.726 0.6999999881
14810  17.938  -48.762  -23.160 0.3000000119
14811  17.450  -48.566  -22.899 0.3000000119
14812  16.866  -48.551  -22.817 0.3000000119
14824  16.083  -48.761  -23.308 0.4000000060
14827  8.263  -48.751  -23.964 0.6000000238
14838  8.792  -49.193  -24.642 0.6000000238
14853  13.942  -48.812  -26.618 0.4000000060
14854  12.817  -48.706  -26.446 0.5000000000
14855  11.843  -48.875  -26.033 0.6000000238
14856  11.037  -49.110  -25.726 0.5000000000
15545  7.715  -47.144  -22.156 0.6000000238
15560  8.120  -47.570  -22.852 0.6000000238
15574  8.645  -47.982  -23.478 0.6000000238
15585  12.342  -47.190  -25.279 0.5000000000
15587  10.887  -47.801  -24.619 0.4000000060
15602  12.073  -48.018  -25.784 0.5000000000
16285  7.216  -46.405  -20.664 0.3000000119
16293  11.608  -45.984  -21.173 0.4000000060
16319  12.148  -45.782  -23.805 0.4000000060
16321  10.961  -46.749  -23.375 0.4000000060
16347  16.392  -46.260  -26.538 0.3000000119
17035  11.018  -45.390  -19.933 0.3000000119
17078  12.152  -45.168  -22.846 0.3000000119
17079  11.851  -45.678  -23.294 0.3000000119
17099  15.804  -44.885  -25.476 0.3000000119
17102  13.348  -45.460  -24.561 0.4000000060
17113  16.159  -45.585  -26.105 0.3000000119
17114  15.479  -45.596  -25.901 0.3000000119
17842  11.449  -44.583  -17.622 0.3000000119
17859  8.718  -44.111  -18.840 0.4000000060
17872  10.451  -44.673  -19.571 0.4000000060
17874  8.876  -44.470  -19.574 0.5000000000
17882  8.972  -44.881  -20.267 0.4000000060
17908  12.619  -44.608  -23.022 0.3000000119
17919  13.194  -44.158  -23.232 0.3000000119
18778  14.316  -42.912  -22.738 0.3000000119
113343  32.290  -71.046  -25.460 0.3000000119
113520  10.054  -46.588  -22.100 0.4000000060
113858  26.754  -72.295  -23.343 0.4000000060
113930  29.088  -71.494  -14.613 0.4000000060
114405  15.232  -56.867  -25.487 0.6000000238
115195  30.023  -75.014  -14.430 0.4000000060
115250  20.921  -58.276  -32.752 0.5000000000
115863  14.888  -58.744  -22.786 0.5000000000
116413  13.212  -46.307  -19.689 0.3000000119
116464  26.015  -72.275  -31.513 0.4000000060
117190  16.861  -48.484  -24.286 0.4000000060
117421  19.381  -59.991  -28.060 0.6000000238
117644  12.796  -57.677  -22.187 0.5000000000
117981  30.307  -70.500  -36.230 0.8000000119
118577  12.412  -46.073  -19.991 0.3000000119
118671  29.131  -76.150  -16.559 0.4000000060
119463  8.822  -51.359  -25.154 0.6999999881
119783  32.305  -67.343  -36.681 0.4000000060
119827  31.982  -70.499  -29.296 0.4000000060
120511  19.006  -56.687  -33.433 0.5000000000
122226  29.953  -69.994  -15.500 0.4000000060
122719  30.989  -67.975  -38.089 0.6000000238
123117  14.387  -44.303  -24.392 0.3000000119
123199  10.078  -58.012  -28.457 0.5000000000
123200  16.295  -55.064  -18.814 0.8000000119
123784  18.435  -50.021  -25.082 0.3000000119
123874  26.868  -70.813  -18.674 0.4000000060
124113  20.366  -52.116  -21.421 0.4000000060
124798  11.467  -58.197  -27.499 0.5000000000
124850  9.671  -55.252  -30.600 0.5000000000
125330  11.186  -50.153  -25.962 0.6000000238
125501  25.907  -71.891  -20.407 0.4000000060
126042  18.049  -57.357  -23.414 0.8000000119
126409  10.146  -54.068  -28.582 0.6000000238
126479  13.458  -54.096  -26.868 0.5000000000
126904  12.602  -52.638  -22.773 0.6999999881
127066  27.224  -74.985  -32.159 0.4000000060
127584  16.027  -60.098  -25.551 0.6999999881
127607  16.926  -45.780  -26.296 0.3000000119
129455  27.882  -69.889  -18.624 0.5000000000
129580  29.243  -75.930  -13.672 0.5000000000
129845  19.961  -50.717  -19.730 0.4000000060
130072  26.845  -70.334  -20.524 0.4000000060
130416  21.723  -70.236  -25.522 0.3000000119
130567  13.721  -59.438  -26.831 0.6000000238
131096  13.128  -53.296  -27.705 0.5000000000
131644  23.619  -62.234  -27.841 0.6000000238
131809  28.187  -71.953  -27.747 0.5000000000
132362  35.198  -70.460  -14.366 0.3000000119
132383  22.623  -55.926  -34.205 0.5000000000
132687  30.074  -74.484  -14.463 0.4000000060
133023  22.743  -53.828  -32.716 0.5000000000
133038  15.306  -49.326  -23.502 0.4000000060
133174  28.221  -72.203  -35.972 0.6999999881
133256  20.275  -54.221  -19.029 0.6000000238
133826  30.378  -69.716  -24.528 0.3000000119
134428  9.985  -54.835  -28.406 0.6000000238
134584  15.327  -59.476  -23.302 0.6999999881
134604  29.328  -71.243  -30.388 0.4000000060
135276  32.081  -72.700  -26.033 0.3000000119
135708  20.341  -54.697  -20.202 0.4000000060
135927  29.386  -74.098  -31.654 0.3000000119
136116  30.330  -74.693  -19.988 0.3000000119
136211  28.802  -76.662  -16.781 0.4000000060
136248  28.757  -72.173  -27.548 0.4000000060
136526  30.446  -74.429  -25.610 0.5000000000
136597  10.596  -55.842  -27.743 0.6000000238
136665  31.161  -70.103  -29.310 0.3000000119
136715  12.766  -57.549  -26.895 0.6000000238
137143  14.384  -59.708  -26.547 0.6000000238
