#!ascii label  , from subject sub-v2s7x29674_ses-1 vox2ras=TkReg
415
106328  -27.265  -50.438  -29.640 0.6999999881
15230  -26.448  -49.470  -30.521 0.6000000238
14473  -26.811  -50.413  -30.428 0.6000000238
14478  -25.617  -50.570  -31.935 0.4000000060
15132  -26.475  -49.266  -22.941 0.6999999881
15864  -26.812  -48.499  -23.472 0.6999999881
15143  -27.087  -49.351  -23.860 0.6999999881
15878  -27.195  -48.535  -24.270 0.6000000238
15157  -27.383  -49.840  -24.476 0.6999999881
15879  -27.462  -48.479  -25.051 0.6000000238
15158  -27.716  -49.847  -25.207 0.6000000238
103829  -27.738  -49.067  -25.347 0.6000000238
110477  -28.136  -49.924  -26.462 0.6000000238
15893  -27.752  -48.514  -25.819 0.6000000238
104258  -27.190  -47.419  -26.861 0.5000000000
15913  -28.020  -48.822  -27.645 0.5000000000
96654  -27.697  -47.934  -27.321 0.5000000000
16555  -27.246  -47.813  -28.791 0.6000000238
15225  -27.425  -49.129  -29.216 0.6000000238
15928  -27.119  -48.324  -29.305 0.6000000238
15224  -26.847  -48.881  -29.912 0.6000000238
15936  -25.890  -48.637  -30.409 0.6000000238
15850  -26.358  -48.343  -22.667 0.6000000238
16496  -26.604  -47.614  -23.244 0.6000000238
16508  -26.718  -47.334  -24.172 0.6000000238
16523  -26.712  -47.209  -25.141 0.6000000238
97595  -26.302  -46.754  -25.894 0.6000000238
16524  -27.314  -47.853  -25.523 0.6000000238
16538  -26.926  -47.340  -26.118 0.6000000238
17136  -26.511  -46.825  -26.898 0.6000000238
17143  -26.443  -46.670  -27.955 0.6000000238
16547  -27.499  -47.750  -28.132 0.6000000238
17153  -26.172  -46.836  -28.829 0.6000000238
16562  -26.563  -47.583  -29.306 0.6000000238
94920  -25.557  -49.347  -31.117 0.5000000000
16477  -26.211  -47.671  -22.442 0.6000000238
17105  -26.510  -46.761  -23.567 0.6000000238
103931  -26.410  -46.153  -23.925 0.6000000238
17116  -26.462  -46.636  -24.441 0.6000000238
99254  -26.249  -46.542  -25.149 0.6000000238
17686  -25.513  -45.471  -25.369 0.6000000238
17126  -25.818  -46.160  -25.568 0.6000000238
17135  -25.737  -46.294  -26.407 0.6000000238
17142  -25.724  -46.292  -27.383 0.6999999881
15926  -25.901  -47.910  -29.913 0.6000000238
16568  -24.875  -48.012  -30.379 0.6000000238
109568  -24.725  -49.333  -31.628 0.4000000060
17087  -25.827  -46.820  -21.924 0.6000000238
17088  -26.264  -46.897  -22.578 0.6000000238
17664  -26.357  -46.076  -23.112 0.6000000238
17675  -26.120  -45.913  -24.702 0.6000000238
18269  -25.277  -44.720  -25.228 0.5000000000
17685  -24.741  -45.209  -25.960 0.6000000238
17693  -24.913  -45.845  -26.747 0.6999999881
17151  -24.676  -46.246  -28.741 0.6000000238
17152  -25.634  -46.354  -28.326 0.6000000238
111603  -25.431  -46.609  -29.004 0.6000000238
16561  -25.484  -47.244  -29.555 0.6000000238
16567  -23.629  -47.824  -30.673 0.6000000238
15940  -23.878  -48.952  -31.829 0.4000000060
15229  -24.807  -48.802  -31.065 0.5000000000
17073  -25.369  -46.480  -21.574 0.5000000000
17648  -25.977  -46.027  -22.166 0.6000000238
92566  -26.283  -45.186  -22.867 0.6000000238
108335  -26.246  -44.887  -23.800 0.6000000238
17663  -26.308  -45.534  -23.820 0.5000000000
18258  -25.893  -44.402  -24.429 0.5000000000
17674  -25.916  -45.132  -24.590 0.5000000000
18268  -24.541  -44.313  -25.731 0.6000000238
18872  -23.876  -43.886  -26.225 0.6000000238
105729  -23.666  -45.000  -27.045 0.6999999881
17699  -24.201  -45.527  -27.335 0.6999999881
111429  -23.530  -45.292  -27.698 0.6000000238
17706  -24.919  -45.937  -27.827 0.6999999881
17705  -24.007  -45.755  -28.150 0.6000000238
17150  -23.503  -46.098  -28.862 0.6000000238
17161  -23.876  -46.670  -29.426 0.6000000238
16560  -24.280  -47.313  -29.896 0.6000000238
15935  -24.001  -48.417  -31.081 0.5000000000
15939  -23.164  -48.159  -31.573 0.4000000060
17636  -25.446  -45.722  -21.601 0.6000000238
109413  -26.167  -44.516  -22.401 0.6000000238
18248  -26.319  -44.245  -23.306 0.6000000238
18857  -25.960  -43.596  -24.246 0.5000000000
18257  -25.178  -43.920  -25.063 0.6000000238
18856  -25.162  -43.065  -24.944 0.5000000000
18865  -24.419  -43.465  -25.586 0.5000000000
18871  -23.267  -43.492  -26.683 0.5000000000
18274  -24.058  -44.669  -26.404 0.6000000238
18870  -22.787  -43.046  -27.151 0.5000000000
18273  -23.392  -44.294  -26.874 0.6000000238
19552  -22.475  -42.505  -27.713 0.4000000060
18280  -22.948  -44.720  -27.687 0.6999999881
18879  -22.390  -43.340  -27.941 0.4000000060
18287  -22.313  -44.866  -28.479 0.5000000000
17704  -22.938  -45.456  -28.384 0.6000000238
18286  -21.797  -44.483  -29.212 0.5000000000
17149  -22.006  -45.367  -29.098 0.6000000238
17710  -21.598  -45.154  -29.830 0.5000000000
17160  -22.771  -46.477  -29.560 0.6000000238
108608  -22.540  -47.291  -31.757 0.5000000000
99455  -22.237  -46.569  -30.283 0.6000000238
107187  -22.831  -47.508  -31.033 0.6000000238
18232  -25.705  -44.206  -21.776 0.5000000000
19539  -24.281  -42.550  -25.465 0.4000000060
19538  -23.606  -42.422  -25.979 0.5000000000
18864  -23.720  -43.097  -26.047 0.5000000000
20151  -23.252  -41.899  -26.304 0.5000000000
20156  -22.120  -41.172  -28.232 0.4000000060
20157  -22.465  -41.637  -27.544 0.4000000060
19551  -22.192  -41.956  -28.302 0.4000000060
18878  -22.118  -42.740  -28.519 0.5000000000
18884  -21.965  -43.556  -28.826 0.5000000000
18883  -21.880  -42.853  -29.322 0.5000000000
18888  -21.764  -43.630  -29.700 0.5000000000
17716  -21.830  -45.556  -31.262 0.5000000000
17167  -22.123  -46.356  -31.473 0.5000000000
17713  -21.570  -45.358  -30.564 0.6000000238
17165  -22.265  -46.912  -30.924 0.5000000000
20150  -22.784  -41.193  -26.724 0.5000000000
20824  -22.343  -40.765  -27.479 0.5000000000
105545  -21.969  -41.525  -28.792 0.4000000060
19558  -21.921  -42.173  -29.635 0.5000000000
18293  -21.776  -44.720  -31.028 0.5000000000
17717  -22.362  -45.669  -31.783 0.3000000119
20170  -22.148  -41.493  -29.729 0.5000000000
18889  -21.859  -43.504  -30.272 0.5000000000
97895  -21.945  -44.006  -30.704 0.5000000000
20817  -22.571  -40.367  -26.843 0.4000000060
20816  -22.248  -39.941  -27.421 0.4000000060
21529  -21.740  -39.492  -28.744 0.4000000060
20823  -21.977  -40.264  -28.316 0.4000000060
20833  -21.895  -40.135  -29.152 0.4000000060
21543  -21.920  -39.425  -29.268 0.4000000060
20846  -22.178  -40.125  -29.467 0.5000000000
18294  -22.577  -44.042  -31.170 0.4000000060
18296  -22.377  -44.931  -31.575 0.4000000060
19562  -22.098  -42.213  -30.012 0.5000000000
95002  -22.418  -43.209  -30.604 0.5000000000
108497  -22.088  -42.845  -30.215 0.5000000000
22199  -21.648  -38.763  -28.980 0.4000000060
19564  -23.116  -42.454  -30.616 0.4000000060
20855  -22.329  -40.801  -29.698 0.5000000000
20171  -22.471  -41.512  -30.035 0.5000000000
22214  -21.959  -38.714  -29.324 0.4000000060
20173  -23.731  -41.776  -30.208 0.3000000119
21544  -22.252  -39.471  -29.506 0.5000000000
97875  -22.633  -40.799  -29.897 0.5000000000
95721  -22.899  -41.837  -30.351 0.5000000000
22861  -22.237  -37.851  -29.409 0.4000000060
20163  -23.678  -41.048  -29.832 0.3000000119
20848  -24.234  -40.470  -29.329 0.3000000119
22215  -22.528  -38.761  -29.546 0.4000000060
20847  -23.115  -40.394  -29.831 0.5000000000
21545  -22.779  -39.553  -29.660 0.5000000000
106417  -22.309  -37.042  -29.455 0.4000000060
20834  -25.066  -40.216  -28.732 0.3000000119
21546  -23.590  -39.683  -29.420 0.4000000060
97765  -23.092  -38.094  -29.463 0.4000000060
22216  -23.293  -38.916  -29.446 0.4000000060
24340  -22.670  -35.840  -29.464 0.5000000000
97904  -24.032  -39.147  -28.960 0.3000000119
22200  -24.809  -39.030  -28.470 0.4000000060
22201  -25.753  -38.919  -28.216 0.4000000060
21531  -25.387  -39.626  -28.454 0.4000000060
22862  -22.914  -37.298  -29.482 0.4000000060
22217  -24.097  -38.372  -28.812 0.5000000000
23557  -23.436  -36.849  -29.201 0.5000000000
22863  -23.702  -37.497  -29.016 0.5000000000
22846  -24.677  -37.581  -28.376 0.4000000060
22847  -25.716  -37.621  -27.986 0.4000000060
97331  -26.022  -38.271  -28.062 0.3000000119
23556  -22.821  -36.584  -29.473 0.5000000000
102839  -23.615  -36.089  -29.022 0.5000000000
106176  -25.190  -35.546  -27.892 0.4000000060
24332  -26.048  -35.467  -27.739 0.3000000119
25102  -22.825  -34.593  -29.483 0.5000000000
23547  -25.203  -36.857  -28.052 0.4000000060
100649  -25.656  -36.152  -27.842 0.4000000060
23548  -26.341  -36.870  -27.962 0.4000000060
24331  -23.263  -35.225  -29.290 0.5000000000
103434  -24.669  -36.111  -28.232 0.5000000000
98446  -25.331  -34.773  -27.806 0.4000000060
95389  -25.862  -34.123  -27.661 0.4000000060
98175  -22.933  -33.761  -29.462 0.5000000000
101368  -26.435  -36.068  -27.952 0.3000000119
25089  -23.536  -34.444  -29.056 0.5000000000
25090  -24.375  -34.259  -28.314 0.5000000000
100329  -24.242  -35.212  -28.462 0.5000000000
26472  -22.653  -32.129  -29.413 0.5000000000
26461  -23.996  -32.742  -28.628 0.5000000000
25785  -26.622  -33.733  -27.818 0.3000000119
25092  -26.554  -34.678  -27.883 0.3000000119
25793  -23.212  -32.848  -29.283 0.5000000000
96545  -23.481  -31.864  -29.000 0.5000000000
25782  -23.718  -33.592  -28.854 0.5000000000
14462  -27.137  -49.706  -29.841 0.6000000238
15237  -26.086  -50.056  -31.217 0.5000000000
15906  -27.996  -48.627  -26.668 0.6000000238
103146  -25.256  -45.852  -25.970 0.6999999881
110664  -24.279  -45.267  -26.663 0.6999999881
105764  -22.998  -47.145  -30.221 0.6000000238
18279  -22.291  -44.168  -28.214 0.5000000000
108077  -22.517  -45.943  -29.081 0.6000000238
19546  -23.228  -42.703  -26.517 0.5000000000
19545  -22.845  -42.180  -26.978 0.5000000000
18880  -22.801  -43.868  -27.382 0.4000000060
18290  -21.613  -44.432  -30.262 0.5000000000
17164  -21.837  -46.157  -30.766 0.5000000000
20162  -21.937  -41.491  -29.335 0.5000000000
106233  -21.883  -39.550  -28.030 0.4000000060
93418  -25.204  -38.306  -28.226 0.4000000060
110326  -23.517  -58.732  -26.235 0.5000000000
8559  -24.312  -59.470  -26.647 0.5000000000
9107  -24.086  -58.711  -26.569 0.5000000000
9122  -25.134  -58.040  -28.351 0.5000000000
9115  -25.302  -58.582  -27.395 0.5000000000
9108  -24.853  -59.111  -26.864 0.4000000060
9106  -23.534  -58.068  -26.046 0.5000000000
9681  -24.540  -57.733  -27.464 0.6000000238
9675  -24.217  -57.878  -26.741 0.6000000238
9121  -24.866  -58.114  -27.749 0.5000000000
9722  -25.428  -57.866  -30.307 0.4000000060
10287  -23.687  -56.148  -24.743 0.6999999881
10295  -23.101  -56.954  -25.083 0.6999999881
111135  -24.288  -56.716  -26.388 0.6999999881
10309  -24.519  -57.019  -27.714 0.5000000000
106509  -24.547  -56.425  -26.974 0.6999999881
9689  -24.875  -57.605  -28.991 0.5000000000
9688  -24.748  -57.653  -28.205 0.5000000000
10318  -24.671  -56.915  -28.496 0.5000000000
11068  -25.343  -56.225  -30.760 0.5000000000
9705  -24.968  -57.488  -29.824 0.5000000000
11720  -21.960  -54.757  -23.896 0.5000000000
10987  -22.308  -55.489  -24.081 0.6999999881
10988  -23.293  -55.571  -24.130 0.6999999881
10286  -22.734  -56.218  -24.456 0.6999999881
10989  -24.166  -55.368  -24.426 0.6999999881
10296  -23.981  -56.647  -25.599 0.6000000238
11034  -24.793  -56.066  -27.767 0.6999999881
11021  -24.951  -55.605  -26.761 0.6000000238
10331  -24.819  -56.823  -29.269 0.5000000000
11046  -24.964  -56.060  -28.635 0.6000000238
102087  -25.011  -56.591  -30.012 0.5000000000
11072  -25.657  -55.818  -31.578 0.5000000000
11709  -23.089  -54.301  -23.466 0.5000000000
10969  -22.800  -54.943  -23.742 0.6999999881
11005  -24.424  -55.782  -25.198 0.6999999881
11734  -24.882  -54.974  -24.899 0.6999999881
11722  -25.274  -54.253  -24.619 0.6999999881
11020  -24.549  -56.078  -26.105 0.8000000119
11748  -25.502  -54.713  -26.482 0.6999999881
103528  -25.656  -54.784  -28.052 0.6000000238
97463  -25.344  -55.159  -27.412 0.6999999881
107453  -25.584  -55.127  -29.329 0.6999999881
11771  -25.415  -55.256  -28.715 0.6000000238
11794  -25.909  -55.047  -30.731 0.6000000238
99558  -25.472  -55.586  -29.994 0.6000000238
12477  -26.268  -54.108  -31.123 0.6000000238
12412  -21.987  -52.985  -23.888 0.5000000000
13073  -23.459  -52.739  -22.949 0.6000000238
12401  -22.310  -53.647  -23.569 0.5000000000
12403  -24.185  -53.373  -23.217 0.6000000238
12413  -24.767  -53.862  -23.731 0.6000000238
106545  -25.066  -54.096  -24.139 0.6999999881
12429  -26.420  -53.165  -25.502 0.6999999881
12415  -26.165  -52.903  -24.598 0.6000000238
11735  -25.495  -54.424  -25.514 0.6999999881
11736  -26.001  -53.805  -25.833 0.6999999881
100849  -25.839  -54.395  -27.302 0.6999999881
11787  -26.315  -54.038  -29.515 0.6999999881
11795  -26.308  -54.089  -30.239 0.6999999881
13072  -22.576  -52.710  -23.379 0.5000000000
13075  -25.363  -52.478  -23.346 0.6000000238
12404  -25.031  -53.170  -23.489 0.6000000238
13084  -25.644  -52.909  -23.898 0.6000000238
12437  -26.467  -53.358  -26.367 0.8000000119
105182  -27.376  -52.054  -26.690 0.5000000000
13097  -26.802  -52.399  -25.259 0.6000000238
13116  -26.778  -52.931  -27.952 0.6999999881
12471  -26.569  -53.293  -29.727 0.6999999881
92707  -26.673  -53.037  -28.838 0.6999999881
106619  -26.377  -53.402  -31.480 0.5000000000
12478  -26.474  -53.331  -30.701 0.6999999881
13159  -26.448  -52.669  -31.354 0.5000000000
13705  -22.612  -51.781  -23.509 0.5000000000
13066  -23.585  -51.946  -22.694 0.5000000000
13701  -25.244  -51.332  -22.680 0.6000000238
13707  -25.075  -51.993  -22.870 0.6000000238
13708  -25.720  -51.777  -23.243 0.6000000238
13709  -26.426  -51.429  -23.828 0.6000000238
14392  -26.552  -50.609  -23.553 0.6000000238
13085  -26.621  -52.024  -24.516 0.6000000238
92934  -26.877  -50.846  -24.125 0.6000000238
13753  -27.656  -51.345  -27.345 0.6000000238
108476  -27.266  -51.187  -24.937 0.5000000000
13130  -27.037  -52.307  -28.550 0.6000000238
13764  -27.421  -51.517  -28.299 0.6000000238
107819  -26.994  -51.828  -29.872 0.6000000238
13763  -27.188  -51.703  -29.162 0.6000000238
14479  -26.352  -50.892  -31.258 0.5000000000
14381  -23.663  -51.094  -22.495 0.5000000000
14382  -24.582  -50.827  -22.317 0.6000000238
14391  -25.979  -51.003  -23.064 0.6000000238
13744  -27.730  -51.220  -26.360 0.5000000000
15176  -28.045  -49.392  -26.030 0.5000000000
14438  -27.777  -50.512  -28.112 0.4000000060
104825  -28.052  -50.402  -26.970 0.5000000000
13777  -27.159  -51.129  -29.791 0.6000000238
14390  -22.979  -50.396  -22.816 0.5000000000
15129  -23.867  -50.246  -22.172 0.6000000238
15131  -25.708  -49.650  -22.343 0.6000000238
14384  -26.193  -50.177  -22.923 0.6000000238
15217  -27.819  -49.457  -28.391 0.5000000000
15206  -28.068  -49.747  -27.625 0.4000000060
15130  -24.843  -49.970  -22.022 0.6000000238
15141  -22.580  -49.413  -23.242 0.5000000000
15142  -23.253  -49.567  -22.341 0.5000000000
95659  -24.148  -49.374  -21.832 0.6000000238
99374  -25.926  -48.883  -22.279 0.6000000238
15156  -22.388  -49.448  -24.346 0.5000000000
15863  -22.848  -48.987  -22.538 0.5000000000
104126  -23.435  -48.820  -21.944 0.5000000000
15840  -25.053  -48.130  -21.614 0.6000000238
15848  -25.134  -48.975  -21.803 0.6000000238
15862  -22.335  -48.609  -23.038 0.5000000000
15861  -21.661  -48.205  -23.493 0.5000000000
16476  -25.920  -47.378  -22.035 0.5000000000
15847  -22.739  -48.370  -22.211 0.5000000000
102207  -24.283  -48.390  -21.607 0.5000000000
15846  -22.055  -47.948  -22.628 0.5000000000
15839  -23.378  -48.041  -21.664 0.5000000000
16465  -25.344  -47.375  -21.648 0.4000000060
16474  -21.605  -47.424  -22.158 0.5000000000
16462  -23.283  -47.363  -21.443 0.5000000000
17071  -23.799  -46.780  -21.283 0.4000000060
16464  -24.660  -46.987  -21.362 0.4000000060
16475  -22.515  -47.605  -21.805 0.4000000060
17072  -24.589  -46.015  -21.303 0.4000000060
14463  -27.432  -50.908  -29.010 0.6000000238
13787  -26.785  -51.400  -30.516 0.5000000000
13799  -26.462  -51.788  -31.279 0.4000000060
13733  -27.544  -51.083  -25.450 0.6000000238
18219  -25.128  -45.046  -21.420 0.4000000060
11006  -25.007  -55.270  -25.795 0.6999999881
12448  -26.369  -53.614  -27.348 0.6999999881
11772  -25.995  -54.403  -28.838 0.6999999881
12459  -26.402  -53.634  -28.331 0.6999999881
95026  -26.964  -52.650  -26.084 0.6000000238
13732  -27.104  -51.665  -25.081 0.6000000238
13106  -26.898  -52.814  -26.998 0.6999999881
13145  -26.711  -52.400  -30.414 0.6000000238
8558  -23.524  -59.363  -26.413 0.5000000000
9114  -24.644  -58.377  -27.122 0.5000000000
10302  -24.364  -57.171  -26.955 0.6999999881
10342  -25.171  -57.243  -30.639 0.5000000000
10986  -21.419  -55.158  -24.392 0.5000000000
11060  -25.168  -55.894  -29.335 0.6999999881
11708  -22.375  -54.368  -23.643 0.5000000000
11710  -23.982  -54.138  -23.502 0.6000000238
11721  -24.604  -54.555  -24.108 0.6999999881
11749  -25.991  -54.004  -26.564 0.8000000119
11759  -26.082  -54.166  -27.964 0.6999999881
11786  -25.969  -54.694  -29.769 0.6999999881
12402  -23.257  -53.525  -23.224 0.6000000238
12414  -25.449  -53.589  -24.200 0.6999999881
12428  -25.848  -53.713  -25.019 0.6999999881
13074  -24.460  -52.524  -22.923 0.6000000238
13076  -26.042  -52.290  -23.885 0.6000000238
13117  -27.228  -52.181  -27.636 0.6999999881
13140  -26.872  -52.431  -29.428 0.6000000238
13700  -24.432  -51.654  -22.566 0.5000000000
13706  -22.966  -51.392  -22.920 0.5000000000
13718  -26.954  -51.310  -24.531 0.6000000238
14383  -25.453  -50.516  -22.497 0.6000000238
14401  -27.053  -50.210  -24.000 0.6000000238
14416  -27.953  -50.358  -25.960 0.5000000000
15194  -28.169  -49.486  -26.906 0.5000000000
15236  -25.199  -49.861  -31.804 0.4000000060
15849  -25.736  -48.122  -21.978 0.6000000238
15920  -27.640  -48.472  -28.520 0.6000000238
15927  -26.507  -48.249  -29.793 0.6000000238
16463  -24.024  -47.558  -21.401 0.5000000000
16495  -21.199  -47.735  -22.889 0.5000000000
16509  -27.111  -47.864  -24.677 0.6000000238
16539  -27.550  -47.904  -26.375 0.5000000000
16546  -27.103  -47.248  -27.612 0.5000000000
16554  -26.935  -47.221  -28.477 0.6000000238
17159  -21.883  -45.937  -29.870 0.6000000238
17162  -24.815  -46.762  -29.347 0.6000000238
18233  -25.869  -45.102  -21.948 0.6000000238
18887  -21.846  -42.865  -29.933 0.5000000000
19555  -21.906  -42.125  -29.010 0.5000000000
19563  -22.471  -42.341  -30.302 0.5000000000
20159  -21.910  -40.888  -28.947 0.4000000060
20172  -23.015  -41.200  -30.133 0.5000000000
20845  -22.079  -40.798  -29.448 0.5000000000
20856  -22.494  -40.192  -29.688 0.5000000000
21530  -24.508  -39.705  -28.850 0.4000000060
23546  -24.185  -36.826  -28.605 0.5000000000
93081  -23.714  -54.875  -23.816 0.6999999881
94771  -27.529  -50.030  -29.054 0.6000000238
99594  -26.723  -49.933  -23.426 0.6000000238
99956  -26.920  -47.947  -23.963 0.6000000238
100016  -26.428  -53.683  -29.045 0.6999999881
101301  -22.936  -52.126  -22.999 0.5000000000
102814  -24.013  -57.303  -26.244 0.6999999881
104562  -27.468  -49.181  -24.686 0.6999999881
106245  -25.754  -54.221  -26.095 0.6999999881
106767  -27.331  -51.891  -25.802 0.6000000238
108464  -25.228  -55.448  -28.116 0.6000000238
109077  -24.680  -47.690  -21.475 0.4000000060
109777  -27.668  -50.483  -25.340 0.5000000000
110969  -27.354  -50.618  -24.733 0.6000000238
111662  -27.798  -48.204  -27.922 0.6000000238
