#!ascii label  , from subject sub-v2s7x29674_ses-1 vox2ras=TkReg
944
42241  18.973  -12.223  41.065 0.0000000000
44632  30.937  -9.938  47.316 0.0000000000
53859  35.438  1.292  23.559 0.0000000000
104203  26.690  -2.012  32.821 0.0000000000
94838  29.761  -4.840  40.349 0.0000000000
61082  45.041  11.078  16.911 0.0000000000
94416  34.628  1.540  27.257 0.0000000000
54620  29.729  2.533  26.503 0.0000000000
39083  14.950  -16.099  39.826 0.0000000000
96718  24.232  -9.849  43.794 0.0000000000
43037  26.706  -10.785  41.192 0.0000000000
111231  20.151  -10.395  37.379 0.0000000000
57613  38.760  6.954  19.416 0.0000000000
94149  21.196  -10.169  46.008 0.0000000000
40649  18.367  -13.790  44.656 0.0000000000
55401  38.782  3.745  23.029 0.0000000000
102157  14.690  -16.874  44.028 0.0000000000
36267  10.067  -19.322  44.962 0.0000000000
54566  30.572  2.091  31.421 0.0000000000
50280  29.594  -3.250  37.151 0.0000000000
45445  30.533  -8.349  35.731 0.0000000000
43965  28.806  -9.969  38.819 0.0000000000
55331  34.929  3.588  28.145 0.0000000000
54617  32.649  2.519  26.536 0.0000000000
56078  31.898  4.607  28.555 0.0000000000
54578  36.896  3.491  28.101 0.0000000000
41500  17.808  -13.889  38.116 0.0000000000
39926  16.520  -15.778  38.304 0.0000000000
41478  17.504  -14.185  40.782 0.0000000000
44688  20.952  -9.683  41.855 0.0000000000
99984  22.304  -9.331  40.799 0.0000000000
43074  19.066  -11.155  38.982 0.0000000000
42278  18.339  -13.397  36.467 0.0000000000
109996  34.655  3.504  22.035 0.0000000000
53842  37.225  1.518  24.879 0.0000000000
55390  36.623  3.356  23.253 0.0000000000
56839  36.283  5.338  22.016 0.0000000000
39842  17.924  -14.882  46.670 0.0000000000
39870  16.614  -15.486  44.347 0.0000000000
38977  16.440  -16.392  46.487 0.0000000000
37149  11.652  -18.053  48.708 0.0000000000
112183  11.798  -18.207  46.377 0.0000000000
37175  10.198  -18.968  47.027 0.0000000000
104061  8.365  -20.239  47.326 0.0000000000
35487  8.103  -20.082  49.850 0.0000000000
51996  28.651  -0.643  39.377 0.0000000000
49323  29.656  -3.767  38.611 0.0000000000
109712  29.840  -5.314  36.387 0.0000000000
46855  30.066  -6.617  38.353 0.0000000000
108591  24.362  -10.851  37.733 0.0000000000
94606  27.675  -10.416  39.909 0.0000000000
43096  26.157  -11.476  36.649 0.0000000000
43994  27.659  -11.063  36.029 0.0000000000
52068  27.764  0.174  32.666 0.0000000000
52954  27.597  0.184  29.590 0.0000000000
50346  26.169  -2.315  30.123 0.0000000000
61094  49.005  11.664  15.479 0.0000000000
109035  46.633  11.324  14.853 0.0000000000
109979  34.959  0.473  25.423 0.0000000000
53010  32.915  0.519  24.830 0.0000000000
109731  36.915  1.982  27.627 0.0000000000
94146  27.425  -11.868  45.169 0.0000000000
43015  29.180  -11.413  43.817 0.0000000000
110783  25.739  -10.783  42.460 0.0000000000
43956  23.925  -10.062  39.539 0.0000000000
43997  21.967  -10.370  36.110 0.0000000000
110953  41.717  5.458  20.210 0.0000000000
106688  42.032  6.654  18.904 0.0000000000
59683  41.886  8.968  17.607 0.0000000000
60366  42.376  10.497  16.702 0.0000000000
43019  20.297  -11.254  43.750 0.0000000000
101186  18.537  -13.408  43.160 0.0000000000
42214  19.982  -12.181  45.793 0.0000000000
44667  22.518  -9.391  44.669 0.0000000000
97065  38.508  5.489  21.134 0.0000000000
39879  17.087  -14.665  43.103 0.0000000000
39033  14.932  -16.224  42.190 0.0000000000
38175  12.312  -17.652  42.331 0.0000000000
38126  13.644  -17.370  46.508 0.0000000000
38160  12.628  -17.726  44.399 0.0000000000
34704  5.784  -21.123  51.467 0.0000000000
112823  31.963  4.613  31.194 0.0000000000
52903  28.217  0.700  34.494 0.0000000000
52865  28.146  0.271  37.144 0.0000000000
51180  27.618  -2.124  35.517 0.0000000000
48531  29.589  -4.789  34.722 0.0000000000
46161  30.378  -7.207  33.614 0.0000000000
44774  28.588  -9.679  33.127 0.0000000000
43919  29.932  -10.192  42.766 0.0000000000
44693  29.586  -9.355  41.057 0.0000000000
45411  29.888  -8.150  39.547 0.0000000000
44732  30.133  -9.200  37.149 0.0000000000
44753  28.636  -10.231  34.760 0.0000000000
54595  29.717  2.399  28.797 0.0000000000
52982  27.693  0.068  26.634 0.0000000000
56060  34.767  4.961  29.966 0.0000000000
56077  33.072  4.374  28.075 0.0000000000
56801  33.094  5.316  29.597 0.0000000000
55304  36.040  4.426  29.148 0.0000000000
106579  18.033  -13.450  39.450 0.0000000000
104062  17.122  -14.550  39.034 0.0000000000
98722  18.007  -13.673  40.672 0.0000000000
43936  19.756  -10.718  41.089 0.0000000000
43946  20.186  -10.087  40.575 0.0000000000
43062  18.846  -11.871  39.540 0.0000000000
42261  18.389  -12.675  38.292 0.0000000000
54662  34.962  2.891  22.600 0.0000000000
53858  36.177  1.575  23.842 0.0000000000
54642  36.875  1.899  24.170 0.0000000000
54655  35.606  2.216  23.194 0.0000000000
55391  35.727  3.181  22.966 0.0000000000
37142  10.511  -18.627  49.439 0.0000000000
37160  10.746  -18.584  47.549 0.0000000000
37161  10.115  -18.999  47.884 0.0000000000
36252  9.499  -19.378  47.305 0.0000000000
36247  8.745  -19.726  48.508 0.0000000000
35500  8.219  -20.204  48.038 0.0000000000
50239  29.530  -3.014  40.495 0.0000000000
48486  29.668  -4.429  39.956 0.0000000000
48494  29.746  -4.754  38.519 0.0000000000
104716  29.724  -5.668  39.257 0.0000000000
43865  30.781  -9.895  45.873 0.0000000000
43995  24.121  -10.776  36.651 0.0000000000
96761  25.939  -11.365  37.939 0.0000000000
106635  24.636  -11.026  36.160 0.0000000000
43110  25.549  -11.354  35.223 0.0000000000
52069  27.192  -0.577  32.494 0.0000000000
52083  27.151  -0.759  31.615 0.0000000000
60364  44.704  10.580  17.371 0.0000000000
60362  46.250  10.949  17.509 0.0000000000
61080  46.659  11.241  17.120 0.0000000000
61087  47.248  11.460  16.419 0.0000000000
61095  45.973  11.402  15.576 0.0000000000
52969  35.179  1.032  26.987 0.0000000000
52991  34.279  0.479  25.538 0.0000000000
53830  33.583  1.080  26.401 0.0000000000
54618  31.563  2.841  26.298 0.0000000000
53832  32.021  1.720  25.524 0.0000000000
109807  30.174  1.914  24.840 0.0000000000
54592  35.961  2.863  27.934 0.0000000000
53804  35.966  1.563  27.516 0.0000000000
52968  35.987  1.029  26.917 0.0000000000
39917  15.650  -15.798  39.416 0.0000000000
39068  14.358  -16.461  40.349 0.0000000000
110924  25.898  -11.410  44.914 0.0000000000
43018  25.984  -11.247  43.388 0.0000000000
43921  25.202  -10.437  42.447 0.0000000000
44726  21.575  -9.780  39.079 0.0000000000
43945  23.470  -9.702  40.007 0.0000000000
43969  22.330  -9.913  38.703 0.0000000000
95627  22.930  -10.253  37.957 0.0000000000
43998  21.111  -10.359  36.341 0.0000000000
44017  19.871  -11.038  35.825 0.0000000000
47732  29.692  -6.257  32.942 0.0000000000
57599  40.490  5.942  19.614 0.0000000000
57598  41.599  5.869  19.604 0.0000000000
57611  40.901  6.527  19.007 0.0000000000
59034  41.042  8.608  17.753 0.0000000000
59045  41.024  9.106  17.298 0.0000000000
59693  42.387  9.816  17.244 0.0000000000
43884  21.120  -10.190  45.102 0.0000000000
43009  20.286  -11.459  44.532 0.0000000000
103573  20.704  -10.690  45.723 0.0000000000
44656  21.820  -9.691  45.424 0.0000000000
43899  21.316  -9.944  44.371 0.0000000000
56130  40.254  4.675  21.643 0.0000000000
56131  39.240  4.711  21.670 0.0000000000
56850  36.849  5.784  21.536 0.0000000000
40654  18.131  -13.836  43.832 0.0000000000
40663  17.974  -13.940  43.012 0.0000000000
40655  17.494  -14.360  43.624 0.0000000000
39003  15.577  -16.459  44.350 0.0000000000
39016  16.038  -15.912  43.829 0.0000000000
106898  15.299  -16.384  43.654 0.0000000000
39035  13.622  -16.934  42.521 0.0000000000
39019  13.817  -17.054  43.414 0.0000000000
97181  13.796  -17.198  47.262 0.0000000000
37193  10.752  -18.746  45.443 0.0000000000
38128  12.445  -17.972  45.952 0.0000000000
37192  11.381  -18.412  44.786 0.0000000000
102059  11.673  -18.163  43.534 0.0000000000
53752  29.848  1.333  34.443 0.0000000000
51159  29.109  -2.532  38.424 0.0000000000
52005  28.360  -0.689  38.520 0.0000000000
51166  28.135  -1.628  37.188 0.0000000000
51172  27.724  -1.553  36.265 0.0000000000
50291  28.434  -2.614  36.060 0.0000000000
49358  28.858  -3.626  34.973 0.0000000000
49348  29.794  -3.831  35.984 0.0000000000
46140  30.443  -6.822  36.067 0.0000000000
47717  29.962  -6.154  35.077 0.0000000000
45457  30.387  -8.130  34.766 0.0000000000
45466  29.802  -8.562  33.203 0.0000000000
45458  29.931  -8.769  34.212 0.0000000000
110937  27.487  -11.472  42.497 0.0000000000
43025  29.575  -10.888  43.143 0.0000000000
103198  28.531  -11.212  42.189 0.0000000000
43954  28.155  -10.229  39.362 0.0000000000
43942  28.951  -10.066  40.477 0.0000000000
43952  29.283  -9.511  40.046 0.0000000000
45406  29.694  -8.237  40.267 0.0000000000
44724  29.817  -9.059  38.800 0.0000000000
45417  30.272  -8.600  38.476 0.0000000000
44725  29.475  -9.514  38.284 0.0000000000
43108  26.908  -11.312  34.579 0.0000000000
44010  28.253  -10.666  35.466 0.0000000000
55292  31.580  3.553  31.604 0.0000000000
55306  31.262  3.781  30.254 0.0000000000
54572  30.078  1.979  30.623 0.0000000000
105570  26.871  -0.503  28.539 0.0000000000
52960  27.997  0.873  28.034 0.0000000000
61102  49.816  11.710  14.990 0.0000000000
54593  34.769  2.772  27.716 0.0000000000
53806  33.844  1.530  26.945 0.0000000000
55332  33.913  3.234  27.592 0.0000000000
101747  32.520  3.569  27.198 0.0000000000
55354  30.982  3.370  26.983 0.0000000000
55303  36.605  4.367  28.951 0.0000000000
55319  36.275  3.999  28.461 0.0000000000
39925  17.090  -15.410  37.936 0.0000000000
40689  16.756  -14.864  39.474 0.0000000000
39909  16.261  -15.194  39.964 0.0000000000
44687  22.635  -9.194  42.469 0.0000000000
44694  23.508  -9.400  41.751 0.0000000000
44696  21.595  -9.352  41.286 0.0000000000
44707  20.763  -9.743  40.052 0.0000000000
43972  19.521  -10.651  38.447 0.0000000000
43098  19.019  -11.792  36.442 0.0000000000
43087  18.685  -12.015  37.773 0.0000000000
41509  18.062  -13.673  37.306 0.0000000000
57614  37.898  7.199  19.288 0.0000000000
42978  20.578  -10.846  46.519 0.0000000000
54628  37.958  1.907  25.129 0.0000000000
54652  37.855  2.807  24.032 0.0000000000
98815  38.012  3.761  23.159 0.0000000000
97763  38.079  4.303  22.570 0.0000000000
55402  37.117  4.128  22.858 0.0000000000
56121  35.077  4.475  22.123 0.0000000000
40643  18.150  -14.460  45.949 0.0000000000
39868  17.329  -14.646  44.377 0.0000000000
39856  17.230  -15.296  45.574 0.0000000000
38989  16.301  -16.354  45.560 0.0000000000
38145  15.534  -16.857  45.582 0.0000000000
38106  12.693  -17.537  47.921 0.0000000000
104136  11.980  -17.957  47.916 0.0000000000
97845  10.764  -18.627  46.832 0.0000000000
36259  10.120  -19.160  45.730 0.0000000000
36269  9.170  -19.875  45.848 0.0000000000
50269  29.464  -3.012  38.945 0.0000000000
50274  29.723  -3.649  37.806 0.0000000000
49338  29.855  -3.747  36.839 0.0000000000
49331  29.779  -4.434  38.068 0.0000000000
47686  29.864  -5.763  37.418 0.0000000000
46130  30.589  -6.941  36.985 0.0000000000
43059  25.981  -10.785  39.747 0.0000000000
43049  27.249  -10.636  40.480 0.0000000000
95043  26.591  -11.016  39.251 0.0000000000
43070  27.207  -10.995  38.779 0.0000000000
92789  27.255  -11.175  37.796 0.0000000000
43979  28.340  -10.549  37.441 0.0000000000
43082  26.971  -11.404  36.610 0.0000000000
43109  26.256  -11.454  34.946 0.0000000000
97819  29.819  1.215  32.050 0.0000000000
53775  28.918  1.067  30.495 0.0000000000
111620  27.838  0.076  31.050 0.0000000000
52105  26.665  -0.968  29.850 0.0000000000
93490  48.139  11.631  15.930 0.0000000000
94160  47.374  11.448  15.445 0.0000000000
53845  35.177  0.600  24.055 0.0000000000
53860  34.730  0.961  23.247 0.0000000000
53025  34.414  0.369  23.834 0.0000000000
53831  32.854  1.341  25.947 0.0000000000
53011  31.568  0.986  24.468 0.0000000000
54577  37.301  3.487  28.025 0.0000000000
54589  37.421  3.121  27.905 0.0000000000
53801  38.040  2.153  27.319 0.0000000000
100004  36.909  1.156  26.282 0.0000000000
52989  36.066  0.729  25.106 0.0000000000
42973  29.364  -11.434  46.134 0.0000000000
43881  29.948  -11.049  45.862 0.0000000000
43006  27.856  -11.908  44.444 0.0000000000
93707  27.483  -11.689  43.106 0.0000000000
111407  26.232  -10.852  41.921 0.0000000000
43934  24.376  -9.852  41.145 0.0000000000
43943  25.065  -10.210  40.677 0.0000000000
43051  25.522  -10.454  40.241 0.0000000000
43967  24.351  -10.505  38.988 0.0000000000
43981  23.519  -10.516  37.284 0.0000000000
44013  23.175  -10.643  35.274 0.0000000000
59031  42.896  7.239  18.625 0.0000000000
106583  40.547  7.750  18.345 0.0000000000
58348  41.746  8.246  17.985 0.0000000000
59032  43.718  8.534  18.121 0.0000000000
59681  43.809  9.217  17.828 0.0000000000
96645  43.764  10.485  17.257 0.0000000000
61083  44.125  11.032  16.813 0.0000000000
61097  44.234  11.387  15.385 0.0000000000
43040  19.412  -11.518  41.577 0.0000000000
42242  18.757  -12.880  41.680 0.0000000000
43020  19.821  -11.891  43.404 0.0000000000
42228  19.557  -12.472  44.009 0.0000000000
41458  19.010  -13.361  44.985 0.0000000000
42979  20.062  -11.677  46.551 0.0000000000
41452  19.181  -13.479  45.828 0.0000000000
40629  18.834  -14.071  47.061 0.0000000000
43836  30.370  -10.466  47.860 0.0000000000
42959  28.468  -11.612  47.244 0.0000000000
42993  27.072  -11.739  45.955 0.0000000000
43883  24.865  -10.628  45.437 0.0000000000
44642  24.237  -10.116  45.854 0.0000000000
44677  23.452  -9.437  44.174 0.0000000000
44679  21.845  -9.338  43.119 0.0000000000
43924  20.491  -10.321  42.387 0.0000000000
56129  41.246  4.661  21.606 0.0000000000
56861  40.058  5.502  20.275 0.0000000000
56862  39.099  5.786  20.453 0.0000000000
110458  37.649  5.533  21.546 0.0000000000
56864  37.491  6.251  20.920 0.0000000000
57602  37.868  6.777  20.059 0.0000000000
41477  17.992  -13.833  41.393 0.0000000000
40672  17.060  -14.590  41.256 0.0000000000
112334  16.395  -15.209  41.761 0.0000000000
93893  16.972  -14.966  43.857 0.0000000000
39894  15.711  -15.803  42.263 0.0000000000
39048  15.208  -15.993  41.590 0.0000000000
109296  13.822  -16.734  41.312 0.0000000000
38181  12.779  -17.483  41.386 0.0000000000
38124  15.133  -17.025  46.387 0.0000000000
38146  14.714  -17.142  45.560 0.0000000000
38148  12.925  -17.709  45.249 0.0000000000
104357  13.430  -17.457  44.659 0.0000000000
38168  12.311  -17.730  43.440 0.0000000000
35483  7.041  -20.730  50.582 0.0000000000
56772  33.295  5.688  31.050 0.0000000000
53761  30.546  1.659  33.184 0.0000000000
52913  29.207  0.987  33.233 0.0000000000
52914  28.413  0.697  33.686 0.0000000000
52042  27.132  -0.701  34.462 0.0000000000
52878  28.027  0.470  36.270 0.0000000000
52041  27.284  -1.063  35.349 0.0000000000
109451  27.124  -2.501  34.381 0.0000000000
49364  28.336  -3.902  34.320 0.0000000000
48538  29.254  -5.007  34.041 0.0000000000
47726  29.881  -6.324  33.635 0.0000000000
47706  29.857  -5.467  35.246 0.0000000000
47718  29.866  -5.960  34.489 0.0000000000
46903  30.157  -6.882  33.323 0.0000000000
97795  30.248  -7.882  32.822 0.0000000000
44773  29.184  -9.175  32.643 0.0000000000
47668  29.833  -5.243  40.755 0.0000000000
43896  30.222  -10.392  44.662 0.0000000000
43906  30.459  -9.761  43.821 0.0000000000
44675  30.497  -9.083  43.466 0.0000000000
43047  28.537  -10.474  40.962 0.0000000000
44685  29.691  -9.516  41.810 0.0000000000
45396  30.067  -8.322  42.741 0.0000000000
46098  29.711  -7.625  41.919 0.0000000000
111791  29.752  -6.468  40.690 0.0000000000
46845  29.756  -6.164  39.695 0.0000000000
46113  30.254  -7.280  38.635 0.0000000000
45426  30.622  -7.933  38.194 0.0000000000
44742  30.187  -9.130  36.120 0.0000000000
43992  29.012  -10.194  36.903 0.0000000000
44009  29.037  -10.136  35.763 0.0000000000
44752  29.379  -9.588  34.749 0.0000000000
109120  28.809  -9.830  34.031 0.0000000000
56072  31.793  4.752  29.385 0.0000000000
55334  30.678  3.495  28.826 0.0000000000
54609  29.350  2.290  27.412 0.0000000000
53782  28.724  1.248  29.568 0.0000000000
53808  28.653  1.579  27.497 0.0000000000
53821  28.589  1.403  26.454 0.0000000000
61106  44.734  11.235  14.638 0.0000000000
56061  34.038  5.101  29.466 0.0000000000
56791  33.669  5.403  30.226 0.0000000000
56059  35.688  4.672  29.991 0.0000000000
42250  18.647  -12.491  40.219 0.0000000000
41484  18.224  -13.231  40.119 0.0000000000
93556  18.442  -13.131  41.008 0.0000000000
42249  19.284  -11.294  40.675 0.0000000000
108482  19.002  -11.805  40.262 0.0000000000
42256  18.419  -12.715  39.291 0.0000000000
54656  34.909  1.873  22.831 0.0000000000
37151  10.027  -19.023  48.753 0.0000000000
36246  9.400  -19.358  48.178 0.0000000000
36240  9.336  -19.356  49.007 0.0000000000
48482  29.804  -4.356  40.774 0.0000000000
95445  29.690  -3.947  40.344 0.0000000000
95401  29.699  -4.988  39.652 0.0000000000
101293  31.362  -9.242  47.136 0.0000000000
44641  30.637  -10.209  46.435 0.0000000000
44012  24.008  -10.763  35.620 0.0000000000
43111  24.794  -11.131  35.404 0.0000000000
51210  26.818  -1.311  33.118 0.0000000000
51220  26.845  -1.377  32.284 0.0000000000
60363  45.582  10.748  17.465 0.0000000000
61081  45.869  11.160  17.004 0.0000000000
61088  46.307  11.357  16.386 0.0000000000
61089  45.473  11.342  16.304 0.0000000000
53817  34.288  0.965  26.716 0.0000000000
54630  30.684  2.637  25.952 0.0000000000
54631  29.938  2.316  25.507 0.0000000000
53834  29.406  1.677  25.071 0.0000000000
53792  35.170  2.241  27.703 0.0000000000
53791  35.990  2.190  27.848 0.0000000000
53805  35.356  1.668  27.532 0.0000000000
39099  15.203  -16.615  38.957 0.0000000000
39084  14.493  -16.843  39.589 0.0000000000
43909  24.925  -10.424  43.381 0.0000000000
43897  25.407  -10.963  43.826 0.0000000000
93166  20.599  -10.095  38.364 0.0000000000
43970  21.347  -9.965  38.408 0.0000000000
43983  20.874  -10.188  37.455 0.0000000000
100163  21.962  -10.110  37.716 0.0000000000
43999  20.193  -10.556  36.642 0.0000000000
57600  39.498  6.188  19.824 0.0000000000
57612  39.868  6.663  19.169 0.0000000000
59695  40.776  9.265  16.702 0.0000000000
43885  20.535  -10.980  45.125 0.0000000000
44645  21.973  -9.766  46.298 0.0000000000
55400  39.644  3.764  22.942 0.0000000000
56116  39.915  4.242  22.308 0.0000000000
56117  38.987  4.260  22.376 0.0000000000
40650  17.763  -14.253  44.453 0.0000000000
39004  13.878  -17.212  44.148 0.0000000000
38105  13.514  -17.174  48.056 0.0000000000
100323  11.609  -18.316  45.635 0.0000000000
37214  10.715  -18.851  44.473 0.0000000000
50275  29.002  -2.593  37.437 0.0000000000
51160  28.484  -1.693  38.053 0.0000000000
106156  28.486  -2.337  36.712 0.0000000000
50290  29.231  -2.918  36.538 0.0000000000
49349  29.263  -3.315  35.762 0.0000000000
49339  29.655  -3.382  36.412 0.0000000000
46141  30.604  -7.451  35.406 0.0000000000
45446  30.072  -8.977  35.181 0.0000000000
93706  27.135  -11.168  41.953 0.0000000000
94985  27.837  -11.298  42.008 0.0000000000
43036  27.504  -10.926  41.297 0.0000000000
43966  28.163  -10.460  38.419 0.0000000000
43953  28.778  -9.913  39.713 0.0000000000
43964  29.306  -9.474  39.225 0.0000000000
44715  29.623  -9.073  39.606 0.0000000000
43978  28.874  -10.072  37.865 0.0000000000
55293  31.093  2.803  31.398 0.0000000000
109641  30.619  2.504  30.832 0.0000000000
55343  33.006  3.709  27.503 0.0000000000
56081  32.176  4.180  27.742 0.0000000000
55344  31.541  3.807  27.413 0.0000000000
56056  37.500  4.741  29.628 0.0000000000
55320  35.591  4.096  28.645 0.0000000000
54580  35.814  3.515  28.154 0.0000000000
40688  17.257  -14.336  39.807 0.0000000000
40680  16.885  -14.684  40.404 0.0000000000
101563  21.705  -9.320  42.189 0.0000000000
43947  19.610  -10.590  40.201 0.0000000000
43958  20.089  -10.104  39.686 0.0000000000
43971  20.037  -10.186  38.821 0.0000000000
97516  19.063  -11.278  38.091 0.0000000000
41490  18.076  -13.348  38.706 0.0000000000
41499  18.135  -13.278  37.958 0.0000000000
53828  37.462  1.412  25.708 0.0000000000
54653  37.158  2.678  23.820 0.0000000000
55389  37.541  3.342  23.511 0.0000000000
55404  35.115  3.726  22.499 0.0000000000
95478  17.661  -14.965  45.969 0.0000000000
38976  16.934  -15.886  45.991 0.0000000000
93270  15.884  -16.751  46.186 0.0000000000
37148  12.363  -17.633  48.700 0.0000000000
37174  10.433  -18.883  46.276 0.0000000000
36260  9.690  -19.358  46.360 0.0000000000
36253  8.818  -19.767  47.673 0.0000000000
36261  8.885  -19.919  46.742 0.0000000000
35494  8.157  -20.164  48.896 0.0000000000
35495  7.619  -20.687  48.414 0.0000000000
35488  7.547  -20.578  49.293 0.0000000000
49313  29.571  -3.438  39.164 0.0000000000
50255  29.486  -3.087  39.702 0.0000000000
50268  29.598  -3.413  38.513 0.0000000000
49332  29.745  -4.056  38.112 0.0000000000
47680  29.797  -5.448  38.421 0.0000000000
93537  29.902  -6.077  38.123 0.0000000000
46864  30.146  -6.480  37.577 0.0000000000
105695  24.857  -10.910  38.578 0.0000000000
43072  25.781  -11.156  38.788 0.0000000000
43084  25.665  -11.372  37.153 0.0000000000
43083  26.441  -11.437  37.427 0.0000000000
96627  28.465  0.574  32.035 0.0000000000
52937  28.320  0.506  31.042 0.0000000000
52938  27.725  -0.010  31.710 0.0000000000
51232  26.489  -1.591  30.449 0.0000000000
52097  26.958  -0.907  30.738 0.0000000000
109462  46.697  11.419  15.743 0.0000000000
61104  47.472  11.316  14.680 0.0000000000
109355  35.422  0.565  24.869 0.0000000000
53009  34.714  0.421  24.737 0.0000000000
52992  33.385  0.695  25.632 0.0000000000
108918  33.757  0.360  24.647 0.0000000000
94765  32.232  0.562  24.346 0.0000000000
53807  33.435  2.365  27.016 0.0000000000
53818  33.164  1.740  26.528 0.0000000000
53846  30.829  1.497  24.549 0.0000000000
52994  31.605  1.471  24.980 0.0000000000
112532  31.543  0.536  23.906 0.0000000000
55317  37.234  3.848  28.248 0.0000000000
55316  37.652  3.848  28.242 0.0000000000
53790  36.616  2.244  27.805 0.0000000000
53789  37.165  2.553  27.811 0.0000000000
53788  37.773  2.641  27.605 0.0000000000
53802  37.381  2.069  27.515 0.0000000000
53815  37.604  1.647  26.713 0.0000000000
53816  36.964  1.542  27.139 0.0000000000
52990  35.480  0.588  25.652 0.0000000000
52977  36.175  0.809  26.052 0.0000000000
42992  27.980  -11.801  45.820 0.0000000000
42991  28.782  -11.697  45.656 0.0000000000
43017  26.720  -11.593  43.425 0.0000000000
107014  26.210  -11.086  42.539 0.0000000000
43027  26.911  -11.405  42.576 0.0000000000
43038  25.861  -10.685  41.888 0.0000000000
44704  23.321  -9.490  40.775 0.0000000000
43957  22.987  -9.777  39.440 0.0000000000
43944  24.246  -9.928  40.297 0.0000000000
43955  24.799  -10.302  39.834 0.0000000000
43982  22.595  -10.306  36.869 0.0000000000
96603  22.683  -10.439  35.938 0.0000000000
44014  22.268  -10.590  35.272 0.0000000000
109065  18.675  -12.560  36.406 0.0000000000
42288  18.717  -13.145  35.640 0.0000000000
99584  42.530  6.034  19.491 0.0000000000
58350  39.825  7.867  18.271 0.0000000000
58343  40.263  7.246  18.669 0.0000000000
59033  42.709  8.177  18.110 0.0000000000
59682  42.985  9.077  17.724 0.0000000000
60365  42.971  10.391  17.138 0.0000000000
60370  43.128  10.976  16.639 0.0000000000
43028  20.126  -11.094  42.898 0.0000000000
43029  19.592  -11.739  42.516 0.0000000000
111180  20.212  -11.661  45.199 0.0000000000
42222  19.912  -12.243  44.776 0.0000000000
101408  19.406  -12.834  44.624 0.0000000000
42223  19.566  -12.867  45.357 0.0000000000
105039  19.828  -12.382  46.602 0.0000000000
42215  19.619  -12.947  46.220 0.0000000000
41446  19.269  -13.551  46.689 0.0000000000
40636  18.790  -14.038  46.293 0.0000000000
42958  29.296  -11.448  46.920 0.0000000000
106697  25.677  -11.265  45.432 0.0000000000
44654  23.568  -9.731  45.826 0.0000000000
44666  23.416  -9.523  45.014 0.0000000000
44665  24.151  -9.978  45.178 0.0000000000
44678  22.789  -9.239  43.528 0.0000000000
43912  20.666  -10.477  43.296 0.0000000000
43911  21.247  -9.894  43.652 0.0000000000
43925  19.961  -10.928  41.986 0.0000000000
53861  34.121  0.546  22.948 0.0000000000
56849  39.622  5.150  20.990 0.0000000000
56118  37.233  5.011  22.150 0.0000000000
57593  36.567  6.299  20.939 0.0000000000
56863  38.310  6.212  20.565 0.0000000000
57603  37.024  6.777  20.323 0.0000000000
41472  18.742  -13.102  42.405 0.0000000000
95715  18.376  -13.435  41.881 0.0000000000
108430  18.317  -13.577  42.541 0.0000000000
40664  17.480  -14.343  42.664 0.0000000000
40671  17.502  -14.307  41.770 0.0000000000
39892  16.894  -14.820  42.150 0.0000000000
39901  16.424  -15.047  41.063 0.0000000000
39869  17.077  -15.144  44.752 0.0000000000
39017  15.488  -16.079  43.002 0.0000000000
39881  16.142  -15.552  43.033 0.0000000000
39049  14.431  -16.339  41.269 0.0000000000
39034  14.105  -16.609  41.987 0.0000000000
105028  12.959  -17.185  42.150 0.0000000000
95821  13.403  -16.963  41.690 0.0000000000
38125  14.385  -17.111  46.892 0.0000000000
108446  14.329  -17.207  46.186 0.0000000000
37158  12.357  -17.856  46.993 0.0000000000
38149  12.158  -18.067  45.030 0.0000000000
38167  13.160  -17.403  43.836 0.0000000000
103641  6.540  -20.846  51.197 0.0000000000
56030  31.876  3.837  32.398 0.0000000000
53767  29.906  1.243  32.780 0.0000000000
53762  29.904  1.281  33.618 0.0000000000
52891  28.981  1.112  34.868 0.0000000000
52902  29.133  1.026  34.043 0.0000000000
52056  27.594  0.195  34.080 0.0000000000
52853  28.338  0.196  38.024 0.0000000000
51181  27.156  -1.733  34.807 0.0000000000
111405  27.574  -2.552  34.975 0.0000000000
50304  27.919  -3.237  34.689 0.0000000000
49357  29.529  -4.018  35.206 0.0000000000
49363  29.092  -4.296  34.539 0.0000000000
48537  29.640  -5.570  34.218 0.0000000000
104245  29.905  -4.844  36.804 0.0000000000
48513  29.938  -4.373  36.419 0.0000000000
48512  29.919  -5.048  36.014 0.0000000000
46150  30.324  -6.720  35.159 0.0000000000
46894  30.187  -6.654  34.207 0.0000000000
111956  30.398  -7.521  33.259 0.0000000000
44787  28.620  -9.723  32.167 0.0000000000
43004  29.337  -11.395  44.688 0.0000000000
42989  29.925  -10.968  45.063 0.0000000000
43014  29.808  -10.951  44.172 0.0000000000
43907  30.142  -10.319  43.732 0.0000000000
43918  30.229  -9.767  43.102 0.0000000000
43048  27.887  -10.575  40.733 0.0000000000
43941  29.393  -9.661  40.771 0.0000000000
43931  29.553  -9.832  41.489 0.0000000000
44684  29.967  -9.198  42.411 0.0000000000
44692  29.696  -9.043  41.449 0.0000000000
45400  29.642  -8.363  41.112 0.0000000000
46102  29.670  -7.377  40.729 0.0000000000
46106  29.757  -7.465  39.876 0.0000000000
96534  29.731  -6.688  40.089 0.0000000000
96916  29.774  -6.843  39.574 0.0000000000
46109  29.966  -7.410  39.258 0.0000000000
99362  30.078  -9.077  38.017 0.0000000000
45427  30.546  -8.597  37.656 0.0000000000
45438  30.635  -8.515  36.701 0.0000000000
43993  28.374  -10.624  36.447 0.0000000000
99724  28.048  -10.660  34.679 0.0000000000
108329  29.685  -9.557  35.634 0.0000000000
44028  28.115  -10.282  33.816 0.0000000000
56793  32.076  4.950  30.795 0.0000000000
56792  32.719  5.443  30.489 0.0000000000
54581  30.275  2.818  29.258 0.0000000000
55323  30.792  3.321  29.728 0.0000000000
54594  30.155  2.956  28.382 0.0000000000
102534  29.655  2.549  28.054 0.0000000000
52945  28.217  0.674  30.038 0.0000000000
52953  28.065  0.781  29.059 0.0000000000
52971  27.520  0.194  27.523 0.0000000000
52970  28.078  0.813  27.029 0.0000000000
61760  50.670  11.957  15.211 0.0000000000
109750  50.645  11.663  14.434 0.0000000000
61759  51.396  12.199  14.867 0.0000000000
97714  43.894  11.154  14.667 0.0000000000
56069  34.714  4.496  28.901 0.0000000000
55321  34.146  4.132  28.232 0.0000000000
56070  33.645  4.830  28.808 0.0000000000
56071  32.555  5.009  28.983 0.0000000000
55305  35.441  4.535  29.312 0.0000000000
41491  17.605  -13.992  39.055 0.0000000000
41485  17.761  -13.825  40.001 0.0000000000
43935  20.330  -10.159  41.472 0.0000000000
43061  19.165  -11.146  39.830 0.0000000000
43075  18.734  -11.939  38.663 0.0000000000
53843  36.534  1.145  24.586 0.0000000000
54654  36.374  2.493  23.529 0.0000000000
39843  17.362  -15.387  46.379 0.0000000000
39829  17.372  -15.357  47.063 0.0000000000
50254  29.559  -3.484  39.939 0.0000000000
49312  29.643  -3.957  39.399 0.0000000000
49322  29.684  -4.232  38.655 0.0000000000
105605  29.660  -4.553  39.216 0.0000000000
109041  29.699  -5.063  39.039 0.0000000000
111919  29.811  -6.077  38.699 0.0000000000
43073  25.235  -11.180  37.886 0.0000000000
43085  24.886  -11.111  36.954 0.0000000000
43097  25.420  -11.299  36.205 0.0000000000
95806  24.881  -11.493  34.438 0.0000000000
51221  26.729  -1.498  31.383 0.0000000000
60355  45.372  10.159  17.868 0.0000000000
52979  34.794  0.611  26.156 0.0000000000
52980  34.045  0.679  26.168 0.0000000000
53819  32.389  2.095  26.085 0.0000000000
54629  31.579  2.359  25.769 0.0000000000
53833  31.015  2.147  25.193 0.0000000000
54579  36.536  3.423  28.079 0.0000000000
53803  36.502  1.561  27.382 0.0000000000
52978  35.509  0.744  26.350 0.0000000000
39927  15.902  -16.151  38.638 0.0000000000
38197  14.188  -17.607  39.500 0.0000000000
39085  13.800  -17.151  40.182 0.0000000000
42994  26.466  -11.640  45.190 0.0000000000
43007  26.973  -11.838  44.395 0.0000000000
43008  26.101  -11.460  44.263 0.0000000000
43908  25.579  -10.862  42.989 0.0000000000
44717  21.343  -9.681  39.629 0.0000000000
44705  22.625  -9.499  40.129 0.0000000000
44716  22.077  -9.613  39.544 0.0000000000
43968  23.394  -10.170  38.820 0.0000000000
93738  21.703  -10.243  36.889 0.0000000000
44015  21.430  -10.591  35.450 0.0000000000
44016  20.603  -10.703  35.662 0.0000000000
43112  20.230  -11.216  35.100 0.0000000000
48543  28.863  -5.161  33.251 0.0000000000
56860  41.043  5.429  20.207 0.0000000000
59035  40.378  8.275  17.965 0.0000000000
59046  40.273  8.771  17.245 0.0000000000
59694  41.474  9.573  17.027 0.0000000000
60367  41.830  10.063  16.717 0.0000000000
60372  41.840  10.350  16.139 0.0000000000
43900  20.789  -10.612  44.273 0.0000000000
44655  22.700  -9.514  45.666 0.0000000000
108753  21.690  -9.679  44.737 0.0000000000
39002  16.257  -16.080  44.691 0.0000000000
39018  14.578  -16.584  42.983 0.0000000000
38174  12.988  -17.269  42.950 0.0000000000
38104  14.341  -17.005  47.718 0.0000000000
38161  11.887  -18.079  44.190 0.0000000000
37213  11.253  -18.472  43.972 0.0000000000
53751  30.560  1.659  34.061 0.0000000000
53739  30.526  1.662  34.976 0.0000000000
107492  29.724  1.371  35.149 0.0000000000
51141  28.707  -1.650  38.914 0.0000000000
52013  28.073  -0.669  37.637 0.0000000000
52021  27.790  -0.550  36.751 0.0000000000
94002  28.313  -2.973  35.353 0.0000000000
47695  29.839  -5.791  36.484 0.0000000000
47705  29.854  -5.681  35.799 0.0000000000
46883  30.030  -6.277  35.838 0.0000000000
46151  30.489  -7.289  34.438 0.0000000000
45465  30.378  -7.870  33.731 0.0000000000
44761  29.281  -9.282  33.665 0.0000000000
43016  28.270  -11.744  43.606 0.0000000000
94712  28.868  -11.379  42.962 0.0000000000
107840  29.094  -11.000  42.401 0.0000000000
43069  27.650  -10.598  39.070 0.0000000000
43057  28.260  -10.233  40.219 0.0000000000
44703  29.555  -9.177  40.344 0.0000000000
44702  29.636  -8.889  40.653 0.0000000000
44714  29.722  -8.756  39.923 0.0000000000
44723  29.934  -8.651  39.202 0.0000000000
45416  30.247  -8.045  38.909 0.0000000000
44733  29.509  -9.679  37.375 0.0000000000
44011  27.580  -11.051  35.090 0.0000000000
44029  27.488  -10.874  34.183 0.0000000000
44047  27.419  -10.703  33.164 0.0000000000
43142  27.012  -11.316  32.601 0.0000000000
56043  31.903  4.294  31.606 0.0000000000
56062  31.685  4.165  30.921 0.0000000000
97494  31.324  3.457  30.946 0.0000000000
54571  30.417  2.647  30.120 0.0000000000
54582  29.847  2.217  29.675 0.0000000000
52961  27.406  0.134  28.547 0.0000000000
61103  48.155  11.456  15.038 0.0000000000
54605  34.281  2.192  27.379 0.0000000000
111565  33.198  3.123  27.210 0.0000000000
54606  32.848  2.947  26.913 0.0000000000
54607  32.061  3.291  26.742 0.0000000000
54619  30.536  2.949  26.604 0.0000000000
55302  37.138  4.306  28.813 0.0000000000
55318  36.885  3.846  28.286 0.0000000000
109053  35.350  2.966  27.910 0.0000000000
40698  16.845  -15.104  38.655 0.0000000000
39916  16.264  -15.427  39.029 0.0000000000
39910  15.675  -15.575  40.396 0.0000000000
108423  23.710  -9.481  43.422 0.0000000000
43910  24.386  -9.896  42.946 0.0000000000
44686  23.601  -9.403  42.684 0.0000000000
44695  22.487  -9.245  41.538 0.0000000000
44697  20.836  -9.604  40.933 0.0000000000
44706  21.614  -9.472  40.333 0.0000000000
44718  20.782  -9.886  39.146 0.0000000000
43984  20.084  -10.318  37.985 0.0000000000
44000  19.475  -11.128  36.570 0.0000000000
43985  19.602  -10.761  37.469 0.0000000000
43099  18.734  -12.107  37.034 0.0000000000
42268  18.392  -12.800  37.321 0.0000000000
58344  39.333  7.386  18.720 0.0000000000
101785  38.501  7.415  18.683 0.0000000000
43872  21.307  -10.192  46.853 0.0000000000
54627  38.737  2.168  25.372 0.0000000000
54640  38.462  2.551  24.538 0.0000000000
54641  37.587  2.234  24.455 0.0000000000
101903  38.475  3.191  23.723 0.0000000000
56119  36.436  4.765  22.435 0.0000000000
55403  35.905  4.144  22.698 0.0000000000
56120  35.774  4.876  22.276 0.0000000000
94799  18.060  -14.221  45.148 0.0000000000
39855  17.565  -14.698  45.194 0.0000000000
38988  16.820  -15.740  45.129 0.0000000000
100272  15.808  -16.550  44.995 0.0000000000
38990  15.144  -16.910  44.871 0.0000000000
37159  11.426  -18.282  47.112 0.0000000000
37173  11.114  -18.494  46.268 0.0000000000
105300  9.666  -19.501  45.593 0.0000000000
50256  29.265  -2.564  39.717 0.0000000000
51140  28.908  -1.661  39.696 0.0000000000
51151  29.121  -2.384  39.155 0.0000000000
94800  29.516  -3.121  38.035 0.0000000000
48502  29.881  -4.271  37.388 0.0000000000
108219  29.881  -4.938  37.662 0.0000000000
94729  29.833  -5.297  36.948 0.0000000000
46872  30.087  -6.354  36.703 0.0000000000
45444  30.782  -7.622  36.351 0.0000000000
43050  26.105  -10.600  40.704 0.0000000000
95575  26.595  -10.707  40.147 0.0000000000
43058  27.171  -10.692  39.581 0.0000000000
43071  26.568  -11.274  38.364 0.0000000000
109214  27.645  -10.844  38.422 0.0000000000
43081  27.858  -10.843  37.820 0.0000000000
43980  27.787  -10.988  37.012 0.0000000000
43095  26.965  -11.388  35.527 0.0000000000
102034  26.246  -11.440  35.868 0.0000000000
43122  26.184  -11.594  33.963 0.0000000000
53770  29.993  1.520  31.429 0.0000000000
105339  29.217  1.006  31.463 0.0000000000
52946  27.769  0.141  30.474 0.0000000000
103130  27.462  -0.310  30.959 0.0000000000
52096  27.231  -0.368  30.149 0.0000000000
52104  27.021  -0.412  29.264 0.0000000000
61750  49.068  11.835  16.375 0.0000000000
61086  48.215  11.641  16.831 0.0000000000
52993  32.369  0.975  25.174 0.0000000000
53829  36.753  1.004  25.401 0.0000000000
105633  36.490  1.139  26.787 0.0000000000
53844  35.865  0.849  24.306 0.0000000000
43867  29.936  -11.111  46.602 0.0000000000
106675  30.256  -10.687  46.297 0.0000000000
42990  29.396  -11.392  45.419 0.0000000000
107939  28.913  -11.679  45.081 0.0000000000
43005  28.668  -11.742  44.476 0.0000000000
111048  27.465  -11.851  43.823 0.0000000000
96783  26.527  -10.988  41.948 0.0000000000
104554  26.193  -10.721  41.505 0.0000000000
43922  24.445  -9.872  42.054 0.0000000000
43933  25.199  -10.283  41.522 0.0000000000
43039  25.724  -10.473  41.111 0.0000000000
43060  25.228  -10.705  39.378 0.0000000000
110375  24.338  -10.722  38.431 0.0000000000
105670  23.810  -10.518  38.240 0.0000000000
43996  23.361  -10.512  36.251 0.0000000000
104073  19.384  -11.512  35.925 0.0000000000
42287  19.115  -12.235  35.598 0.0000000000
50316  26.851  -2.953  32.951 0.0000000000
59030  43.718  7.716  18.520 0.0000000000
58342  41.149  7.284  18.584 0.0000000000
58349  41.136  7.970  18.184 0.0000000000
58341  41.955  7.576  18.376 0.0000000000
59029  44.510  8.196  18.590 0.0000000000
107139  44.404  9.814  17.756 0.0000000000
59692  43.380  9.818  17.499 0.0000000000
61090  44.603  11.340  16.218 0.0000000000
61091  43.722  11.318  16.100 0.0000000000
42236  19.099  -12.357  42.064 0.0000000000
95841  19.196  -12.638  43.097 0.0000000000
43010  20.035  -11.923  44.080 0.0000000000
41465  18.870  -13.193  44.055 0.0000000000
42995  20.320  -11.341  45.820 0.0000000000
104259  20.169  -11.328  47.173 0.0000000000
40642  18.593  -13.907  45.483 0.0000000000
40637  18.417  -14.391  46.663 0.0000000000
40630  18.310  -14.423  47.192 0.0000000000
43850  30.389  -10.618  46.984 0.0000000000
43851  29.917  -11.086  47.416 0.0000000000
42974  28.613  -11.665  46.388 0.0000000000
42975  27.722  -11.701  46.627 0.0000000000
43882  25.399  -11.060  44.701 0.0000000000
43898  24.715  -10.380  44.397 0.0000000000
44676  24.015  -9.771  44.517 0.0000000000
44668  21.874  -9.482  44.027 0.0000000000
43923  21.093  -9.767  42.769 0.0000000000
53866  34.416  1.392  22.406 0.0000000000
56847  41.745  5.111  20.864 0.0000000000
56848  40.663  5.062  20.933 0.0000000000
57601  38.688  6.417  20.076 0.0000000000
56132  38.270  4.858  21.877 0.0000000000
40670  17.954  -13.951  42.209 0.0000000000
100726  16.636  -15.083  43.043 0.0000000000
39880  16.473  -15.339  43.658 0.0000000000
39893  16.303  -15.341  42.301 0.0000000000
39902  15.843  -15.558  41.457 0.0000000000
39067  15.023  -15.948  40.778 0.0000000000
101326  13.914  -16.728  40.775 0.0000000000
39050  13.411  -17.081  40.935 0.0000000000
38189  13.139  -17.655  40.603 0.0000000000
38159  14.282  -17.219  44.793 0.0000000000
93943  13.156  -17.452  47.195 0.0000000000
100576  13.151  -17.633  45.948 0.0000000000
38147  13.778  -17.402  45.552 0.0000000000
38169  11.743  -18.100  42.864 0.0000000000
99856  7.465  -20.503  50.025 0.0000000000
35489  6.998  -21.003  49.790 0.0000000000
34728  6.423  -21.575  49.430 0.0000000000
54562  31.457  2.896  32.370 0.0000000000
97160  30.984  2.281  32.036 0.0000000000
53766  30.466  1.688  32.233 0.0000000000
52926  29.211  0.946  32.408 0.0000000000
52927  28.512  0.653  32.896 0.0000000000
105965  27.837  0.342  33.357 0.0000000000
52057  27.193  -0.408  33.458 0.0000000000
51196  26.852  -1.460  33.997 0.0000000000
52877  28.930  1.212  35.805 0.0000000000
52892  28.084  0.659  35.362 0.0000000000
52032  27.573  -0.304  35.847 0.0000000000
109566  27.525  -0.033  34.947 0.0000000000
50305  26.782  -2.283  33.566 0.0000000000
49365  27.376  -3.337  33.897 0.0000000000
48539  28.599  -4.528  33.845 0.0000000000
47727  29.458  -5.740  33.509 0.0000000000
48524  29.838  -4.659  35.472 0.0000000000
107984  29.776  -5.297  34.820 0.0000000000
112194  30.188  -7.005  32.798 0.0000000000
46172  30.258  -7.301  32.853 0.0000000000
45475  29.812  -8.593  32.215 0.0000000000
44786  29.339  -9.304  31.786 0.0000000000
98595  29.892  -4.719  41.073 0.0000000000
43866  30.340  -10.424  45.611 0.0000000000
43880  30.686  -9.809  45.081 0.0000000000
43895  30.451  -9.959  44.330 0.0000000000
44664  30.701  -9.423  44.344 0.0000000000
45391  30.595  -8.060  43.646 0.0000000000
43035  28.213  -10.944  41.437 0.0000000000
43920  29.427  -10.388  42.106 0.0000000000
43932  29.173  -10.230  41.228 0.0000000000
109862  29.722  -9.914  42.124 0.0000000000
97386  29.932  -9.728  42.433 0.0000000000
46093  30.196  -7.234  43.089 0.0000000000
99257  29.865  -5.824  41.168 0.0000000000
47672  29.747  -5.443  39.988 0.0000000000
46849  29.849  -6.580  39.080 0.0000000000
46122  30.526  -7.123  37.873 0.0000000000
45437  30.841  -7.806  37.296 0.0000000000
44743  29.629  -9.682  36.474 0.0000000000
44046  27.970  -10.155  32.660 0.0000000000
56802  32.177  5.119  29.908 0.0000000000
95609  31.660  4.511  30.108 0.0000000000
55322  31.246  4.131  29.320 0.0000000000
55333  31.238  4.087  28.283 0.0000000000
55345  30.665  3.538  27.884 0.0000000000
54608  30.074  2.932  27.415 0.0000000000
53774  29.389  1.633  30.060 0.0000000000
53781  29.239  1.827  29.156 0.0000000000
53794  28.615  1.413  28.591 0.0000000000
53793  29.194  2.009  28.247 0.0000000000
53820  29.024  2.012  26.748 0.0000000000
94250  29.150  1.949  25.931 0.0000000000
61096  45.108  11.407  15.467 0.0000000000
61105  45.645  11.278  14.700 0.0000000000
61115  45.258  10.902  13.967 0.0000000000
43026  28.107  -11.550  42.725 0.0000000000
43034  28.867  -10.758  41.697 0.0000000000
43086  19.047  -11.463  37.224 0.0000000000
43959  19.525  -10.570  39.326 0.0000000000
52112  26.589  -0.880  28.171 0.0000000000
55307  30.935  3.068  30.549 0.0000000000
93174  28.278  -11.840  45.119 0.0000000000
98947  29.787  -5.929  40.333 0.0000000000
107864  29.535  1.431  30.817 0.0000000000
107952  29.747  -8.582  41.910 0.0000000000
110266  29.837  -9.351  37.736 0.0000000000
