#!ascii label  , from subject sub-v2s7x29674_ses-1 vox2ras=TkReg
1666
10941  41.904  -56.942  -20.306 0.2000000030
10940  42.547  -56.540  -20.096 0.2000000030
10953  42.989  -57.104  -21.240 0.2000000030
10936  41.172  -57.128  -19.802 0.2000000030
10304  43.774  -58.769  -22.150 0.1000000015
10934  42.706  -56.587  -19.405 0.3000000119
10939  43.272  -56.477  -20.704 0.2000000030
10289  42.873  -58.017  -21.568 0.1000000015
10290  41.922  -58.220  -21.275 0.2000000030
10288  43.691  -57.604  -21.877 0.1000000015
10303  44.532  -58.254  -22.672 0.1000000015
9643  43.775  -59.642  -22.418 0.1000000015
10317  45.466  -57.399  -24.636 0.1000000015
9641  44.738  -58.845  -23.258 0.1000000015
9653  44.879  -58.537  -23.896 0.1000000015
10348  45.170  -57.126  -25.241 0.2000000030
10329  44.993  -57.864  -24.595 0.1000000015
11632  45.738  -55.612  -22.501 0.1000000015
10952  43.754  -56.745  -21.496 0.2000000030
94509  45.106  -57.383  -23.025 0.1000000015
10951  44.430  -56.426  -21.787 0.1000000015
10968  44.349  -57.026  -22.240 0.1000000015
10991  45.693  -56.780  -25.107 0.1000000015
11668  44.906  -55.860  -25.747 0.2000000030
11003  45.345  -56.342  -25.516 0.2000000030
11685  44.206  -55.618  -25.946 0.1000000015
11004  44.509  -56.373  -25.649 0.2000000030
11686  43.391  -55.258  -26.447 0.2000000030
101736  42.902  -55.522  -26.588 0.1000000015
11694  42.255  -55.081  -27.597 0.1000000015
93504  45.593  -56.704  -23.439 0.1000000015
10966  46.015  -55.781  -23.382 0.1000000015
10980  45.952  -56.577  -24.340 0.1000000015
12973  44.202  -54.326  -26.209 0.2000000030
12336  43.260  -54.642  -26.862 0.2000000030
12974  42.491  -54.301  -27.613 0.2000000030
112740  42.778  -54.651  -27.299 0.2000000030
12344  42.028  -54.683  -27.995 0.1000000015
12345  41.386  -54.398  -28.393 0.2000000030
11643  46.353  -55.383  -24.252 0.1000000015
11666  46.024  -55.137  -25.338 0.2000000030
12960  45.006  -53.959  -25.697 0.2000000030
12323  44.944  -54.544  -25.796 0.3000000119
12975  41.957  -53.478  -28.380 0.3000000119
12984  41.656  -54.011  -28.463 0.2000000030
12992  41.135  -53.798  -28.853 0.2000000030
12337  40.494  -54.635  -27.654 0.2000000030
12322  45.558  -54.816  -25.562 0.2000000030
12962  42.452  -53.289  -27.054 0.3000000119
13632  42.010  -52.645  -27.633 0.3000000119
13641  41.689  -52.657  -28.910 0.3000000119
103299  41.328  -53.289  -29.031 0.2000000030
12346  40.557  -54.261  -28.214 0.2000000030
12338  39.878  -54.214  -27.370 0.2000000030
14332  41.744  -51.787  -26.676 0.4000000060
97126  43.423  -53.985  -26.812 0.2000000030
13652  41.180  -52.580  -29.425 0.3000000119
12993  40.774  -53.744  -28.828 0.2000000030
13653  40.977  -52.601  -29.534 0.2000000030
12985  40.143  -53.713  -28.211 0.2000000030
99330  41.896  -51.215  -27.652 0.3000000119
14360  41.146  -51.749  -29.451 0.2000000030
14352  40.162  -51.691  -28.545 0.2000000030
14340  39.522  -51.667  -27.490 0.1000000015
12994  40.498  -53.051  -28.956 0.2000000030
13633  39.371  -52.702  -27.368 0.2000000030
109565  39.799  -53.139  -28.109 0.2000000030
12976  39.497  -53.511  -27.372 0.2000000030
15083  41.969  -51.003  -28.730 0.3000000119
14339  41.889  -51.864  -28.306 0.3000000119
15827  42.092  -50.164  -28.857 0.2000000030
15093  41.536  -50.768  -29.160 0.3000000119
15092  41.880  -49.891  -28.980 0.2000000030
14350  41.514  -51.761  -29.177 0.3000000119
15102  41.242  -50.905  -29.356 0.1000000015
14351  40.732  -51.286  -29.182 0.1000000015
15084  39.532  -50.658  -27.153 0.1000000015
15095  40.098  -50.929  -28.218 0.1000000015
15094  40.887  -50.395  -28.943 0.1000000015
15819  42.250  -50.336  -27.805 0.3000000119
107879  42.434  -49.922  -28.380 0.2000000030
92750  43.271  -48.665  -28.405 0.2000000030
15826  42.325  -49.444  -28.662 0.1000000015
16551  42.497  -48.899  -28.704 0.1000000015
16560  41.875  -49.266  -28.915 0.1000000015
15101  41.510  -50.396  -29.169 0.1000000015
15829  40.074  -50.026  -27.719 0.1000000015
111136  39.566  -50.090  -26.961 0.1000000015
15818  42.875  -49.453  -28.016 0.2000000030
17271  43.411  -48.197  -28.691 0.1000000015
17272  42.277  -48.207  -28.556 0.1000000015
16552  41.815  -48.795  -28.720 0.1000000015
16553  40.953  -48.829  -28.209 0.1000000015
16561  41.512  -49.284  -28.797 0.1000000015
16545  40.429  -48.408  -27.271 0.1000000015
15820  40.245  -49.168  -27.497 0.1000000015
15828  40.847  -49.546  -28.471 0.1000000015
17258  42.589  -47.503  -28.150 0.1000000015
16546  39.803  -48.807  -26.603 0.1000000015
104353  39.658  -49.573  -26.815 0.1000000015
17257  43.514  -47.485  -28.387 0.1000000015
10302  45.086  -58.194  -23.489 0.1000000015
10967  45.135  -56.351  -22.550 0.1000000015
11017  43.524  -55.856  -26.011 0.1000000015
17055  45.073  -47.158  -6.804 0.5000000000
17735  46.684  -46.720  -6.422 0.5000000000
17736  45.538  -46.537  -6.563 0.5000000000
17737  44.586  -46.492  -6.671 0.5000000000
17749  43.583  -47.133  -7.161 0.5000000000
19084  50.127  -44.180  -5.767 0.2000000030
18391  49.819  -45.248  -5.731 0.2000000030
19085  48.903  -44.501  -6.144 0.3000000119
18392  47.423  -45.499  -6.309 0.3000000119
18393  46.192  -45.813  -6.408 0.5000000000
98605  44.495  -45.062  -6.437 0.5000000000
18394  45.005  -45.793  -6.496 0.5000000000
18395  44.058  -45.801  -6.546 0.5000000000
17738  43.728  -46.556  -6.794 0.5000000000
17067  43.993  -47.611  -7.533 0.5000000000
17750  42.849  -46.755  -7.053 0.5000000000
16364  43.713  -47.929  -8.227 0.5000000000
15649  44.489  -49.452  -9.585 0.5000000000
106708  49.163  -43.443  -6.189 0.3000000119
99151  46.818  -43.836  -6.449 0.3000000119
98606  45.406  -45.046  -6.419 0.5000000000
95194  43.139  -45.921  -6.617 0.5000000000
17068  43.203  -47.381  -7.730 0.5000000000
17083  42.805  -47.709  -8.546 0.5000000000
14208  45.934  -51.765  -11.587 0.4000000060
14199  44.956  -51.325  -11.074 0.5000000000
14922  44.579  -50.111  -10.116 0.5000000000
15641  44.007  -48.782  -9.240 0.5000000000
14213  46.758  -51.530  -12.530 0.4000000060
19813  50.452  -43.195  -5.786 0.3000000119
19814  47.864  -42.993  -6.426 0.4000000060
19815  45.963  -43.352  -6.552 0.4000000060
19088  44.936  -44.431  -6.432 0.5000000000
19089  44.247  -44.226  -6.440 0.5000000000
18396  43.525  -44.945  -6.436 0.5000000000
107495  43.549  -43.993  -6.422 0.5000000000
99983  42.516  -45.218  -6.508 0.5000000000
17739  42.261  -46.049  -6.732 0.5000000000
17069  42.323  -47.126  -7.831 0.5000000000
109582  42.893  -48.187  -9.155 0.6000000238
14934  44.211  -50.542  -10.776 0.5000000000
15650  43.755  -49.106  -9.760 0.5000000000
16387  43.311  -48.634  -9.473 0.5000000000
14212  47.566  -51.492  -12.948 0.4000000060
13505  47.655  -51.849  -12.256 0.4000000060
14209  44.897  -51.468  -11.879 0.5000000000
19785  44.878  -42.756  -3.531 0.1000000015
20423  46.362  -41.583  -3.494 0.1000000015
21086  45.774  -40.813  -3.697 0.1000000015
20422  47.442  -41.551  -3.692 0.1000000015
21085  47.228  -41.121  -3.791 0.1000000015
21817  45.981  -40.393  -4.654 0.1000000015
20421  48.546  -41.234  -3.966 0.1000000015
21816  47.521  -40.533  -4.935 0.1000000015
97455  46.698  -40.382  -5.087 0.1000000015
20452  50.582  -42.173  -5.738 0.2000000030
21108  49.840  -40.985  -5.464 0.1000000015
108574  48.873  -42.447  -6.336 0.3000000119
19816  45.044  -43.498  -6.536 0.5000000000
20454  48.051  -41.664  -6.494 0.4000000060
99522  46.802  -42.608  -6.642 0.4000000060
19817  44.121  -43.266  -6.563 0.4000000060
19090  42.790  -44.274  -6.405 0.5000000000
19091  41.778  -44.546  -6.453 0.5000000000
18397  41.658  -45.474  -6.640 0.5000000000
17084  41.742  -47.333  -8.659 0.5000000000
15657  43.846  -49.726  -10.286 0.5000000000
14943  44.187  -51.024  -11.626 0.5000000000
93353  47.048  -51.217  -13.276 0.4000000060
13507  48.270  -52.004  -13.994 0.5000000000
20413  41.768  -42.451  -1.869 0.1000000015
19787  42.569  -43.128  -3.157 0.1000000015
96890  43.299  -42.789  -3.160 0.1000000015
19786  44.007  -42.777  -3.360 0.1000000015
107222  45.458  -41.953  -3.297 0.1000000015
97246  45.573  -41.240  -3.288 0.1000000015
21087  44.942  -40.844  -3.289 0.1000000015
20425  43.775  -42.026  -2.713 0.1000000015
20424  44.690  -41.727  -3.046 0.1000000015
21802  45.179  -40.359  -4.195 0.1000000015
22542  43.069  -39.168  -7.254 0.2000000030
96411  49.696  -41.229  -4.410 0.1000000015
21815  48.652  -40.681  -4.919 0.1000000015
21830  47.000  -40.419  -5.810 0.1000000015
21831  46.132  -40.127  -5.989 0.1000000015
106193  44.702  -39.976  -7.120 0.2000000030
21109  47.930  -40.638  -5.853 0.2000000030
21110  46.639  -40.456  -6.377 0.1000000015
93889  46.064  -40.633  -6.780 0.2000000030
94500  44.143  -41.030  -7.369 0.2000000030
97441  42.811  -39.772  -7.513 0.2000000030
21842  42.267  -39.063  -7.289 0.2000000030
21120  47.344  -40.849  -6.387 0.2000000030
20455  46.649  -41.370  -6.814 0.2000000030
20456  45.590  -41.268  -7.072 0.3000000119
20458  43.239  -41.869  -6.919 0.3000000119
19819  42.217  -42.675  -6.604 0.4000000060
19818  43.162  -43.152  -6.538 0.5000000000
106037  42.642  -48.440  -9.700 0.5000000000
99253  42.279  -43.674  -6.431 0.4000000060
15659  41.936  -48.932  -11.070 0.5000000000
16397  41.487  -48.311  -10.515 0.5000000000
16388  42.016  -48.186  -9.880 0.5000000000
14936  42.724  -49.897  -11.465 0.5000000000
15658  42.560  -49.324  -10.869 0.5000000000
16396  42.291  -48.703  -10.351 0.5000000000
109139  41.586  -46.075  -6.880 0.5000000000
14935  43.446  -50.422  -11.402 0.5000000000
94119  43.200  -49.773  -10.815 0.5000000000
17097  41.372  -47.713  -9.620 0.5000000000
14214  45.430  -51.290  -12.612 0.5000000000
15651  43.091  -49.075  -10.177 0.5000000000
16378  42.253  -47.895  -9.260 0.6000000238
110507  43.651  -50.129  -10.803 0.5000000000
14218  47.577  -51.466  -13.744 0.4000000060
20403  41.556  -42.555  -1.221 0.1000000015
19774  42.095  -42.675  -2.523 0.1000000015
20412  42.650  -42.058  -2.110 0.1000000015
21079  42.887  -41.323  -2.036 0.1000000015
21784  42.530  -40.570  -1.457 0.1000000015
20426  42.950  -42.376  -2.650 0.1000000015
20411  43.351  -41.566  -2.256 0.1000000015
21088  43.985  -41.053  -2.844 0.1000000015
92730  44.203  -40.260  -4.018 0.1000000015
22518  43.073  -39.122  -5.655 0.1000000015
21832  45.183  -39.871  -6.388 0.1000000015
22530  42.793  -38.751  -6.702 0.2000000030
21833  44.340  -39.526  -6.581 0.1000000015
22517  43.524  -39.129  -6.676 0.2000000030
21122  43.349  -40.586  -7.430 0.3000000119
21123  42.287  -40.740  -7.333 0.3000000119
106844  41.851  -40.043  -7.510 0.2000000030
20459  42.538  -41.548  -7.000 0.3000000119
20460  41.570  -41.860  -6.780 0.3000000119
99233  41.481  -43.628  -6.428 0.4000000060
110304  41.260  -42.869  -6.491 0.4000000060
17106  40.130  -47.797  -11.179 0.5000000000
16389  40.708  -47.791  -10.384 0.5000000000
111598  40.899  -44.306  -6.458 0.5000000000
17798  38.868  -47.045  -11.240 0.5000000000
17787  39.043  -47.016  -10.353 0.5000000000
17776  39.671  -47.061  -9.664 0.5000000000
17098  40.461  -47.365  -9.690 0.5000000000
17085  40.864  -47.203  -9.009 0.6000000238
19092  40.882  -45.051  -6.603 0.5000000000
102325  38.465  -46.537  -9.970 0.5000000000
17777  39.011  -46.725  -9.604 0.5000000000
106104  40.183  -47.007  -9.166 0.6000000238
17751  41.492  -46.806  -7.908 0.5000000000
17761  41.048  -46.928  -8.428 0.5000000000
12226  47.747  -53.864  -15.231 0.4000000060
13509  48.215  -52.431  -14.788 0.4000000060
13504  48.142  -51.863  -12.977 0.4000000060
21773  41.343  -39.748  -0.597 0.1000000015
21794  40.931  -40.523  -2.101 0.1000000015
21792  42.693  -40.885  -1.988 0.1000000015
101517  42.461  -40.584  -2.498 0.1000000015
100472  41.687  -40.366  -2.826 0.1000000015
21078  43.138  -40.801  -2.498 0.1000000015
21804  42.579  -40.192  -3.385 0.1000000015
92953  43.268  -39.833  -4.377 0.1000000015
21820  42.431  -39.411  -4.629 0.1000000015
105935  41.646  -39.004  -4.905 0.2000000030
22531  41.646  -38.306  -5.983 0.2000000030
100581  42.068  -38.443  -6.693 0.2000000030
22543  41.498  -38.548  -7.153 0.2000000030
21864  38.078  -40.653  -10.382 0.2000000030
21843  41.243  -39.476  -7.408 0.2000000030
21145  37.715  -41.427  -10.210 0.2000000030
92775  37.167  -41.361  -9.474 0.2000000030
21141  36.815  -41.357  -8.501 0.2000000030
21124  41.447  -40.973  -7.113 0.2000000030
21146  37.267  -42.157  -10.047 0.2000000030
104231  36.794  -42.877  -8.925 0.2000000030
19828  36.924  -43.319  -8.257 0.2000000030
20472  36.784  -42.298  -8.090 0.3000000119
20470  37.227  -42.928  -7.237 0.2000000030
19826  37.732  -43.695  -6.963 0.4000000060
102196  37.046  -43.886  -10.803 0.2000000030
19832  36.896  -43.565  -10.134 0.3000000119
19830  36.846  -43.726  -9.243 0.3000000119
19104  37.184  -44.307  -8.324 0.4000000060
108618  37.301  -43.736  -7.619 0.3000000119
19822  38.460  -43.700  -6.627 0.5000000000
106900  39.768  -43.046  -6.395 0.4000000060
19820  40.459  -43.562  -6.408 0.5000000000
17789  37.624  -45.831  -10.830 0.5000000000
18438  37.274  -45.265  -10.418 0.4000000060
18425  37.274  -45.243  -9.574 0.4000000060
18416  37.426  -45.154  -8.746 0.4000000060
18415  38.093  -45.673  -8.467 0.5000000000
19096  38.357  -44.779  -7.232 0.5000000000
19825  38.159  -44.215  -6.910 0.5000000000
19093  39.948  -44.568  -6.561 0.5000000000
18437  37.781  -45.975  -9.975 0.5000000000
18424  38.442  -46.267  -9.165 0.5000000000
18414  38.996  -46.055  -8.283 0.5000000000
17763  39.508  -46.623  -8.923 0.5000000000
97899  40.736  -46.545  -7.947 0.5000000000
17741  40.389  -46.089  -7.357 0.5000000000
18398  40.963  -45.766  -6.885 0.5000000000
111707  40.146  -39.701  -0.171 0.1000000015
108405  40.576  -39.922  -0.547 0.1000000015
21775  38.968  -40.331  -0.935 0.1000000015
104683  40.172  -40.444  -1.659 0.1000000015
110075  39.442  -40.421  -1.664 0.1000000015
21795  39.973  -40.334  -2.337 0.1000000015
21796  39.124  -40.247  -2.375 0.1000000015
21805  40.654  -40.063  -3.132 0.1000000015
22509  40.085  -39.550  -3.638 0.1000000015
111638  41.625  -39.746  -3.803 0.1000000015
110435  40.824  -39.345  -4.143 0.2000000030
22520  40.064  -38.867  -4.382 0.2000000030
22532  40.948  -38.584  -5.123 0.2000000030
23251  41.455  -38.207  -6.666 0.2000000030
22569  37.625  -39.798  -10.068 0.1000000015
21865  37.432  -40.582  -9.752 0.2000000030
21125  40.854  -40.564  -7.113 0.2000000030
104276  37.805  -39.009  -10.355 0.1000000015
22566  37.174  -39.750  -9.250 0.1000000015
21862  36.973  -40.529  -8.873 0.1000000015
100289  37.042  -42.031  -7.145 0.1000000015
20461  40.555  -42.539  -6.505 0.3000000119
94874  40.647  -41.568  -6.739 0.2000000030
21135  37.342  -41.390  -6.775 0.1000000015
20464  37.606  -42.176  -6.646 0.1000000015
19823  37.992  -42.985  -6.555 0.3000000119
20462  39.621  -42.188  -6.469 0.2000000030
18406  38.631  -45.439  -7.703 0.5000000000
19095  39.216  -45.109  -7.014 0.5000000000
19094  38.885  -44.375  -6.750 0.5000000000
18405  39.525  -45.791  -7.486 0.5000000000
18399  40.130  -45.452  -6.874 0.5000000000
17752  39.912  -46.347  -8.067 0.5000000000
22463  40.042  -38.890  0.467 0.1000000015
22464  38.996  -39.216  0.515 0.1000000015
22482  38.468  -39.924  -0.240 0.1000000015
21776  38.062  -40.230  -1.116 0.1000000015
22483  37.517  -39.816  -0.456 0.1000000015
21787  38.621  -40.348  -1.748 0.1000000015
21807  38.759  -39.847  -2.967 0.1000000015
21797  37.830  -40.166  -1.959 0.1000000015
93920  39.312  -39.392  -3.622 0.1000000015
23240  40.424  -38.186  -5.252 0.2000000030
23252  40.910  -37.930  -6.172 0.2000000030
23253  40.184  -37.625  -5.809 0.2000000030
99345  40.628  -38.927  -7.370 0.2000000030
23293  37.509  -38.445  -9.964 0.1000000015
103669  37.366  -39.032  -9.640 0.1000000015
22562  37.082  -39.684  -8.281 0.1000000015
21858  36.891  -40.505  -7.861 0.1000000015
110448  39.401  -40.658  -6.766 0.1000000015
21126  39.803  -41.146  -6.696 0.2000000030
21844  40.095  -40.068  -7.137 0.2000000030
22557  37.395  -39.758  -7.528 0.1000000015
21851  37.249  -40.573  -7.066 0.1000000015
21128  37.966  -41.528  -6.477 0.1000000015
20463  38.531  -42.135  -6.420 0.2000000030
112553  39.175  -41.684  -6.490 0.2000000030
23197  37.486  -38.671  0.895 0.1000000015
22465  37.972  -39.363  0.408 0.1000000015
23932  36.089  -37.770  1.018 0.1000000015
22466  37.018  -39.263  0.156 0.1000000015
23199  35.791  -38.359  0.221 0.1000000015
22485  36.000  -39.133  -0.970 0.1000000015
22502  37.070  -39.727  -2.244 0.1000000015
22493  37.203  -39.939  -1.365 0.1000000015
22501  37.890  -39.804  -2.736 0.1000000015
23231  37.439  -38.644  -3.892 0.1000000015
22521  39.136  -38.714  -4.213 0.1000000015
22522  38.371  -38.418  -4.289 0.1000000015
103720  39.071  -38.141  -4.715 0.1000000015
23241  39.741  -38.179  -4.922 0.2000000030
23261  40.221  -37.534  -6.713 0.2000000030
23260  40.816  -38.052  -7.074 0.2000000030
22554  40.067  -37.884  -7.168 0.2000000030
22544  39.969  -38.525  -7.372 0.1000000015
24627  37.705  -36.241  -9.984 0.1000000015
94812  37.473  -36.888  -9.476 0.1000000015
23287  37.287  -38.274  -9.262 0.1000000015
101652  37.188  -38.898  -8.750 0.1000000015
107120  39.734  -39.377  -7.280 0.2000000030
23991  37.320  -37.467  -8.986 0.1000000015
23280  37.468  -38.021  -8.545 0.1000000015
22546  37.956  -39.860  -6.959 0.1000000015
21846  37.937  -40.752  -6.617 0.1000000015
21845  38.949  -40.153  -6.872 0.2000000030
24576  35.073  -36.689  0.451 0.1000000015
108133  35.095  -37.233  -0.179 0.1000000015
23938  35.376  -37.861  -1.486 0.1000000015
22503  36.268  -39.057  -2.484 0.1000000015
23243  37.723  -37.933  -4.541 0.1000000015
23242  38.632  -37.731  -4.962 0.2000000030
23946  38.053  -37.169  -5.350 0.1000000015
23956  39.065  -37.137  -5.758 0.1000000015
111646  39.331  -36.949  -6.487 0.2000000030
23955  39.736  -37.222  -6.217 0.2000000030
23964  39.616  -37.123  -6.900 0.2000000030
103618  37.257  -35.698  -8.444 0.1000000015
97624  37.443  -36.500  -8.581 0.1000000015
24603  37.765  -36.416  -7.678 0.1000000015
23975  38.342  -36.898  -7.521 0.1000000015
23272  38.946  -37.360  -7.365 0.1000000015
23271  39.689  -37.506  -7.152 0.1000000015
23986  37.666  -37.134  -8.270 0.1000000015
23273  37.990  -37.614  -7.956 0.1000000015
112314  38.317  -38.105  -7.722 0.1000000015
22555  39.179  -38.127  -7.461 0.1000000015
22545  38.955  -39.167  -7.260 0.1000000015
93567  37.568  -38.745  -7.986 0.1000000015
22556  38.098  -38.970  -7.433 0.1000000015
24578  35.036  -36.553  -0.432 0.1000000015
98530  35.148  -37.227  -0.980 0.1000000015
23940  35.480  -37.645  -2.359 0.1000000015
23233  35.802  -38.230  -2.953 0.1000000015
23244  36.824  -38.043  -4.212 0.1000000015
25253  36.552  -34.964  -6.461 0.1000000015
24592  36.915  -36.142  -5.812 0.1000000015
97211  37.856  -36.517  -6.101 0.1000000015
25932  36.732  -34.087  -7.753 0.1000000015
25933  36.651  -34.591  -7.103 0.1000000015
24598  36.944  -35.565  -6.577 0.1000000015
23966  38.339  -36.472  -6.930 0.1000000015
107560  38.725  -36.763  -6.308 0.1000000015
25256  36.924  -35.039  -7.930 0.1000000015
25252  37.332  -35.703  -7.590 0.1000000015
24597  37.579  -36.014  -6.754 0.1000000015
23965  39.039  -36.801  -6.992 0.1000000015
104967  35.620  -37.334  -3.225 0.1000000015
24590  35.696  -35.917  -3.813 0.1000000015
23947  36.496  -37.317  -4.510 0.1000000015
109502  35.936  -36.102  -4.493 0.1000000015
23957  37.077  -36.925  -5.286 0.1000000015
25930  36.497  -34.278  -6.417 0.1000000015
25927  36.398  -34.468  -5.610 0.1000000015
98540  36.236  -35.085  -5.104 0.1000000015
25248  36.270  -35.780  -5.103 0.1000000015
26599  36.559  -33.733  -6.907 0.1000000015
25250  36.494  -35.367  -5.801 0.1000000015
99099  46.440  -44.867  -6.382 0.4000000060
102210  41.931  -46.567  -7.230 0.5000000000
19087  45.703  -44.199  -6.424 0.4000000060
96875  45.792  -42.409  -6.775 0.4000000060
19784  45.835  -42.677  -3.678 0.1000000015
112876  45.437  -40.029  -5.305 0.1000000015
21119  49.025  -40.982  -6.019 0.2000000030
96521  44.034  -42.188  -6.835 0.4000000060
20402  42.598  -42.055  -1.571 0.1000000015
93855  44.241  -40.271  -7.391 0.3000000119
21111  45.592  -40.230  -6.783 0.2000000030
21121  44.999  -40.527  -7.162 0.2000000030
20457  44.751  -41.409  -7.140 0.3000000119
21071  43.104  -41.168  -1.700 0.1000000015
21803  43.471  -40.445  -3.314 0.1000000015
21819  43.885  -39.513  -5.477 0.1000000015
22519  42.332  -38.705  -5.832 0.2000000030
106351  39.463  -47.367  -10.957 0.5000000000
17099  39.912  -47.413  -10.360 0.5000000000
17115  39.460  -47.428  -11.692 0.5000000000
21785  41.579  -40.377  -1.400 0.1000000015
21786  40.734  -40.346  -1.183 0.1000000015
21793  41.973  -40.663  -2.043 0.1000000015
100828  36.896  -42.151  -9.172 0.2000000030
21139  36.863  -41.336  -7.476 0.1000000015
20477  36.885  -42.884  -9.741 0.2000000030
19110  36.967  -44.447  -10.032 0.5000000000
19842  37.209  -42.957  -10.684 0.2000000030
95598  37.023  -44.611  -9.179 0.4000000060
19103  37.811  -45.009  -7.936 0.5000000000
19097  37.708  -44.321  -7.444 0.5000000000
95632  39.380  -43.740  -6.481 0.5000000000
19821  38.919  -43.006  -6.399 0.3000000119
103716  37.359  -45.227  -11.252 0.5000000000
19118  37.115  -44.649  -10.827 0.5000000000
107035  37.712  -45.740  -9.154 0.5000000000
22481  39.421  -39.832  -0.141 0.1000000015
21774  39.906  -40.257  -0.887 0.1000000015
108879  38.426  -40.133  -2.376 0.1000000015
21806  39.635  -39.953  -3.018 0.1000000015
23196  38.513  -38.518  1.018 0.1000000015
22484  36.663  -39.533  -0.720 0.1000000015
22510  38.274  -39.219  -3.568 0.1000000015
23254  39.453  -37.619  -5.374 0.2000000030
23996  37.875  -37.137  -10.381 0.1000000015
23997  37.495  -37.738  -9.777 0.1000000015
21127  38.793  -41.167  -6.551 0.2000000030
23198  36.556  -38.575  0.626 0.1000000015
23179  37.048  -37.854  1.261 0.1000000015
23927  35.624  -36.717  1.320 0.1000000015
23933  35.400  -37.534  0.441 0.1000000015
23211  36.229  -39.000  -0.174 0.1000000015
23935  35.365  -37.965  -0.513 0.1000000015
22494  36.460  -39.466  -1.589 0.1000000015
23219  35.633  -38.547  -1.197 0.1000000015
22511  37.184  -39.270  -3.114 0.1000000015
22495  35.943  -38.983  -1.666 0.1000000015
23224  35.684  -38.440  -2.043 0.1000000015
23232  36.517  -38.582  -3.457 0.1000000015
25264  37.166  -35.214  -8.873 0.1000000015
24619  37.354  -36.016  -9.176 0.1000000015
24582  35.267  -36.381  -1.471 0.1000000015
103884  35.288  -37.175  -1.783 0.1000000015
24585  35.421  -36.704  -2.523 0.1000000015
23942  36.060  -37.792  -3.802 0.1000000015
98443  37.177  -37.524  -4.784 0.1000000015
108599  36.872  -35.201  -7.127 0.1000000015
24587  35.589  -36.567  -3.361 0.1000000015
23948  35.829  -36.845  -4.082 0.1000000015
24589  36.366  -36.550  -4.893 0.1000000015
101101  35.978  -35.389  -4.463 0.1000000015
109238  36.522  -33.622  -6.010 0.1000000015
16313  49.295  -48.476  -4.428 0.1000000015
94412  48.997  -49.448  -4.341 0.1000000015
16336  49.577  -48.188  -4.754 0.1000000015
17045  49.726  -47.511  -5.079 0.1000000015
17726  49.454  -46.857  -5.543 0.1000000015
17705  49.748  -46.914  -4.730 0.1000000015
97746  50.117  -46.115  -4.928 0.1000000015
15573  48.425  -50.093  -4.052 0.2000000030
18385  50.206  -45.485  -5.187 0.1000000015
15593  49.164  -49.709  -4.728 0.2000000030
16349  49.237  -48.924  -5.232 0.1000000015
112557  48.827  -50.850  -5.695 0.2000000030
16337  49.374  -48.106  -5.304 0.1000000015
102544  48.801  -46.070  -6.030 0.1000000015
14131  48.695  -51.442  -5.194 0.2000000030
15608  48.885  -49.979  -5.684 0.2000000030
17052  48.908  -47.584  -5.799 0.2000000030
97306  48.332  -49.125  -6.178 0.2000000030
96146  48.531  -48.341  -5.993 0.2000000030
17734  48.102  -46.858  -6.121 0.3000000119
102238  47.381  -46.194  -6.302 0.3000000119
17053  47.361  -47.616  -6.359 0.3000000119
16350  47.385  -48.507  -6.529 0.2000000030
14158  48.278  -52.327  -6.725 0.2000000030
14895  48.075  -51.305  -7.080 0.2000000030
12156  46.472  -54.915  -8.243 0.1000000015
14146  48.359  -52.255  -5.690 0.2000000030
14882  48.425  -50.639  -6.425 0.2000000030
14145  48.589  -51.419  -6.122 0.2000000030
17054  46.013  -47.299  -6.622 0.3000000119
12803  47.200  -54.149  -7.125 0.1000000015
13434  47.878  -53.250  -6.069 0.1000000015
15610  47.467  -49.204  -6.726 0.2000000030
16361  46.591  -48.910  -7.031 0.2000000030
12143  46.620  -54.624  -7.561 0.1000000015
17065  45.484  -47.759  -6.890 0.4000000060
12802  47.623  -53.636  -7.559 0.2000000030
15625  47.786  -50.458  -7.036 0.2000000030
13448  47.981  -53.043  -7.168 0.2000000030
12172  46.931  -54.668  -8.666 0.1000000015
112428  47.183  -54.346  -9.061 0.2000000030
12142  47.196  -54.286  -7.963 0.1000000015
96573  47.387  -53.977  -8.767 0.1000000015
15626  47.114  -49.809  -7.279 0.2000000030
15627  46.145  -49.280  -7.822 0.4000000060
17066  44.768  -47.752  -7.211 0.4000000060
14166  47.877  -52.091  -7.781 0.3000000119
14908  47.643  -51.313  -7.907 0.3000000119
13462  47.748  -52.889  -8.091 0.2000000030
100005  47.623  -52.894  -8.828 0.4000000060
16362  45.521  -48.444  -7.393 0.4000000060
16363  44.563  -48.177  -7.924 0.4000000060
14896  47.430  -50.637  -7.690 0.3000000119
14920  46.950  -51.456  -9.101 0.4000000060
14183  47.553  -52.306  -8.781 0.3000000119
103528  39.354  -38.651  -11.410 0.1000000015
22568  38.334  -39.789  -10.622 0.1000000015
15640  45.884  -49.603  -8.486 0.4000000060
16376  45.187  -48.896  -8.369 0.5000000000
14167  47.501  -51.637  -8.393 0.3000000119
14909  47.101  -50.915  -8.372 0.4000000060
14910  46.184  -50.358  -8.939 0.4000000060
22578  39.120  -39.716  -11.099 0.1000000015
110510  44.665  -48.970  -9.014 0.5000000000
16377  43.496  -48.271  -8.883 0.5000000000
21872  38.881  -40.695  -10.804 0.1000000015
105733  39.427  -41.563  -10.943 0.1000000015
20485  37.834  -42.295  -10.817 0.1000000015
16314  48.715  -49.286  -4.056 0.1000000015
17024  49.671  -47.584  -4.694 0.1000000015
18386  49.919  -46.136  -5.332 0.1000000015
17725  49.908  -46.840  -4.952 0.1000000015
17025  49.355  -47.657  -4.334 0.1000000015
100969  49.791  -46.022  -4.626 0.1000000015
19083  50.460  -44.587  -5.286 0.1000000015
17056  44.258  -47.150  -6.960 0.4000000060
14853  47.757  -50.850  -4.066 0.1000000015
16351  46.326  -48.070  -6.747 0.3000000119
15639  46.656  -50.085  -8.133 0.3000000119
21154  38.524  -41.611  -10.713 0.1000000015
17706  49.134  -46.827  -4.283 0.1000000015
9582  35.234  -58.392  -15.284 0.1000000015
8933  35.062  -58.772  -15.903 0.1000000015
8931  37.415  -59.454  -15.188 0.1000000015
8934  34.375  -59.035  -15.943 0.1000000015
8918  36.999  -58.746  -14.888 0.1000000015
9583  34.427  -58.645  -15.380 0.1000000015
8935  33.848  -59.145  -15.472 0.1000000015
7673  33.348  -60.790  -15.414 0.1000000015
8951  33.937  -59.543  -16.316 0.1000000015
4885  33.387  -66.709  -6.766 0.1000000015
6498  34.112  -62.991  -12.716 0.1000000015
6509  34.146  -63.087  -13.732 0.1000000015
9563  36.484  -58.039  -14.583 0.1000000015
98241  33.715  -62.225  -14.061 0.1000000015
9581  36.118  -58.400  -15.118 0.1000000015
7667  33.381  -61.332  -14.506 0.1000000015
9562  37.471  -58.477  -14.520 0.1000000015
93429  33.490  -61.700  -15.312 0.1000000015
8917  37.861  -59.302  -14.603 0.1000000015
111485  32.782  -65.675  -6.428 0.1000000015
4884  34.524  -66.325  -6.889 0.1000000015
97143  35.210  -66.838  -7.370 0.1000000015
7026  32.496  -63.400  -5.858 0.1000000015
6456  33.129  -63.837  -6.381 0.1000000015
5377  33.424  -65.964  -6.596 0.1000000015
96737  34.162  -65.455  -6.707 0.1000000015
4899  36.204  -66.411  -8.160 0.1000000015
5941  35.344  -65.121  -11.052 0.1000000015
6491  34.505  -63.523  -11.207 0.1000000015
9564  35.516  -57.982  -14.737 0.1000000015
9565  34.604  -58.148  -14.795 0.1000000015
9566  33.800  -58.572  -14.699 0.1000000015
9549  37.050  -57.719  -14.301 0.1000000015
8911  38.396  -59.064  -14.310 0.1000000015
8916  38.605  -59.959  -14.342 0.1000000015
5376  35.275  -65.446  -6.886 0.1000000015
5375  36.513  -65.423  -7.130 0.1000000015
7025  33.166  -62.860  -6.212 0.1000000015
5903  33.122  -65.022  -6.455 0.1000000015
5900  37.172  -64.925  -7.010 0.1000000015
5388  36.684  -65.816  -7.720 0.1000000015
5923  37.603  -65.207  -7.939 0.1000000015
5931  36.361  -65.007  -9.152 0.1000000015
93568  35.878  -65.429  -9.519 0.1000000015
6481  36.052  -64.066  -9.350 0.1000000015
5932  35.601  -64.599  -9.677 0.1000000015
6486  34.651  -63.167  -10.358 0.1000000015
7058  34.161  -62.672  -10.977 0.1000000015
7069  33.691  -62.290  -12.235 0.1000000015
8912  33.090  -59.688  -13.979 0.1000000015
10226  36.325  -57.475  -14.264 0.1000000015
10228  34.843  -57.488  -14.280 0.1000000015
93686  33.305  -58.927  -14.144 0.1000000015
9548  37.939  -58.056  -14.290 0.1000000015
5898  38.611  -64.099  -7.264 0.1000000015
7575  33.410  -62.060  -5.925 0.1000000015
7024  34.035  -62.480  -6.460 0.1000000015
110202  33.876  -63.316  -6.559 0.1000000015
6455  34.892  -63.355  -6.707 0.1000000015
6454  37.261  -64.226  -6.850 0.1000000015
5899  37.964  -64.625  -7.128 0.1000000015
5911  38.151  -64.596  -7.527 0.1000000015
7039  37.614  -63.707  -8.825 0.1000000015
96693  36.599  -63.615  -9.163 0.1000000015
7607  35.648  -62.157  -9.419 0.1000000015
7584  34.262  -61.560  -6.261 0.1000000015
92981  36.165  -63.328  -6.722 0.1000000015
7045  35.789  -63.131  -9.416 0.1000000015
7046  34.964  -62.690  -9.749 0.1000000015
7052  34.378  -62.246  -10.297 0.1000000015
7614  33.593  -61.045  -10.909 0.1000000015
7059  33.811  -62.261  -11.504 0.1000000015
8259  33.278  -60.588  -11.522 0.1000000015
7625  33.465  -61.506  -11.693 0.1000000015
93615  32.992  -59.983  -12.051 0.1000000015
8270  33.131  -60.768  -12.320 0.1000000015
10201  33.542  -57.545  -12.959 0.1000000015
92994  32.936  -60.034  -13.009 0.1000000015
7638  33.377  -61.568  -12.656 0.1000000015
10217  35.651  -56.990  -13.967 0.1000000015
10229  34.061  -57.887  -14.314 0.1000000015
9550  33.489  -58.201  -13.740 0.1000000015
99112  37.542  -57.109  -14.144 0.1000000015
10215  38.510  -57.369  -14.148 0.1000000015
110120  39.567  -58.617  -13.824 0.1000000015
9547  38.837  -58.359  -14.130 0.1000000015
10213  40.458  -57.556  -13.289 0.1000000015
10214  39.536  -57.656  -13.853 0.1000000015
6465  39.081  -63.647  -7.382 0.1000000015
5922  38.738  -64.043  -7.717 0.1000000015
7574  33.939  -61.426  -5.720 0.1000000015
8186  34.621  -60.734  -6.062 0.1000000015
7583  35.281  -61.300  -6.484 0.1000000015
109792  36.404  -61.159  -6.540 0.1000000015
94120  37.429  -63.267  -6.718 0.1000000015
6453  38.319  -64.015  -6.914 0.1000000015
100414  38.947  -63.657  -8.101 0.1000000015
7606  36.632  -61.604  -9.123 0.1000000015
7023  35.101  -62.318  -6.618 0.1000000015
96691  35.485  -61.121  -9.406 0.1000000015
7608  34.772  -61.729  -9.751 0.1000000015
99847  34.583  -60.749  -9.831 0.1000000015
7613  34.127  -61.360  -10.312 0.1000000015
8229  34.393  -59.668  -10.050 0.1000000015
8242  33.915  -60.491  -10.424 0.1000000015
94382  33.185  -58.680  -11.896 0.1000000015
8900  33.396  -59.130  -11.228 0.1000000015
10885  36.148  -56.258  -13.679 0.1000000015
11560  36.540  -55.532  -13.440 0.1000000015
10886  35.284  -56.337  -13.464 0.1000000015
10887  34.637  -56.425  -13.158 0.1000000015
96588  33.817  -57.006  -12.257 0.1000000015
9539  33.175  -58.376  -12.762 0.1000000015
11559  37.240  -55.351  -13.516 0.1000000015
10219  33.995  -57.380  -13.735 0.1000000015
10884  37.154  -56.134  -13.815 0.1000000015
105705  37.917  -55.514  -13.662 0.1000000015
10883  38.141  -56.366  -13.959 0.1000000015
10199  41.185  -57.560  -12.597 0.1000000015
8162  35.366  -61.268  -4.269 0.1000000015
7565  34.494  -61.425  -4.634 0.1000000015
7566  33.741  -61.685  -4.896 0.1000000015
8827  35.917  -59.725  -6.085 0.1000000015
8198  36.453  -60.240  -6.374 0.1000000015
6473  39.265  -63.420  -7.731 0.1000000015
8174  35.079  -60.353  -5.226 0.1000000015
8199  35.521  -60.391  -6.284 0.1000000015
7020  39.388  -62.735  -6.660 0.1000000015
7031  40.064  -62.676  -7.196 0.1000000015
7037  39.269  -63.075  -8.156 0.1000000015
7599  38.735  -62.408  -8.581 0.1000000015
95682  37.845  -61.442  -8.838 0.1000000015
7598  39.713  -62.247  -8.044 0.1000000015
8216  37.439  -60.433  -8.792 0.1000000015
8228  36.379  -60.433  -9.093 0.1000000015
97696  35.287  -60.084  -9.459 0.1000000015
8879  36.017  -59.421  -9.130 0.1000000015
9523  34.595  -58.599  -10.030 0.1000000015
9527  33.903  -58.891  -10.604 0.1000000015
10188  33.406  -57.830  -12.071 0.1000000015
9532  33.592  -58.299  -11.256 0.1000000015
11561  35.710  -55.694  -13.242 0.1000000015
12222  36.894  -54.868  -13.218 0.1000000015
11548  36.105  -55.037  -12.990 0.1000000015
12221  37.689  -54.831  -13.339 0.1000000015
11558  38.746  -55.711  -13.711 0.1000000015
10882  39.082  -56.601  -13.941 0.1000000015
10881  39.920  -56.666  -13.589 0.1000000015
10874  40.637  -56.642  -12.959 0.1000000015
8195  40.831  -60.956  -5.995 0.1000000015
8194  41.473  -60.437  -5.909 0.1000000015
8161  36.305  -60.984  -3.853 0.1000000015
8173  35.802  -59.925  -4.793 0.1000000015
8813  35.808  -59.695  -5.583 0.1000000015
8826  36.693  -59.399  -5.716 0.1000000015
7582  37.453  -60.956  -6.412 0.1000000015
95091  39.366  -61.321  -6.132 0.1000000015
8207  41.249  -61.178  -7.030 0.1000000015
109284  41.425  -60.447  -6.996 0.1000000015
8185  35.175  -60.153  -5.875 0.1000000015
7581  38.805  -61.665  -6.336 0.1000000015
7019  40.194  -62.592  -6.879 0.1000000015
8214  39.719  -61.196  -8.096 0.1000000015
9509  38.691  -58.828  -8.020 0.1000000015
9510  37.499  -58.751  -8.452 0.1000000015
94609  38.938  -61.600  -8.500 0.1000000015
8215  38.552  -60.692  -8.532 0.1000000015
9521  35.835  -58.676  -9.203 0.1000000015
10175  34.843  -57.712  -9.966 0.1000000015
96331  34.178  -57.971  -10.597 0.1000000015
11528  34.735  -55.704  -11.347 0.1000000015
10187  33.895  -57.387  -11.345 0.1000000015
12208  36.490  -54.415  -12.674 0.1000000015
11549  35.326  -55.293  -12.580 0.1000000015
11541  34.686  -55.718  -12.098 0.1000000015
12207  37.323  -54.275  -12.868 0.1000000015
12206  38.207  -54.267  -12.949 0.1000000015
12220  38.534  -54.944  -13.404 0.1000000015
9451  37.985  -58.697  -4.759 0.1000000015
93215  36.916  -60.064  -3.679 0.1000000015
9438  37.992  -58.537  -4.121 0.1000000015
9466  39.222  -58.793  -4.812 0.1000000015
8824  39.469  -59.365  -5.206 0.1000000015
8837  41.806  -59.778  -5.867 0.1000000015
7553  36.847  -62.342  -3.189 0.1000000015
8160  37.043  -61.071  -3.365 0.1000000015
8812  36.513  -59.270  -5.136 0.1000000015
9452  37.182  -58.985  -5.172 0.1000000015
8838  38.872  -59.903  -5.624 0.1000000015
8196  39.827  -60.883  -5.859 0.1000000015
8851  41.682  -59.727  -6.510 0.1000000015
9494  41.180  -58.749  -6.641 0.1000000015
110137  39.632  -59.193  -7.760 0.1000000015
8852  40.646  -59.618  -7.335 0.1000000015
96817  36.968  -57.907  -8.530 0.1000000015
9511  36.550  -58.696  -8.823 0.1000000015
98001  36.087  -57.908  -9.066 0.1000000015
104530  35.213  -56.977  -9.771 0.1000000015
10844  35.115  -56.224  -10.152 0.1000000015
10180  34.552  -56.959  -10.561 0.1000000015
11527  35.091  -55.353  -10.657 0.1000000015
12855  36.874  -53.770  -12.338 0.1000000015
12209  35.701  -54.632  -12.327 0.1000000015
12853  38.643  -53.710  -12.418 0.1000000015
12193  39.541  -53.867  -12.150 0.1000000015
8796  38.055  -58.823  -3.283 0.1000000015
9465  40.190  -58.463  -4.639 0.1000000015
93419  41.709  -59.129  -5.362 0.1000000015
8797  37.335  -59.177  -3.876 0.1000000015
8823  40.812  -59.183  -5.009 0.1000000015
10157  40.600  -57.807  -6.619 0.1000000015
10158  39.475  -57.387  -7.232 0.1000000015
10159  38.372  -57.018  -7.731 0.1000000015
10829  37.358  -57.023  -8.265 0.1000000015
11514  35.989  -55.881  -9.141 0.1000000015
10173  35.861  -57.079  -9.222 0.1000000015
12176  35.502  -54.563  -9.976 0.1000000015
10834  35.652  -56.370  -9.471 0.1000000015
12182  35.359  -54.441  -10.990 0.1000000015
13501  36.703  -52.714  -11.383 0.1000000015
12195  35.553  -54.366  -11.681 0.1000000015
13500  37.546  -52.554  -11.518 0.1000000015
12849  36.410  -53.384  -11.726 0.1000000015
12194  36.087  -54.025  -12.052 0.1000000015
12847  38.101  -53.057  -12.016 0.1000000015
106371  39.939  -53.420  -11.353 0.1000000015
95005  41.928  -54.418  -10.690 0.1000000015
9437  38.797  -58.176  -3.606 0.1000000015
10130  40.859  -57.900  -4.993 0.1000000015
9480  41.463  -58.197  -6.037 0.1000000015
10143  41.427  -58.255  -5.490 0.1000000015
10826  39.069  -56.495  -7.080 0.1000000015
11492  37.597  -55.805  -7.810 0.1000000015
10830  36.773  -56.547  -8.537 0.1000000015
11499  36.574  -55.828  -8.629 0.1000000015
11500  35.954  -55.097  -9.072 0.1000000015
13492  36.325  -52.399  -10.670 0.1000000015
12838  35.630  -53.713  -10.533 0.1000000015
12837  35.979  -53.092  -11.020 0.1000000015
13499  38.391  -52.582  -11.417 0.1000000015
13498  39.214  -52.739  -11.123 0.1000000015
13497  39.864  -52.892  -10.752 0.1000000015
12827  42.494  -53.655  -9.449 0.1000000015
12159  44.266  -54.488  -8.717 0.1000000015
9423  39.062  -58.036  -1.977 0.1000000015
9424  38.672  -58.444  -2.679 0.1000000015
10103  39.249  -57.303  -3.653 0.1000000015
10117  40.141  -57.414  -4.668 0.1000000015
10786  39.656  -56.149  -5.211 0.1000000015
10800  40.130  -56.678  -5.643 0.1000000015
109410  39.866  -57.867  -4.379 0.1000000015
10131  40.773  -57.442  -5.242 0.1000000015
10816  38.653  -55.747  -6.826 0.1000000015
10827  38.270  -56.101  -7.493 0.1000000015
11489  37.921  -55.403  -7.234 0.1000000015
12160  36.570  -54.966  -8.240 0.1000000015
12823  35.727  -53.714  -8.653 0.1000000015
12829  35.671  -53.505  -9.557 0.1000000015
14138  41.552  -51.010  -5.831 0.1000000015
107751  41.451  -51.217  -6.322 0.1000000015
14160  40.673  -51.199  -7.303 0.1000000015
14171  38.620  -50.839  -8.877 0.1000000015
14187  38.271  -51.162  -9.681 0.1000000015
13479  36.018  -52.079  -9.930 0.1000000015
13493  35.803  -52.883  -10.207 0.1000000015
14149  42.004  -51.458  -6.314 0.1000000015
14168  41.257  -51.705  -7.695 0.1000000015
14170  39.516  -51.136  -8.555 0.1000000015
14202  36.691  -51.709  -10.351 0.1000000015
14137  42.348  -51.148  -5.598 0.1000000015
14148  42.899  -51.634  -5.983 0.1000000015
14159  41.970  -51.829  -7.171 0.1000000015
13465  41.186  -52.124  -8.470 0.1000000015
13478  39.809  -52.068  -9.663 0.1000000015
13491  37.816  -52.035  -11.019 0.1000000015
14136  43.306  -51.318  -5.423 0.1000000015
14147  43.906  -51.895  -5.749 0.1000000015
13451  42.764  -52.347  -7.431 0.1000000015
13489  39.432  -52.357  -10.445 0.1000000015
13464  42.436  -52.715  -8.323 0.1000000015
13487  40.946  -53.005  -9.944 0.1000000015
12792  45.580  -53.365  -6.083 0.1000000015
12822  42.867  -53.345  -8.742 0.1000000015
12820  44.507  -54.083  -8.137 0.1000000015
10094  39.055  -57.391  -2.201 0.1000000015
97689  39.036  -57.035  -2.792 0.1000000015
10769  39.556  -56.976  -3.927 0.1000000015
111849  39.395  -56.595  -4.033 0.1000000015
11466  39.005  -55.604  -5.306 0.1000000015
11479  38.859  -55.558  -6.083 0.1000000015
11480  38.221  -55.078  -5.615 0.1000000015
97514  38.120  -55.146  -6.480 0.1000000015
11493  37.237  -55.162  -7.643 0.1000000015
12145  36.681  -54.533  -7.401 0.1000000015
12807  35.689  -53.179  -7.798 0.1000000015
14172  36.120  -50.992  -8.988 0.1000000015
13480  35.746  -52.603  -9.490 0.1000000015
14897  40.151  -50.715  -6.837 0.1000000015
14911  39.001  -50.596  -8.059 0.1000000015
14923  37.637  -50.618  -9.153 0.1000000015
14189  36.368  -51.302  -9.649 0.1000000015
14883  40.905  -50.973  -6.365 0.1000000015
14117  46.057  -51.451  -4.474 0.1000000015
94608  44.377  -51.582  -5.232 0.1000000015
10093  39.642  -57.303  -1.212 0.1000000015
95791  38.999  -56.812  -3.098 0.1000000015
10759  39.213  -56.905  -1.698 0.1000000015
11446  38.910  -56.287  -3.416 0.1000000015
11447  38.443  -55.635  -3.605 0.1000000015
11465  39.215  -55.991  -4.449 0.1000000015
11467  38.219  -55.225  -4.579 0.1000000015
12132  37.465  -54.666  -5.076 0.1000000015
12138  37.421  -54.670  -6.003 0.1000000015
12793  36.090  -53.864  -7.129 0.1000000015
14902  35.877  -50.596  -7.704 0.1000000015
14162  35.490  -51.770  -7.121 0.1000000015
13467  35.575  -52.048  -8.002 0.1000000015
14884  39.656  -50.351  -6.337 0.1000000015
14885  38.783  -50.024  -6.562 0.1000000015
14914  36.306  -50.518  -8.439 0.1000000015
104582  35.659  -52.798  -8.747 0.1000000015
14857  42.176  -50.240  -4.926 0.1000000015
14870  40.874  -50.529  -5.530 0.1000000015
14924  36.746  -50.661  -9.187 0.1000000015
14856  43.140  -50.339  -4.852 0.1000000015
14868  42.703  -50.803  -5.175 0.1000000015
11433  38.878  -56.474  -2.065 0.1000000015
11434  38.514  -55.840  -2.631 0.1000000015
11448  37.706  -54.952  -3.593 0.1000000015
12122  36.814  -54.234  -4.534 0.1000000015
12133  36.745  -54.217  -5.432 0.1000000015
12780  36.139  -53.666  -5.724 0.1000000015
12139  36.614  -54.222  -6.428 0.1000000015
14150  35.447  -51.515  -6.310 0.1000000015
13453  35.565  -52.508  -7.248 0.1000000015
14901  36.572  -50.045  -7.603 0.1000000015
14887  35.584  -50.940  -7.003 0.1000000015
14900  37.541  -49.932  -7.716 0.1000000015
14869  41.790  -50.676  -5.283 0.1000000015
14855  44.232  -50.473  -4.711 0.1000000015
14854  46.686  -50.824  -4.119 0.1000000015
111675  38.697  -55.821  -1.778 0.1000000015
12079  37.608  -54.311  -1.898 0.1000000015
107084  37.976  -55.286  -2.880 0.1000000015
12744  37.088  -53.831  -2.163 0.1000000015
12090  37.424  -54.542  -2.683 0.1000000015
98680  36.369  -53.669  -4.034 0.1000000015
12105  36.948  -54.259  -3.588 0.1000000015
12771  36.254  -53.678  -4.868 0.1000000015
95754  35.743  -53.076  -5.189 0.1000000015
12781  35.683  -53.041  -6.034 0.1000000015
13440  35.516  -52.381  -6.510 0.1000000015
93930  35.960  -50.264  -6.890 0.1000000015
15628  38.000  -49.808  -7.049 0.1000000015
15629  37.252  -49.686  -6.964 0.1000000015
15594  41.271  -50.109  -4.971 0.1000000015
101212  39.306  -50.043  -5.845 0.1000000015
15575  46.004  -49.953  -4.120 0.1000000015
15574  47.455  -50.020  -3.859 0.1000000015
12745  36.625  -53.308  -2.525 0.1000000015
12756  36.875  -53.906  -2.836 0.1000000015
12757  36.482  -53.523  -3.269 0.1000000015
13402  35.656  -52.339  -3.749 0.1000000015
112095  36.045  -53.119  -3.665 0.1000000015
13413  35.595  -52.527  -4.684 0.1000000015
13427  35.484  -52.234  -5.543 0.1000000015
95129  35.434  -51.212  -5.448 0.1000000015
107893  35.602  -50.645  -6.180 0.1000000015
95654  45.256  -49.067  -4.238 0.1000000015
15578  42.665  -49.626  -4.683 0.1000000015
15611  38.654  -49.724  -5.698 0.1000000015
16316  46.549  -49.122  -3.957 0.1000000015
13395  36.128  -52.834  -3.000 0.1000000015
14839  35.436  -50.500  -3.362 0.1000000015
111035  35.594  -51.752  -3.251 0.1000000015
14858  35.714  -49.674  -4.429 0.1000000015
105003  35.464  -50.410  -4.234 0.1000000015
14102  35.446  -51.296  -3.798 0.1000000015
16339  37.057  -49.099  -4.876 0.1000000015
14886  35.966  -50.004  -5.997 0.1000000015
16317  44.145  -48.976  -4.456 0.1000000015
15579  41.778  -49.528  -4.725 0.1000000015
15595  40.353  -49.919  -5.068 0.1000000015
15596  39.411  -49.719  -5.201 0.1000000015
108947  37.180  -49.573  -6.206 0.1000000015
17027  47.104  -48.176  -3.923 0.1000000015
16323  37.388  -48.383  -4.456 0.1000000015
14872  35.625  -50.332  -5.210 0.1000000015
14119  35.416  -50.982  -4.681 0.1000000015
16338  37.972  -49.013  -4.772 0.1000000015
15600  35.943  -49.750  -5.238 0.1000000015
15580  40.840  -49.254  -4.730 0.1000000015
15597  38.580  -49.385  -5.037 0.1000000015
15599  36.599  -49.544  -5.619 0.1000000015
15598  37.719  -49.443  -5.463 0.1000000015
106921  34.990  -64.494  -12.371 0.1000000015
7068  34.078  -62.933  -11.796 0.1000000015
7083  33.711  -62.302  -13.149 0.1000000015
100910  35.771  -58.665  -15.664 0.1000000015
7657  33.382  -61.508  -13.536 0.1000000015
8919  33.412  -59.374  -14.774 0.1000000015
8281  33.124  -60.618  -13.797 0.1000000015
8294  33.457  -59.848  -15.543 0.1000000015
8287  33.211  -60.253  -14.689 0.1000000015
93830  32.596  -66.082  -6.503 0.1000000015
101961  34.462  -63.611  -13.136 0.1000000015
95866  34.507  -63.761  -12.259 0.1000000015
5902  34.350  -64.402  -6.701 0.1000000015
5933  35.227  -63.649  -9.766 0.1000000015
5942  35.020  -64.234  -10.481 0.1000000015
10227  35.776  -57.580  -14.385 0.1000000015
5901  35.999  -64.512  -6.812 0.1000000015
5374  37.441  -65.102  -7.410 0.1000000015
6475  37.864  -64.692  -8.357 0.1000000015
5924  37.068  -65.264  -8.506 0.1000000015
6474  38.474  -64.120  -8.247 0.1000000015
6480  37.000  -64.465  -8.910 0.1000000015
7053  33.860  -61.863  -10.910 0.1000000015
94723  33.054  -59.043  -13.376 0.1000000015
10216  36.632  -56.975  -14.028 0.1000000015
10218  34.688  -56.851  -13.657 0.1000000015
7038  38.562  -63.324  -8.523 0.1000000015
96692  36.622  -62.763  -9.160 0.1000000015
7022  36.320  -62.234  -6.666 0.1000000015
104895  33.259  -59.861  -11.342 0.1000000015
8906  32.990  -59.240  -12.470 0.1000000015
10200  34.053  -56.850  -13.083 0.1000000015
8175  34.493  -60.872  -5.557 0.1000000015
7021  37.765  -62.204  -6.569 0.1000000015
108825  38.543  -63.278  -6.732 0.1000000015
7600  37.674  -62.533  -8.911 0.1000000015
112196  37.046  -60.960  -8.985 0.1000000015
8892  33.664  -59.730  -10.722 0.1000000015
10875  34.969  -55.931  -12.890 0.1000000015
8840  36.659  -59.733  -6.170 0.1000000015
112006  40.187  -62.329  -7.427 0.1000000015
7591  40.708  -62.035  -7.024 0.1000000015
7597  40.505  -61.697  -7.456 0.1000000015
8865  38.063  -59.680  -8.479 0.1000000015
8866  36.960  -59.554  -8.763 0.1000000015
8880  35.202  -59.121  -9.540 0.1000000015
10859  34.315  -56.432  -11.535 0.1000000015
12219  39.196  -54.457  -12.849 0.1000000015
11547  40.008  -55.075  -12.770 0.1000000015
11556  40.076  -55.819  -13.234 0.1000000015
8183  41.518  -59.769  -5.459 0.1000000015
7579  41.164  -61.165  -6.520 0.1000000015
8839  37.514  -59.674  -5.998 0.1000000015
8864  39.430  -59.986  -8.047 0.1000000015
9522  35.334  -58.260  -9.540 0.1000000015
10845  34.722  -56.125  -10.824 0.1000000015
12854  37.738  -53.651  -12.478 0.1000000015
12192  39.955  -54.477  -12.358 0.1000000015
8825  37.997  -59.133  -5.365 0.1000000015
9493  41.888  -58.951  -5.908 0.1000000015
8853  39.890  -58.447  -7.415 0.1000000015
10168  37.904  -57.906  -8.097 0.1000000015
10169  36.539  -57.161  -8.731 0.1000000015
11515  35.521  -55.586  -9.713 0.1000000015
12848  37.225  -53.127  -11.978 0.1000000015
12846  38.981  -53.199  -11.787 0.1000000015
95751  40.390  -54.175  -11.792 0.1000000015
9464  40.985  -58.499  -5.044 0.1000000015
10145  39.977  -56.960  -6.463 0.1000000015
108000  37.750  -56.439  -7.918 0.1000000015
96856  35.706  -54.265  -9.203 0.1000000015
12850  35.757  -53.805  -11.350 0.1000000015
109679  37.026  -52.081  -11.011 0.1000000015
12836  40.556  -53.246  -10.626 0.1000000015
12181  40.917  -53.905  -11.066 0.1000000015
12835  41.381  -53.595  -10.372 0.1000000015
107762  42.092  -53.864  -10.053 0.1000000015
9436  38.917  -57.672  -3.131 0.1000000015
10144  40.919  -57.537  -5.855 0.1000000015
102187  37.068  -55.592  -8.130 0.1000000015
12161  35.946  -54.462  -8.628 0.1000000015
13490  38.624  -52.148  -10.780 0.1000000015
12826  43.351  -54.080  -9.143 0.1000000015
12828  41.709  -53.287  -9.682 0.1000000015
13476  42.081  -53.012  -9.016 0.1000000015
12821  43.729  -53.706  -8.445 0.1000000015
10785  39.984  -56.742  -4.784 0.1000000015
11490  37.354  -54.825  -6.892 0.1000000015
12146  36.046  -54.178  -7.952 0.1000000015
14161  39.878  -50.903  -7.724 0.1000000015
14169  40.440  -51.515  -8.276 0.1000000015
14186  39.185  -51.401  -9.333 0.1000000015
14200  38.902  -51.734  -10.098 0.1000000015
111502  37.341  -51.670  -10.583 0.1000000015
14188  37.251  -51.097  -9.970 0.1000000015
14190  35.764  -51.808  -9.053 0.1000000015
13452  41.895  -52.195  -7.976 0.1000000015
14185  39.912  -51.622  -8.986 0.1000000015
14867  43.748  -50.976  -5.074 0.1000000015
13438  43.406  -52.177  -6.521 0.1000000015
106830  40.550  -52.503  -9.600 0.1000000015
13477  41.255  -52.655  -9.197 0.1000000015
94225  41.764  -52.540  -8.607 0.1000000015
14118  44.896  -51.206  -4.830 0.1000000015
13450  43.827  -52.805  -7.144 0.1000000015
13463  43.299  -53.004  -8.010 0.1000000015
93598  45.831  -54.003  -6.751 0.1000000015
13449  44.839  -53.401  -6.885 0.1000000015
14898  39.346  -50.437  -7.184 0.1000000015
14899  38.466  -50.153  -7.509 0.1000000015
14912  38.049  -50.315  -8.349 0.1000000015
97995  45.435  -50.672  -4.429 0.1000000015
12794  35.714  -53.105  -6.855 0.1000000015
15577  43.636  -49.706  -4.601 0.1000000015
15576  44.741  -49.823  -4.412 0.1000000015
15613  36.545  -49.824  -6.584 0.1000000015
99745  35.451  -51.770  -4.647 0.1000000015
15648  45.289  -49.524  -9.034 0.4000000060
13475  47.259  -52.308  -9.713 0.3000000119
14184  46.627  -51.726  -9.898 0.3000000119
97943  46.028  -50.971  -9.724 0.3000000119
14921  45.276  -50.173  -9.613 0.4000000060
14198  45.887  -51.558  -10.520 0.3000000119
9594  44.347  -58.407  -16.813 0.1000000015
10244  45.474  -57.881  -17.061 0.1000000015
11583  45.973  -56.450  -16.189 0.2000000030
14944  43.617  -50.789  -12.278 0.4000000060
14222  47.756  -51.761  -14.663 0.4000000060
12232  46.920  -54.530  -15.591 0.2000000030
12867  48.196  -53.005  -15.368 0.3000000119
14223  46.960  -51.338  -14.521 0.4000000060
14220  46.240  -50.999  -13.288 0.4000000060
14215  44.393  -51.119  -12.452 0.4000000060
9590  43.118  -58.797  -16.278 0.1000000015
12236  47.066  -54.944  -16.376 0.3000000119
14219  46.673  -51.015  -13.888 0.4000000060
14949  45.418  -50.836  -13.410 0.4000000060
14950  44.700  -50.830  -13.182 0.4000000060
9595  43.659  -58.346  -16.966 0.1000000015
14945  42.896  -50.333  -12.208 0.5000000000
11582  46.593  -56.076  -16.781 0.2000000030
13512  47.889  -52.186  -15.551 0.3000000119
14955  45.784  -50.694  -13.963 0.4000000060
15668  41.707  -49.270  -11.840 0.4000000060
16405  41.265  -48.687  -11.401 0.4000000060
100919  47.178  -51.603  -15.286 0.4000000060
14956  44.970  -50.456  -13.906 0.4000000060
110365  44.298  -50.394  -13.652 0.4000000060
14951  43.922  -50.689  -13.035 0.5000000000
95786  43.772  -57.905  -17.595 0.2000000030
10246  44.425  -58.137  -17.376 0.2000000030
10259  45.365  -57.802  -17.624 0.2000000030
11581  47.303  -55.309  -17.200 0.2000000030
10909  46.014  -57.180  -16.805 0.2000000030
95429  48.120  -52.866  -15.982 0.3000000119
10247  42.946  -57.744  -17.492 0.1000000015
14960  46.057  -50.976  -14.488 0.4000000060
12231  47.969  -53.566  -15.976 0.3000000119
14961  45.037  -50.610  -14.494 0.4000000060
15674  42.589  -49.909  -13.088 0.5000000000
15675  41.776  -49.393  -12.707 0.5000000000
16416  41.154  -48.891  -12.276 0.4000000060
14969  46.360  -51.283  -15.064 0.4000000060
14963  44.287  -50.151  -14.312 0.4000000060
14957  43.575  -50.025  -13.686 0.5000000000
10260  44.987  -57.908  -17.881 0.2000000030
10908  46.467  -56.811  -17.541 0.2000000030
105715  46.919  -56.139  -17.562 0.2000000030
12235  47.835  -54.278  -16.722 0.4000000060
12240  47.849  -54.624  -17.575 0.2000000030
12872  48.188  -53.351  -16.718 0.3000000119
111537  48.160  -54.002  -17.162 0.4000000060
13515  47.915  -52.489  -16.435 0.3000000119
15684  43.567  -49.665  -14.601 0.5000000000
15678  42.073  -49.149  -13.634 0.5000000000
16417  40.625  -48.360  -12.715 0.4000000060
16406  40.621  -48.363  -11.785 0.4000000060
13518  48.000  -52.806  -17.251 0.4000000060
14226  46.614  -51.541  -15.622 0.4000000060
14970  45.484  -50.993  -14.897 0.4000000060
15677  42.940  -49.335  -14.128 0.5000000000
10918  46.324  -57.001  -18.235 0.2000000030
10261  44.284  -57.729  -18.062 0.2000000030
11587  46.781  -56.487  -18.058 0.2000000030
17114  40.035  -47.871  -12.180 0.4000000060
11586  47.389  -55.701  -18.076 0.2000000030
14225  47.322  -51.865  -16.189 0.3000000119
14227  45.715  -51.319  -15.470 0.4000000060
94422  44.736  -50.705  -14.859 0.4000000060
10262  43.377  -57.411  -18.118 0.2000000030
10930  46.303  -56.869  -18.979 0.2000000030
99062  48.143  -53.679  -17.722 0.3000000119
13516  47.646  -52.248  -16.903 0.3000000119
14962  44.107  -50.176  -14.871 0.5000000000
17788  38.228  -46.486  -10.805 0.4000000060
10924  43.903  -57.199  -18.704 0.2000000030
10922  45.616  -57.414  -18.330 0.2000000030
14230  45.317  -51.555  -16.133 0.4000000060
111825  44.964  -51.007  -15.143 0.4000000060
16424  41.669  -48.451  -14.126 0.5000000000
10926  42.107  -56.798  -18.792 0.2000000030
10931  45.582  -56.997  -19.214 0.2000000030
11592  46.894  -56.415  -18.664 0.2000000030
12245  47.935  -54.681  -18.415 0.2000000030
14229  46.897  -52.083  -16.924 0.4000000060
15691  43.363  -49.648  -15.118 0.5000000000
15686  42.378  -48.810  -14.569 0.5000000000
10927  41.263  -56.995  -18.964 0.2000000030
13519  47.482  -52.428  -17.568 0.4000000060
100464  46.329  -51.692  -16.190 0.3000000119
14972  43.647  -50.148  -15.343 0.5000000000
15685  42.958  -49.180  -14.897 0.5000000000
97058  41.287  -48.813  -13.197 0.5000000000
10935  41.899  -56.719  -19.555 0.2000000030
18457  37.521  -45.106  -12.114 0.4000000060
102671  37.267  -44.308  -11.585 0.2000000030
108592  38.425  -46.594  -11.626 0.4000000060
17125  39.520  -47.333  -12.563 0.4000000060
10923  44.852  -57.402  -18.674 0.2000000030
12878  48.148  -53.676  -18.728 0.4000000060
16425  40.899  -48.102  -13.654 0.4000000060
17124  40.170  -47.722  -13.118 0.4000000060
10933  43.649  -56.683  -19.392 0.2000000030
99187  47.015  -56.269  -19.490 0.2000000030
11591  47.555  -55.611  -18.989 0.2000000030
10932  44.653  -56.818  -19.458 0.2000000030
17805  38.426  -46.369  -12.359 0.4000000060
17817  39.036  -46.757  -12.888 0.4000000060
17136  39.723  -47.081  -13.403 0.4000000060
14977  44.769  -51.089  -15.574 0.3000000119
15692  42.763  -49.310  -15.356 0.5000000000
17135  40.512  -47.316  -14.114 0.4000000060
13525  47.957  -52.935  -18.127 0.4000000060
14236  45.829  -52.090  -16.848 0.4000000060
96795  43.969  -50.685  -15.657 0.4000000060
13520  46.428  -52.353  -17.660 0.4000000060
15700  43.100  -49.769  -15.462 0.5000000000
11598  46.272  -56.476  -19.830 0.2000000030
17818  38.579  -46.103  -13.233 0.4000000060
16434  41.254  -47.830  -14.617 0.5000000000
16433  41.857  -48.327  -14.976 0.5000000000
14231  44.365  -51.362  -16.159 0.4000000060
16432  42.364  -48.822  -15.221 0.5000000000
14978  43.175  -50.228  -15.804 0.5000000000
14933  45.127  -50.786  -10.279 0.4000000060
18450  37.836  -45.964  -11.682 0.4000000060
17804  38.905  -46.975  -12.061 0.4000000060
15693  42.195  -48.987  -15.625 0.5000000000
13495  47.979  -52.789  -11.036 0.3000000119
13496  47.650  -52.282  -11.391 0.3000000119
14197  46.919  -52.149  -10.742 0.2000000030
12189  47.370  -54.959  -11.859 0.2000000030
12844  48.387  -53.050  -11.894 0.3000000119
13503  48.384  -52.585  -12.607 0.3000000119
96453  47.627  -54.258  -13.417 0.2000000030
12859  48.245  -53.567  -13.635 0.2000000030
12858  48.434  -52.645  -13.378 0.2000000030
11578  46.184  -55.434  -15.816 0.2000000030
9622  39.923  -58.364  -20.261 0.1000000015
9633  40.029  -58.804  -20.894 0.1000000015
12906  47.154  -53.674  -22.180 0.1000000015
12825  47.567  -53.206  -9.340 0.1000000015
13474  47.543  -52.745  -9.555 0.2000000030
13486  47.604  -52.635  -10.440 0.2000000030
12845  48.088  -53.616  -11.121 0.2000000030
12171  47.044  -54.907  -9.521 0.1000000015
11535  47.112  -55.263  -11.004 0.1000000015
12188  47.745  -54.485  -11.294 0.2000000030
11509  46.746  -55.537  -10.142 0.1000000015
110065  46.506  -55.789  -10.702 0.1000000015
10263  41.577  -57.241  -18.191 0.1000000015
10272  40.537  -57.450  -19.229 0.1000000015
11606  46.012  -55.865  -20.892 0.1000000015
11605  47.174  -55.251  -21.175 0.1000000015
12253  47.743  -54.443  -21.030 0.1000000015
12892  47.815  -53.515  -20.701 0.1000000015
11607  44.873  -56.097  -20.837 0.1000000015
101561  47.553  -53.786  -21.437 0.1000000015
13549  47.166  -52.655  -20.757 0.1000000015
12267  47.326  -54.389  -21.771 0.1000000015
104236  46.813  -52.625  -21.401 0.1000000015
13551  44.654  -52.009  -20.429 0.1000000015
13570  45.316  -52.035  -21.281 0.1000000015
12178  47.607  -54.211  -10.364 0.2000000030
11534  47.258  -54.913  -10.457 0.1000000015
13536  47.768  -52.953  -19.022 0.1000000015
14237  44.757  -52.059  -16.786 0.3000000119
11599  45.276  -56.457  -20.108 0.1000000015
11597  47.657  -55.446  -19.855 0.1000000015
12883  48.071  -53.604  -19.679 0.1000000015
13537  46.874  -52.493  -19.207 0.2000000030
13521  45.304  -52.403  -17.622 0.3000000119
14238  43.737  -51.939  -16.798 0.3000000119
100717  42.663  -51.685  -16.858 0.3000000119
10278  41.374  -57.567  -20.575 0.1000000015
11601  43.214  -56.412  -19.954 0.1000000015
12252  48.003  -54.499  -20.230 0.1000000015
13527  45.970  -52.431  -18.542 0.2000000030
13523  43.216  -52.279  -17.681 0.3000000119
11623  44.172  -56.210  -21.136 0.1000000015
94204  46.563  -52.410  -19.990 0.1000000015
13540  43.743  -52.133  -19.515 0.2000000030
14239  42.255  -52.041  -17.917 0.3000000119
105628  42.027  -51.724  -19.013 0.4000000060
112524  44.590  -51.926  -21.332 0.1000000015
107635  43.575  -51.898  -20.295 0.1000000015
13541  42.870  -51.839  -19.731 0.3000000119
14115  47.943  -51.444  -4.281 0.1000000015
13423  47.657  -52.781  -5.111 0.1000000015
16438  41.765  -48.472  -15.484 0.4000000060
15701  42.607  -49.592  -15.710 0.4000000060
14232  43.472  -51.086  -16.224 0.3000000119
108150  42.762  -50.799  -16.276 0.4000000060
14979  42.393  -50.148  -16.131 0.4000000060
100118  41.717  -51.499  -17.336 0.4000000060
14234  41.244  -50.811  -16.954 0.4000000060
94686  41.599  -51.623  -18.170 0.5000000000
13571  44.051  -51.945  -21.833 0.2000000030
13552  43.809  -51.843  -21.030 0.1000000015
14256  42.095  -51.500  -20.071 0.4000000060
13586  45.255  -52.325  -23.038 0.1000000015
13587  44.285  -52.137  -22.666 0.1000000015
13572  43.142  -51.883  -21.563 0.2000000030
13553  42.821  -51.715  -20.713 0.2000000030
12939  45.968  -53.173  -24.129 0.1000000015
13601  45.338  -52.632  -23.730 0.1000000015
92926  43.334  -52.072  -22.333 0.2000000030
12951  46.154  -53.845  -24.742 0.1000000015
16439  41.332  -47.906  -15.376 0.4000000060
15702  41.825  -49.428  -16.096 0.4000000060
16442  41.547  -48.608  -15.859 0.4000000060
14980  41.675  -50.272  -16.411 0.4000000060
14240  41.047  -51.153  -17.840 0.4000000060
14993  40.526  -50.613  -18.560 0.4000000060
14984  40.539  -50.452  -17.420 0.4000000060
14246  41.247  -51.229  -18.771 0.5000000000
14257  41.439  -51.216  -19.624 0.4000000060
14280  42.249  -51.714  -21.472 0.3000000119
14266  41.436  -51.155  -20.488 0.4000000060
13602  43.609  -52.680  -24.171 0.2000000030
94515  43.430  -52.313  -23.191 0.2000000030
14295  42.575  -51.979  -22.058 0.2000000030
12940  44.866  -52.945  -24.470 0.1000000015
93740  44.470  -52.450  -23.531 0.2000000030
10349  44.463  -57.319  -25.048 0.1000000015
17143  40.853  -47.312  -15.114 0.4000000060
17144  40.258  -46.812  -14.795 0.4000000060
16443  40.849  -48.178  -16.108 0.4000000060
15711  40.174  -49.592  -17.004 0.4000000060
16452  39.941  -48.557  -16.727 0.4000000060
15722  39.939  -49.921  -17.981 0.4000000060
14992  40.914  -50.853  -19.322 0.3000000119
15031  40.860  -50.710  -20.884 0.4000000060
15012  40.900  -50.784  -20.043 0.4000000060
14296  41.729  -51.837  -22.261 0.3000000119
14265  41.980  -51.469  -20.838 0.4000000060
12952  43.925  -53.204  -25.166 0.2000000030
13615  42.781  -52.829  -24.956 0.2000000030
13588  42.494  -52.186  -22.772 0.2000000030
112835  44.803  -53.496  -25.318 0.2000000030
10330  43.758  -57.978  -24.512 0.1000000015
17827  39.287  -46.488  -13.693 0.3000000119
17150  40.288  -46.951  -15.504 0.4000000060
17153  39.848  -47.079  -16.150 0.4000000060
16444  39.390  -47.714  -16.887 0.4000000060
17152  40.179  -47.776  -16.280 0.4000000060
15712  39.583  -49.098  -17.632 0.4000000060
15732  39.963  -49.858  -18.935 0.4000000060
15723  39.644  -49.317  -18.429 0.4000000060
15002  40.433  -50.345  -19.526 0.4000000060
14310  40.814  -51.139  -23.152 0.3000000119
14282  40.953  -51.278  -22.312 0.3000000119
15032  40.711  -50.682  -21.735 0.3000000119
15013  40.416  -50.158  -20.385 0.3000000119
13624  42.319  -52.792  -25.784 0.2000000030
13616  41.848  -52.327  -24.826 0.2000000030
13604  41.617  -52.136  -23.893 0.3000000119
107694  41.199  -51.686  -22.861 0.2000000030
14281  41.363  -51.307  -21.426 0.3000000119
13589  41.699  -52.104  -23.156 0.2000000030
107748  44.212  -53.767  -25.978 0.2000000030
18477  38.627  -45.045  -14.541 0.3000000119
17828  38.896  -45.849  -14.127 0.3000000119
105302  39.617  -46.336  -14.514 0.4000000060
107690  39.916  -46.780  -14.084 0.3000000119
106790  39.285  -46.452  -16.374 0.3000000119
103572  39.227  -45.880  -16.239 0.4000000060
17158  39.058  -47.530  -17.895 0.4000000060
99428  39.009  -46.866  -17.048 0.4000000060
16453  39.303  -48.314  -17.488 0.4000000060
16478  39.536  -48.240  -19.292 0.3000000119
16467  39.360  -48.491  -18.376 0.4000000060
15777  40.598  -49.711  -22.794 0.3000000119
104042  40.535  -49.104  -22.247 0.2000000030
97072  40.360  -49.363  -21.581 0.2000000030
15747  39.780  -48.690  -19.982 0.2000000030
94967  39.992  -49.590  -19.817 0.3000000119
15733  39.659  -49.049  -19.148 0.3000000119
15052  40.668  -50.320  -23.210 0.3000000119
15765  40.460  -49.938  -22.022 0.3000000119
92667  40.469  -50.031  -21.223 0.2000000030
13625  41.928  -52.428  -26.108 0.2000000030
14321  41.520  -51.712  -25.290 0.3000000119
99299  41.349  -51.771  -24.266 0.3000000119
14309  41.215  -51.739  -23.513 0.3000000119
18466  37.707  -44.957  -12.859 0.3000000119
18456  37.975  -45.660  -12.658 0.3000000119
17853  39.313  -47.036  -18.649 0.3000000119
17203  40.677  -47.567  -21.318 0.2000000030
97382  40.477  -47.272  -20.714 0.2000000030
16487  39.764  -47.943  -19.947 0.2000000030
17183  39.656  -47.403  -19.431 0.2000000030
16506  40.864  -48.354  -22.375 0.2000000030
16496  40.441  -48.460  -21.597 0.2000000030
16486  40.089  -48.045  -20.698 0.2000000030
19140  37.498  -44.300  -12.501 0.2000000030
12311  46.118  -54.464  -25.130 0.1000000015
97914  45.512  -53.567  -25.016 0.1000000015
12961  43.182  -53.376  -26.050 0.2000000030
14207  47.077  -51.917  -11.696 0.3000000119
12863  48.190  -53.284  -14.620 0.2000000030
14866  48.507  -51.092  -4.530 0.1000000015
12247  48.056  -54.622  -19.327 0.1000000015
13526  47.158  -52.504  -18.379 0.3000000119
94473  47.039  -55.882  -20.342 0.1000000015
12187  48.264  -53.833  -11.893 0.2000000030
96631  48.111  -52.270  -11.998 0.3000000119
12203  47.959  -54.314  -12.526 0.1000000015
12202  48.410  -53.354  -12.691 0.2000000030
99327  47.351  -53.190  -21.466 0.1000000015
12834  47.731  -53.348  -10.267 0.2000000030
11604  47.642  -55.187  -20.567 0.1000000015
12884  47.538  -52.821  -19.918 0.1000000015
13550  46.061  -52.235  -20.796 0.1000000015
13539  44.643  -52.312  -19.316 0.1000000015
13522  44.243  -52.389  -17.605 0.3000000119
96840  45.368  -52.411  -19.098 0.2000000030
14233  42.021  -50.946  -16.574 0.4000000060
13528  44.859  -52.467  -18.452 0.3000000119
13529  43.901  -52.371  -18.554 0.3000000119
13530  42.950  -52.172  -18.731 0.3000000119
108991  41.287  -48.101  -15.703 0.4000000060
14981  40.971  -49.993  -16.590 0.4000000060
17149  40.771  -47.554  -15.752 0.4000000060
15703  40.863  -49.041  -16.326 0.4000000060
13603  42.397  -52.424  -23.822 0.2000000030
17839  39.689  -46.485  -15.810 0.4000000060
17834  39.816  -46.404  -15.267 0.4000000060
15040  40.629  -50.560  -22.523 0.3000000119
18476  39.284  -45.666  -15.065 0.4000000060
17170  39.320  -47.767  -18.739 0.4000000060
16515  40.864  -48.904  -22.956 0.2000000030
15746  40.130  -49.212  -20.778 0.2000000030
102983  39.434  -45.966  -15.659 0.3000000119
18481  39.200  -45.199  -15.914 0.3000000119
18465  38.186  -45.217  -13.567 0.2000000030
19149  38.167  -44.300  -14.100 0.2000000030
12217  46.900  -54.466  -13.861 0.1000000015
12228  46.008  -54.758  -14.412 0.1000000015
12227  46.896  -54.340  -14.785 0.1000000015
12819  47.574  -53.456  -8.386 0.1000000015
12216  47.729  -54.019  -14.301 0.1000000015
11579  45.433  -56.222  -15.555 0.1000000015
110426  46.203  -54.809  -15.157 0.1000000015
106753  37.284  -43.465  -11.381 0.1000000015
19857  37.461  -43.508  -12.099 0.1000000015
20507  37.794  -42.838  -12.460 0.1000000015
19150  37.758  -44.326  -13.304 0.1000000015
20524  37.864  -42.973  -13.257 0.1000000015
19866  37.906  -43.522  -13.672 0.1000000015
19881  38.267  -43.404  -14.449 0.1000000015
19163  38.544  -44.184  -14.955 0.1000000015
18482  38.915  -44.884  -15.288 0.2000000030
19892  38.701  -43.214  -15.319 0.2000000030
18489  39.155  -45.284  -16.816 0.2000000030
19170  38.968  -44.180  -15.790 0.2000000030
19174  39.230  -44.516  -16.538 0.2000000030
19891  39.182  -42.814  -15.953 0.2000000030
110747  39.030  -43.459  -15.893 0.2000000030
17846  38.999  -46.028  -17.076 0.2000000030
96705  39.085  -46.426  -17.945 0.2000000030
17863  39.788  -46.648  -19.195 0.1000000015
20556  39.002  -42.205  -15.254 0.2000000030
19185  39.381  -44.739  -17.292 0.2000000030
18497  39.233  -45.517  -17.620 0.2000000030
18507  39.519  -45.716  -18.315 0.1000000015
112348  39.499  -46.362  -18.629 0.1000000015
19867  37.628  -43.540  -12.912 0.1000000015
95138  37.576  -42.876  -11.573 0.1000000015
97889  37.950  -42.598  -11.672 0.1000000015
20523  38.331  -42.522  -13.136 0.1000000015
19895  39.307  -43.619  -16.437 0.2000000030
15061  41.450  -50.867  -25.448 0.2000000030
15051  40.889  -50.593  -23.867 0.2000000030
94352  41.147  -51.095  -24.553 0.2000000030
111017  41.569  -51.341  -25.870 0.2000000030
15789  40.990  -49.560  -23.672 0.2000000030
15800  41.379  -50.055  -24.767 0.2000000030
15071  41.711  -50.953  -26.523 0.2000000030
15799  42.232  -49.450  -25.482 0.2000000030
16524  41.808  -49.078  -24.372 0.1000000015
16544  43.581  -49.207  -27.627 0.1000000015
20539  38.927  -41.940  -14.437 0.1000000015
16514  41.527  -48.666  -23.491 0.1000000015
16523  42.865  -48.831  -24.902 0.1000000015
16534  43.259  -49.178  -26.199 0.1000000015
16533  44.359  -48.988  -27.009 0.1000000015
16550  44.486  -48.110  -28.461 0.1000000015
21199  39.636  -41.937  -16.031 0.1000000015
110338  39.856  -41.585  -14.395 0.1000000015
21184  39.558  -41.616  -14.996 0.1000000015
17215  40.909  -47.810  -21.935 0.1000000015
16505  41.340  -48.310  -22.875 0.1000000015
16513  42.438  -48.388  -23.919 0.1000000015
17230  42.087  -47.975  -23.080 0.1000000015
16522  44.007  -48.693  -25.648 0.1000000015
16543  44.520  -48.569  -28.023 0.1000000015
16532  45.418  -48.572  -27.528 0.1000000015
21183  40.447  -41.527  -14.717 0.1000000015
20566  39.654  -42.761  -16.633 0.1000000015
17213  42.327  -47.398  -22.496 0.1000000015
17202  41.428  -47.257  -21.686 0.1000000015
17212  43.070  -47.347  -22.856 0.1000000015
109244  42.587  -47.617  -22.964 0.1000000015
17214  41.520  -47.748  -22.392 0.1000000015
17228  43.774  -47.483  -23.490 0.1000000015
17229  42.904  -47.787  -23.443 0.1000000015
92657  44.580  -47.722  -24.225 0.1000000015
17238  43.639  -48.150  -24.371 0.1000000015
94205  46.848  -48.083  -26.142 0.1000000015
17237  45.139  -48.226  -25.413 0.1000000015
17248  46.152  -48.469  -26.855 0.1000000015
21198  40.287  -41.491  -15.744 0.1000000015
17227  45.826  -47.643  -24.654 0.1000000015
17893  41.014  -46.881  -21.000 0.1000000015
15811  41.855  -50.166  -26.112 0.1000000015
15810  42.693  -49.701  -26.901 0.1000000015
16521  45.016  -48.675  -26.473 0.1000000015
109938  41.871  -47.337  -22.111 0.1000000015
10993  40.984  -56.084  -24.275 0.1000000015
101497  40.148  -55.469  -24.180 0.1000000015
10982  40.394  -56.440  -23.726 0.1000000015
112848  39.908  -57.497  -23.564 0.1000000015
9675  39.205  -58.740  -24.327 0.1000000015
100746  38.001  -59.407  -25.059 0.1000000015
11657  40.813  -55.450  -25.136 0.1000000015
10983  39.897  -56.878  -23.345 0.1000000015
10319  40.425  -57.185  -23.713 0.1000000015
11658  39.942  -54.835  -25.525 0.1000000015
12324  40.179  -54.728  -26.815 0.1000000015
11688  41.006  -55.079  -27.307 0.1000000015
11671  41.438  -55.450  -26.138 0.1000000015
11696  40.997  -54.657  -28.144 0.1000000015
11695  41.650  -54.945  -27.940 0.1000000015
12300  39.360  -54.699  -24.495 0.1000000015
12963  39.287  -53.818  -26.654 0.1000000015
12312  39.251  -54.317  -25.370 0.1000000015
12325  39.500  -54.301  -26.293 0.1000000015
12964  38.913  -53.718  -25.699 0.1000000015
108973  40.611  -55.133  -26.233 0.1000000015
4883  35.770  -66.131  -7.242 0.1000000015
6451  39.821  -63.053  -6.997 0.1000000015
6452  39.219  -63.578  -6.975 0.1000000015
6464  39.554  -63.171  -7.305 0.1000000015
6472  39.726  -62.844  -7.642 0.1000000015
7580  40.215  -61.785  -6.423 0.1000000015
8184  40.562  -60.143  -5.459 0.1000000015
8197  38.393  -60.597  -6.125 0.1000000015
8206  41.617  -60.486  -6.481 0.1000000015
8213  40.678  -60.768  -7.517 0.1000000015
8243  33.487  -60.349  -10.945 0.1000000015
8798  36.636  -59.555  -4.392 0.1000000015
8811  37.221  -58.909  -4.669 0.1000000015
9450  39.029  -58.359  -4.266 0.1000000015
9630  42.861  -59.147  -21.859 0.1000000015
9642  44.326  -59.333  -22.786 0.1000000015
9656  39.605  -58.085  -23.786 0.1000000015
10167  38.824  -57.907  -7.710 0.1000000015
10174  35.464  -57.582  -9.496 0.1000000015
10245  44.915  -58.205  -17.114 0.1000000015
10277  42.206  -57.380  -20.975 0.2000000030
10279  40.516  -57.699  -20.075 0.1000000015
10318  45.253  -58.005  -24.147 0.1000000015
10801  39.482  -55.979  -5.735 0.1000000015
10815  39.411  -56.170  -6.321 0.1000000015
10833  36.245  -56.481  -8.951 0.1000000015
10876  34.356  -56.352  -12.515 0.1000000015
10919  45.911  -57.449  -17.641 0.2000000030
10920  42.462  -57.200  -18.108 0.1000000015
10925  42.990  -56.862  -18.737 0.2000000030
10981  45.523  -57.514  -23.888 0.1000000015
11498  37.198  -56.212  -8.232 0.1000000015
11540  35.121  -55.029  -11.674 0.1000000015
11557  39.348  -55.261  -13.335 0.1000000015
11600  44.111  -56.350  -20.232 0.1000000015
11655  46.049  -55.892  -25.108 0.2000000030
11667  45.498  -55.557  -25.579 0.2000000030
11684  44.891  -55.219  -25.808 0.2000000030
12121  37.403  -54.675  -4.274 0.1000000015
12335  44.166  -54.934  -26.187 0.1000000015
12758  35.870  -53.105  -4.349 0.1000000015
12805  45.132  -54.092  -7.506 0.1000000015
12806  44.203  -53.477  -7.714 0.1000000015
12862  48.399  -52.768  -14.156 0.5000000000
12959  45.639  -54.150  -25.390 0.1000000015
13439  42.594  -51.871  -6.682 0.1000000015
13466  40.528  -52.089  -9.031 0.1000000015
13485  47.669  -52.892  -10.148 0.2000000030
13488  40.194  -52.681  -10.182 0.1000000015
13538  46.036  -52.389  -19.343 0.2000000030
13642  39.931  -52.421  -28.338 0.2000000030
13654  40.624  -52.152  -29.214 0.2000000030
14173  35.791  -51.125  -8.344 0.1000000015
14201  38.023  -51.578  -10.413 0.1000000015
14871  39.992  -50.207  -5.629 0.1000000015
14881  49.023  -50.632  -4.934 0.2000000030
14913  37.066  -50.180  -8.503 0.1000000015
14952  43.272  -50.423  -12.866 0.5000000000
14971  44.300  -50.642  -15.208 0.4000000060
15583  36.239  -49.299  -4.750 0.1000000015
15609  48.044  -49.846  -6.600 0.2000000030
15612  37.938  -49.680  -6.324 0.1000000015
15667  42.235  -49.817  -12.136 0.5000000000
15837  42.084  -49.305  -28.837 0.1000000015
15838  41.584  -49.853  -29.018 0.1000000015
17740  41.179  -46.324  -7.335 0.5000000000
17762  40.381  -46.774  -8.588 0.5000000000
19082  50.776  -43.917  -5.117 0.1000000015
19086  47.599  -44.676  -6.311 0.3000000119
20437  49.692  -41.858  -4.219 0.1000000015
20453  49.574  -41.718  -6.112 0.2000000030
21096  50.430  -41.224  -5.159 0.1000000015
21097  50.051  -41.124  -4.736 0.1000000015
21098  49.201  -40.946  -4.402 0.1000000015
21099  48.026  -40.883  -4.183 0.1000000015
21100  46.789  -40.765  -4.090 0.1000000015
21118  50.267  -41.377  -5.602 0.1000000015
21814  49.698  -40.864  -4.979 0.1000000015
21818  44.721  -39.826  -5.316 0.1000000015
21829  49.096  -40.777  -5.505 0.2000000030
21841  43.743  -39.693  -7.298 0.2000000030
23212  35.745  -38.650  -0.520 0.1000000015
93013  33.126  -60.906  -13.062 0.1000000015
94280  44.269  -48.484  -8.629 0.5000000000
94594  47.459  -53.962  -9.531 0.2000000030
96300  48.524  -45.247  -6.158 0.3000000119
96522  44.865  -42.363  -6.826 0.4000000060
97865  36.005  -53.608  -6.431 0.1000000015
97900  42.693  -54.974  -27.268 0.2000000030
98158  45.538  -52.249  -19.832 0.1000000015
99024  35.618  -51.249  -7.653 0.1000000015
100824  40.998  -53.197  -29.351 0.2000000030
102084  37.214  -60.139  -6.292 0.1000000015
103337  41.373  -51.400  -6.864 0.1000000015
103646  47.987  -43.922  -6.331 0.3000000119
104800  42.546  -56.835  -20.661 0.2000000030
105742  49.825  -42.578  -6.124 0.3000000119
105912  40.832  -48.196  -11.034 0.5000000000
106118  40.312  -50.584  -6.086 0.1000000015
107073  39.120  -57.106  -1.930 0.1000000015
107342  50.676  -43.776  -5.365 0.1000000015
107412  40.992  -51.321  -23.850 0.2000000030
108122  40.981  -54.214  -28.590 0.2000000030
108159  35.487  -49.895  -3.773 0.1000000015
109004  35.826  -52.083  -2.787 0.1000000015
109333  33.115  -59.377  -11.773 0.1000000015
109420  44.278  -57.041  -19.079 0.2000000030
110396  39.451  -55.946  -13.613 0.1000000015
110557  42.206  -49.479  -11.465 0.5000000000
110645  48.462  -51.842  -6.440 0.2000000030
111674  38.260  -64.597  -7.938 0.1000000015
111888  47.548  -54.164  -16.013 0.3000000119
112003  48.246  -49.696  -3.895 0.1000000015
112432  46.281  -41.103  -3.657 0.1000000015
112729  49.296  -48.896  -4.604 0.1000000015
