#!ascii label  , from subject sub-v2s7x29656_ses-1 vox2ras=TkReg
1238
44243  -24.012  -10.977  -33.970 0.5555555820
44259  -24.975  -11.024  -35.152 0.6666666865
45164  -25.777  -10.323  -36.370 0.7777777910
45165  -26.399  -10.548  -36.516 0.7777777910
46160  -25.973  -9.305  -37.389 0.8888888955
46163  -28.295  -9.676  -37.756 0.8888888955
45133  -23.448  -10.436  -33.291 0.5555555820
45142  -23.774  -10.165  -34.136 0.5555555820
46132  -24.439  -9.486  -35.559 0.6666666865
45163  -25.100  -9.953  -36.048 0.8888888955
45187  -26.758  -10.230  -36.958 0.8888888955
46161  -26.772  -9.686  -37.553 0.8888888955
47132  -28.165  -9.000  -38.980 1.0000000000
46164  -29.122  -9.397  -37.414 0.8888888955
47133  -29.312  -8.428  -38.602 1.0000000000
46131  -23.835  -9.047  -34.993 0.7777777910
47109  -24.964  -8.109  -37.374 1.0000000000
48174  -24.697  -7.359  -37.665 1.0000000000
47129  -26.053  -8.244  -38.489 1.0000000000
48191  -26.405  -7.912  -39.239 1.0000000000
48175  -25.352  -7.802  -38.101 1.0000000000
47147  -27.262  -8.238  -39.606 1.0000000000
48206  -26.754  -7.517  -39.959 1.0000000000
120345  -27.390  -7.720  -40.257 1.0000000000
48207  -27.974  -8.064  -40.183 1.0000000000
48209  -30.022  -7.163  -39.172 1.0000000000
48219  -27.823  -7.487  -40.750 1.0000000000
48221  -29.075  -7.494  -40.184 1.0000000000
49289  -30.725  -6.666  -38.699 1.0000000000
50290  -30.613  -5.825  -39.965 1.0000000000
50291  -31.338  -5.384  -39.560 0.7777777910
111291  -24.268  -6.026  -38.205 0.8888888955
48189  -25.049  -7.056  -38.399 1.0000000000
48218  -27.112  -7.208  -40.690 1.0000000000
49299  -25.650  -6.347  -39.838 1.0000000000
49300  -26.377  -6.786  -40.338 1.0000000000
49327  -28.163  -6.555  -41.577 1.0000000000
49317  -29.910  -6.340  -40.406 1.0000000000
50302  -30.237  -5.625  -40.776 1.0000000000
120575  -31.976  -4.995  -39.186 0.8888888955
51386  -32.380  -4.442  -39.408 1.0000000000
51387  -33.179  -4.084  -38.916 0.7777777910
51388  -34.953  -4.206  -38.717 0.7777777910
120759  -24.222  -4.841  -39.161 0.5555555820
52453  -25.124  -3.918  -40.776 0.7777777910
50300  -25.482  -5.090  -40.567 0.8888888955
49325  -27.034  -5.860  -41.682 1.0000000000
49313  -26.848  -6.447  -41.180 1.0000000000
51406  -26.781  -5.186  -41.782 0.8888888955
50312  -27.564  -5.434  -42.036 1.0000000000
50314  -29.177  -5.672  -41.744 1.0000000000
51397  -31.289  -4.559  -40.756 1.0000000000
51398  -32.019  -4.157  -40.278 0.8888888955
52455  -32.413  -3.478  -40.594 1.0000000000
52456  -33.142  -3.172  -40.100 0.8888888955
53459  -35.380  -2.357  -39.863 0.7777777910
52457  -36.649  -3.779  -40.219 0.6666666865
52458  -37.119  -3.561  -40.910 0.6666666865
53469  -23.932  -2.370  -40.367 0.4444444478
52452  -24.440  -3.293  -40.485 0.7777777910
53479  -24.584  -2.445  -40.975 0.6666666865
52474  -27.337  -3.610  -42.609 0.7777777910
51416  -27.742  -4.571  -42.390 0.8888888955
51417  -28.585  -4.519  -42.516 0.8888888955
51409  -30.211  -4.687  -41.789 1.0000000000
105627  -29.762  -3.949  -42.656 1.0000000000
52467  -31.239  -3.632  -41.859 1.0000000000
53482  -32.063  -3.066  -41.454 1.0000000000
53483  -33.290  -2.216  -40.818 0.8888888955
54440  -34.840  -1.727  -40.263 0.7777777910
53472  -36.104  -2.322  -40.107 0.7777777910
108484  -37.379  -4.214  -41.685 0.5555555820
54443  -37.076  -2.123  -40.970 0.7777777910
53495  -37.549  -2.707  -42.738 0.6666666865
53489  -25.966  -2.230  -42.252 0.6666666865
53480  -25.286  -2.347  -41.587 0.6666666865
53490  -26.603  -2.902  -42.443 0.7777777910
53491  -27.332  -2.646  -42.993 0.7777777910
52475  -28.260  -3.821  -42.843 0.8888888955
52476  -29.060  -3.898  -42.876 0.8888888955
52477  -29.632  -3.225  -43.181 1.0000000000
53492  -30.431  -2.912  -43.067 1.0000000000
53494  -32.047  -2.305  -42.179 1.0000000000
54455  -34.334  -1.175  -40.874 0.8888888955
55450  -35.273  -1.036  -40.727 0.8888888955
54441  -35.722  -1.709  -40.339 0.7777777910
55464  -33.875  -0.697  -41.554 0.8888888955
55466  -35.723  -0.438  -41.207 0.7777777910
55467  -36.583  -0.618  -41.355 0.7777777910
54469  -37.442  -1.743  -42.212 0.7777777910
53507  -37.646  -2.874  -43.707 0.6666666865
54465  -26.088  -1.401  -42.630 0.6666666865
54450  -24.728  -1.641  -41.373 0.5555555820
111692  -26.699  -2.062  -42.834 0.7777777910
53502  -27.852  -2.367  -43.466 0.8888888955
53504  -29.208  -2.527  -43.711 0.8888888955
53505  -29.977  -2.422  -43.617 1.0000000000
54468  -33.124  -1.075  -42.058 1.0000000000
119146  -32.750  -1.735  -41.888 0.8888888955
55479  -36.996  -0.235  -41.969 0.7777777910
55501  -37.524  -0.439  -44.325 0.7777777910
54489  -37.641  -2.177  -45.051 0.6666666865
53515  -37.779  -2.742  -46.006 0.5555555820
117964  -37.826  -3.070  -45.358 0.5555555820
54474  -26.747  -1.281  -43.251 0.7777777910
54475  -27.409  -1.114  -43.785 0.6666666865
53501  -27.357  -1.883  -43.409 0.8888888955
109414  -30.338  -1.691  -43.993 1.0000000000
54479  -31.165  -1.437  -43.693 1.0000000000
56580  -33.910  0.436  -42.603 0.8888888955
55478  -34.353  0.006  -41.911 0.8888888955
57584  -35.365  1.208  -42.743 0.8888888955
56567  -35.297  0.153  -41.695 0.8888888955
56597  -37.344  0.246  -43.591 0.7777777910
55508  -37.550  -0.217  -45.210 0.7777777910
55512  -37.555  -0.911  -45.999 0.7777777910
122858  -37.697  -2.396  -46.642 0.5555555820
57608  -37.339  1.388  -44.569 0.7777777910
55517  -37.494  -0.746  -46.896 0.5555555820
112129  -37.734  -2.563  -47.546 0.5555555820
124214  -37.447  -0.565  -47.654 0.6666666865
109225  -26.449  0.443  -43.650 0.4444444478
55486  -26.734  -0.404  -43.631 0.5555555820
55497  -28.696  -0.517  -44.736 0.7777777910
54488  -29.930  -1.133  -44.498 1.0000000000
54487  -29.175  -1.222  -44.504 0.8888888955
55489  -31.509  -0.695  -44.023 1.0000000000
55490  -32.278  -0.334  -43.576 0.8888888955
56594  -33.441  0.815  -43.395 0.8888888955
56595  -34.394  1.116  -42.972 0.8888888955
57595  -36.580  1.511  -43.396 0.8888888955
105666  -37.507  -0.032  -46.112 0.6666666865
54510  -37.478  -1.895  -49.077 0.5555555820
56617  -30.408  1.491  -45.618 0.6666666865
56606  -29.287  0.224  -45.176 0.6666666865
110858  -30.823  1.120  -45.433 0.7777777910
56609  -32.048  0.859  -44.602 0.8888888955
118262  -32.308  1.480  -44.832 0.7777777910
57591  -32.875  1.166  -44.197 0.7777777910
57592  -33.857  1.647  -43.773 0.8888888955
58574  -34.849  2.770  -44.214 0.7777777910
57593  -34.945  1.753  -43.303 0.8888888955
58575  -35.830  2.976  -44.247 0.7777777910
58563  -36.223  2.224  -43.765 0.7777777910
117193  -37.443  1.593  -45.421 0.6666666865
111890  -36.907  3.793  -45.918 0.6666666865
58598  -37.472  2.194  -46.979 0.6666666865
116070  -37.483  1.802  -46.269 0.6666666865
57617  -37.522  0.890  -46.233 0.5555555820
58603  -37.453  2.436  -48.305 0.6666666865
113224  -37.466  1.525  -48.761 0.5555555820
107902  -37.430  0.657  -49.235 0.5555555820
55521  -37.392  -0.817  -48.480 0.4444444478
57638  -37.393  0.614  -50.136 0.5555555820
59503  -30.755  2.838  -46.246 0.3333333433
58584  -30.090  2.534  -45.877 0.3333333433
57615  -30.567  2.233  -45.854 0.5555555820
56618  -30.974  1.913  -45.733 0.6666666865
59504  -31.627  3.090  -46.364 0.5555555820
57605  -32.211  2.058  -45.319 0.7777777910
58587  -32.965  2.654  -45.267 0.7777777910
59506  -33.307  3.490  -45.643 0.6666666865
59494  -34.084  3.144  -44.841 0.6666666865
59508  -35.822  3.723  -45.012 0.6666666865
60367  -36.336  4.146  -45.740 0.6666666865
60387  -36.986  4.293  -47.551 0.6666666865
119243  -37.355  3.068  -48.664 0.6666666865
57632  -37.448  1.338  -49.544 0.5555555820
108186  -37.397  1.656  -50.382 0.5555555820
58608  -37.416  2.295  -49.302 0.6666666865
116597  -31.202  3.257  -46.584 0.4444444478
59502  -30.297  3.107  -46.174 0.4444444478
59516  -31.524  3.713  -46.922 0.5555555820
59518  -32.629  3.717  -46.337 0.6666666865
59505  -32.355  3.200  -46.056 0.6666666865
60364  -33.526  4.222  -46.225 0.6666666865
60366  -35.538  4.363  -45.726 0.6666666865
107822  -36.078  4.680  -46.305 0.6666666865
106292  -36.446  4.922  -47.255 0.6666666865
60399  -36.947  4.129  -49.730 0.6666666865
59533  -37.077  3.322  -50.938 0.5555555820
58612  -37.258  2.457  -51.084 0.6666666865
60372  -31.470  4.088  -47.370 0.4444444478
60385  -33.219  4.595  -47.134 0.6666666865
60375  -34.324  4.804  -46.662 0.6666666865
60365  -34.674  4.493  -45.992 0.6666666865
60386  -36.606  4.982  -48.157 0.6666666865
46144  -25.545  -9.597  -36.697 0.8888888955
46143  -24.829  -9.157  -36.312 1.0000000000
47110  -25.669  -8.561  -37.768 1.0000000000
47130  -26.798  -8.625  -38.817 1.0000000000
112563  -28.665  -8.585  -39.132 1.0000000000
54453  -32.738  -2.277  -41.398 0.8888888955
55474  -25.473  -0.572  -42.418 0.5555555820
55487  -27.087  0.346  -44.226 0.5555555820
54476  -28.069  -1.726  -43.923 0.7777777910
56596  -36.945  0.786  -43.053 0.8888888955
56590  -25.986  1.090  -43.320 0.2222222239
106117  -37.444  0.097  -47.953 0.6666666865
57606  -33.011  1.878  -44.640 0.7777777910
106116  -37.405  -0.081  -48.879 0.4444444478
59517  -31.988  3.615  -46.744 0.6666666865
60384  -32.328  4.406  -47.607 0.6666666865
54449  -24.132  -1.644  -40.771 0.4444444478
55458  -24.785  -0.796  -41.682 0.4444444478
108196  -37.206  2.343  -51.928 0.5555555820
103919  -37.317  1.545  -51.517 0.5555555820
59514  -30.448  3.713  -46.599 0.2222222239
59515  -31.141  3.709  -46.959 0.3333333433
43372  -24.221  -12.148  -33.134 0.5555555820
43373  -24.968  -12.442  -33.680 0.5555555820
44244  -24.665  -11.360  -34.511 0.6666666865
44260  -25.644  -11.337  -35.427 0.5555555820
44261  -26.411  -11.467  -35.546 0.5555555820
45167  -27.889  -10.556  -36.612 0.7777777910
46146  -28.657  -10.040  -36.858 0.8888888955
114924  -23.573  -11.889  -32.533 0.5555555820
44284  -26.572  -10.986  -36.136 0.6666666865
45166  -27.059  -10.699  -36.537 0.6666666865
46165  -29.988  -9.008  -36.886 0.7777777910
47134  -30.046  -8.077  -38.076 0.8888888955
122459  -22.954  -10.603  -32.117 0.4444444478
46104  -23.371  -8.846  -33.657 0.5555555820
48193  -30.402  -7.363  -38.349 1.0000000000
120366  -23.477  -8.061  -34.714 0.2222222239
47091  -24.080  -7.885  -36.154 0.6666666865
49290  -31.551  -6.243  -38.272 0.8888888955
49291  -32.437  -5.833  -37.880 0.6666666865
51374  -33.648  -4.454  -38.340 0.7777777910
51376  -35.082  -4.938  -38.534 0.6666666865
48173  -24.103  -6.860  -37.167 0.5555555820
51389  -35.656  -4.746  -39.112 0.6666666865
50277  -23.800  -5.464  -37.956 0.4444444478
51399  -36.540  -4.760  -40.263 0.5555555820
104146  -37.670  -4.400  -42.556 0.5555555820
53432  -22.978  -3.116  -38.649 0.2222222239
52479  -37.698  -3.798  -43.234 0.5555555820
54431  -23.474  -1.532  -40.257 0.4444444478
105767  -37.883  -3.767  -44.217 0.5555555820
56548  -22.986  1.016  -40.389 0.3333333433
123043  -38.698  -4.418  -46.451 0.5555555820
55485  -25.903  0.134  -43.078 0.4444444478
107212  -38.796  -4.175  -47.942 0.4444444478
56575  -25.426  1.017  -42.730 0.3333333433
53523  -37.854  -2.787  -48.707 0.5555555820
54515  -37.578  -2.054  -50.152 0.4444444478
58583  -29.350  2.348  -45.648 0.3333333433
57614  -29.792  1.755  -45.665 0.4444444478
56638  -37.319  -0.375  -50.861 0.4444444478
57647  -37.305  0.507  -52.328 0.4444444478
58617  -37.233  1.621  -52.615 0.2222222239
61293  -34.112  5.154  -47.566 0.6666666865
61286  -35.063  5.231  -46.977 0.6666666865
61295  -36.081  5.477  -47.836 0.6666666865
61304  -36.120  5.474  -48.787 0.6666666865
60398  -36.373  4.716  -50.452 0.6666666865
60405  -36.767  4.066  -50.778 0.6666666865
117300  -37.027  3.154  -51.869 0.4444444478
59538  -36.995  2.856  -52.908 0.3333333433
108067  -32.993  4.773  -47.856 0.5555555820
45143  -24.360  -10.614  -34.671 0.6666666865
44231  -24.433  -11.748  -33.834 0.6666666865
44245  -25.248  -11.578  -34.909 0.6666666865
45153  -24.697  -10.296  -35.371 0.6666666865
45154  -25.377  -10.681  -35.755 0.7777777910
44283  -26.012  -10.966  -36.034 0.7777777910
46145  -26.219  -9.963  -36.932 0.8888888955
46180  -27.162  -9.229  -38.299 1.0000000000
47111  -26.409  -8.964  -38.077 1.0000000000
46162  -27.551  -9.724  -37.785 0.8888888955
45189  -27.930  -10.099  -37.307 0.8888888955
44230  -23.758  -11.387  -33.227 0.5555555820
44221  -23.175  -11.030  -32.490 0.4444444478
45117  -23.117  -10.227  -32.479 0.4444444478
46105  -23.467  -9.669  -33.673 0.5555555820
46119  -23.599  -9.357  -34.300 0.6666666865
45152  -24.095  -9.830  -34.844 0.6666666865
45188  -27.325  -10.188  -37.161 0.8888888955
46182  -28.702  -9.071  -38.351 1.0000000000
47131  -27.555  -8.907  -38.995 1.0000000000
47112  -29.584  -8.744  -37.795 1.0000000000
119389  -29.156  -8.139  -39.233 1.0000000000
47067  -23.493  -8.599  -34.454 0.5555555820
117344  -23.652  -8.405  -35.044 0.6666666865
47081  -24.147  -8.578  -35.719 0.8888888955
47093  -25.279  -8.844  -37.031 1.0000000000
48157  -24.349  -7.616  -36.869 0.8888888955
47092  -24.597  -8.367  -36.597 1.0000000000
49276  -24.472  -6.631  -37.958 1.0000000000
48190  -25.704  -7.475  -38.818 1.0000000000
47148  -28.068  -8.585  -39.543 1.0000000000
48205  -26.021  -7.133  -39.558 1.0000000000
48208  -29.381  -7.639  -39.570 1.0000000000
48194  -31.195  -6.933  -37.844 0.8888888955
49301  -29.630  -7.025  -39.968 1.0000000000
49316  -29.152  -6.928  -40.789 1.0000000000
49314  -27.641  -6.908  -41.262 1.0000000000
49302  -30.321  -6.501  -39.563 1.0000000000
50279  -31.839  -5.538  -38.698 0.8888888955
50280  -32.784  -4.932  -38.387 0.7777777910
49298  -24.988  -5.966  -39.345 1.0000000000
50278  -24.350  -5.517  -38.785 0.5555555820
49288  -25.355  -6.717  -39.107 1.0000000000
50289  -25.288  -5.559  -39.993 0.8888888955
49312  -25.978  -5.904  -40.666 1.0000000000
49326  -27.595  -6.235  -41.685 1.0000000000
50301  -29.532  -6.082  -41.152 1.0000000000
50315  -29.877  -5.340  -41.455 1.0000000000
50303  -30.954  -5.197  -40.391 1.0000000000
52443  -33.521  -3.444  -39.361 0.8888888955
52444  -34.775  -3.586  -39.038 0.7777777910
52445  -35.455  -3.804  -39.254 0.6666666865
52428  -23.309  -3.852  -38.568 0.5555555820
51373  -23.677  -4.712  -38.472 0.5555555820
51383  -23.873  -4.209  -39.211 0.6666666865
51384  -24.437  -4.509  -39.679 0.6666666865
50288  -24.705  -5.212  -39.521 0.7777777910
51394  -24.687  -4.155  -40.227 0.7777777910
52464  -25.147  -3.170  -41.180 0.6666666865
52465  -26.453  -3.733  -42.011 0.8888888955
51404  -25.599  -4.518  -41.018 0.8888888955
51405  -26.237  -4.499  -41.612 0.8888888955
50310  -26.039  -5.184  -41.208 1.0000000000
123892  -27.259  -4.929  -42.119 0.8888888955
51407  -28.864  -5.123  -42.161 1.0000000000
51410  -30.916  -4.314  -41.515 1.0000000000
53471  -33.537  -2.572  -40.265 0.8888888955
53458  -34.367  -2.485  -39.833 0.8888888955
113562  -34.258  -3.182  -39.299 0.7777777910
53460  -36.019  -3.127  -39.721 0.7777777910
53474  -37.202  -2.839  -41.051 0.6666666865
113086  -36.989  -4.511  -40.906 0.5555555820
52468  -37.497  -3.511  -42.252 0.6666666865
54414  -22.900  -1.424  -39.777 0.3333333433
53450  -23.161  -2.689  -39.347 0.3333333433
52451  -23.690  -2.995  -39.921 0.4444444478
52441  -24.108  -3.780  -39.823 0.6666666865
53481  -25.857  -3.049  -41.816 0.7777777910
51419  -29.858  -4.436  -42.243 1.0000000000
52478  -30.836  -3.310  -42.493 1.0000000000
54439  -33.940  -1.905  -40.457 0.7777777910
54457  -36.881  -1.333  -41.054 0.7777777910
117107  -28.015  -3.031  -43.171 0.8888888955
53493  -31.184  -2.620  -42.729 1.0000000000
114850  -37.566  -1.399  -44.233 0.7777777910
109550  -37.548  -1.776  -43.286 0.7777777910
117940  -37.614  -2.231  -44.176 0.6666666865
107931  -24.276  -1.008  -41.153 0.4444444478
54466  -31.602  -1.871  -42.985 1.0000000000
55476  -32.722  -0.698  -42.797 0.8888888955
56583  -36.619  0.443  -42.364 0.7777777910
110673  -37.583  -1.144  -45.118 0.6666666865
53519  -38.116  -3.362  -47.083 0.5555555820
52496  -38.211  -3.742  -46.107 0.5555555820
55475  -26.210  -0.710  -42.996 0.5555555820
54485  -28.003  -0.895  -44.311 0.6666666865
54477  -28.841  -1.890  -44.126 0.8888888955
55491  -33.045  0.085  -43.051 1.0000000000
56582  -35.792  0.667  -42.196 0.8888888955
56610  -37.452  0.487  -44.429 0.8888888955
54499  -37.555  -1.631  -46.787 0.6666666865
57607  -36.923  1.919  -44.008 0.8888888955
54504  -37.474  -1.559  -47.862 0.5555555820
123247  -27.428  -0.456  -44.143 0.5555555820
55499  -30.283  -0.382  -44.826 1.0000000000
56593  -32.575  0.431  -43.864 0.8888888955
55500  -31.012  -0.192  -44.656 0.7777777910
56615  -29.102  1.010  -45.410 0.5555555820
118573  -30.321  0.840  -45.437 0.6666666865
55507  -29.976  0.229  -45.236 0.7777777910
120357  -27.881  -0.115  -44.606 0.7777777910
56605  -28.495  0.383  -45.017 0.6666666865
57604  -31.552  1.483  -45.291 0.7777777910
56608  -31.272  0.603  -44.953 0.7777777910
58561  -34.609  2.200  -43.832 0.7777777910
59496  -36.370  3.232  -44.693 0.6666666865
58589  -37.313  2.413  -45.522 0.6666666865
59510  -37.141  3.149  -45.717 0.6666666865
59523  -37.329  3.361  -47.776 0.6666666865
117184  -37.451  2.608  -47.527 0.6666666865
107903  -37.462  0.828  -48.327 0.5555555820
107904  -37.513  1.107  -47.253 0.5555555820
55530  -37.368  -1.227  -50.515 0.4444444478
57642  -37.334  0.589  -51.162 0.5555555820
58585  -31.102  2.648  -46.142 0.5555555820
57616  -31.520  2.344  -45.811 0.6666666865
60393  -37.118  4.044  -48.615 0.6666666865
119228  -37.255  3.284  -49.410 0.6666666865
60373  -31.837  4.055  -47.288 0.6666666865
61287  -35.879  5.184  -46.974 0.6666666865
60392  -36.577  4.894  -49.217 0.6666666865
106169  -27.735  0.740  -44.728 0.3333333433
120238  -23.027  -0.666  -40.177 0.4444444478
55457  -24.057  -0.080  -41.246 0.4444444478
57651  -37.356  0.454  -53.606 0.3333333433
45168  -29.285  -10.164  -36.051 0.6666666865
44205  -22.990  -11.686  -31.906 0.5555555820
48176  -30.803  -7.649  -37.502 0.7777777910
44220  -22.764  -10.954  -31.830 0.3333333433
45132  -23.272  -9.574  -33.018 0.4444444478
50281  -33.803  -5.060  -37.817 0.6666666865
52440  -23.505  -3.439  -39.284 0.3333333433
53449  -22.692  -2.465  -38.959 0.1111111119
55456  -23.297  0.112  -40.586 0.4444444478
55473  -24.758  0.111  -41.940 0.3333333433
108108  -25.271  0.306  -42.476 0.3333333433
57603  -28.276  1.243  -45.125 0.3333333433
60410  -36.679  3.970  -51.851 0.4444444478
42515  -27.844  -13.054  -33.158 0.4444444478
41620  -29.861  -14.961  -33.145 0.2222222239
43357  -24.717  -12.743  -32.882 0.4444444478
42513  -26.067  -13.197  -32.950 0.4444444478
121656  -25.525  -12.626  -33.701 0.4444444478
43374  -26.103  -12.734  -33.651 0.4444444478
43376  -28.183  -12.520  -33.700 0.4444444478
43377  -29.088  -12.668  -33.684 0.4444444478
108078  -30.550  -13.001  -34.325 0.2222222239
44247  -26.689  -11.962  -34.756 0.4444444478
43392  -27.605  -11.924  -34.423 0.4444444478
43393  -28.601  -11.981  -34.112 0.4444444478
108833  -31.579  -13.438  -35.009 0.1111111119
43396  -32.270  -13.546  -35.349 0.1111111119
44248  -28.113  -11.435  -34.991 0.4444444478
44250  -30.110  -11.959  -34.385 0.3333333433
44262  -27.206  -11.555  -35.270 0.4444444478
44249  -29.128  -11.586  -34.486 0.3333333433
44265  -30.454  -11.440  -34.816 0.3333333433
43409  -31.888  -12.916  -35.448 0.2222222239
113115  -28.839  -11.035  -35.197 0.4444444478
119651  -29.615  -11.259  -34.758 0.3333333433
44285  -27.034  -11.180  -35.932 0.5555555820
112899  -27.561  -11.225  -35.668 0.4444444478
45156  -31.618  -11.045  -35.513 0.2222222239
45157  -32.295  -11.121  -35.845 0.1111111119
44288  -33.742  -11.780  -36.718 0.1111111119
46133  -30.998  -10.245  -35.529 0.3333333433
46134  -31.847  -10.177  -35.741 0.3333333433
47094  -30.893  -8.702  -36.486 0.5555555820
48158  -31.992  -8.074  -36.535 0.6666666865
47097  -33.429  -8.688  -36.782 0.4444444478
47114  -31.224  -8.068  -36.802 0.6666666865
47135  -35.026  -8.452  -38.572 0.3333333433
48178  -32.696  -7.075  -36.960 0.6666666865
49279  -34.035  -6.773  -37.310 0.5555555820
49277  -32.126  -6.602  -37.482 0.6666666865
49280  -34.637  -6.639  -37.852 0.5555555820
48195  -35.067  -7.502  -38.581 0.4444444478
49292  -35.254  -6.576  -38.703 0.3333333433
49278  -33.162  -6.398  -37.271 0.5555555820
107343  -36.259  -6.285  -40.162 0.4444444478
51390  -36.158  -4.983  -39.754 0.5555555820
50283  -35.454  -5.663  -38.881 0.4444444478
51400  -37.346  -5.121  -41.493 0.4444444478
61294  -35.300  5.523  -47.660 0.5555555820
107762  -34.496  5.615  -48.415 0.5555555820
61303  -35.496  5.693  -48.548 0.5555555820
61311  -35.496  5.599  -49.551 0.5555555820
61312  -35.960  5.271  -49.964 0.5555555820
61318  -35.602  4.870  -51.607 0.5555555820
42504  -27.506  -13.673  -32.589 0.4444444478
41629  -29.889  -14.231  -33.495 0.2222222239
43390  -25.105  -12.002  -34.389 0.4444444478
43395  -31.053  -12.608  -34.837 0.2222222239
44267  -32.303  -12.124  -35.824 0.2222222239
46150  -32.590  -9.888  -36.216 0.4444444478
46149  -31.716  -9.195  -36.069 0.4444444478
48159  -32.808  -7.880  -36.660 0.6666666865
119239  -33.489  -8.050  -36.822 0.4444444478
49303  -36.403  -6.856  -40.118 0.3333333433
50304  -36.858  -5.449  -40.889 0.4444444478
51427  -38.144  -4.590  -43.918 0.4444444478
61310  -33.839  5.838  -49.865 0.5555555820
44246  -25.841  -11.960  -34.862 0.4444444478
46166  -34.049  -9.328  -37.322 0.2222222239
41606  -26.347  -14.495  -31.442 0.4444444478
41617  -26.765  -13.993  -32.075 0.4444444478
41618  -27.612  -14.353  -32.143 0.4444444478
119573  -29.333  -15.078  -32.727 0.2222222239
41621  -30.539  -15.138  -32.900 0.1111111119
42501  -24.369  -13.051  -32.136 0.4444444478
41616  -25.822  -13.864  -31.867 0.4444444478
42518  -30.704  -14.103  -33.964 0.1111111119
42532  -31.842  -13.921  -34.858 0.1111111119
41630  -30.534  -14.696  -33.508 0.1111111119
42533  -32.505  -13.785  -35.068 0.1111111119
43410  -32.702  -13.140  -35.828 0.1111111119
44269  -34.002  -12.709  -36.453 0.1111111119
44289  -34.553  -12.117  -36.907 0.1111111119
45172  -34.403  -11.305  -37.192 0.1111111119
112496  -35.235  -10.308  -38.054 0.2222222239
120782  -35.452  -8.084  -39.085 0.1111111119
47117  -35.249  -9.507  -38.467 0.2222222239
48210  -36.043  -7.309  -39.769 0.2222222239
49304  -37.096  -6.926  -40.294 0.2222222239
50294  -36.818  -6.276  -40.625 0.3333333433
51411  -37.689  -4.906  -42.093 0.4444444478
111041  -38.621  -5.315  -43.623 0.3333333433
50330  -38.909  -5.399  -44.486 0.3333333433
52491  -38.399  -4.597  -44.808 0.4444444478
51432  -39.293  -5.470  -45.425 0.3333333433
53524  -38.377  -3.557  -48.317 0.4444444478
55535  -37.521  -1.410  -51.674 0.3333333433
60383  -31.814  4.400  -47.784 0.4444444478
60404  -36.085  4.485  -51.850 0.5555555820
105161  -33.347  5.182  -48.412 0.5555555820
61302  -33.681  5.598  -49.140 0.5555555820
62326  -34.914  5.681  -50.372 0.5555555820
62334  -34.572  5.466  -52.015 0.5555555820
61322  -34.997  5.016  -52.995 0.5555555820
61309  -33.002  5.571  -49.725 0.5555555820
43358  -25.441  -12.868  -33.246 0.4444444478
44286  -27.509  -10.942  -36.148 0.5555555820
108224  -28.688  -10.562  -35.995 0.5555555820
46147  -29.585  -9.634  -36.468 0.6666666865
47113  -30.406  -8.365  -37.247 0.6666666865
50272  -33.983  -5.929  -37.473 0.5555555820
50282  -34.730  -5.595  -38.098 0.5555555820
50292  -35.951  -5.692  -39.681 0.4444444478
52497  -38.712  -4.652  -45.842 0.4444444478
56642  -37.359  -0.559  -52.052 0.3333333433
111420  -25.621  -12.384  -34.142 0.4444444478
45169  -30.117  -10.079  -35.679 0.3333333433
44264  -29.634  -10.674  -35.306 0.3333333433
42516  -28.967  -13.410  -33.313 0.4444444478
41628  -29.101  -14.437  -32.980 0.3333333433
42505  -28.381  -13.752  -32.853 0.4444444478
42502  -25.341  -13.297  -32.466 0.4444444478
107447  -26.122  -13.558  -32.399 0.4444444478
42503  -26.655  -13.457  -32.597 0.4444444478
43391  -26.241  -12.320  -34.302 0.4444444478
42514  -26.857  -13.035  -33.092 0.4444444478
43375  -27.060  -12.447  -33.842 0.4444444478
43394  -29.609  -12.365  -34.012 0.4444444478
42517  -29.973  -13.360  -33.811 0.2222222239
42531  -31.153  -13.727  -34.518 0.1111111119
42520  -32.148  -14.116  -34.294 0.1111111119
45155  -30.708  -10.815  -35.230 0.3333333433
44266  -31.395  -11.847  -35.226 0.2222222239
45170  -32.593  -10.693  -36.100 0.2222222239
45171  -33.163  -10.765  -36.541 0.1111111119
44287  -32.890  -11.554  -36.271 0.1111111119
107335  -33.761  -10.845  -37.012 0.1111111119
46148  -30.700  -9.468  -35.984 0.3333333433
47095  -31.649  -8.523  -36.390 0.4444444478
47096  -32.550  -8.837  -36.404 0.4444444478
47116  -34.538  -8.876  -37.890 0.3333333433
46151  -33.426  -9.805  -36.764 0.3333333433
47136  -35.666  -8.801  -39.017 0.1111111119
48180  -34.440  -7.688  -37.701 0.4444444478
48179  -33.580  -7.414  -36.987 0.5555555820
48196  -35.600  -7.392  -39.289 0.3333333433
50316  -37.945  -5.478  -41.939 0.4444444478
62317  -34.684  5.815  -49.423 0.5555555820
61317  -35.275  5.363  -50.976 0.5555555820
107482  -28.298  -14.353  -32.493 0.4444444478
44268  -33.215  -12.567  -36.256 0.1111111119
62324  -33.412  5.957  -50.675 0.5555555820
46152  -34.190  -10.354  -37.360 0.2222222239
40696  -28.201  -15.034  -31.988 0.4444444478
40697  -29.033  -15.449  -32.238 0.2222222239
42487  -24.892  -13.669  -31.667 0.4444444478
115765  -23.862  -13.411  -31.302 0.4444444478
42519  -31.417  -14.174  -34.248 0.1111111119
121438  -31.061  -14.520  -33.823 0.1111111119
43397  -32.928  -13.526  -35.601 0.1111111119
114496  -26.370  -18.419  -25.287 0.1111111119
38907  -24.171  -17.276  -27.986 0.3333333433
38042  -25.473  -18.282  -27.434 0.2222222239
38034  -26.168  -18.314  -26.717 0.2222222239
38869  -26.839  -18.103  -25.950 0.1111111119
103372  -26.989  -18.020  -26.926 0.1111111119
40659  -22.755  -14.856  -28.657 0.3333333433
40644  -22.632  -15.462  -28.131 0.3333333433
39763  -22.898  -16.145  -27.920 0.3333333433
39766  -25.288  -17.075  -28.870 0.3333333433
38909  -25.712  -17.705  -28.623 0.3333333433
103325  -26.065  -18.080  -28.148 0.2222222239
38910  -26.555  -17.558  -28.764 0.2222222239
38900  -26.335  -18.171  -27.474 0.2222222239
38901  -27.020  -17.827  -27.911 0.2222222239
42459  -22.434  -13.414  -29.598 0.2222222239
104877  -22.472  -14.011  -29.106 0.2222222239
40660  -23.541  -15.187  -29.065 0.3333333433
39776  -24.027  -15.962  -28.786 0.3333333433
39765  -24.504  -16.788  -28.557 0.3333333433
109028  -22.539  -13.057  -30.242 0.2222222239
41588  -22.864  -13.717  -29.797 0.3333333433
42473  -23.221  -13.515  -30.529 0.3333333433
41589  -23.519  -14.112  -30.055 0.3333333433
41603  -23.852  -13.915  -30.650 0.3333333433
41590  -24.257  -14.446  -30.329 0.3333333433
40670  -23.904  -14.788  -29.699 0.3333333433
40671  -24.715  -15.110  -29.983 0.3333333433
39789  -25.970  -16.151  -29.905 0.3333333433
40672  -25.553  -15.409  -30.238 0.3333333433
39779  -26.827  -16.501  -30.042 0.3333333433
40673  -26.413  -15.717  -30.473 0.3333333433
39780  -27.329  -16.848  -29.618 0.1111111119
39790  -27.818  -16.485  -30.288 0.2222222239
43343  -22.392  -12.314  -30.802 0.2222222239
42486  -22.974  -12.868  -31.055 0.2222222239
123162  -22.766  -12.201  -31.411 0.3333333433
41591  -25.070  -14.713  -30.602 0.3333333433
41605  -25.436  -14.286  -31.228 0.3333333433
40683  -25.957  -14.948  -30.817 0.3333333433
40684  -26.831  -15.242  -31.079 0.3333333433
40674  -27.280  -15.963  -30.715 0.3333333433
44204  -22.462  -11.478  -31.267 0.3333333433
43356  -24.042  -12.498  -32.528 0.3333333433
41607  -27.257  -14.751  -31.650 0.3333333433
50305  -37.439  -5.829  -41.243 0.2222222239
51421  -38.216  -5.267  -42.755 0.2222222239
50317  -38.941  -5.841  -42.316 0.2222222239
52502  -38.754  -4.292  -47.089 0.3333333433
110515  -39.491  -4.964  -46.879 0.2222222239
38899  -25.390  -18.039  -28.135 0.3333333433
103851  -22.208  -13.010  -29.700 0.3333333433
41575  -23.146  -14.418  -29.382 0.3333333433
40662  -25.164  -15.855  -29.677 0.3333333433
39778  -25.590  -16.581  -29.389 0.3333333433
38919  -26.007  -17.209  -29.151 0.3333333433
38920  -26.673  -17.033  -29.390 0.3333333433
43344  -23.467  -12.540  -31.866 0.3333333433
40685  -27.703  -15.515  -31.332 0.3333333433
38023  -25.514  -18.722  -25.448 0.1111111119
39750  -22.522  -16.631  -27.407 0.3333333433
39751  -23.318  -16.935  -27.660 0.3333333433
38897  -23.806  -17.710  -27.333 0.3333333433
38041  -24.410  -18.393  -26.809 0.3333333433
38033  -25.344  -18.579  -26.434 0.3333333433
38006  -26.756  -18.552  -24.598 0.1111111119
38886  -27.647  -17.747  -26.295 0.1111111119
109596  -22.166  -13.365  -29.158 0.2222222239
103534  -27.768  -17.566  -27.123 0.1111111119
39767  -27.611  -17.010  -29.143 0.1111111119
39781  -28.053  -16.775  -29.540 0.1111111119
109354  -28.669  -16.493  -29.973 0.1111111119
39802  -28.007  -16.066  -30.952 0.1111111119
45084  -22.395  -10.893  -30.919 0.1111111119
121998  -39.526  -5.918  -44.109 0.2222222239
52507  -39.449  -4.278  -48.887 0.2222222239
51442  -39.715  -4.727  -47.976 0.2222222239
111964  -22.613  -10.756  -31.419 0.2222222239
51437  -40.504  -5.948  -46.072 0.2222222239
38024  -27.063  -18.213  -25.158 0.1111111119
105118  -26.047  -18.456  -25.973 0.1111111119
39764  -23.680  -16.453  -28.228 0.3333333433
38898  -24.717  -17.992  -27.736 0.3333333433
40645  -23.236  -15.649  -28.452 0.3333333433
41561  -22.293  -14.425  -28.447 0.2222222239
38908  -24.974  -17.598  -28.369 0.3333333433
39777  -24.815  -16.318  -29.131 0.3333333433
38912  -27.415  -17.330  -28.621 0.1111111119
38911  -27.097  -17.182  -29.137 0.1111111119
43331  -22.146  -12.448  -30.076 0.2222222239
41604  -24.556  -14.066  -30.963 0.3333333433
40661  -24.348  -15.532  -29.397 0.3333333433
121383  -26.235  -16.718  -29.562 0.3333333433
44184  -22.182  -11.635  -30.514 0.2222222239
40686  -28.593  -15.817  -31.495 0.1111111119
37133  -25.369  -19.015  -24.630 0.1111111119
38896  -22.888  -17.395  -27.113 0.3333333433
39749  -21.973  -16.383  -27.135 0.2222222239
38885  -23.309  -18.109  -26.672 0.3333333433
41547  -22.265  -15.018  -28.050 0.2222222239
50323  -39.497  -6.057  -43.288 0.1111111119
49330  -40.089  -6.541  -42.643 0.1111111119
50332  -41.645  -6.723  -43.976 0.1111111119
50324  -40.872  -6.761  -43.376 0.1111111119
50342  -41.278  -6.132  -45.645 0.1111111119
51434  -41.998  -5.731  -44.741 0.1111111119
117909  -39.660  -5.476  -46.252 0.1111111119
51433  -41.537  -5.660  -45.717 0.1111111119
51444  -40.876  -5.365  -47.120 0.1111111119
52498  -41.224  -5.289  -46.702 0.1111111119
53536  -38.314  -2.714  -50.778 0.2222222239
51443  -40.447  -5.141  -47.491 0.1111111119
52503  -41.010  -4.946  -47.415 0.1111111119
54525  -38.821  -2.432  -52.538 0.1111111119
54519  -37.784  -2.085  -51.198 0.2222222239
55542  -38.227  -1.602  -54.207 0.1111111119
53544  -39.083  -2.636  -51.885 0.1111111119
119323  -39.208  -2.057  -53.924 0.1111111119
56648  -37.558  -0.722  -53.354 0.1111111119
61300  -32.092  5.168  -48.856 0.4444444478
61301  -32.706  5.255  -49.003 0.4444444478
57656  -37.543  0.480  -54.877 0.1111111119
62325  -34.277  5.841  -50.565 0.4444444478
60409  -36.133  4.603  -53.023 0.3333333433
59537  -36.677  3.919  -52.831 0.2222222239
111873  -36.966  3.013  -53.974 0.1111111119
114851  -37.315  1.511  -55.168 0.1111111119
58632  -37.256  1.909  -56.105 0.1111111119
62333  -34.004  5.877  -51.662 0.4444444478
62332  -33.430  6.093  -52.126 0.4444444478
62339  -33.214  6.359  -52.915 0.4444444478
62341  -34.224  5.656  -53.334 0.4444444478
62342  -34.776  5.563  -53.748 0.4444444478
104980  -35.228  5.271  -54.063 0.4444444478
61323  -35.481  4.962  -53.355 0.2222222239
62343  -35.686  5.343  -53.887 0.2222222239
61327  -35.996  4.955  -53.761 0.2222222239
61328  -36.485  4.849  -53.693 0.2222222239
60416  -36.810  4.447  -53.970 0.2222222239
65172  -35.917  9.614  -49.470 0.1111111119
63313  -37.208  7.571  -51.015 0.1111111119
120522  -38.163  5.414  -54.289 0.1111111119
62316  -31.828  5.693  -49.543 0.4444444478
62330  -31.905  6.172  -50.609 0.4444444478
62323  -32.482  5.740  -50.144 0.4444444478
62331  -32.479  6.345  -51.770 0.3333333433
63333  -33.619  6.577  -54.347 0.4444444478
120154  -33.989  6.435  -54.311 0.4444444478
62351  -34.520  5.912  -54.235 0.4444444478
109261  -35.228  6.160  -53.908 0.4444444478
65204  -33.302  8.640  -54.061 0.3333333433
63323  -35.113  6.709  -53.621 0.3333333433
63311  -35.884  7.239  -52.436 0.1111111119
116600  -35.899  5.914  -53.613 0.1111111119
63325  -37.069  6.718  -52.211 0.1111111119
62352  -36.508  5.322  -53.487 0.2222222239
111181  -36.438  5.839  -53.267 0.1111111119
62344  -37.413  6.286  -52.631 0.1111111119
63300  -31.252  6.585  -49.820 0.2222222239
63320  -32.508  6.755  -52.889 0.3333333433
63332  -32.981  6.817  -54.354 0.3333333433
64311  -33.482  7.182  -54.358 0.3333333433
63322  -34.512  6.464  -54.073 0.4444444478
65205  -33.857  8.329  -53.359 0.2222222239
64312  -34.226  7.410  -53.610 0.2222222239
119285  -35.512  7.883  -52.037 0.2222222239
120561  -36.077  8.071  -51.319 0.1111111119
65194  -33.864  9.520  -52.703 0.1111111119
65195  -34.447  8.813  -52.263 0.1111111119
63312  -36.538  7.772  -51.254 0.1111111119
66080  -34.370  10.167  -51.622 0.1111111119
65183  -34.888  9.669  -50.982 0.1111111119
109637  -35.788  8.602  -50.848 0.1111111119
63310  -31.722  6.691  -51.520 0.3333333433
63331  -32.027  7.244  -53.574 0.3333333433
65203  -31.142  8.633  -53.264 0.3333333433
64310  -31.626  7.798  -54.112 0.3333333433
118491  -32.518  7.488  -55.014 0.3333333433
64319  -32.831  7.599  -54.920 0.3333333433
120899  -32.769  8.433  -54.976 0.2222222239
66090  -33.444  10.077  -53.327 0.1111111119
66079  -33.916  10.824  -52.199 0.1111111119
66069  -35.243  10.125  -50.008 0.1111111119
67793  -34.778  12.276  -50.099 0.1111111119
66067  -31.929  10.305  -50.551 0.1111111119
66077  -31.356  10.439  -51.936 0.1111111119
66089  -30.923  9.396  -53.878 0.2222222239
66974  -30.817  10.450  -54.035 0.2222222239
104616  -31.233  8.850  -55.132 0.3333333433
66993  -31.035  10.861  -55.858 0.2222222239
64318  -32.325  7.984  -55.255 0.3333333433
66109  -31.051  9.828  -55.451 0.3333333433
66122  -31.683  11.507  -56.339 0.2222222239
108721  -32.406  11.941  -56.232 0.1111111119
67843  -32.653  12.858  -56.352 0.1111111119
67831  -32.714  12.064  -55.146 0.1111111119
67832  -33.014  12.823  -54.127 0.1111111119
108101  -33.526  11.193  -52.978 0.1111111119
66966  -33.805  11.693  -52.298 0.1111111119
109498  -33.882  12.529  -52.165 0.1111111119
66068  -34.721  10.786  -50.616 0.1111111119
66060  -35.644  10.450  -49.263 0.1111111119
114835  -36.542  8.955  -49.460 0.1111111119
66964  -31.586  11.284  -52.029 0.1111111119
67810  -31.945  12.297  -51.840 0.1111111119
120673  -31.252  11.398  -53.117 0.1111111119
114515  -31.788  13.175  -52.307 0.1111111119
116398  -31.263  14.835  -54.319 0.1111111119
68676  -31.138  13.813  -54.465 0.1111111119
119030  -30.981  11.916  -56.333 0.2222222239
69494  -31.132  14.476  -56.212 0.1111111119
68690  -31.561  13.254  -57.028 0.1111111119
70290  -32.270  15.744  -55.868 0.1111111119
68685  -32.756  13.715  -56.159 0.1111111119
70287  -32.533  15.359  -55.828 0.1111111119
68671  -33.336  13.592  -53.482 0.1111111119
68661  -32.323  14.089  -50.814 0.1111111119
69488  -32.125  14.891  -51.195 0.1111111119
69491  -31.474  15.071  -53.281 0.1111111119
108331  -31.510  15.774  -52.889 0.1111111119
109936  -31.302  15.772  -54.187 0.1111111119
110808  -31.331  16.654  -53.733 0.1111111119
70286  -31.430  16.361  -55.357 0.1111111119
70278  -32.221  15.618  -50.677 0.1111111119
71117  -32.555  16.388  -49.600 0.1111111119
71121  -32.019  16.471  -50.873 0.1111111119
49336  -41.221  -7.006  -42.697 0.1111111119
50331  -40.596  -6.476  -44.153 0.1111111119
50337  -41.461  -6.438  -44.806 0.1111111119
52514  -40.394  -4.179  -48.809 0.1111111119
52509  -40.571  -4.558  -48.045 0.1111111119
52512  -39.706  -3.772  -49.622 0.1111111119
55543  -38.909  -1.917  -54.568 0.1111111119
61308  -32.391  5.409  -49.452 0.4444444478
60415  -36.427  4.751  -53.575 0.2222222239
59543  -36.778  3.899  -53.702 0.1111111119
59547  -37.041  3.570  -54.635 0.1111111119
57659  -37.723  0.724  -56.134 0.1111111119
62340  -33.940  5.930  -53.884 0.4444444478
61329  -37.354  5.213  -53.804 0.2222222239
63324  -36.346  6.909  -52.435 0.1111111119
62345  -38.287  6.770  -52.319 0.1111111119
63339  -33.006  7.025  -54.809 0.3333333433
65184  -35.495  9.296  -50.401 0.1111111119
67842  -30.731  11.631  -55.489 0.2222222239
67854  -32.360  12.700  -56.830 0.1111111119
68660  -31.971  14.074  -51.743 0.1111111119
70284  -31.104  16.524  -54.888 0.1111111119
71131  -32.298  16.555  -55.431 0.1111111119
71125  -31.675  16.859  -51.760 0.1111111119
71122  -32.181  16.953  -50.210 0.1111111119
52481  -41.814  -4.613  -43.016 0.1111111119
50333  -42.227  -6.548  -43.570 0.1111111119
56652  -37.819  -0.776  -54.622 0.1111111119
63321  -33.602  6.407  -54.092 0.4444444478
64305  -34.868  7.670  -52.846 0.2222222239
67811  -32.310  12.587  -51.028 0.1111111119
113593  -32.682  13.620  -49.748 0.1111111119
70275  -32.466  15.563  -49.953 0.1111111119
69487  -31.708  14.938  -52.222 0.1111111119
70280  -31.811  15.848  -51.661 0.1111111119
50326  -42.345  -6.662  -42.717 0.1111111119
50306  -38.346  -5.936  -41.506 0.1111111119
49329  -39.534  -6.305  -41.810 0.1111111119
50318  -42.023  -7.166  -42.552 0.1111111119
52470  -41.820  -4.649  -42.103 0.1111111119
51412  -42.346  -5.819  -41.983 0.1111111119
52486  -41.195  -3.337  -43.905 0.1111111119
52492  -41.337  -4.253  -45.834 0.1111111119
53512  -40.802  -2.874  -45.270 0.1111111119
53520  -40.931  -3.874  -47.397 0.1111111119
118806  -40.109  -3.069  -49.916 0.1111111119
53525  -40.487  -3.327  -48.630 0.1111111119
54506  -40.570  -2.940  -47.649 0.1111111119
54516  -39.815  -2.650  -50.539 0.1111111119
56639  -39.534  -1.113  -51.828 0.1111111119
55544  -39.309  -1.740  -54.436 0.1111111119
61292  -32.333  4.799  -48.275 0.4444444478
56654  -39.318  -1.150  -54.913 0.1111111119
56656  -38.657  -0.798  -55.662 0.1111111119
59555  -37.495  2.440  -56.814 0.1111111119
57662  -38.275  0.953  -56.757 0.1111111119
61299  -31.440  5.417  -48.732 0.4444444478
61341  -38.438  4.499  -56.860 0.1111111119
62363  -38.693  6.034  -54.773 0.1111111119
63309  -31.230  6.876  -50.636 0.3333333433
119288  -31.203  7.205  -51.285 0.2222222239
64295  -30.996  8.063  -51.427 0.2222222239
63327  -38.610  7.419  -51.764 0.1111111119
65182  -31.205  9.155  -50.942 0.1111111119
64285  -37.724  8.391  -49.469 0.1111111119
65160  -37.293  8.915  -48.877 0.1111111119
120742  -31.556  9.722  -50.730 0.1111111119
122944  -32.297  10.742  -50.119 0.1111111119
67801  -32.476  12.279  -50.451 0.1111111119
67792  -32.719  12.788  -49.675 0.1111111119
66051  -35.990  10.776  -48.638 0.1111111119
68648  -32.936  13.545  -49.151 0.1111111119
109297  -33.085  14.230  -48.753 0.1111111119
109717  -32.623  16.319  -54.868 0.1111111119
69492  -33.399  15.177  -53.395 0.1111111119
114750  -34.291  14.058  -51.368 0.1111111119
108389  -34.539  13.895  -50.727 0.1111111119
69475  -32.924  14.894  -49.001 0.1111111119
70265  -32.759  15.578  -49.294 0.1111111119
107852  -31.278  17.577  -54.070 0.1111111119
72948  -31.919  18.715  -54.997 0.1111111119
72021  -31.875  17.383  -51.018 0.1111111119
53537  -39.132  -3.288  -50.364 0.1111111119
58627  -37.094  2.521  -54.917 0.1111111119
50336  -40.292  -6.170  -45.048 0.1111111119
55541  -37.836  -1.582  -52.966 0.2222222239
105750  -32.696  6.088  -51.006 0.4444444478
51438  -41.111  -5.822  -46.491 0.1111111119
52493  -41.586  -4.498  -44.838 0.1111111119
53516  -40.894  -3.328  -46.276 0.1111111119
53543  -39.094  -2.879  -51.225 0.1111111119
54528  -39.177  -2.164  -53.051 0.1111111119
55536  -39.466  -2.123  -52.241 0.1111111119
56657  -38.282  -0.010  -56.106 0.1111111119
59551  -37.200  2.781  -55.671 0.1111111119
58640  -37.843  1.985  -57.465 0.1111111119
60422  -37.548  4.722  -54.516 0.2222222239
60421  -37.145  4.148  -54.602 0.1111111119
63326  -37.960  6.985  -51.686 0.1111111119
64283  -36.439  8.439  -50.345 0.1111111119
63302  -37.412  8.117  -50.097 0.1111111119
63314  -37.769  7.378  -51.130 0.1111111119
61337  -38.693  5.479  -56.228 0.1111111119
60428  -37.747  4.185  -55.601 0.1111111119
62353  -37.845  5.961  -53.031 0.2222222239
63338  -32.430  7.371  -54.706 0.3333333433
64296  -35.167  8.696  -51.466 0.1111111119
63319  -31.556  7.245  -52.210 0.3333333433
64304  -31.315  7.909  -52.747 0.3333333433
65193  -31.063  8.917  -51.979 0.1111111119
109611  -31.257  8.375  -54.469 0.3333333433
64317  -31.818  7.880  -55.113 0.3333333433
65212  -32.354  8.999  -55.299 0.2222222239
109810  -32.960  9.454  -54.505 0.1111111119
66984  -32.788  11.120  -54.644 0.1111111119
66985  -33.137  11.801  -53.721 0.1111111119
66967  -34.137  11.767  -51.662 0.1111111119
66957  -34.499  11.809  -50.818 0.1111111119
67812  -34.277  12.554  -51.333 0.1111111119
66059  -35.149  10.973  -49.728 0.1111111119
68656  -34.410  13.293  -51.006 0.1111111119
66066  -31.378  9.884  -51.358 0.1111111119
66078  -31.794  10.814  -51.235 0.1111111119
104775  -31.102  9.651  -52.482 0.1111111119
103357  -31.126  10.454  -52.849 0.1111111119
66099  -30.793  9.730  -54.849 0.3333333433
105413  -30.789  11.409  -54.431 0.1111111119
65217  -31.670  9.298  -55.559 0.3333333433
66110  -32.147  10.062  -55.583 0.2222222239
66994  -32.457  11.009  -55.542 0.1111111119
68684  -32.496  13.507  -56.901 0.1111111119
67844  -32.762  13.046  -55.278 0.1111111119
67820  -33.503  12.708  -53.076 0.1111111119
68663  -34.106  13.361  -51.741 0.1111111119
68662  -33.740  13.463  -52.533 0.1111111119
123387  -31.613  11.812  -52.395 0.1111111119
66965  -32.167  11.741  -51.185 0.1111111119
121294  -31.206  12.131  -53.678 0.1111111119
112460  -31.417  13.021  -53.464 0.1111111119
68670  -31.546  14.118  -53.048 0.1111111119
116722  -30.911  14.546  -55.412 0.1111111119
67830  -30.810  12.612  -54.800 0.1111111119
67853  -30.590  12.694  -55.995 0.1111111119
70289  -31.778  15.472  -56.058 0.1111111119
69498  -31.995  14.374  -56.719 0.1111111119
113728  -32.386  14.729  -56.348 0.1111111119
71133  -31.918  16.757  -55.531 0.1111111119
69496  -32.700  14.538  -55.471 0.1111111119
70288  -32.829  15.348  -54.549 0.1111111119
69493  -33.091  14.465  -54.014 0.1111111119
113789  -32.471  13.280  -50.422 0.1111111119
68655  -32.540  14.156  -50.060 0.1111111119
69485  -32.388  14.848  -50.366 0.1111111119
71128  -31.444  17.250  -52.845 0.1111111119
122182  -31.150  17.035  -54.583 0.1111111119
72035  -31.833  17.853  -55.215 0.1111111119
118365  -40.564  -6.783  -42.120 0.1111111119
52487  -41.747  -4.579  -43.918 0.1111111119
53538  -39.806  -3.290  -50.158 0.1111111119
60427  -37.363  3.373  -55.686 0.1111111119
110217  -38.344  5.987  -53.688 0.1111111119
63340  -38.659  6.722  -53.083 0.1111111119
71132  -32.578  17.413  -54.931 0.1111111119
72934  -31.819  18.283  -51.357 0.1111111119
52480  -41.374  -3.680  -43.178 0.1111111119
68652  -32.788  14.223  -49.405 0.1111111119
105630  -39.638  -1.892  -51.184 0.1111111119
109071  -39.485  -1.698  -53.249 0.1111111119
60433  -37.977  3.361  -56.897 0.1111111119
110442  -38.837  6.680  -53.916 0.1111111119
64297  -38.525  7.728  -50.987 0.1111111119
107191  -31.427  8.914  -49.506 0.1111111119
63303  -37.973  7.904  -50.244 0.1111111119
66956  -32.314  11.268  -50.458 0.1111111119
70285  -33.181  16.026  -53.834 0.1111111119
115674  -33.905  14.189  -52.079 0.1111111119
109255  -31.433  18.382  -54.026 0.1111111119
73752  -31.968  19.647  -54.309 0.1111111119
124194  -32.321  18.397  -55.150 0.1111111119
50253  -23.280  -5.606  -36.412 0.2222222239
51362  -23.250  -4.809  -37.539 0.2222222239
48156  -23.736  -7.120  -36.211 0.3333333433
49275  -23.931  -6.135  -37.529 0.4444444478
50270  -23.427  -5.525  -37.139 0.3333333433
60382  -31.378  4.489  -47.780 0.2222222239
62311  -30.797  6.227  -48.136 0.1111111119
108520  -31.071  6.302  -49.031 0.1111111119
57613  -28.817  1.836  -45.472 0.2222222239
56604  -27.117  1.327  -44.384 0.1111111119
48147  -23.464  -7.133  -35.427 0.2222222239
110458  -27.648  1.517  -44.750 0.1111111119
116456  -29.770  3.569  -45.974 0.1111111119
60381  -30.845  4.786  -47.642 0.1111111119
123872  -30.778  7.132  -48.428 0.1111111119
63295  -30.923  7.395  -49.063 0.1111111119
48127  -23.455  -7.739  -34.837 0.2222222239
107517  -23.651  -7.814  -35.406 0.3333333433
55424  -22.573  -0.520  -39.835 0.2222222239
60371  -30.865  4.219  -47.244 0.1111111119
54394  -21.303  -1.264  -38.441 0.1111111119
55425  -22.729  0.164  -40.170 0.3333333433
61291  -31.712  4.798  -48.285 0.3333333433
61290  -31.100  5.060  -48.165 0.3333333433
49242  -23.439  -6.376  -35.964 0.2222222239
114338  -30.592  5.676  -47.477 0.1111111119
60362  -29.739  4.374  -46.025 0.1111111119
60363  -30.196  4.465  -46.618 0.1111111119
61285  -30.267  5.182  -46.870 0.1111111119
45190  -34.880  -10.764  -37.618 0.1111111119
38032  -22.757  -18.418  -26.212 0.1111111119
38021  -23.585  -18.789  -25.963 0.1111111119
38867  -21.317  -17.546  -25.628 0.1111111119
38883  -21.733  -17.360  -26.317 0.1111111119
39738  -22.130  -17.066  -26.913 0.1111111119
107385  -21.909  -15.135  -27.480 0.1111111119
40632  -22.194  -15.803  -27.629 0.1111111119
105701  -23.234  -9.357  -32.332 0.1111111119
50269  -23.017  -4.881  -36.780 0.1111111119
49260  -23.615  -6.258  -36.714 0.1111111119
56559  -24.252  0.978  -41.551 0.2222222239
56574  -24.847  0.993  -42.151 0.2222222239
57576  -25.084  1.805  -42.310 0.2222222239
52411  -23.113  -4.187  -37.895 0.1111111119
38019  -21.505  -18.379  -25.355 0.1111111119
38020  -22.580  -18.940  -25.651 0.1111111119
37142  -23.267  -19.439  -25.243 0.1111111119
38022  -24.615  -18.827  -25.876 0.1111111119
39730  -21.271  -16.686  -25.869 0.1111111119
40622  -21.713  -15.663  -26.864 0.1111111119
41546  -21.957  -14.391  -27.782 0.1111111119
41560  -22.077  -13.847  -28.515 0.1111111119
48093  -23.406  -8.479  -33.189 0.1111111119
50252  -23.050  -5.105  -36.382 0.1111111119
57565  -23.885  1.949  -41.248 0.2222222239
58545  -25.348  2.412  -42.482 0.2222222239
57589  -26.160  1.947  -43.428 0.1111111119
57577  -25.626  1.867  -42.891 0.2222222239
56591  -26.555  1.196  -43.867 0.1111111119
47066  -23.391  -8.139  -34.158 0.1111111119
56558  -23.597  1.024  -40.942 0.2222222239
42432  -21.994  -13.151  -28.494 0.1111111119
43315  -22.045  -12.658  -29.282 0.1111111119
46077  -23.035  -9.760  -31.807 0.1111111119
46089  -23.167  -9.644  -32.364 0.1111111119
38884  -22.416  -17.815  -26.594 0.1111111119
47050  -23.423  -8.259  -33.413 0.1111111119
47035  -23.299  -8.940  -32.901 0.1111111119
49241  -23.431  -6.628  -35.556 0.1111111119
38868  -21.965  -18.249  -26.002 0.1111111119
122098  -21.954  -18.742  -25.601 0.1111111119
39737  -21.660  -16.527  -26.553 0.1111111119
47036  -23.312  -9.027  -32.605 0.1111111119
57566  -24.503  1.807  -41.761 0.1111111119
40611  -21.335  -15.856  -26.053 0.1111111119
41533  -21.687  -14.645  -26.823 0.1111111119
47004  -23.159  -9.457  -31.986 0.1111111119
48108  -23.462  -8.119  -33.828 0.1111111119
58559  -26.303  2.560  -43.491 0.1111111119
58582  -28.571  2.645  -45.358 0.1111111119
57602  -27.935  2.201  -44.979 0.1111111119
59501  -29.335  3.048  -45.699 0.1111111119
41619  -28.811  -14.908  -32.522 0.2222222239
44263  -28.086  -10.995  -35.826 0.4444444478
46167  -34.677  -9.893  -37.860 0.2222222239
46181  -27.880  -9.357  -38.435 1.0000000000
47115  -33.979  -8.324  -37.174 0.4444444478
47149  -28.692  -8.070  -39.826 1.0000000000
48177  -31.805  -7.390  -36.995 0.6666666865
48192  -29.716  -7.805  -38.847 1.0000000000
48220  -28.527  -7.578  -40.532 1.0000000000
49287  -24.736  -6.334  -38.663 1.0000000000
49293  -35.816  -6.596  -39.622 0.3333333433
49315  -28.368  -7.061  -41.158 1.0000000000
49328  -28.808  -6.420  -41.467 1.0000000000
50271  -33.242  -5.580  -37.662 0.6666666865
50293  -36.387  -5.636  -40.305 0.5555555820
50299  -24.954  -4.841  -40.073 0.8888888955
50311  -26.519  -5.743  -41.334 1.0000000000
50313  -28.355  -5.859  -41.933 1.0000000000
50322  -28.232  -5.124  -42.236 0.8888888955
50325  -41.876  -7.063  -43.227 0.1111111119
50338  -42.065  -6.427  -44.439 0.1111111119
51375  -34.403  -4.644  -38.294 0.6666666865
51385  -31.651  -4.787  -39.946 1.0000000000
51395  -25.167  -4.503  -40.502 0.7777777910
51396  -30.573  -4.953  -41.132 1.0000000000
51408  -29.540  -4.964  -41.985 1.0000000000
51415  -26.956  -4.447  -42.138 0.8888888955
51418  -29.286  -4.492  -42.430 1.0000000000
51420  -37.961  -4.681  -43.224 0.4444444478
51422  -42.293  -5.760  -42.886 0.1111111119
51428  -42.183  -5.732  -43.824 0.1111111119
51447  -40.399  -4.805  -47.962 0.1111111119
51448  -40.674  -4.981  -47.576 0.1111111119
52435  -34.104  -3.833  -38.700 0.7777777910
52442  -32.763  -3.778  -39.766 0.8888888955
52446  -36.145  -4.165  -39.628 0.6666666865
52454  -31.652  -3.870  -41.089 1.0000000000
52466  -30.453  -4.013  -42.232 1.0000000000
52485  -28.783  -3.191  -43.292 1.0000000000
52490  -38.056  -3.787  -45.126 0.5555555820
52508  -40.195  -4.540  -48.601 0.2222222239
52513  -40.098  -4.188  -49.162 0.1111111119
53457  -33.747  -2.937  -39.742 0.8888888955
53468  -23.314  -2.190  -39.851 0.4444444478
53470  -32.861  -2.800  -40.781 0.8888888955
53473  -36.729  -2.757  -40.417 0.6666666865
53484  -37.379  -2.552  -41.727 0.6666666865
53503  -28.468  -2.464  -43.642 0.8888888955
53506  -30.776  -2.186  -43.379 1.0000000000
53511  -37.738  -2.974  -44.595 0.5555555820
53526  -40.670  -3.896  -48.219 0.1111111119
53530  -38.075  -2.893  -49.824 0.2222222239
53531  -38.753  -3.634  -49.429 0.1111111119
53532  -40.183  -3.697  -49.487 0.1111111119
53542  -38.541  -2.500  -51.684 0.1111111119
54413  -22.605  -1.598  -39.427 0.1111111119
54442  -36.471  -1.840  -40.541 0.7777777910
54454  -33.415  -1.550  -41.258 0.8888888955
54456  -36.128  -1.113  -40.814 0.8888888955
54458  -37.247  -1.712  -41.488 0.7777777910
54464  -25.401  -1.501  -41.979 0.5555555820
54467  -32.383  -1.467  -42.534 1.0000000000
54478  -29.566  -1.839  -44.122 1.0000000000
54480  -31.987  -1.118  -43.305 1.0000000000
54486  -28.557  -1.268  -44.346 0.8888888955
54493  -37.620  -1.804  -45.918 0.5555555820
54520  -39.443  -2.556  -51.459 0.1111111119
54524  -38.139  -2.107  -52.326 0.1111111119
54526  -39.182  -2.341  -52.220 0.1111111119
54527  -38.637  -2.128  -53.527 0.1111111119
55441  -23.703  -0.810  -40.677 0.4444444478
55465  -34.788  -0.464  -41.272 0.8888888955
55468  -37.191  -1.020  -41.696 0.7777777910
55477  -33.500  -0.307  -42.311 0.8888888955
55480  -37.367  -0.867  -42.519 0.7777777910
55488  -30.703  -0.960  -44.349 1.0000000000
55492  -37.463  -0.683  -43.435 0.7777777910
55498  -29.549  -0.482  -44.854 0.7777777910
55524  -37.339  -1.044  -49.474 0.4444444478
55545  -38.468  -1.326  -55.080 0.1111111119
56568  -36.229  0.082  -41.708 0.8888888955
56581  -34.856  0.647  -42.297 0.8888888955
56584  -37.221  0.000  -42.765 0.7777777910
56592  -31.787  0.079  -44.306 0.8888888955
56607  -30.583  0.381  -45.142 0.7777777910
56616  -29.844  0.910  -45.497 0.6666666865
56619  -37.508  0.707  -45.321 0.7777777910
56635  -37.348  -0.234  -49.825 0.4444444478
56653  -39.043  -1.426  -55.138 0.1111111119
56655  -38.020  -0.522  -55.628 0.1111111119
57585  -36.211  1.083  -42.797 0.8888888955
57594  -35.839  1.737  -43.214 0.8888888955
57596  -37.190  1.114  -43.778 0.8888888955
57657  -39.133  -0.727  -55.567 0.1111111119
57663  -38.033  1.636  -57.358 0.1111111119
58558  -25.813  2.479  -43.064 0.1111111119
58562  -35.451  2.298  -43.723 0.7777777910
58573  -33.876  2.393  -44.394 0.7777777910
58576  -36.602  2.649  -44.325 0.7777777910
58577  -37.180  2.211  -44.737 0.6666666865
58586  -32.086  2.656  -45.823 0.6666666865
58588  -36.938  2.940  -44.970 0.6666666865
58594  -37.372  2.579  -46.225 0.6666666865
58622  -37.168  1.826  -53.920 0.2222222239
58637  -37.650  1.551  -56.978 0.1111111119
58638  -38.524  1.653  -57.340 0.1111111119
59495  -35.080  3.367  -44.647 0.6666666865
59507  -34.582  3.906  -45.345 0.6666666865
59509  -36.598  3.574  -45.266 0.6666666865
59519  -37.279  3.271  -46.698 0.6666666865
59530  -37.122  3.509  -50.163 0.6666666865
60374  -32.459  4.082  -46.940 0.6666666865
60376  -35.324  4.827  -46.398 0.6666666865
61332  -36.896  4.618  -54.037 0.2222222239
61336  -38.291  5.104  -55.258 0.1111111119
62350  -34.076  6.187  -54.283 0.4444444478
63301  -36.957  8.084  -50.386 0.1111111119
64284  -37.060  8.448  -49.684 0.1111111119
64324  -31.838  8.446  -55.468 0.3333333433
65170  -31.655  9.532  -50.140 0.1111111119
65224  -31.623  10.346  -55.747 0.3333333433
66100  -32.663  10.152  -55.015 0.1111111119
66101  -33.085  10.633  -53.967 0.1111111119
66950  -34.825  11.533  -50.113 0.1111111119
66983  -30.729  10.566  -55.107 0.2222222239
66999  -31.251  12.339  -56.613 0.2222222239
67000  -32.116  11.055  -56.137 0.2222222239
67007  -31.538  12.143  -56.637 0.2222222239
67008  -32.059  12.369  -56.831 0.1111111119
67802  -34.526  12.619  -50.684 0.1111111119
67819  -31.561  12.302  -52.746 0.1111111119
67852  -31.004  12.718  -56.635 0.2222222239
67857  -31.637  12.616  -56.908 0.1111111119
67858  -32.270  13.015  -57.162 0.1111111119
68649  -33.374  14.159  -48.080 0.1111111119
68677  -32.825  13.714  -54.672 0.1111111119
68683  -30.649  13.672  -55.701 0.1111111119
68689  -30.901  13.499  -56.470 0.1111111119
68691  -32.217  13.677  -57.073 0.1111111119
69482  -32.623  14.864  -49.673 0.1111111119
69489  -33.733  15.013  -52.462 0.1111111119
69495  -32.565  14.277  -56.503 0.1111111119
69497  -32.462  14.042  -56.799 0.1111111119
72033  -31.448  18.166  -54.786 0.1111111119
72036  -32.325  17.632  -55.274 0.1111111119
72037  -32.680  18.500  -54.943 0.1111111119
72946  -31.700  18.934  -54.479 0.1111111119
72949  -32.501  19.072  -55.002 0.1111111119
73756  -32.238  19.423  -54.776 0.1111111119
104147  -35.067  -3.041  -39.415 0.7777777910
105936  -31.035  -5.995  -39.109 1.0000000000
106118  -37.482  0.120  -47.024 0.6666666865
106353  -32.232  10.301  -49.775 0.1111111119
106565  -35.539  11.108  -49.116 0.1111111119
106652  -37.309  2.744  -50.177 0.6666666865
108651  -37.330  -3.338  -41.518 0.6666666865
108847  -31.282  17.242  -55.083 0.1111111119
108994  -32.306  16.191  -50.234 0.1111111119
109369  -31.181  15.514  -55.394 0.1111111119
112474  -37.490  1.780  -47.854 0.5555555820
114665  -36.746  4.312  -46.591 0.6666666865
114818  -32.199  13.262  -51.322 0.1111111119
114942  -33.576  14.335  -52.932 0.1111111119
115291  -31.545  16.477  -52.522 0.1111111119
115310  -40.223  -2.673  -49.085 0.1111111119
115893  -40.534  -5.589  -46.811 0.1111111119
116941  -41.206  -4.407  -46.811 0.1111111119
118544  -36.293  4.814  -46.741 0.6666666865
119212  -25.710  -3.834  -41.417 0.7777777910
119272  -36.006  8.965  -50.021 0.1111111119
119677  -33.583  12.005  -52.782 0.1111111119
120150  -41.768  -6.205  -45.085 0.1111111119
120191  -30.857  3.289  -46.585 0.4444444478
120404  -30.226  -3.508  -42.760 1.0000000000
121187  -31.479  -3.006  -42.159 1.0000000000
121386  -34.334  11.100  -51.349 0.1111111119
122053  -30.636  -13.614  -34.169 0.2222222239
122200  -37.164  3.841  -47.124 0.6666666865
122437  -22.872  -2.064  -39.450 0.3333333433
122709  -39.571  -3.033  -50.819 0.1111111119
122766  -32.164  11.958  -56.551 0.1111111119
122866  -22.022  -12.294  -29.182 0.1111111119
122985  -31.519  13.886  -56.823 0.1111111119
123922  -31.106  -13.286  -34.724 0.1111111119
123935  -38.769  5.106  -57.339 0.1111111119
124655  -33.433  16.502  -53.342 0.1111111119
