#!ascii label  , from subject sub-v2s7x29656_ses-1 vox2ras=TkReg
486
43411  -33.436  -13.235  -36.055 0.0000000000
48178  -32.696  -7.075  -36.960 0.0000000000
119243  -37.355  3.068  -48.664 0.0000000000
54499  -37.555  -1.631  -46.787 0.0000000000
51421  -38.216  -5.267  -42.755 0.0000000000
46187  -39.065  -9.248  -38.071 0.0000000000
61304  -36.120  5.474  -48.787 0.0000000000
105767  -37.883  -3.767  -44.217 0.0000000000
53460  -36.019  -3.127  -39.721 0.0000000000
46150  -32.590  -9.888  -36.216 0.0000000000
47136  -35.666  -8.801  -39.017 0.0000000000
45174  -36.298  -11.321  -37.591 0.0000000000
40696  -28.201  -15.034  -31.988 0.0000000000
44265  -30.454  -11.440  -34.816 0.0000000000
66110  -32.147  10.062  -55.583 0.0000000000
64312  -34.226  7.410  -53.610 0.0000000000
104980  -35.228  5.271  -54.063 0.0000000000
59537  -36.677  3.919  -52.831 0.0000000000
57651  -37.356  0.454  -53.606 0.0000000000
107904  -37.513  1.107  -47.253 0.0000000000
54525  -38.821  -2.432  -52.538 0.0000000000
52512  -39.706  -3.772  -49.622 0.0000000000
52498  -41.224  -5.289  -46.702 0.0000000000
50333  -42.227  -6.548  -43.570 0.0000000000
50283  -35.454  -5.663  -38.881 0.0000000000
121817  -39.071  -6.757  -40.265 0.0000000000
53472  -36.104  -2.322  -40.107 0.0000000000
52456  -33.142  -3.172  -40.100 0.0000000000
44287  -32.890  -11.554  -36.271 0.0000000000
45172  -34.403  -11.305  -37.192 0.0000000000
44289  -34.553  -12.117  -36.907 0.0000000000
38912  -27.415  -17.330  -28.621 0.0000000000
39781  -28.053  -16.775  -29.540 0.0000000000
109354  -28.669  -16.493  -29.973 0.0000000000
45169  -30.117  -10.079  -35.679 0.0000000000
113115  -28.839  -11.035  -35.197 0.0000000000
63322  -34.512  6.464  -54.073 0.0000000000
60386  -36.606  4.982  -48.157 0.0000000000
60398  -36.373  4.716  -50.452 0.0000000000
59533  -37.077  3.322  -50.938 0.0000000000
59538  -36.995  2.856  -52.908 0.0000000000
108186  -37.397  1.656  -50.382 0.0000000000
124214  -37.447  -0.565  -47.654 0.0000000000
55530  -37.368  -1.227  -50.515 0.0000000000
54510  -37.478  -1.895  -49.077 0.0000000000
53543  -39.094  -2.879  -51.225 0.0000000000
53524  -38.377  -3.557  -48.317 0.0000000000
51427  -38.144  -4.590  -43.918 0.0000000000
117909  -39.660  -5.476  -46.252 0.0000000000
50336  -40.292  -6.170  -45.048 0.0000000000
51434  -41.998  -5.731  -44.741 0.0000000000
50324  -40.872  -6.761  -43.376 0.0000000000
49290  -31.551  -6.243  -38.272 0.0000000000
50281  -33.803  -5.060  -37.817 0.0000000000
49280  -34.637  -6.639  -37.852 0.0000000000
46185  -37.477  -9.202  -38.715 0.0000000000
47150  -36.811  -8.199  -39.424 0.0000000000
48198  -38.690  -7.928  -38.993 0.0000000000
49307  -41.479  -7.321  -40.405 0.0000000000
48200  -41.265  -7.827  -39.324 0.0000000000
40698  -29.827  -15.414  -32.451 0.0000000000
41628  -29.101  -14.437  -32.980 0.0000000000
41620  -29.861  -14.961  -33.145 0.0000000000
42518  -30.704  -14.103  -33.964 0.0000000000
114850  -37.566  -1.399  -44.233 0.0000000000
53515  -37.779  -2.742  -46.006 0.0000000000
54469  -37.442  -1.743  -42.212 0.0000000000
52468  -37.497  -3.511  -42.252 0.0000000000
113086  -36.989  -4.511  -40.906 0.0000000000
47096  -32.550  -8.837  -36.404 0.0000000000
48180  -34.440  -7.688  -37.701 0.0000000000
46166  -34.049  -9.328  -37.322 0.0000000000
46168  -35.761  -10.251  -38.318 0.0000000000
45193  -37.626  -10.807  -37.867 0.0000000000
40675  -29.174  -16.088  -31.140 0.0000000000
47113  -30.406  -8.365  -37.247 0.0000000000
46149  -31.716  -9.195  -36.069 0.0000000000
45156  -31.618  -11.045  -35.513 0.0000000000
43409  -31.888  -12.916  -35.448 0.0000000000
67843  -32.653  12.858  -56.352 0.0000000000
64317  -31.818  7.880  -55.113 0.0000000000
120899  -32.769  8.433  -54.976 0.0000000000
64305  -34.868  7.670  -52.846 0.0000000000
63311  -35.884  7.239  -52.436 0.0000000000
111181  -36.438  5.839  -53.267 0.0000000000
61318  -35.602  4.870  -51.607 0.0000000000
61323  -35.481  4.962  -53.355 0.0000000000
61328  -36.485  4.849  -53.693 0.0000000000
59547  -37.041  3.570  -54.635 0.0000000000
58632  -37.256  1.909  -56.105 0.0000000000
56657  -38.282  -0.010  -56.106 0.0000000000
113224  -37.466  1.525  -48.761 0.0000000000
57638  -37.393  0.614  -50.136 0.0000000000
55542  -38.227  -1.602  -54.207 0.0000000000
56654  -39.318  -1.150  -54.913 0.0000000000
109071  -39.485  -1.698  -53.249 0.0000000000
106511  -39.853  -1.393  -48.541 0.0000000000
52502  -38.754  -4.292  -47.089 0.0000000000
52509  -40.571  -4.558  -48.045 0.0000000000
51387  -33.179  -4.084  -38.916 0.0000000000
51389  -35.656  -4.746  -39.112 0.0000000000
50304  -36.858  -5.449  -40.889 0.0000000000
48196  -35.600  -7.392  -39.289 0.0000000000
49304  -37.096  -6.926  -40.294 0.0000000000
50306  -38.346  -5.936  -41.506 0.0000000000
118365  -40.564  -6.783  -42.120 0.0000000000
50319  -42.364  -6.799  -41.844 0.0000000000
43394  -29.609  -12.365  -34.012 0.0000000000
108833  -31.579  -13.438  -35.009 0.0000000000
42533  -32.505  -13.785  -35.068 0.0000000000
44268  -33.215  -12.567  -36.256 0.0000000000
44288  -33.742  -11.780  -36.718 0.0000000000
44269  -34.002  -12.709  -36.453 0.0000000000
107910  -34.663  -12.576  -36.514 0.0000000000
43412  -34.116  -13.134  -36.104 0.0000000000
38902  -27.965  -17.276  -27.919 0.0000000000
39767  -27.611  -17.010  -29.143 0.0000000000
39768  -28.236  -16.925  -28.710 0.0000000000
60393  -37.118  4.044  -48.615 0.0000000000
60399  -36.947  4.129  -49.730 0.0000000000
119228  -37.255  3.284  -49.410 0.0000000000
58612  -37.258  2.457  -51.084 0.0000000000
58608  -37.416  2.295  -49.302 0.0000000000
55512  -37.555  -0.911  -45.999 0.0000000000
55508  -37.550  -0.217  -45.210 0.0000000000
55517  -37.494  -0.746  -46.896 0.0000000000
54504  -37.474  -1.559  -47.862 0.0000000000
53523  -37.854  -2.787  -48.707 0.0000000000
112129  -37.734  -2.563  -47.546 0.0000000000
111041  -38.621  -5.315  -43.623 0.0000000000
50330  -38.909  -5.399  -44.486 0.0000000000
121998  -39.526  -5.918  -44.109 0.0000000000
50331  -40.596  -6.476  -44.153 0.0000000000
50323  -39.497  -6.057  -43.288 0.0000000000
49277  -32.126  -6.602  -37.482 0.0000000000
49278  -33.162  -6.398  -37.271 0.0000000000
47139  -38.396  -8.745  -38.561 0.0000000000
47138  -37.633  -8.392  -39.079 0.0000000000
47140  -39.523  -8.416  -38.462 0.0000000000
48199  -40.008  -7.756  -39.047 0.0000000000
47141  -40.913  -8.275  -38.560 0.0000000000
47118  -40.228  -8.986  -37.930 0.0000000000
55467  -36.583  -0.618  -41.355 0.0000000000
109550  -37.548  -1.776  -43.286 0.0000000000
54457  -36.881  -1.333  -41.054 0.0000000000
53459  -35.380  -2.357  -39.863 0.0000000000
53474  -37.202  -2.839  -41.051 0.0000000000
52458  -37.119  -3.561  -40.910 0.0000000000
108484  -37.379  -4.214  -41.685 0.0000000000
52457  -36.649  -3.779  -40.219 0.0000000000
47097  -33.429  -8.688  -36.782 0.0000000000
46151  -33.426  -9.805  -36.764 0.0000000000
45173  -35.076  -11.541  -37.294 0.0000000000
45190  -34.880  -10.764  -37.618 0.0000000000
119817  -36.150  -10.756  -38.077 0.0000000000
46169  -36.418  -10.216  -38.474 0.0000000000
45192  -36.812  -10.825  -38.054 0.0000000000
45175  -37.255  -11.324  -37.558 0.0000000000
38901  -27.020  -17.827  -27.911 0.0000000000
38900  -26.335  -18.171  -27.474 0.0000000000
39791  -28.586  -16.241  -30.757 0.0000000000
40676  -29.949  -15.864  -30.975 0.0000000000
47094  -30.893  -8.702  -36.486 0.0000000000
44264  -29.634  -10.674  -35.306 0.0000000000
46133  -30.998  -10.245  -35.529 0.0000000000
45155  -30.708  -10.815  -35.230 0.0000000000
44267  -32.303  -12.124  -35.824 0.0000000000
44266  -31.395  -11.847  -35.226 0.0000000000
66122  -31.683  11.507  -56.339 0.0000000000
67854  -32.360  12.700  -56.830 0.0000000000
108721  -32.406  11.941  -56.232 0.0000000000
67831  -32.714  12.064  -55.146 0.0000000000
66994  -32.457  11.009  -55.542 0.0000000000
64311  -33.482  7.182  -54.358 0.0000000000
64319  -32.831  7.599  -54.920 0.0000000000
65204  -33.302  8.640  -54.061 0.0000000000
65205  -33.857  8.329  -53.359 0.0000000000
65195  -34.447  8.813  -52.263 0.0000000000
109261  -35.228  6.160  -53.908 0.0000000000
63323  -35.113  6.709  -53.621 0.0000000000
116600  -35.899  5.914  -53.613 0.0000000000
62343  -35.686  5.343  -53.887 0.0000000000
61312  -35.960  5.271  -49.964 0.0000000000
60410  -36.679  3.970  -51.851 0.0000000000
60404  -36.085  4.485  -51.850 0.0000000000
60409  -36.133  4.603  -53.023 0.0000000000
61327  -35.996  4.955  -53.761 0.0000000000
60415  -36.427  4.751  -53.575 0.0000000000
60416  -36.810  4.447  -53.970 0.0000000000
59543  -36.778  3.899  -53.702 0.0000000000
58617  -37.233  1.621  -52.615 0.0000000000
58627  -37.094  2.521  -54.917 0.0000000000
114851  -37.315  1.511  -55.168 0.0000000000
57659  -37.723  0.724  -56.134 0.0000000000
57656  -37.543  0.480  -54.877 0.0000000000
57617  -37.522  0.890  -46.233 0.0000000000
116070  -37.483  1.802  -46.269 0.0000000000
107903  -37.462  0.828  -48.327 0.0000000000
107902  -37.430  0.657  -49.235 0.0000000000
54519  -37.784  -2.085  -51.198 0.0000000000
55535  -37.521  -1.410  -51.674 0.0000000000
55541  -37.836  -1.582  -52.966 0.0000000000
55543  -38.909  -1.917  -54.568 0.0000000000
119323  -39.208  -2.057  -53.924 0.0000000000
55544  -39.309  -1.740  -54.436 0.0000000000
54528  -39.177  -2.164  -53.051 0.0000000000
53538  -39.806  -3.290  -50.158 0.0000000000
105630  -39.638  -1.892  -51.184 0.0000000000
54516  -39.815  -2.650  -50.539 0.0000000000
55525  -39.712  -1.355  -50.106 0.0000000000
118806  -40.109  -3.069  -49.916 0.0000000000
117964  -37.826  -3.070  -45.358 0.0000000000
52496  -38.211  -3.742  -46.107 0.0000000000
123043  -38.698  -4.418  -46.451 0.0000000000
51444  -40.876  -5.365  -47.120 0.0000000000
51443  -40.447  -5.141  -47.491 0.0000000000
52503  -41.010  -4.946  -47.415 0.0000000000
54506  -40.570  -2.940  -47.649 0.0000000000
53520  -40.931  -3.874  -47.397 0.0000000000
52481  -41.814  -4.613  -43.016 0.0000000000
51386  -32.380  -4.442  -39.408 0.0000000000
50282  -34.730  -5.595  -38.098 0.0000000000
51376  -35.082  -4.938  -38.534 0.0000000000
50292  -35.951  -5.692  -39.681 0.0000000000
51390  -36.158  -4.983  -39.754 0.0000000000
107343  -36.259  -6.285  -40.162 0.0000000000
47135  -35.026  -8.452  -38.572 0.0000000000
48195  -35.067  -7.502  -38.581 0.0000000000
120782  -35.452  -8.084  -39.085 0.0000000000
48212  -37.662  -7.525  -39.622 0.0000000000
48211  -36.598  -7.482  -39.841 0.0000000000
108685  -38.129  -6.812  -40.257 0.0000000000
49318  -37.679  -6.335  -40.802 0.0000000000
49305  -39.013  -6.383  -40.849 0.0000000000
49329  -39.534  -6.305  -41.810 0.0000000000
49319  -40.391  -6.777  -41.370 0.0000000000
49332  -42.098  -7.142  -41.372 0.0000000000
50307  -42.442  -6.660  -40.966 0.0000000000
42519  -31.417  -14.174  -34.248 0.0000000000
42531  -31.153  -13.727  -34.518 0.0000000000
42532  -31.842  -13.921  -34.858 0.0000000000
43396  -32.270  -13.546  -35.349 0.0000000000
42520  -32.148  -14.116  -34.294 0.0000000000
54441  -35.722  -1.709  -40.339 0.0000000000
53458  -34.367  -2.485  -39.833 0.0000000000
113562  -34.258  -3.182  -39.299 0.0000000000
45171  -33.163  -10.765  -36.541 0.0000000000
107335  -33.761  -10.845  -37.012 0.0000000000
119259  -35.190  -12.082  -37.019 0.0000000000
44290  -35.962  -11.837  -37.038 0.0000000000
110044  -35.467  -12.292  -36.470 0.0000000000
39790  -27.818  -16.485  -30.288 0.0000000000
117531  -28.721  -16.603  -29.232 0.0000000000
46147  -29.585  -9.634  -36.468 0.0000000000
45168  -29.285  -10.164  -36.051 0.0000000000
119651  -29.615  -11.259  -34.758 0.0000000000
66109  -31.051  9.828  -55.451 0.0000000000
120154  -33.989  6.435  -54.311 0.0000000000
62351  -34.520  5.912  -54.235 0.0000000000
62342  -34.776  5.563  -53.748 0.0000000000
60405  -36.767  4.066  -50.778 0.0000000000
117300  -37.027  3.154  -51.869 0.0000000000
108196  -37.206  2.343  -51.928 0.0000000000
103919  -37.317  1.545  -51.517 0.0000000000
106117  -37.444  0.097  -47.953 0.0000000000
106116  -37.405  -0.081  -48.879 0.0000000000
55521  -37.392  -0.817  -48.480 0.0000000000
54515  -37.578  -2.054  -50.152 0.0000000000
53536  -38.314  -2.714  -50.778 0.0000000000
53544  -39.083  -2.636  -51.885 0.0000000000
53537  -39.132  -3.288  -50.364 0.0000000000
52491  -38.399  -4.597  -44.808 0.0000000000
52497  -38.712  -4.652  -45.842 0.0000000000
51432  -39.293  -5.470  -45.425 0.0000000000
51437  -40.504  -5.948  -46.072 0.0000000000
51438  -41.111  -5.822  -46.491 0.0000000000
51433  -41.537  -5.660  -45.717 0.0000000000
50342  -41.278  -6.132  -45.645 0.0000000000
50337  -41.461  -6.438  -44.806 0.0000000000
50332  -41.645  -6.723  -43.976 0.0000000000
50280  -32.784  -4.932  -38.387 0.0000000000
49291  -32.437  -5.833  -37.880 0.0000000000
50272  -33.983  -5.929  -37.473 0.0000000000
49292  -35.254  -6.576  -38.703 0.0000000000
47137  -36.321  -8.874  -39.175 0.0000000000
48213  -39.149  -7.212  -39.688 0.0000000000
49306  -40.166  -6.977  -40.477 0.0000000000
48214  -40.644  -7.411  -39.792 0.0000000000
48215  -41.669  -7.563  -39.889 0.0000000000
49294  -42.606  -7.173  -39.131 0.0000000000
116113  -41.876  -8.055  -39.026 0.0000000000
40697  -29.033  -15.449  -32.238 0.0000000000
107482  -28.298  -14.353  -32.493 0.0000000000
119573  -29.333  -15.078  -32.727 0.0000000000
41629  -29.889  -14.231  -33.495 0.0000000000
42517  -29.973  -13.360  -33.811 0.0000000000
41630  -30.534  -14.696  -33.508 0.0000000000
121438  -31.061  -14.520  -33.823 0.0000000000
55501  -37.524  -0.439  -44.325 0.0000000000
110673  -37.583  -1.144  -45.118 0.0000000000
122858  -37.697  -2.396  -46.642 0.0000000000
54489  -37.641  -2.177  -45.051 0.0000000000
117940  -37.614  -2.231  -44.176 0.0000000000
53507  -37.646  -2.874  -43.707 0.0000000000
54443  -37.076  -2.123  -40.970 0.0000000000
53495  -37.549  -2.707  -42.738 0.0000000000
52479  -37.698  -3.798  -43.234 0.0000000000
104146  -37.670  -4.400  -42.556 0.0000000000
51411  -37.689  -4.906  -42.093 0.0000000000
48159  -32.808  -7.880  -36.660 0.0000000000
48179  -33.580  -7.414  -36.987 0.0000000000
119239  -33.489  -8.050  -36.822 0.0000000000
47116  -34.538  -8.876  -37.890 0.0000000000
47117  -35.249  -9.507  -38.467 0.0000000000
46152  -34.190  -10.354  -37.360 0.0000000000
112496  -35.235  -10.308  -38.054 0.0000000000
46183  -35.992  -9.580  -38.824 0.0000000000
46184  -36.699  -9.523  -38.856 0.0000000000
46170  -37.285  -10.107  -38.369 0.0000000000
46186  -38.130  -9.593  -38.270 0.0000000000
107909  -38.652  -9.984  -37.903 0.0000000000
45194  -38.577  -10.756  -37.641 0.0000000000
44291  -36.954  -11.746  -37.073 0.0000000000
38034  -26.168  -18.314  -26.717 0.0000000000
39802  -28.007  -16.066  -30.952 0.0000000000
40686  -28.593  -15.817  -31.495 0.0000000000
40687  -29.430  -15.777  -31.732 0.0000000000
40688  -30.097  -15.615  -31.730 0.0000000000
47114  -31.224  -8.068  -36.802 0.0000000000
48158  -31.992  -8.074  -36.535 0.0000000000
47095  -31.649  -8.523  -36.390 0.0000000000
46148  -30.700  -9.468  -35.984 0.0000000000
46134  -31.847  -10.177  -35.741 0.0000000000
45170  -32.593  -10.693  -36.100 0.0000000000
45157  -32.295  -11.121  -35.845 0.0000000000
43410  -32.702  -13.140  -35.828 0.0000000000
68690  -31.561  13.254  -57.028 0.0000000000
104616  -31.233  8.850  -55.132 0.0000000000
65217  -31.670  9.298  -55.559 0.0000000000
64318  -32.325  7.984  -55.255 0.0000000000
65212  -32.354  8.999  -55.299 0.0000000000
109810  -32.960  9.454  -54.505 0.0000000000
66090  -33.444  10.077  -53.327 0.0000000000
119285  -35.512  7.883  -52.037 0.0000000000
120561  -36.077  8.071  -51.319 0.0000000000
63324  -36.346  6.909  -52.435 0.0000000000
63325  -37.069  6.718  -52.211 0.0000000000
61322  -34.997  5.016  -52.995 0.0000000000
62352  -36.508  5.322  -53.487 0.0000000000
61329  -37.354  5.213  -53.804 0.0000000000
60422  -37.548  4.722  -54.516 0.0000000000
60427  -37.363  3.373  -55.686 0.0000000000
111873  -36.966  3.013  -53.974 0.0000000000
59551  -37.200  2.781  -55.671 0.0000000000
117184  -37.451  2.608  -47.527 0.0000000000
58603  -37.453  2.436  -48.305 0.0000000000
57632  -37.448  1.338  -49.544 0.0000000000
57642  -37.334  0.589  -51.162 0.0000000000
57647  -37.305  0.507  -52.328 0.0000000000
56638  -37.319  -0.375  -50.861 0.0000000000
56642  -37.359  -0.559  -52.052 0.0000000000
56648  -37.558  -0.722  -53.354 0.0000000000
56652  -37.819  -0.776  -54.622 0.0000000000
56656  -38.657  -0.798  -55.662 0.0000000000
55536  -39.466  -2.123  -52.241 0.0000000000
56639  -39.534  -1.113  -51.828 0.0000000000
56636  -39.489  -0.505  -50.611 0.0000000000
55522  -39.661  -0.759  -49.059 0.0000000000
53519  -38.116  -3.362  -47.083 0.0000000000
107212  -38.796  -4.175  -47.942 0.0000000000
52507  -39.449  -4.278  -48.887 0.0000000000
110515  -39.491  -4.964  -46.879 0.0000000000
51442  -39.715  -4.727  -47.976 0.0000000000
52514  -40.394  -4.179  -48.809 0.0000000000
53525  -40.487  -3.327  -48.630 0.0000000000
52492  -41.337  -4.253  -45.834 0.0000000000
52443  -33.521  -3.444  -39.361 0.0000000000
52444  -34.775  -3.586  -39.038 0.0000000000
51374  -33.648  -4.454  -38.340 0.0000000000
51388  -34.953  -4.206  -38.717 0.0000000000
52445  -35.455  -3.804  -39.254 0.0000000000
51399  -36.540  -4.760  -40.263 0.0000000000
51400  -37.346  -5.121  -41.493 0.0000000000
50316  -37.945  -5.478  -41.939 0.0000000000
49279  -34.035  -6.773  -37.310 0.0000000000
48197  -36.028  -8.050  -39.467 0.0000000000
48210  -36.043  -7.309  -39.769 0.0000000000
49303  -36.403  -6.856  -40.118 0.0000000000
50294  -36.818  -6.276  -40.625 0.0000000000
50305  -37.439  -5.829  -41.243 0.0000000000
50317  -38.941  -5.841  -42.316 0.0000000000
49330  -40.089  -6.541  -42.643 0.0000000000
49336  -41.221  -7.006  -42.697 0.0000000000
50318  -42.023  -7.166  -42.552 0.0000000000
49320  -41.381  -7.111  -41.069 0.0000000000
49331  -41.543  -7.071  -41.918 0.0000000000
50326  -42.345  -6.662  -42.717 0.0000000000
44249  -29.128  -11.586  -34.486 0.0000000000
44250  -30.110  -11.959  -34.385 0.0000000000
108078  -30.550  -13.001  -34.325 0.0000000000
43395  -31.053  -12.608  -34.837 0.0000000000
43397  -32.928  -13.526  -35.601 0.0000000000
41619  -28.811  -14.908  -32.522 0.0000000000
45191  -35.581  -10.959  -37.751 0.0000000000
46167  -34.677  -9.893  -37.860 0.0000000000
46171  -38.028  -10.287  -38.027 0.0000000000
47115  -33.979  -8.324  -37.174 0.0000000000
48177  -31.805  -7.390  -36.995 0.0000000000
48216  -42.119  -7.704  -39.477 0.0000000000
49293  -35.816  -6.596  -39.622 0.0000000000
49321  -42.154  -7.181  -40.784 0.0000000000
50271  -33.242  -5.580  -37.662 0.0000000000
50293  -36.387  -5.636  -40.305 0.0000000000
50325  -41.876  -7.063  -43.227 0.0000000000
50338  -42.065  -6.427  -44.439 0.0000000000
51375  -34.403  -4.644  -38.294 0.0000000000
51385  -31.651  -4.787  -39.946 0.0000000000
51420  -37.961  -4.681  -43.224 0.0000000000
51422  -42.293  -5.760  -42.886 0.0000000000
51428  -42.183  -5.732  -43.824 0.0000000000
51447  -40.399  -4.805  -47.962 0.0000000000
51448  -40.674  -4.981  -47.576 0.0000000000
52435  -34.104  -3.833  -38.700 0.0000000000
52442  -32.763  -3.778  -39.766 0.0000000000
52446  -36.145  -4.165  -39.628 0.0000000000
52490  -38.056  -3.787  -45.126 0.0000000000
52508  -40.195  -4.540  -48.601 0.0000000000
52513  -40.098  -4.188  -49.162 0.0000000000
53457  -33.747  -2.937  -39.742 0.0000000000
53473  -36.729  -2.757  -40.417 0.0000000000
53484  -37.379  -2.552  -41.727 0.0000000000
53511  -37.738  -2.974  -44.595 0.0000000000
53526  -40.670  -3.896  -48.219 0.0000000000
53530  -38.075  -2.893  -49.824 0.0000000000
53531  -38.753  -3.634  -49.429 0.0000000000
53532  -40.183  -3.697  -49.487 0.0000000000
53542  -38.541  -2.500  -51.684 0.0000000000
54442  -36.471  -1.840  -40.541 0.0000000000
54458  -37.247  -1.712  -41.488 0.0000000000
54493  -37.620  -1.804  -45.918 0.0000000000
54511  -39.962  -2.063  -49.589 0.0000000000
54520  -39.443  -2.556  -51.459 0.0000000000
54524  -38.139  -2.107  -52.326 0.0000000000
54526  -39.182  -2.341  -52.220 0.0000000000
54527  -38.637  -2.128  -53.527 0.0000000000
55468  -37.191  -1.020  -41.696 0.0000000000
55480  -37.367  -0.867  -42.519 0.0000000000
55492  -37.463  -0.683  -43.435 0.0000000000
55524  -37.339  -1.044  -49.474 0.0000000000
55545  -38.468  -1.326  -55.080 0.0000000000
56635  -37.348  -0.234  -49.825 0.0000000000
56653  -39.043  -1.426  -55.138 0.0000000000
56655  -38.020  -0.522  -55.628 0.0000000000
57657  -39.133  -0.727  -55.567 0.0000000000
58622  -37.168  1.826  -53.920 0.0000000000
59519  -37.279  3.271  -46.698 0.0000000000
59530  -37.122  3.509  -50.163 0.0000000000
60421  -37.145  4.148  -54.602 0.0000000000
61332  -36.896  4.618  -54.037 0.0000000000
62350  -34.076  6.187  -54.283 0.0000000000
64324  -31.838  8.446  -55.468 0.0000000000
65224  -31.623  10.346  -55.747 0.0000000000
66100  -32.663  10.152  -55.015 0.0000000000
66101  -33.085  10.633  -53.967 0.0000000000
67000  -32.116  11.055  -56.137 0.0000000000
67008  -32.059  12.369  -56.831 0.0000000000
67857  -31.637  12.616  -56.908 0.0000000000
67858  -32.270  13.015  -57.162 0.0000000000
68689  -30.901  13.499  -56.470 0.0000000000
104147  -35.067  -3.041  -39.415 0.0000000000
105844  -36.957  -8.868  -39.118 0.0000000000
106118  -37.482  0.120  -47.024 0.0000000000
106652  -37.309  2.744  -50.177 0.0000000000
108651  -37.330  -3.338  -41.518 0.0000000000
112474  -37.490  1.780  -47.854 0.0000000000
115310  -40.223  -2.673  -49.085 0.0000000000
115893  -40.534  -5.589  -46.811 0.0000000000
116941  -41.206  -4.407  -46.811 0.0000000000
117251  -39.473  -0.028  -49.565 0.0000000000
120150  -41.768  -6.205  -45.085 0.0000000000
122053  -30.636  -13.614  -34.169 0.0000000000
122709  -39.571  -3.033  -50.819 0.0000000000
122766  -32.164  11.958  -56.551 0.0000000000
122985  -31.519  13.886  -56.823 0.0000000000
123922  -31.106  -13.286  -34.724 0.0000000000
124467  -35.599  -11.572  -37.334 0.0000000000
