#!ascii label  , from subject sub-v2s7x29656_ses-1 vox2ras=TkReg
258
47121  20.591  -1.263  -42.245 0.0000000000
39220  18.616  -10.053  -36.686 0.0000000000
52742  19.728  3.104  -44.869 0.0000000000
59813  18.493  10.509  -52.568 0.0000000000
37378  17.047  -11.128  -36.350 0.0000000000
55897  21.934  6.374  -44.890 0.0000000000
57874  22.105  8.714  -47.147 0.0000000000
44105  19.127  -4.020  -42.484 0.0000000000
43098  19.794  -5.901  -40.664 0.0000000000
45004  21.343  -3.347  -40.693 0.0000000000
51596  23.260  2.244  -41.589 0.0000000000
122022  23.495  -0.529  -40.066 0.0000000000
50523  20.290  1.408  -43.595 0.0000000000
52724  22.403  4.080  -42.885 0.0000000000
58833  19.149  9.335  -50.466 0.0000000000
58818  21.434  10.280  -48.994 0.0000000000
41117  19.650  -7.692  -37.986 0.0000000000
55917  20.176  6.541  -46.636 0.0000000000
56959  20.133  7.875  -47.852 0.0000000000
46023  20.384  -2.177  -42.153 0.0000000000
45018  20.445  -3.398  -41.684 0.0000000000
46006  21.061  -2.243  -41.563 0.0000000000
38308  18.051  -10.637  -36.560 0.0000000000
51645  20.151  2.642  -44.294 0.0000000000
51629  21.226  2.389  -43.219 0.0000000000
52740  21.094  3.800  -43.905 0.0000000000
56935  23.691  7.586  -45.765 0.0000000000
55894  24.175  6.531  -44.703 0.0000000000
58858  16.767  9.418  -53.374 0.0000000000
57906  17.180  8.232  -50.790 0.0000000000
58845  18.582  9.542  -51.294 0.0000000000
61741  21.750  12.155  -52.956 0.0000000000
114079  22.277  11.519  -51.641 0.0000000000
59789  21.429  11.139  -50.210 0.0000000000
59788  22.746  11.059  -50.412 0.0000000000
59766  23.123  10.418  -48.976 0.0000000000
43097  20.351  -5.614  -39.822 0.0000000000
114598  19.586  -7.158  -39.477 0.0000000000
107728  15.957  -11.627  -35.428 0.0000000000
54874  21.181  5.086  -44.416 0.0000000000
55907  20.599  6.057  -45.838 0.0000000000
56944  22.028  7.577  -46.032 0.0000000000
57863  23.502  8.729  -46.961 0.0000000000
42163  18.307  -6.346  -41.719 0.0000000000
44096  19.555  -4.611  -41.860 0.0000000000
44083  20.567  -4.402  -40.875 0.0000000000
44069  21.401  -4.344  -39.695 0.0000000000
49365  21.579  0.179  -41.897 0.0000000000
48189  22.362  -0.570  -41.031 0.0000000000
50474  23.631  0.753  -40.641 0.0000000000
111790  19.497  -1.121  -43.173 0.0000000000
48216  19.541  -0.311  -43.430 0.0000000000
48215  20.308  0.017  -42.923 0.0000000000
50509  21.465  1.661  -42.665 0.0000000000
123062  23.357  3.473  -42.192 0.0000000000
53801  24.479  4.470  -42.565 0.0000000000
54861  22.620  5.766  -43.682 0.0000000000
54859  24.376  5.627  -43.516 0.0000000000
57891  19.321  8.426  -49.367 0.0000000000
60770  19.433  11.200  -52.034 0.0000000000
59791  19.540  10.133  -50.823 0.0000000000
58832  20.078  9.897  -50.092 0.0000000000
57890  20.158  8.898  -48.994 0.0000000000
58810  21.897  9.945  -48.299 0.0000000000
58804  23.110  9.590  -47.746 0.0000000000
40104  18.348  -8.854  -39.044 0.0000000000
41145  19.198  -7.452  -40.452 0.0000000000
45991  22.159  -2.210  -40.462 0.0000000000
44993  22.298  -3.302  -39.601 0.0000000000
55927  19.678  7.094  -47.495 0.0000000000
56960  19.256  7.479  -48.270 0.0000000000
47112  21.275  -1.346  -41.639 0.0000000000
101635  15.739  -12.554  -34.063 0.0000000000
36495  16.463  -12.341  -34.249 0.0000000000
52725  20.836  2.960  -43.784 0.0000000000
52741  20.415  3.439  -44.420 0.0000000000
56934  24.193  7.472  -46.251 0.0000000000
55903  24.233  6.974  -45.491 0.0000000000
59814  17.641  9.846  -53.427 0.0000000000
58847  16.972  9.046  -52.366 0.0000000000
58846  17.597  9.060  -51.772 0.0000000000
59802  18.073  9.697  -52.303 0.0000000000
59799  22.721  11.066  -51.333 0.0000000000
59787  23.286  10.341  -50.996 0.0000000000
43081  20.764  -5.746  -38.794 0.0000000000
38323  16.912  -10.295  -38.071 0.0000000000
54886  20.312  5.351  -45.518 0.0000000000
54899  19.906  5.689  -46.179 0.0000000000
56952  21.526  7.911  -46.784 0.0000000000
55916  21.099  7.173  -46.429 0.0000000000
57865  22.332  8.193  -46.516 0.0000000000
56943  22.967  8.022  -46.069 0.0000000000
57864  22.957  8.598  -46.642 0.0000000000
116106  17.092  10.201  -54.571 0.0000000000
115918  18.702  -4.753  -42.310 0.0000000000
45005  20.796  -3.720  -41.105 0.0000000000
44082  21.121  -4.043  -40.450 0.0000000000
44070  20.778  -4.738  -40.132 0.0000000000
44994  21.695  -3.673  -40.025 0.0000000000
37367  16.510  -11.420  -35.864 0.0000000000
109112  16.730  -11.845  -35.003 0.0000000000
50490  22.826  1.505  -41.539 0.0000000000
49363  22.872  0.854  -41.203 0.0000000000
50489  23.740  1.605  -41.059 0.0000000000
47133  19.093  -1.817  -43.242 0.0000000000
50524  19.645  1.168  -44.032 0.0000000000
49395  19.991  0.598  -43.505 0.0000000000
49382  20.754  0.920  -42.951 0.0000000000
109062  21.459  0.862  -42.353 0.0000000000
52710  21.688  3.341  -43.209 0.0000000000
52709  22.561  3.432  -42.524 0.0000000000
52708  24.199  3.789  -42.159 0.0000000000
53802  23.400  4.262  -42.510 0.0000000000
119992  21.840  5.768  -44.299 0.0000000000
55896  22.652  6.330  -44.271 0.0000000000
54873  23.989  6.226  -43.941 0.0000000000
53830  24.998  5.276  -43.915 0.0000000000
58834  18.223  8.810  -50.836 0.0000000000
57905  17.783  8.080  -50.261 0.0000000000
57892  18.557  8.081  -49.645 0.0000000000
57904  18.798  8.613  -50.067 0.0000000000
60782  21.547  12.067  -52.328 0.0000000000
60769  20.558  11.623  -51.609 0.0000000000
60760  21.017  11.359  -50.912 0.0000000000
59777  21.867  10.949  -49.509 0.0000000000
59778  20.975  10.512  -49.726 0.0000000000
58819  20.539  9.711  -49.333 0.0000000000
58811  21.001  9.457  -48.592 0.0000000000
58817  23.699  9.794  -49.370 0.0000000000
58808  23.563  9.661  -48.378 0.0000000000
110556  24.123  9.075  -48.941 0.0000000000
57880  24.055  8.948  -48.187 0.0000000000
39242  17.652  -9.267  -39.197 0.0000000000
42162  19.189  -6.138  -41.257 0.0000000000
42153  18.823  -7.056  -41.206 0.0000000000
42152  19.393  -6.653  -40.765 0.0000000000
41126  19.904  -7.026  -38.523 0.0000000000
117633  19.429  -7.590  -38.861 0.0000000000
40103  19.010  -8.261  -38.687 0.0000000000
48173  22.939  -0.564  -40.481 0.0000000000
47097  22.423  -1.331  -40.619 0.0000000000
48172  23.134  -1.094  -40.029 0.0000000000
55928  19.206  6.341  -47.267 0.0000000000
56953  20.608  7.470  -47.120 0.0000000000
57875  21.048  8.304  -47.482 0.0000000000
45027  19.423  -3.241  -42.627 0.0000000000
44095  19.860  -3.739  -42.097 0.0000000000
46008  20.091  -2.988  -42.199 0.0000000000
45017  20.962  -3.023  -41.300 0.0000000000
45992  21.529  -2.614  -40.902 0.0000000000
37377  17.802  -11.062  -36.100 0.0000000000
37365  18.163  -11.352  -35.390 0.0000000000
37364  18.952  -11.176  -35.143 0.0000000000
51595  24.330  2.490  -41.356 0.0000000000
50537  19.897  1.891  -44.141 0.0000000000
51630  20.529  2.173  -43.693 0.0000000000
50522  20.840  1.713  -43.213 0.0000000000
53818  21.818  4.310  -43.440 0.0000000000
55905  22.804  6.862  -44.861 0.0000000000
55895  23.470  6.599  -44.403 0.0000000000
55904  23.638  7.078  -45.058 0.0000000000
54884  24.684  6.150  -45.216 0.0000000000
57921  17.512  8.545  -51.027 0.0000000000
60781  22.074  11.813  -52.280 0.0000000000
60768  21.627  11.767  -51.534 0.0000000000
60752  22.166  11.312  -50.153 0.0000000000
59776  22.619  10.907  -49.578 0.0000000000
59767  22.331  10.564  -48.864 0.0000000000
59775  23.252  10.501  -49.884 0.0000000000
58831  23.728  9.673  -50.369 0.0000000000
42146  19.753  -6.533  -40.080 0.0000000000
42145  20.114  -6.379  -39.136 0.0000000000
37353  15.851  -11.992  -34.737 0.0000000000
37379  15.623  -11.232  -36.173 0.0000000000
38309  16.766  -10.783  -37.201 0.0000000000
107164  17.473  -10.807  -36.716 0.0000000000
38322  17.671  -10.338  -37.338 0.0000000000
39231  18.265  -9.635  -37.658 0.0000000000
53833  19.936  3.871  -45.014 0.0000000000
53832  20.647  4.329  -44.562 0.0000000000
53848  20.096  4.631  -45.243 0.0000000000
54885  21.083  5.727  -45.064 0.0000000000
55906  21.312  6.446  -45.533 0.0000000000
102222  20.909  6.617  -46.080 0.0000000000
103358  21.454  6.954  -45.897 0.0000000000
56937  22.074  6.942  -45.445 0.0000000000
56936  22.896  7.441  -45.453 0.0000000000
56942  23.733  8.178  -46.481 0.0000000000
56941  24.253  7.922  -46.903 0.0000000000
105933  17.052  9.572  -53.876 0.0000000000
43124  18.943  -5.445  -41.792 0.0000000000
43112  19.648  -5.325  -41.268 0.0000000000
115975  20.243  -4.095  -41.503 0.0000000000
117100  20.076  -4.712  -41.255 0.0000000000
43111  20.237  -5.120  -40.685 0.0000000000
43096  21.047  -5.030  -39.289 0.0000000000
44058  21.709  -4.622  -38.881 0.0000000000
48202  21.109  -0.553  -42.020 0.0000000000
48190  21.736  -0.551  -41.519 0.0000000000
49364  22.252  0.153  -41.395 0.0000000000
49346  22.886  0.117  -40.824 0.0000000000
49345  23.545  0.022  -40.335 0.0000000000
50488  24.917  1.935  -40.928 0.0000000000
50473  24.581  1.223  -40.557 0.0000000000
49344  24.369  0.501  -40.191 0.0000000000
46024  19.637  -2.444  -42.681 0.0000000000
47122  19.870  -1.611  -42.711 0.0000000000
48204  20.068  -0.803  -42.826 0.0000000000
48203  20.609  -0.493  -42.487 0.0000000000
49381  20.966  0.158  -42.438 0.0000000000
122666  21.838  1.321  -42.253 0.0000000000
50508  22.318  1.848  -42.101 0.0000000000
51612  21.978  2.570  -42.621 0.0000000000
51611  22.826  2.787  -42.080 0.0000000000
51610  23.799  3.065  -41.774 0.0000000000
52707  24.914  3.906  -42.336 0.0000000000
53831  21.287  4.518  -44.005 0.0000000000
54862  21.861  5.124  -43.734 0.0000000000
53817  22.750  5.023  -43.040 0.0000000000
55889  23.278  6.208  -43.871 0.0000000000
54860  23.497  5.746  -43.382 0.0000000000
53816  23.927  5.167  -42.825 0.0000000000
53815  24.802  4.987  -43.107 0.0000000000
56968  18.895  7.778  -49.042 0.0000000000
123238  18.811  11.102  -52.689 0.0000000000
60784  19.198  11.687  -52.905 0.0000000000
59801  18.992  10.369  -51.636 0.0000000000
59790  20.507  10.687  -50.465 0.0000000000
58820  19.679  9.133  -49.720 0.0000000000
57883  19.719  8.190  -48.615 0.0000000000
57882  20.569  8.654  -48.216 0.0000000000
57881  21.493  9.124  -47.881 0.0000000000
58809  22.782  10.087  -48.246 0.0000000000
58805  22.412  9.489  -47.722 0.0000000000
57873  22.981  9.129  -47.211 0.0000000000
57872  23.686  9.045  -47.560 0.0000000000
57871  24.256  8.330  -47.662 0.0000000000
104180  18.086  -9.340  -38.484 0.0000000000
41137  18.627  -8.201  -40.319 0.0000000000
41136  19.137  -7.923  -39.643 0.0000000000
40114  18.638  -8.415  -39.601 0.0000000000
40092  18.637  -8.926  -38.055 0.0000000000
47111  21.905  -1.139  -41.186 0.0000000000
47098  21.723  -1.825  -41.070 0.0000000000
47079  22.816  -1.839  -39.986 0.0000000000
45975  22.552  -2.594  -39.837 0.0000000000
45976  21.936  -2.976  -40.279 0.0000000000
46007  20.595  -2.780  -41.786 0.0000000000
50491  22.148  0.953  -41.833 0.0000000000
50538  19.371  1.614  -44.500 0.0000000000
52723  25.192  4.268  -42.824 0.0000000000
54872  24.596  5.922  -44.305 0.0000000000
54875  20.624  5.029  -44.942 0.0000000000
55918  19.463  5.911  -46.725 0.0000000000
57862  23.985  8.500  -47.075 0.0000000000
58857  17.292  9.341  -52.960 0.0000000000
60759  21.766  11.488  -50.711 0.0000000000
120829  20.818  -1.772  -41.890 0.0000000000
