#!ascii label  , from subject sub-v2s7x29795_ses-1 vox2ras=TkReg
1660
127450  7.983  -34.009  44.509 0.0000000000
62594  41.780  -3.070  25.007 0.0000000000
37001  29.831  -28.439  35.238 0.0000000000
41886  37.053  -23.376  40.444 0.0000000000
34296  21.037  -31.187  34.851 0.0000000000
114098  18.405  -32.389  43.515 0.0000000000
68063  49.163  4.058  19.160 0.0000000000
68832  46.789  4.562  27.610 0.0000000000
51206  37.512  -14.385  30.047 0.0000000000
69890  53.302  5.750  11.536 0.0000000000
35917  27.827  -29.782  43.110 0.0000000000
31495  14.241  -34.547  44.658 0.0000000000
68864  48.555  4.602  23.263 0.0000000000
129512  44.348  1.347  22.175 0.0000000000
112369  43.688  -6.186  28.814 0.0000000000
62538  45.915  -2.507  30.031 0.0000000000
57726  39.076  -7.381  28.428 0.0000000000
44926  31.837  -21.251  32.069 0.0000000000
40913  31.786  -24.705  38.532 0.0000000000
33420  25.008  -32.670  40.561 0.0000000000
31537  23.344  -34.317  42.984 0.0000000000
111193  20.054  -32.427  39.055 0.0000000000
116179  13.808  -34.729  39.737 0.0000000000
37003  25.463  -28.243  35.163 0.0000000000
69824  55.057  6.225  19.888 0.0000000000
70681  53.703  6.495  23.685 0.0000000000
65272  44.083  0.746  26.944 0.0000000000
54728  39.932  -10.749  33.330 0.0000000000
45946  37.478  -19.527  34.548 0.0000000000
132282  51.963  2.880  15.350 0.0000000000
126146  56.405  6.622  15.549 0.0000000000
68971  56.962  4.502  11.603 0.0000000000
33334  27.229  -33.001  45.369 0.0000000000
30486  11.586  -35.148  45.120 0.0000000000
32398  14.695  -33.388  47.750 0.0000000000
113441  11.907  -35.150  48.018 0.0000000000
66257  45.367  1.662  20.548 0.0000000000
57678  43.301  -7.358  31.751 0.0000000000
58627  45.089  -6.256  31.730 0.0000000000
29459  3.757  -36.866  47.498 0.0000000000
57762  39.377  -7.337  25.580 0.0000000000
41002  28.145  -24.900  32.641 0.0000000000
42978  28.900  -22.949  35.074 0.0000000000
39054  30.574  -26.359  36.555 0.0000000000
34266  22.960  -30.839  37.829 0.0000000000
33423  22.627  -32.673  40.073 0.0000000000
33471  20.557  -32.166  37.457 0.0000000000
36040  22.906  -29.812  35.189 0.0000000000
35084  24.833  -29.712  39.148 0.0000000000
33366  21.364  -32.841  43.571 0.0000000000
68909  52.267  5.247  19.167 0.0000000000
70698  54.296  6.540  21.971 0.0000000000
69814  50.954  5.418  21.007 0.0000000000
68849  47.554  4.783  25.512 0.0000000000
69747  49.908  6.093  25.991 0.0000000000
63478  40.313  -1.380  23.107 0.0000000000
64372  41.847  -0.028  24.380 0.0000000000
63455  42.714  -1.853  25.895 0.0000000000
52940  37.085  -12.415  28.446 0.0000000000
54758  37.803  -10.156  30.043 0.0000000000
52917  39.222  -12.805  31.648 0.0000000000
43917  33.705  -21.817  36.491 0.0000000000
131718  34.526  -20.633  33.487 0.0000000000
43906  37.097  -21.294  37.137 0.0000000000
67196  48.536  2.397  16.145 0.0000000000
67215  49.978  2.633  14.513 0.0000000000
68096  50.902  3.336  16.651 0.0000000000
68082  53.324  3.848  17.099 0.0000000000
69894  56.298  6.287  10.363 0.0000000000
70766  56.204  6.862  12.306 0.0000000000
69869  57.303  6.141  13.875 0.0000000000
69871  55.068  5.701  13.341 0.0000000000
35977  29.346  -29.945  39.423 0.0000000000
114571  31.474  -28.731  41.043 0.0000000000
35899  29.681  -29.607  44.525 0.0000000000
32437  15.976  -33.096  44.173 0.0000000000
33337  19.100  -32.165  46.053 0.0000000000
33324  16.779  -32.292  46.432 0.0000000000
67177  47.488  2.797  18.583 0.0000000000
68053  48.418  4.131  20.821 0.0000000000
67144  46.863  3.074  21.100 0.0000000000
67137  46.300  2.858  22.540 0.0000000000
67115  45.227  3.053  25.216 0.0000000000
60675  42.697  -4.685  26.086 0.0000000000
61669  44.103  -3.630  27.175 0.0000000000
60630  45.335  -4.604  29.357 0.0000000000
49150  35.615  -16.417  29.345 0.0000000000
42905  39.803  -22.964  40.868 0.0000000000
31481  5.856  -35.158  44.977 0.0000000000
31443  8.105  -34.520  47.876 0.0000000000
31445  5.937  -34.952  47.518 0.0000000000
60694  40.633  -4.579  24.009 0.0000000000
58690  41.377  -6.226  25.728 0.0000000000
57724  41.415  -7.079  28.721 0.0000000000
118163  41.065  -7.515  30.909 0.0000000000
43992  29.494  -21.417  31.824 0.0000000000
117534  30.849  -21.826  34.927 0.0000000000
41905  33.358  -23.462  39.298 0.0000000000
38958  32.534  -26.591  41.367 0.0000000000
39894  34.704  -25.780  42.079 0.0000000000
32448  26.647  -33.915  43.425 0.0000000000
30498  25.701  -35.618  43.577 0.0000000000
31556  24.144  -34.200  41.638 0.0000000000
32487  21.803  -32.817  41.843 0.0000000000
33407  19.328  -32.450  41.386 0.0000000000
33482  17.986  -32.820  37.159 0.0000000000
32520  17.187  -33.066  39.192 0.0000000000
32488  16.188  -33.302  41.488 0.0000000000
113577  13.837  -35.002  41.963 0.0000000000
114524  11.107  -34.205  42.917 0.0000000000
32472  8.586  -33.491  42.442 0.0000000000
39092  27.766  -27.054  32.037 0.0000000000
125400  25.286  -27.392  31.638 0.0000000000
36036  27.497  -29.312  35.449 0.0000000000
35996  26.722  -29.065  38.678 0.0000000000
34208  26.300  -31.328  42.738 0.0000000000
68016  55.230  4.049  23.212 0.0000000000
69773  50.992  6.137  23.819 0.0000000000
65324  42.519  0.136  21.761 0.0000000000
66208  43.356  1.596  24.834 0.0000000000
67099  45.042  2.830  27.002 0.0000000000
63443  44.827  -1.486  28.071 0.0000000000
66170  45.664  1.459  29.260 0.0000000000
56726  36.361  -8.406  27.520 0.0000000000
56692  38.175  -8.595  30.729 0.0000000000
56653  40.074  -8.245  33.941 0.0000000000
46939  35.515  -18.491  31.397 0.0000000000
47916  38.226  -17.240  32.578 0.0000000000
44872  39.292  -19.917  38.931 0.0000000000
46899  40.589  -18.297  35.773 0.0000000000
50182  40.348  -15.804  33.418 0.0000000000
52073  41.886  -13.608  34.597 0.0000000000
53770  42.307  -11.264  36.322 0.0000000000
130730  53.093  4.006  13.181 0.0000000000
68102  54.378  3.860  15.177 0.0000000000
68932  55.542  5.526  17.233 0.0000000000
32393  27.563  -33.869  47.524 0.0000000000
31476  10.281  -34.592  45.044 0.0000000000
31456  11.361  -35.226  46.458 0.0000000000
131623  10.228  -34.919  46.886 0.0000000000
57666  42.892  -7.489  32.475 0.0000000000
57664  44.246  -6.956  33.220 0.0000000000
27345  2.349  -38.564  46.846 0.0000000000
39080  29.333  -26.645  33.761 0.0000000000
132758  29.525  -25.366  34.816 0.0000000000
38113  30.559  -27.474  36.327 0.0000000000
120197  22.128  -31.106  36.479 0.0000000000
34267  22.207  -31.390  37.367 0.0000000000
113105  21.029  -31.632  36.033 0.0000000000
36065  22.114  -29.344  33.363 0.0000000000
35114  22.403  -30.403  35.390 0.0000000000
35105  23.214  -30.062  36.516 0.0000000000
127344  19.880  -32.471  43.463 0.0000000000
33368  19.719  -32.453  44.288 0.0000000000
68925  50.788  4.610  18.744 0.0000000000
68898  51.131  5.272  20.140 0.0000000000
68899  50.277  4.978  20.429 0.0000000000
68839  47.492  5.060  26.541 0.0000000000
69735  48.916  5.882  27.088 0.0000000000
62601  41.197  -2.532  24.439 0.0000000000
64365  41.658  -1.321  24.819 0.0000000000
62593  42.271  -2.399  25.456 0.0000000000
51221  36.803  -14.557  29.168 0.0000000000
122459  37.461  -13.923  29.664 0.0000000000
52930  38.046  -12.603  29.911 0.0000000000
52100  38.382  -13.555  30.737 0.0000000000
43897  35.495  -22.211  38.331 0.0000000000
43915  35.628  -21.626  36.513 0.0000000000
116020  36.914  -21.944  38.836 0.0000000000
68087  49.045  3.507  17.859 0.0000000000
68097  49.996  3.249  16.808 0.0000000000
68073  50.245  4.122  18.180 0.0000000000
68072  51.092  4.280  17.998 0.0000000000
70773  55.074  6.443  10.971 0.0000000000
69889  54.423  5.849  11.533 0.0000000000
69878  55.639  6.536  12.803 0.0000000000
69880  53.894  5.172  12.169 0.0000000000
35947  28.747  -29.657  41.709 0.0000000000
35946  29.773  -29.786  41.534 0.0000000000
35900  28.794  -29.738  44.207 0.0000000000
115886  15.338  -33.666  43.999 0.0000000000
33340  15.982  -32.945  45.113 0.0000000000
32422  15.371  -33.380  45.551 0.0000000000
32384  14.724  -33.085  48.757 0.0000000000
32383  15.367  -32.773  48.122 0.0000000000
110540  46.430  1.888  18.263 0.0000000000
67165  47.331  2.990  19.417 0.0000000000
66287  46.093  1.917  19.167 0.0000000000
125012  45.012  1.570  21.247 0.0000000000
66242  45.520  2.021  21.409 0.0000000000
66230  45.120  2.109  22.861 0.0000000000
67125  46.029  2.878  23.432 0.0000000000
67126  45.316  2.460  23.604 0.0000000000
58672  42.874  -5.970  27.405 0.0000000000
59652  44.155  -4.941  27.785 0.0000000000
59631  44.413  -5.931  29.414 0.0000000000
66293  46.756  1.839  17.168 0.0000000000
30468  5.509  -35.407  45.844 0.0000000000
30450  4.757  -36.006  46.303 0.0000000000
59688  39.646  -5.251  23.247 0.0000000000
59672  40.992  -5.884  24.951 0.0000000000
58700  39.873  -6.596  24.331 0.0000000000
57749  39.440  -7.307  26.486 0.0000000000
57748  40.245  -7.100  26.779 0.0000000000
125932  39.865  -7.280  28.202 0.0000000000
124996  40.692  -7.315  29.299 0.0000000000
57714  39.948  -7.431  29.963 0.0000000000
44946  27.659  -21.086  31.186 0.0000000000
41944  29.641  -23.422  36.183 0.0000000000
119351  29.859  -22.382  35.511 0.0000000000
41935  30.854  -23.283  37.207 0.0000000000
118335  31.869  -22.606  37.404 0.0000000000
41921  32.159  -23.578  38.387 0.0000000000
36870  31.710  -28.257  43.366 0.0000000000
38030  31.774  -27.970  41.001 0.0000000000
37972  32.437  -27.614  43.161 0.0000000000
38917  35.123  -27.444  43.664 0.0000000000
39893  35.639  -25.738  41.843 0.0000000000
32463  26.147  -33.154  42.115 0.0000000000
31535  25.506  -34.565  42.230 0.0000000000
32483  25.217  -33.409  41.079 0.0000000000
33444  21.447  -32.372  39.515 0.0000000000
33404  22.081  -32.743  40.765 0.0000000000
33425  20.459  -32.418  40.461 0.0000000000
33406  20.208  -32.429  41.266 0.0000000000
125165  19.609  -32.438  40.623 0.0000000000
33492  17.652  -32.509  35.595 0.0000000000
31585  14.725  -34.278  38.334 0.0000000000
32530  15.846  -33.802  37.848 0.0000000000
129258  15.728  -33.897  39.443 0.0000000000
32505  17.022  -32.970  40.438 0.0000000000
31569  15.213  -34.229  40.427 0.0000000000
115438  15.436  -33.823  41.756 0.0000000000
31558  14.171  -34.846  41.136 0.0000000000
31544  10.281  -33.752  42.982 0.0000000000
41027  26.579  -24.689  30.583 0.0000000000
40049  26.258  -25.405  30.405 0.0000000000
119301  23.998  -27.982  33.663 0.0000000000
37031  25.589  -28.025  33.655 0.0000000000
37030  26.478  -28.387  33.340 0.0000000000
36037  26.592  -28.821  35.772 0.0000000000
36010  27.542  -29.393  37.463 0.0000000000
126118  26.079  -28.677  37.609 0.0000000000
35062  24.936  -30.799  39.990 0.0000000000
35061  25.540  -30.328  40.394 0.0000000000
34219  25.717  -31.649  41.173 0.0000000000
111916  26.489  -33.084  42.918 0.0000000000
31512  24.205  -34.934  43.140 0.0000000000
127268  8.527  -34.537  49.229 0.0000000000
31406  10.552  -34.630  49.803 0.0000000000
69809  56.002  6.128  20.633 0.0000000000
69786  54.237  6.499  23.007 0.0000000000
69784  55.484  5.640  22.461 0.0000000000
68862  54.876  4.739  23.851 0.0000000000
68854  54.389  4.917  24.635 0.0000000000
68880  48.717  4.553  22.258 0.0000000000
68878  50.137  5.337  22.282 0.0000000000
68879  49.444  5.083  22.894 0.0000000000
113473  52.036  6.470  25.979 0.0000000000
65285  42.359  0.064  25.292 0.0000000000
65291  42.877  1.086  24.375 0.0000000000
66199  43.561  1.614  25.692 0.0000000000
66198  44.049  2.158  25.860 0.0000000000
66193  44.125  1.597  26.538 0.0000000000
62571  45.237  -3.057  28.655 0.0000000000
118859  44.759  -2.246  27.883 0.0000000000
63426  45.616  -1.684  29.517 0.0000000000
55734  35.777  -8.908  27.233 0.0000000000
54745  38.658  -10.288  31.393 0.0000000000
55692  37.961  -9.401  30.457 0.0000000000
55675  38.682  -9.343  31.798 0.0000000000
56667  39.350  -8.388  32.778 0.0000000000
54717  39.618  -9.787  33.470 0.0000000000
44963  31.145  -20.721  30.719 0.0000000000
44962  32.071  -20.351  30.881 0.0000000000
45948  35.907  -20.035  33.875 0.0000000000
45968  34.753  -19.740  32.279 0.0000000000
45966  36.154  -19.115  32.750 0.0000000000
47918  36.969  -17.748  31.988 0.0000000000
46916  37.761  -18.386  33.337 0.0000000000
43869  39.455  -21.552  40.636 0.0000000000
47854  41.517  -17.265  36.043 0.0000000000
47884  41.110  -17.094  34.637 0.0000000000
50155  41.973  -15.973  35.291 0.0000000000
51172  41.052  -14.348  33.761 0.0000000000
51160  42.504  -14.663  35.667 0.0000000000
67204  50.624  2.626  15.130 0.0000000000
67212  52.377  3.242  13.866 0.0000000000
132850  53.640  3.544  14.059 0.0000000000
67201  53.080  3.083  15.048 0.0000000000
68922  53.588  4.901  18.430 0.0000000000
68933  54.788  4.841  17.536 0.0000000000
69837  55.313  5.785  19.008 0.0000000000
69836  56.246  5.881  18.745 0.0000000000
69887  56.513  6.259  11.363 0.0000000000
70754  57.005  6.717  14.611 0.0000000000
70748  57.163  6.405  15.319 0.0000000000
69849  57.084  6.143  16.308 0.0000000000
34191  27.194  -31.336  44.757 0.0000000000
34183  28.311  -31.348  45.733 0.0000000000
33318  27.855  -32.518  46.641 0.0000000000
30465  13.102  -35.228  45.303 0.0000000000
31454  14.094  -34.310  46.365 0.0000000000
31455  13.424  -34.816  46.673 0.0000000000
31418  13.518  -34.239  48.226 0.0000000000
32385  13.909  -33.617  48.943 0.0000000000
65331  44.144  0.686  20.185 0.0000000000
65322  44.032  0.780  21.021 0.0000000000
58640  43.313  -6.936  30.144 0.0000000000
58639  44.165  -6.535  30.150 0.0000000000
126236  44.450  -6.793  31.763 0.0000000000
110863  44.979  -6.441  33.354 0.0000000000
28479  3.687  -37.040  45.694 0.0000000000
28466  2.862  -37.959  46.471 0.0000000000
28451  2.801  -37.966  47.453 0.0000000000
57781  39.154  -6.845  23.773 0.0000000000
57764  37.850  -7.831  25.592 0.0000000000
43008  27.983  -22.241  32.953 0.0000000000
41987  28.101  -23.445  33.768 0.0000000000
39982  29.923  -24.881  36.324 0.0000000000
39961  30.877  -25.274  37.676 0.0000000000
133575  24.187  -31.925  39.697 0.0000000000
33421  24.268  -32.638  40.104 0.0000000000
33442  22.993  -31.886  39.046 0.0000000000
110639  21.639  -32.145  38.807 0.0000000000
111343  20.276  -32.354  38.236 0.0000000000
31581  13.036  -34.434  39.782 0.0000000000
33449  11.880  -32.760  39.191 0.0000000000
37033  23.271  -28.525  33.669 0.0000000000
36038  24.119  -28.723  35.462 0.0000000000
36024  24.819  -28.704  36.702 0.0000000000
36025  23.987  -29.336  36.900 0.0000000000
35086  23.637  -30.355  38.255 0.0000000000
32449  22.161  -33.329  43.700 0.0000000000
68908  53.227  5.377  19.096 0.0000000000
116864  54.441  6.325  20.401 0.0000000000
69812  52.682  5.954  20.556 0.0000000000
69799  52.487  6.162  21.359 0.0000000000
69787  52.313  6.337  22.186 0.0000000000
68865  48.103  4.432  23.908 0.0000000000
127837  49.403  5.362  24.393 0.0000000000
68857  48.421  5.169  25.297 0.0000000000
69734  49.745  6.188  27.011 0.0000000000
116380  41.300  -0.312  22.683 0.0000000000
63471  40.830  -1.118  23.770 0.0000000000
64364  41.928  -0.688  25.051 0.0000000000
64355  43.396  -0.614  26.454 0.0000000000
63404  46.070  -1.603  30.431 0.0000000000
53861  36.405  -11.207  27.824 0.0000000000
54776  36.577  -9.900  28.445 0.0000000000
53848  37.461  -11.617  28.962 0.0000000000
52922  38.414  -11.953  30.354 0.0000000000
53821  39.454  -11.958  31.975 0.0000000000
43936  32.705  -21.684  34.422 0.0000000000
44924  33.596  -20.696  32.599 0.0000000000
43935  34.289  -21.346  34.833 0.0000000000
44895  35.649  -20.780  34.958 0.0000000000
115153  37.117  -20.634  35.828 0.0000000000
111937  47.794  2.017  15.715 0.0000000000
67216  48.509  2.722  14.229 0.0000000000
121681  49.055  2.400  15.452 0.0000000000
67194  50.343  2.882  15.967 0.0000000000
67193  51.329  2.933  15.795 0.0000000000
68094  52.722  3.424  16.504 0.0000000000
68083  52.358  3.854  17.190 0.0000000000
68923  52.589  4.847  18.471 0.0000000000
70777  55.724  6.836  10.405 0.0000000000
70776  56.143  6.568  10.916 0.0000000000
69877  56.812  6.437  12.194 0.0000000000
130494  57.073  5.948  12.476 0.0000000000
70765  56.711  6.819  12.687 0.0000000000
69870  55.753  6.638  13.754 0.0000000000
69863  55.308  5.809  14.409 0.0000000000
36008  29.568  -29.744  37.147 0.0000000000
36952  30.810  -28.929  38.069 0.0000000000
128692  30.519  -29.787  40.090 0.0000000000
116537  30.786  -29.259  42.286 0.0000000000
128466  31.252  -29.091  45.417 0.0000000000
33370  17.590  -32.472  43.685 0.0000000000
33353  18.276  -32.280  44.350 0.0000000000
33354  17.439  -32.371  44.532 0.0000000000
33338  17.479  -32.148  45.978 0.0000000000
32411  15.354  -33.199  46.432 0.0000000000
126791  16.413  -32.282  47.684 0.0000000000
68075  48.642  3.574  18.543 0.0000000000
68052  48.842  4.108  19.983 0.0000000000
68054  47.962  3.589  19.996 0.0000000000
68041  47.569  3.607  21.109 0.0000000000
117085  47.588  3.756  21.982 0.0000000000
66256  45.886  2.227  20.838 0.0000000000
68042  46.944  3.267  21.934 0.0000000000
68034  47.263  3.649  22.711 0.0000000000
132299  46.997  3.877  24.237 0.0000000000
120978  46.650  3.893  24.806 0.0000000000
67992  46.256  4.184  26.607 0.0000000000
127388  42.532  -4.144  25.714 0.0000000000
62587  43.158  -3.184  26.251 0.0000000000
60662  43.822  -4.407  27.149 0.0000000000
60650  44.627  -4.301  28.049 0.0000000000
61644  45.768  -4.050  29.838 0.0000000000
59615  45.530  -5.369  30.555 0.0000000000
60617  45.995  -4.436  30.631 0.0000000000
129689  46.411  -3.811  31.110 0.0000000000
50238  36.926  -15.619  30.114 0.0000000000
42906  39.077  -23.437  40.769 0.0000000000
133586  46.673  1.947  15.170 0.0000000000
67197  47.679  2.172  16.596 0.0000000000
67186  47.685  2.567  17.671 0.0000000000
70780  52.888  7.016  11.081 0.0000000000
71709  52.208  7.067  11.708 0.0000000000
114908  7.343  -34.338  45.126 0.0000000000
111206  8.192  -34.416  46.384 0.0000000000
31461  6.808  -34.603  46.399 0.0000000000
111455  7.247  -34.519  48.045 0.0000000000
133365  7.430  -34.455  49.539 0.0000000000
30434  4.802  -35.849  47.338 0.0000000000
62608  40.170  -3.020  23.458 0.0000000000
61700  39.865  -3.790  23.204 0.0000000000
61695  40.965  -3.885  24.247 0.0000000000
59679  41.331  -5.187  24.824 0.0000000000
59662  42.022  -5.842  26.155 0.0000000000
58680  42.249  -6.228  26.855 0.0000000000
58692  39.990  -6.896  25.097 0.0000000000
58674  41.070  -6.883  26.987 0.0000000000
58666  42.042  -6.838  28.265 0.0000000000
57712  42.428  -7.161  29.792 0.0000000000
127014  41.848  -7.523  31.010 0.0000000000
57667  41.739  -7.571  32.649 0.0000000000
43991  30.359  -21.481  32.009 0.0000000000
43952  28.528  -21.893  33.185 0.0000000000
43950  30.300  -21.678  33.793 0.0000000000
43949  31.654  -21.675  33.562 0.0000000000
43918  32.046  -21.906  36.268 0.0000000000
43910  33.389  -22.000  37.365 0.0000000000
41903  34.877  -23.030  39.616 0.0000000000
127236  31.319  -28.134  38.725 0.0000000000
39007  31.492  -26.375  38.651 0.0000000000
39922  32.118  -25.893  39.817 0.0000000000
37970  33.749  -27.403  43.476 0.0000000000
38957  33.183  -26.194  41.783 0.0000000000
39920  33.276  -25.166  40.675 0.0000000000
40892  33.839  -24.362  40.386 0.0000000000
40876  35.373  -24.746  40.980 0.0000000000
40875  36.985  -24.711  41.001 0.0000000000
31469  27.017  -34.961  44.900 0.0000000000
30497  26.258  -35.402  43.595 0.0000000000
30513  25.210  -35.164  42.880 0.0000000000
128927  23.907  -34.455  42.343 0.0000000000
32502  23.888  -33.310  40.526 0.0000000000
32465  23.248  -33.867  42.057 0.0000000000
129380  22.479  -33.316  42.189 0.0000000000
32467  22.013  -32.996  42.812 0.0000000000
117163  19.891  -32.464  42.063 0.0000000000
118033  19.031  -32.446  42.114 0.0000000000
33490  19.400  -32.043  35.569 0.0000000000
111505  18.837  -32.538  37.022 0.0000000000
33473  18.749  -32.655  37.808 0.0000000000
32535  16.430  -33.443  37.343 0.0000000000
32528  17.248  -33.092  38.520 0.0000000000
33447  18.446  -32.682  39.496 0.0000000000
33426  18.331  -32.636  40.187 0.0000000000
33409  17.582  -32.697  41.825 0.0000000000
33387  17.786  -32.566  42.782 0.0000000000
32468  16.134  -33.207  42.501 0.0000000000
32469  15.164  -33.972  42.642 0.0000000000
31515  14.266  -34.630  43.826 0.0000000000
31560  12.522  -34.687  41.457 0.0000000000
114728  12.344  -34.757  42.084 0.0000000000
30502  13.143  -35.241  43.944 0.0000000000
31518  11.113  -34.625  43.956 0.0000000000
31520  9.768  -33.852  43.707 0.0000000000
116967  8.087  -33.858  43.681 0.0000000000
31546  6.577  -34.684  42.943 0.0000000000
31523  5.782  -35.183  42.942 0.0000000000
125840  27.314  -23.992  31.820 0.0000000000
40026  27.899  -25.582  32.027 0.0000000000
38148  28.555  -27.538  32.932 0.0000000000
121938  26.716  -27.712  31.967 0.0000000000
37029  28.112  -28.827  33.657 0.0000000000
116031  28.493  -29.457  35.261 0.0000000000
36009  28.586  -29.805  37.264 0.0000000000
121824  27.891  -29.509  38.932 0.0000000000
35948  27.714  -29.547  41.470 0.0000000000
35997  25.516  -29.359  39.243 0.0000000000
35060  26.129  -29.903  40.823 0.0000000000
35035  26.631  -30.625  43.029 0.0000000000
34192  26.795  -31.830  44.234 0.0000000000
32434  26.885  -33.617  44.465 0.0000000000
31421  10.433  -34.941  48.366 0.0000000000
31404  12.251  -34.581  49.206 0.0000000000
69796  55.847  5.981  21.559 0.0000000000
68886  50.133  5.166  21.349 0.0000000000
69801  50.845  5.588  21.872 0.0000000000
70683  51.948  6.529  23.744 0.0000000000
120156  50.627  6.093  24.682 0.0000000000
70658  52.392  6.508  25.203 0.0000000000
69759  53.289  6.210  25.169 0.0000000000
65333  42.780  0.017  20.705 0.0000000000
65311  43.234  0.689  22.307 0.0000000000
64379  41.839  0.104  23.323 0.0000000000
65299  43.161  1.032  23.353 0.0000000000
66218  43.927  1.527  23.449 0.0000000000
67116  44.729  2.453  24.513 0.0000000000
67106  44.993  3.087  26.147 0.0000000000
67985  46.093  3.900  27.582 0.0000000000
62586  43.270  -2.371  26.342 0.0000000000
63449  43.911  -1.223  26.908 0.0000000000
127277  44.229  0.013  27.233 0.0000000000
64299  45.843  -0.787  30.118 0.0000000000
64342  45.201  -0.319  28.988 0.0000000000
66182  44.878  0.781  28.121 0.0000000000
67088  45.555  2.133  28.640 0.0000000000
67087  46.222  2.932  29.072 0.0000000000
56736  36.934  -7.915  26.075 0.0000000000
57740  37.502  -7.646  27.448 0.0000000000
55715  36.739  -9.172  28.698 0.0000000000
56702  37.629  -8.144  29.358 0.0000000000
57716  38.254  -7.782  29.688 0.0000000000
57682  39.454  -7.740  31.449 0.0000000000
57668  40.590  -7.639  32.469 0.0000000000
56652  40.804  -7.820  34.323 0.0000000000
45983  33.650  -19.764  31.352 0.0000000000
47945  35.534  -17.524  30.342 0.0000000000
49131  36.680  -16.495  30.518 0.0000000000
50219  37.909  -15.773  31.302 0.0000000000
125635  38.438  -21.620  39.943 0.0000000000
44881  38.497  -20.451  37.814 0.0000000000
45931  38.770  -19.792  36.454 0.0000000000
45930  39.454  -19.377  36.816 0.0000000000
45944  39.043  -19.053  35.170 0.0000000000
47900  39.142  -17.675  33.622 0.0000000000
49090  39.246  -16.463  32.866 0.0000000000
50218  38.647  -15.144  31.743 0.0000000000
51181  39.569  -14.086  32.302 0.0000000000
52910  40.285  -12.804  32.922 0.0000000000
53809  40.568  -12.225  33.353 0.0000000000
52067  42.796  -13.785  36.145 0.0000000000
52888  42.392  -12.076  35.643 0.0000000000
129330  40.598  -10.840  34.182 0.0000000000
54690  40.729  -9.719  35.320 0.0000000000
69891  52.331  5.680  12.005 0.0000000000
69881  52.901  5.041  12.253 0.0000000000
68960  53.466  4.529  12.790 0.0000000000
115298  54.648  4.751  13.871 0.0000000000
68948  55.273  5.470  15.281 0.0000000000
68093  53.625  3.506  16.334 0.0000000000
68942  54.928  4.714  16.637 0.0000000000
69851  56.124  6.119  16.899 0.0000000000
69843  56.616  6.027  17.397 0.0000000000
31451  27.254  -34.890  46.049 0.0000000000
31435  26.935  -35.256  46.999 0.0000000000
31499  8.827  -34.091  45.004 0.0000000000
130699  10.224  -34.730  45.742 0.0000000000
31478  8.871  -34.417  45.890 0.0000000000
122754  42.431  -7.504  33.253 0.0000000000
57656  43.333  -7.325  33.381 0.0000000000
38139  29.485  -27.451  34.102 0.0000000000
39073  29.716  -26.649  34.500 0.0000000000
37000  30.274  -28.214  35.884 0.0000000000
34272  21.968  -30.926  35.738 0.0000000000
127981  21.611  -31.313  36.071 0.0000000000
34282  21.334  -31.262  35.472 0.0000000000
35115  21.698  -30.750  34.921 0.0000000000
112195  19.185  -32.390  43.473 0.0000000000
68926  49.959  4.361  18.959 0.0000000000
68911  50.522  4.812  19.554 0.0000000000
68840  46.942  4.716  26.846 0.0000000000
120157  47.481  5.134  27.521 0.0000000000
51220  37.211  -14.314  29.535 0.0000000000
51233  37.126  -13.837  29.063 0.0000000000
52101  37.821  -13.767  30.147 0.0000000000
51205  37.983  -14.343  30.622 0.0000000000
42919  35.843  -22.848  39.729 0.0000000000
42945  36.076  -22.299  38.966 0.0000000000
42932  36.714  -22.444  39.546 0.0000000000
68074  49.450  3.900  18.384 0.0000000000
68086  49.716  3.625  17.622 0.0000000000
70774  54.035  6.277  10.908 0.0000000000
35933  27.799  -29.621  42.300 0.0000000000
35932  28.585  -29.619  42.618 0.0000000000
35033  27.960  -29.968  43.919 0.0000000000
112732  14.812  -34.083  44.290 0.0000000000
32438  15.379  -33.526  44.705 0.0000000000
32439  14.776  -33.970  45.101 0.0000000000
123954  45.804  1.531  18.450 0.0000000000
110887  44.928  1.789  22.024 0.0000000000
66231  44.477  1.646  22.796 0.0000000000
58664  43.585  -5.746  27.979 0.0000000000
30469  4.851  -35.936  45.344 0.0000000000
59695  39.052  -5.141  22.727 0.0000000000
59689  39.142  -5.858  23.076 0.0000000000
58706  39.711  -6.058  23.644 0.0000000000
131924  39.177  -6.336  23.363 0.0000000000
120702  38.795  -7.366  26.985 0.0000000000
57738  39.462  -7.289  27.472 0.0000000000
120703  39.726  -7.360  29.053 0.0000000000
124919  30.477  -23.780  37.179 0.0000000000
41943  30.200  -23.298  36.762 0.0000000000
41923  31.009  -23.871  37.640 0.0000000000
41934  31.552  -23.281  37.734 0.0000000000
41907  32.080  -24.184  38.645 0.0000000000
36848  31.760  -28.394  44.279 0.0000000000
113507  31.943  -27.876  42.520 0.0000000000
36825  32.459  -28.182  44.789 0.0000000000
32482  25.799  -33.092  41.501 0.0000000000
32464  25.699  -33.829  41.763 0.0000000000
33445  20.661  -32.404  39.674 0.0000000000
33424  21.292  -32.472  40.256 0.0000000000
111765  19.845  -32.440  39.848 0.0000000000
31579  14.415  -34.542  39.193 0.0000000000
31578  15.243  -34.276  38.921 0.0000000000
120456  15.162  -34.315  39.728 0.0000000000
32506  15.760  -33.787  40.152 0.0000000000
31557  14.941  -34.359  41.063 0.0000000000
31570  14.475  -34.651  40.234 0.0000000000
37004  24.691  -28.236  35.015 0.0000000000
37032  24.786  -27.854  33.719 0.0000000000
37019  25.174  -28.008  34.412 0.0000000000
37018  26.121  -28.371  34.378 0.0000000000
37002  25.776  -28.451  35.889 0.0000000000
36022  26.174  -28.614  36.689 0.0000000000
130240  25.335  -32.004  40.679 0.0000000000
34230  25.378  -31.208  40.577 0.0000000000
33403  25.568  -32.552  41.077 0.0000000000
33402  25.968  -32.242  41.777 0.0000000000
31392  9.229  -34.403  50.852 0.0000000000
31391  10.263  -34.358  50.663 0.0000000000
111740  54.971  5.714  23.234 0.0000000000
69772  54.398  5.878  24.068 0.0000000000
64363  42.959  0.150  26.061 0.0000000000
65284  42.882  0.925  25.387 0.0000000000
65279  43.486  0.895  26.258 0.0000000000
62555  45.563  -2.742  29.240 0.0000000000
55724  35.721  -9.552  27.396 0.0000000000
122751  39.498  -11.028  32.450 0.0000000000
54744  39.009  -10.211  32.138 0.0000000000
55665  38.988  -9.209  32.527 0.0000000000
54729  39.358  -10.048  32.874 0.0000000000
128896  31.729  -20.865  31.344 0.0000000000
44942  32.435  -20.677  31.571 0.0000000000
45947  36.682  -19.770  34.209 0.0000000000
45954  36.441  -19.430  33.467 0.0000000000
45953  37.234  -19.130  33.788 0.0000000000
46917  36.928  -18.767  33.053 0.0000000000
46910  37.989  -18.862  34.159 0.0000000000
121469  41.450  -17.147  36.747 0.0000000000
49033  41.793  -16.667  35.646 0.0000000000
49032  42.167  -16.078  35.975 0.0000000000
50165  42.086  -15.196  35.079 0.0000000000
50154  42.455  -15.396  36.275 0.0000000000
67203  51.442  2.750  14.882 0.0000000000
67214  50.788  2.807  14.311 0.0000000000
67213  51.593  2.992  14.089 0.0000000000
67202  52.296  2.953  14.678 0.0000000000
118848  53.059  3.212  14.302 0.0000000000
69838  54.269  5.567  19.081 0.0000000000
68921  54.566  5.146  18.342 0.0000000000
69886  56.803  5.651  11.833 0.0000000000
68972  56.611  5.307  10.879 0.0000000000
70755  56.450  6.820  14.946 0.0000000000
70749  56.794  6.644  15.370 0.0000000000
70742  57.048  6.416  15.758 0.0000000000
70743  56.676  6.497  15.934 0.0000000000
34185  27.118  -32.077  45.063 0.0000000000
34184  27.623  -31.679  45.371 0.0000000000
33333  27.678  -32.457  45.732 0.0000000000
30485  12.378  -35.317  45.053 0.0000000000
30466  12.782  -35.266  46.041 0.0000000000
31439  11.640  -35.281  47.239 0.0000000000
30432  12.405  -35.137  47.433 0.0000000000
31419  12.660  -34.764  48.292 0.0000000000
31403  13.143  -34.148  49.070 0.0000000000
122472  43.616  0.364  19.783 0.0000000000
65332  43.487  0.364  20.460 0.0000000000
57695  43.248  -7.224  31.024 0.0000000000
110667  43.852  -6.878  30.726 0.0000000000
58629  43.890  -7.019  31.415 0.0000000000
28480  2.917  -37.780  45.445 0.0000000000
27329  2.262  -38.577  47.878 0.0000000000
40990  27.701  -23.753  32.728 0.0000000000
122113  27.567  -22.720  32.604 0.0000000000
40989  28.318  -24.366  33.447 0.0000000000
39995  30.127  -25.871  35.838 0.0000000000
39996  29.584  -25.002  35.425 0.0000000000
39981  30.332  -25.502  36.557 0.0000000000
115869  30.344  -24.896  37.047 0.0000000000
115323  30.621  -25.632  37.053 0.0000000000
34255  23.300  -31.140  38.592 0.0000000000
34243  23.739  -31.533  39.230 0.0000000000
34256  22.600  -31.505  38.272 0.0000000000
33470  21.362  -31.856  37.402 0.0000000000
34257  21.874  -31.837  38.110 0.0000000000
33459  21.095  -32.124  38.150 0.0000000000
129176  22.826  -29.506  34.517 0.0000000000
36064  22.640  -29.238  33.837 0.0000000000
36055  23.306  -28.920  34.315 0.0000000000
36054  23.929  -28.548  34.726 0.0000000000
113271  23.443  -29.186  35.005 0.0000000000
110616  24.284  -28.879  36.174 0.0000000000
36039  23.555  -29.452  35.866 0.0000000000
35098  22.755  -30.692  36.968 0.0000000000
35097  23.430  -30.125  37.414 0.0000000000
34254  23.939  -30.730  38.971 0.0000000000
32436  21.729  -33.212  44.509 0.0000000000
69826  52.924  5.690  19.809 0.0000000000
69827  52.005  5.510  19.926 0.0000000000
69813  51.801  5.673  20.749 0.0000000000
69800  51.624  5.861  21.572 0.0000000000
68858  47.917  4.606  24.616 0.0000000000
63477  40.752  -0.732  23.045 0.0000000000
63460  42.128  -1.497  25.337 0.0000000000
64356  42.643  -0.814  25.801 0.0000000000
53872  36.291  -11.843  27.310 0.0000000000
124009  36.712  -11.960  27.911 0.0000000000
53849  36.929  -11.431  28.373 0.0000000000
52931  37.608  -12.504  29.218 0.0000000000
120229  38.466  -12.743  30.546 0.0000000000
123283  38.901  -12.125  31.141 0.0000000000
120482  33.403  -21.611  34.849 0.0000000000
43927  33.990  -21.639  35.597 0.0000000000
125656  36.397  -21.519  36.834 0.0000000000
43925  35.478  -21.248  35.616 0.0000000000
43924  36.318  -21.200  36.071 0.0000000000
44894  36.263  -20.749  35.333 0.0000000000
130981  36.910  -21.126  36.485 0.0000000000
67206  48.325  2.163  15.039 0.0000000000
68095  51.818  3.385  16.575 0.0000000000
68084  51.433  3.845  17.283 0.0000000000
68924  51.659  4.771  18.570 0.0000000000
68936  51.986  4.383  17.845 0.0000000000
70772  55.960  6.700  11.356 0.0000000000
70771  56.403  6.630  11.846 0.0000000000
69879  54.805  5.699  12.392 0.0000000000
111927  29.203  -29.931  37.959 0.0000000000
110741  30.141  -29.682  37.920 0.0000000000
118688  29.804  -29.985  40.123 0.0000000000
127949  29.723  -29.582  42.765 0.0000000000
113395  30.121  -29.623  42.199 0.0000000000
35914  30.481  -29.217  43.977 0.0000000000
35929  30.971  -28.920  43.163 0.0000000000
35898  30.553  -29.490  45.128 0.0000000000
112365  16.784  -32.687  43.931 0.0000000000
33339  16.677  -32.495  45.571 0.0000000000
33323  17.630  -31.959  46.880 0.0000000000
32412  14.692  -33.656  46.856 0.0000000000
32423  14.722  -33.813  45.962 0.0000000000
67164  47.962  3.352  19.020 0.0000000000
67155  47.128  3.110  20.315 0.0000000000
66274  45.532  1.619  19.715 0.0000000000
67145  46.227  2.633  21.529 0.0000000000
132632  46.804  3.248  22.578 0.0000000000
129389  47.108  3.740  23.578 0.0000000000
68021  46.674  3.272  23.147 0.0000000000
67114  45.638  2.927  24.302 0.0000000000
68011  46.451  3.414  24.065 0.0000000000
68012  45.986  3.488  24.968 0.0000000000
68001  46.356  4.032  25.583 0.0000000000
68002  45.669  3.610  25.877 0.0000000000
61677  42.976  -3.962  26.159 0.0000000000
60674  43.245  -4.597  26.618 0.0000000000
131252  44.609  -4.896  28.373 0.0000000000
60649  44.974  -4.400  28.693 0.0000000000
61662  45.422  -3.698  29.092 0.0000000000
58628  44.537  -6.571  30.974 0.0000000000
59616  44.835  -5.990  30.282 0.0000000000
59605  45.131  -5.989  30.967 0.0000000000
60602  45.936  -5.014  31.172 0.0000000000
60601  46.312  -4.416  31.477 0.0000000000
61610  46.704  -3.675  31.838 0.0000000000
50259  35.954  -15.634  29.025 0.0000000000
49149  36.297  -16.038  29.736 0.0000000000
66307  46.995  1.758  15.894 0.0000000000
67187  47.059  2.295  18.132 0.0000000000
67176  48.032  3.110  18.319 0.0000000000
124639  6.583  -34.695  44.940 0.0000000000
31480  6.890  -34.543  45.653 0.0000000000
31462  6.281  -34.857  45.745 0.0000000000
30449  5.416  -35.416  46.897 0.0000000000
113955  6.090  -34.942  46.617 0.0000000000
31425  6.997  -34.498  48.945 0.0000000000
31426  6.398  -34.681  48.308 0.0000000000
29467  3.761  -36.966  46.609 0.0000000000
29466  4.268  -36.437  46.969 0.0000000000
29458  4.271  -36.290  47.896 0.0000000000
62609  39.650  -3.099  22.973 0.0000000000
60703  39.488  -4.481  22.954 0.0000000000
60702  40.072  -4.552  23.467 0.0000000000
61699  40.426  -3.828  23.721 0.0000000000
60693  41.187  -4.590  24.515 0.0000000000
59680  40.822  -5.267  24.371 0.0000000000
58681  41.598  -6.486  26.479 0.0000000000
57773  39.326  -7.215  24.666 0.0000000000
57737  40.435  -7.122  27.620 0.0000000000
57736  41.368  -6.916  27.817 0.0000000000
58655  42.235  -6.937  28.977 0.0000000000
115797  40.873  -7.454  30.119 0.0000000000
57697  41.737  -7.431  30.315 0.0000000000
57680  41.351  -7.554  31.697 0.0000000000
44945  29.291  -21.118  30.933 0.0000000000
44944  30.269  -21.217  31.150 0.0000000000
43007  28.320  -22.565  33.793 0.0000000000
133060  28.189  -21.911  32.761 0.0000000000
42990  28.793  -22.607  34.482 0.0000000000
43930  30.067  -22.027  35.023 0.0000000000
43939  29.714  -21.877  34.310 0.0000000000
130105  30.351  -21.799  34.463 0.0000000000
115292  30.960  -21.680  33.428 0.0000000000
43937  31.804  -21.745  34.492 0.0000000000
43929  31.455  -21.836  35.530 0.0000000000
41920  32.857  -23.154  38.675 0.0000000000
42957  32.584  -22.283  37.509 0.0000000000
42934  33.646  -22.865  38.853 0.0000000000
42933  34.444  -22.712  39.006 0.0000000000
41904  34.079  -23.212  39.454 0.0000000000
35993  31.089  -28.993  38.882 0.0000000000
38073  31.046  -27.956  37.849 0.0000000000
36930  31.350  -28.624  39.394 0.0000000000
38008  32.147  -27.390  41.754 0.0000000000
119088  31.775  -27.655  40.328 0.0000000000
38972  31.881  -26.842  39.934 0.0000000000
38986  31.755  -26.153  39.194 0.0000000000
38971  32.302  -26.285  40.567 0.0000000000
38945  34.338  -26.427  42.504 0.0000000000
38932  34.015  -26.989  43.013 0.0000000000
39895  33.910  -25.921  42.049 0.0000000000
39911  32.866  -25.850  41.049 0.0000000000
39910  33.570  -25.570  41.390 0.0000000000
40878  33.906  -25.032  41.027 0.0000000000
39909  34.279  -25.379  41.556 0.0000000000
124570  35.714  -25.185  41.310 0.0000000000
120583  36.156  -24.727  40.974 0.0000000000
31492  26.748  -34.764  43.977 0.0000000000
31511  26.432  -34.779  43.147 0.0000000000
31536  24.670  -34.678  42.208 0.0000000000
33422  23.413  -32.787  40.071 0.0000000000
32486  22.692  -33.278  41.419 0.0000000000
112272  20.806  -32.538  41.963 0.0000000000
33385  19.520  -32.437  42.787 0.0000000000
127100  17.603  -32.776  36.384 0.0000000000
33481  18.430  -32.517  36.281 0.0000000000
32546  15.496  -33.284  36.471 0.0000000000
32536  15.656  -33.659  37.116 0.0000000000
123381  16.716  -33.324  38.873 0.0000000000
32529  16.574  -33.415  38.170 0.0000000000
33462  17.841  -32.869  38.986 0.0000000000
32504  17.585  -32.840  39.832 0.0000000000
33427  16.941  -32.957  41.187 0.0000000000
33410  16.759  -32.951  41.880 0.0000000000
33388  17.015  -32.781  42.411 0.0000000000
31538  14.659  -34.517  41.898 0.0000000000
32452  14.914  -34.106  43.491 0.0000000000
31539  14.292  -34.721  42.854 0.0000000000
32507  12.240  -33.861  40.192 0.0000000000
31572  12.740  -34.578  40.664 0.0000000000
127654  11.324  -34.053  42.213 0.0000000000
31561  11.856  -34.286  41.806 0.0000000000
31542  11.824  -34.552  42.508 0.0000000000
31541  12.544  -34.986  42.674 0.0000000000
31517  11.849  -34.835  43.407 0.0000000000
132472  11.162  -34.475  43.452 0.0000000000
32471  9.413  -33.508  42.915 0.0000000000
130496  9.177  -33.660  43.497 0.0000000000
31521  8.871  -33.815  44.053 0.0000000000
32453  8.677  -33.629  43.263 0.0000000000
31522  7.423  -34.153  43.339 0.0000000000
40037  26.912  -25.528  30.961 0.0000000000
40036  27.463  -25.350  31.505 0.0000000000
121988  28.013  -26.357  32.100 0.0000000000
39081  28.853  -26.714  33.084 0.0000000000
38188  25.603  -27.031  31.074 0.0000000000
130378  26.083  -26.771  30.932 0.0000000000
38174  26.238  -27.289  31.453 0.0000000000
37017  27.146  -28.830  33.908 0.0000000000
112504  27.369  -28.490  33.017 0.0000000000
36052  27.783  -29.214  34.546 0.0000000000
36051  28.518  -29.123  34.416 0.0000000000
36020  28.912  -29.759  36.293 0.0000000000
36035  28.043  -29.614  35.994 0.0000000000
35995  27.351  -29.297  38.389 0.0000000000
35979  27.441  -29.388  39.750 0.0000000000
35961  27.522  -29.477  40.654 0.0000000000
35998  24.932  -29.205  38.461 0.0000000000
36012  25.433  -28.777  37.868 0.0000000000
35052  25.851  -30.705  41.086 0.0000000000
35051  26.316  -30.209  41.606 0.0000000000
35042  26.462  -30.477  42.373 0.0000000000
34201  26.625  -31.176  43.538 0.0000000000
123268  26.700  -32.829  43.849 0.0000000000
133034  26.932  -34.330  44.641 0.0000000000
29505  26.080  -36.185  44.236 0.0000000000
33352  19.158  -32.284  45.018 0.0000000000
128199  8.341  -34.520  47.144 0.0000000000
119771  9.786  -34.842  47.842 0.0000000000
31422  9.525  -34.753  48.462 0.0000000000
31390  11.149  -34.293  50.439 0.0000000000
31405  11.382  -34.641  49.573 0.0000000000
31389  11.997  -34.167  50.181 0.0000000000
32373  12.835  -33.906  49.962 0.0000000000
32363  13.411  -33.356  50.667 0.0000000000
70717  54.387  6.502  21.108 0.0000000000
69810  55.233  6.445  20.903 0.0000000000
69797  55.153  6.371  21.807 0.0000000000
68877  55.277  4.958  23.125 0.0000000000
68900  49.353  4.614  20.800 0.0000000000
69790  50.265  5.546  23.117 0.0000000000
69789  50.830  5.805  22.740 0.0000000000
118970  51.432  6.230  23.104 0.0000000000
69761  49.994  5.824  24.971 0.0000000000
69745  52.968  6.026  25.915 0.0000000000
69744  53.592  5.436  25.565 0.0000000000
68855  54.008  4.955  25.181 0.0000000000
65323  43.342  0.470  21.354 0.0000000000
64380  41.273  -0.434  23.633 0.0000000000
131258  43.437  1.452  24.052 0.0000000000
113917  43.965  1.895  24.258 0.0000000000
66207  43.939  2.135  25.133 0.0000000000
67100  44.540  2.407  26.388 0.0000000000
67993  45.556  3.501  26.809 0.0000000000
67986  45.580  3.189  27.642 0.0000000000
122952  43.776  -2.983  26.741 0.0000000000
63448  44.407  -1.781  27.405 0.0000000000
64348  44.460  -0.815  27.492 0.0000000000
64343  44.877  -0.632  28.287 0.0000000000
65252  45.823  0.850  29.803 0.0000000000
65229  45.644  0.008  29.729 0.0000000000
65253  45.320  0.598  29.011 0.0000000000
65265  44.942  0.085  28.479 0.0000000000
128894  45.274  1.330  28.603 0.0000000000
66187  45.006  1.676  27.969 0.0000000000
56737  36.103  -8.332  26.657 0.0000000000
56725  36.834  -7.854  27.023 0.0000000000
114311  36.880  -7.989  27.783 0.0000000000
54775  37.067  -10.567  28.848 0.0000000000
54768  36.917  -9.733  28.980 0.0000000000
54767  37.360  -9.962  29.434 0.0000000000
56693  37.799  -8.814  30.170 0.0000000000
113865  37.896  -8.303  30.061 0.0000000000
57700  38.452  -7.919  30.429 0.0000000000
57699  39.238  -7.647  30.647 0.0000000000
56691  38.720  -8.091  31.164 0.0000000000
56654  39.658  -8.463  33.370 0.0000000000
57669  39.696  -7.819  32.266 0.0000000000
56666  39.916  -7.900  33.086 0.0000000000
57659  40.736  -7.700  33.393 0.0000000000
44910  33.949  -20.988  33.453 0.0000000000
44923  34.454  -20.371  32.875 0.0000000000
45981  35.114  -19.132  31.824 0.0000000000
45982  34.402  -19.461  31.585 0.0000000000
46940  34.779  -18.833  31.142 0.0000000000
46953  34.435  -18.514  30.466 0.0000000000
46952  35.166  -18.194  30.721 0.0000000000
47917  37.611  -17.449  32.271 0.0000000000
47933  36.685  -17.297  31.241 0.0000000000
47932  37.325  -17.150  31.720 0.0000000000
49112  37.325  -16.562  31.224 0.0000000000
49092  37.935  -16.681  31.916 0.0000000000
42917  38.103  -22.374  40.244 0.0000000000
43856  39.284  -22.444  40.741 0.0000000000
44861  39.385  -20.237  39.635 0.0000000000
44862  38.884  -20.908  39.727 0.0000000000
114424  38.750  -20.508  38.814 0.0000000000
44886  38.299  -20.364  36.949 0.0000000000
45925  38.957  -19.911  37.295 0.0000000000
46893  40.472  -18.403  36.652 0.0000000000
46885  40.050  -18.838  37.304 0.0000000000
46894  39.996  -18.874  36.301 0.0000000000
45936  39.306  -19.282  35.956 0.0000000000
46900  39.814  -18.752  35.448 0.0000000000
46908  39.483  -18.530  34.709 0.0000000000
46907  40.253  -18.243  34.880 0.0000000000
49071  40.587  -16.650  33.957 0.0000000000
49072  39.868  -16.499  33.347 0.0000000000
50183  39.683  -15.755  32.882 0.0000000000
50198  39.027  -15.812  32.359 0.0000000000
50217  39.461  -14.914  32.392 0.0000000000
50197  40.136  -15.026  33.012 0.0000000000
52079  41.304  -13.628  33.993 0.0000000000
52080  40.847  -13.773  33.511 0.0000000000
52904  40.871  -12.967  33.586 0.0000000000
52897  41.551  -12.818  34.305 0.0000000000
52060  42.903  -13.851  37.057 0.0000000000
131116  42.703  -12.504  36.097 0.0000000000
53797  41.270  -11.275  34.679 0.0000000000
53771  41.718  -11.087  35.479 0.0000000000
54701  40.982  -10.494  35.022 0.0000000000
54689  41.210  -10.061  35.769 0.0000000000
69892  51.843  6.345  12.028 0.0000000000
112633  49.172  2.442  14.722 0.0000000000
67223  49.337  2.914  14.014 0.0000000000
129273  52.596  4.387  12.799 0.0000000000
113392  51.985  4.938  12.464 0.0000000000
68109  54.237  3.937  14.318 0.0000000000
68954  54.796  4.683  14.783 0.0000000000
68949  54.895  4.660  15.706 0.0000000000
68941  55.544  5.682  16.206 0.0000000000
69844  56.155  5.960  17.772 0.0000000000
69835  56.784  5.537  18.701 0.0000000000
116099  56.075  6.770  10.174 0.0000000000
70782  56.135  6.877  9.542 0.0000000000
127764  57.127  6.494  12.933 0.0000000000
32394  27.059  -34.360  47.024 0.0000000000
30467  11.879  -35.313  45.827 0.0000000000
31457  10.573  -34.948  46.348 0.0000000000
127499  10.877  -35.169  47.046 0.0000000000
57665  43.865  -7.175  32.337 0.0000000000
40012  28.986  -25.844  33.439 0.0000000000
40005  28.897  -24.987  33.872 0.0000000000
40004  29.429  -25.728  34.248 0.0000000000
39065  30.042  -26.719  35.244 0.0000000000
124453  30.797  -26.989  36.980 0.0000000000
34273  21.543  -31.559  36.668 0.0000000000
34274  20.814  -31.915  36.726 0.0000000000
36056  22.290  -30.084  34.592 0.0000000000
35113  22.940  -30.093  35.815 0.0000000000
33384  20.477  -32.541  42.905 0.0000000000
33367  20.526  -32.607  43.953 0.0000000000
114978  21.127  -32.853  44.504 0.0000000000
33351  20.506  -32.691  45.042 0.0000000000
68910  51.374  5.067  19.325 0.0000000000
68848  48.240  5.381  26.271 0.0000000000
68838  48.178  5.516  27.235 0.0000000000
63465  40.563  -2.109  23.773 0.0000000000
63464  41.201  -1.634  24.367 0.0000000000
122195  41.671  -2.061  24.937 0.0000000000
52122  36.752  -13.366  28.252 0.0000000000
119796  37.274  -13.109  28.887 0.0000000000
52112  37.646  -13.289  29.571 0.0000000000
52111  38.082  -13.193  30.173 0.0000000000
52092  38.898  -13.563  31.438 0.0000000000
111777  34.254  -21.924  37.139 0.0000000000
43916  34.703  -21.706  36.233 0.0000000000
43909  35.035  -21.904  37.010 0.0000000000
110568  36.341  -21.948  38.170 0.0000000000
43907  36.572  -21.665  37.502 0.0000000000
67184  49.052  3.090  17.047 0.0000000000
68085  50.554  3.755  17.430 0.0000000000
69888  55.439  6.390  11.833 0.0000000000
118589  28.947  -29.822  40.167 0.0000000000
35959  29.361  -29.842  40.862 0.0000000000
35931  29.376  -29.663  42.276 0.0000000000
121701  29.175  -29.610  42.913 0.0000000000
33325  16.007  -32.778  45.998 0.0000000000
67178  46.832  2.431  18.882 0.0000000000
67166  46.633  2.549  19.734 0.0000000000
67146  45.632  2.324  22.216 0.0000000000
67138  45.691  2.512  22.930 0.0000000000
59661  42.741  -5.434  26.578 0.0000000000
59660  43.455  -5.217  27.214 0.0000000000
59644  44.256  -5.514  28.533 0.0000000000
59643  44.820  -5.156  28.995 0.0000000000
126675  45.640  -5.729  32.065 0.0000000000
30487  5.393  -35.489  44.304 0.0000000000
119676  5.308  -35.586  45.011 0.0000000000
59687  40.245  -5.302  23.801 0.0000000000
58699  40.389  -5.954  24.269 0.0000000000
119998  40.417  -6.415  24.782 0.0000000000
57725  40.585  -7.191  28.451 0.0000000000
43993  28.451  -21.348  31.704 0.0000000000
41954  29.135  -23.505  35.556 0.0000000000
42989  29.342  -22.366  34.902 0.0000000000
42977  29.438  -22.871  35.585 0.0000000000
42968  30.009  -22.712  36.143 0.0000000000
42967  30.756  -22.599  36.656 0.0000000000
42966  31.511  -22.320  36.845 0.0000000000
42958  31.281  -22.798  37.194 0.0000000000
42947  32.330  -22.852  38.029 0.0000000000
117736  31.369  -28.634  42.454 0.0000000000
36910  31.499  -28.585  40.224 0.0000000000
36891  31.655  -28.288  41.745 0.0000000000
132329  32.478  -27.349  42.506 0.0000000000
38930  35.552  -27.180  42.910 0.0000000000
31534  26.232  -34.164  42.519 0.0000000000
31555  25.015  -34.196  41.521 0.0000000000
132384  21.943  -32.522  40.005 0.0000000000
33405  21.121  -32.525  41.100 0.0000000000
33483  16.879  -32.863  36.096 0.0000000000
31591  14.376  -33.918  37.698 0.0000000000
31590  15.128  -33.998  37.675 0.0000000000
31584  15.365  -34.110  38.265 0.0000000000
32522  15.995  -33.760  38.735 0.0000000000
32521  16.530  -33.335  39.673 0.0000000000
118865  16.341  -33.334  40.654 0.0000000000
32489  15.644  -33.789  40.932 0.0000000000
31543  10.688  -33.691  42.305 0.0000000000
32491  9.324  -33.244  41.937 0.0000000000
133478  26.859  -26.150  31.051 0.0000000000
37042  25.158  -27.807  33.139 0.0000000000
112959  25.872  -27.986  32.848 0.0000000000
38160  26.027  -27.745  32.118 0.0000000000
36053  26.877  -28.938  34.849 0.0000000000
36021  27.222  -29.193  36.474 0.0000000000
36968  26.728  -28.922  37.269 0.0000000000
35073  24.561  -30.376  39.361 0.0000000000
35981  25.151  -29.972  39.748 0.0000000000
133148  26.138  -31.720  42.234 0.0000000000
33382  26.262  -32.258  42.519 0.0000000000
31423  8.699  -34.593  48.542 0.0000000000
119700  10.035  -34.774  49.143 0.0000000000
31407  9.691  -34.568  49.916 0.0000000000
69785  54.938  6.234  22.553 0.0000000000
68017  54.823  3.680  23.746 0.0000000000
68007  54.497  4.002  24.409 0.0000000000
68888  48.802  4.467  21.464 0.0000000000
68887  49.412  4.883  21.824 0.0000000000
69733  50.685  6.346  26.924 0.0000000000
69746  50.876  6.411  25.777 0.0000000000
64386  41.685  -0.303  21.792 0.0000000000
65292  42.403  0.573  24.698 0.0000000000
67093  44.738  2.039  27.180 0.0000000000
62572  44.872  -2.935  28.087 0.0000000000
62578  44.396  -2.766  27.367 0.0000000000
117318  45.163  -2.196  28.606 0.0000000000
118906  45.177  -1.185  28.834 0.0000000000
66169  46.239  1.654  29.988 0.0000000000
124143  35.585  -8.801  26.751 0.0000000000
54757  38.256  -10.267  30.685 0.0000000000
55676  38.348  -9.413  31.105 0.0000000000
56679  38.542  -8.706  31.382 0.0000000000
56678  38.942  -8.349  31.982 0.0000000000
55653  39.361  -9.121  33.181 0.0000000000
55652  39.655  -9.054  33.811 0.0000000000
44909  35.092  -20.305  33.523 0.0000000000
45956  35.096  -19.940  32.845 0.0000000000
45955  35.678  -19.712  33.156 0.0000000000
45967  35.430  -19.415  32.485 0.0000000000
46927  35.839  -18.792  32.076 0.0000000000
46938  36.274  -18.121  31.654 0.0000000000
46926  36.588  -18.452  32.347 0.0000000000
46925  37.314  -18.117  32.614 0.0000000000
47902  37.872  -17.796  32.787 0.0000000000
43868  39.875  -21.894  40.880 0.0000000000
111542  40.001  -21.015  40.867 0.0000000000
122901  41.155  -17.733  35.726 0.0000000000
47869  40.928  -17.788  35.069 0.0000000000
47868  41.406  -17.240  35.322 0.0000000000
49053  41.207  -16.381  34.406 0.0000000000
50167  40.980  -15.774  33.979 0.0000000000
117933  40.741  -15.056  33.545 0.0000000000
50181  41.302  -15.016  34.091 0.0000000000
114844  41.760  -14.922  34.558 0.0000000000
51165  42.073  -14.397  34.887 0.0000000000
68117  51.705  3.506  13.470 0.0000000000
68961  52.444  3.767  13.295 0.0000000000
68116  53.096  3.551  13.656 0.0000000000
68110  53.737  3.396  14.705 0.0000000000
68934  53.945  4.399  17.726 0.0000000000
68920  55.500  5.530  18.158 0.0000000000
68974  56.851  4.499  10.018 0.0000000000
69862  57.390  5.933  14.910 0.0000000000
68947  57.638  4.733  15.216 0.0000000000
35028  27.480  -30.619  44.393 0.0000000000
35018  27.783  -30.925  45.098 0.0000000000
34178  28.140  -31.997  46.095 0.0000000000
32406  27.615  -33.103  47.186 0.0000000000
113962  13.641  -34.911  45.021 0.0000000000
31473  14.185  -34.441  45.492 0.0000000000
31474  13.555  -34.875  45.826 0.0000000000
31438  13.958  -34.131  47.355 0.0000000000
112281  12.807  -35.115  46.867 0.0000000000
123100  13.165  -34.775  47.488 0.0000000000
32399  14.153  -33.690  48.192 0.0000000000
32371  14.377  -33.115  49.671 0.0000000000
66275  44.837  1.096  19.749 0.0000000000
66258  44.657  1.174  20.713 0.0000000000
66243  44.493  1.262  21.509 0.0000000000
58654  43.073  -6.742  29.242 0.0000000000
58653  43.763  -6.508  29.532 0.0000000000
58619  44.704  -6.680  32.484 0.0000000000
58618  45.364  -6.081  32.645 0.0000000000
29481  3.879  -36.750  44.989 0.0000000000
28465  3.352  -37.471  46.252 0.0000000000
28450  3.338  -37.457  47.052 0.0000000000
27363  2.304  -38.517  45.817 0.0000000000
28433  3.242  -37.385  48.003 0.0000000000
28423  3.063  -37.301  49.055 0.0000000000
57750  38.577  -7.541  26.183 0.0000000000
120432  38.160  -7.467  26.990 0.0000000000
41988  27.826  -22.885  33.259 0.0000000000
41973  28.510  -23.169  34.474 0.0000000000
40980  29.191  -24.855  34.662 0.0000000000
40961  29.017  -24.168  35.241 0.0000000000
41955  28.773  -23.551  34.994 0.0000000000
40941  29.436  -24.146  36.006 0.0000000000
40925  30.625  -24.359  37.400 0.0000000000
40914  31.195  -24.570  37.996 0.0000000000
34231  24.811  -31.813  40.124 0.0000000000
33441  23.627  -32.224  39.610 0.0000000000
128151  23.004  -32.416  39.617 0.0000000000
33458  22.285  -31.941  38.724 0.0000000000
33443  22.278  -32.290  39.402 0.0000000000
33460  20.865  -32.327  38.904 0.0000000000
114907  13.671  -33.811  38.024 0.0000000000
31586  13.960  -34.308  38.445 0.0000000000
31580  13.558  -34.445  39.141 0.0000000000
131628  13.043  -34.165  39.200 0.0000000000
32523  12.498  -33.643  39.319 0.0000000000
130418  23.769  -28.397  34.147 0.0000000000
37020  24.403  -28.096  34.303 0.0000000000
36986  24.956  -28.406  35.867 0.0000000000
36969  25.439  -28.516  36.472 0.0000000000
36013  24.751  -28.946  37.529 0.0000000000
35096  24.086  -29.561  37.927 0.0000000000
35085  24.273  -29.932  38.721 0.0000000000
34242  24.356  -31.211  39.550 0.0000000000
69825  53.902  5.893  19.770 0.0000000000
69811  53.604  6.175  20.446 0.0000000000
69798  53.436  6.402  21.217 0.0000000000
70710  53.301  6.562  22.086 0.0000000000
70699  53.095  6.637  22.940 0.0000000000
68856  48.689  4.933  24.318 0.0000000000
69762  49.235  5.501  25.159 0.0000000000
69748  49.065  5.714  26.123 0.0000000000
132869  40.834  -0.614  22.511 0.0000000000
64373  41.421  -0.834  24.361 0.0000000000
65273  43.672  0.129  26.654 0.0000000000
62537  46.373  -2.353  30.823 0.0000000000
53862  35.840  -11.016  27.309 0.0000000000
54786  36.072  -10.237  27.812 0.0000000000
113385  36.609  -10.642  28.263 0.0000000000
123203  37.659  -10.874  29.514 0.0000000000
53841  37.934  -11.804  29.666 0.0000000000
53833  38.105  -11.075  30.203 0.0000000000
53828  38.600  -11.181  30.896 0.0000000000
124058  39.051  -11.161  31.656 0.0000000000
43967  32.226  -21.446  32.902 0.0000000000
44925  32.754  -20.988  32.325 0.0000000000
44911  33.077  -21.251  33.123 0.0000000000
129024  33.931  -21.310  34.212 0.0000000000
44903  34.594  -20.862  34.112 0.0000000000
43926  34.698  -21.398  35.430 0.0000000000
43934  35.008  -21.009  34.891 0.0000000000
44902  35.388  -20.543  34.335 0.0000000000
112688  36.128  -20.349  34.610 0.0000000000
44901  36.896  -20.172  34.967 0.0000000000
45938  37.737  -19.926  35.312 0.0000000000
67205  49.782  2.522  15.309 0.0000000000
67195  49.458  2.739  16.120 0.0000000000
130396  52.509  3.000  15.375 0.0000000000
67192  52.219  3.095  15.922 0.0000000000
68935  52.951  4.362  17.786 0.0000000000
70783  55.945  7.293  9.588 0.0000000000
131746  56.909  6.844  13.545 0.0000000000
70760  56.383  7.022  13.217 0.0000000000
116957  56.458  6.977  14.138 0.0000000000
126281  55.908  6.715  14.560 0.0000000000
36019  29.861  -29.328  36.420 0.0000000000
36984  30.443  -28.542  36.572 0.0000000000
36007  30.328  -29.207  37.218 0.0000000000
35994  30.556  -29.519  38.733 0.0000000000
35975  30.982  -29.348  39.605 0.0000000000
35958  30.229  -29.874  40.782 0.0000000000
35945  30.569  -29.585  41.484 0.0000000000
35944  31.196  -29.060  41.591 0.0000000000
126745  31.209  -28.740  43.876 0.0000000000
35027  28.209  -30.222  44.702 0.0000000000
35026  29.026  -29.953  44.997 0.0000000000
35884  29.792  -29.829  45.279 0.0000000000
35007  29.661  -29.966  46.803 0.0000000000
35883  30.205  -29.844  46.009 0.0000000000
34297  20.352  -31.270  34.420 0.0000000000
33369  18.941  -32.339  44.110 0.0000000000
111194  18.161  -32.139  45.364 0.0000000000
33355  16.664  -32.625  44.745 0.0000000000
113695  17.267  -32.306  45.225 0.0000000000
111195  18.352  -31.987  46.433 0.0000000000
33312  16.053  -32.527  46.956 0.0000000000
32397  15.315  -32.994  47.287 0.0000000000
68064  48.507  3.747  19.339 0.0000000000
68040  48.164  4.131  21.677 0.0000000000
68033  47.986  4.157  22.516 0.0000000000
66273  45.973  2.122  20.091 0.0000000000
67156  46.455  2.626  20.601 0.0000000000
68019  47.740  4.134  23.320 0.0000000000
68020  47.535  4.132  24.061 0.0000000000
68010  47.244  4.271  24.736 0.0000000000
68000  46.907  4.324  25.313 0.0000000000
68850  46.869  4.555  26.041 0.0000000000
61686  42.071  -3.978  25.262 0.0000000000
61685  42.529  -3.343  25.665 0.0000000000
61676  43.554  -3.801  26.654 0.0000000000
60661  44.299  -4.192  27.541 0.0000000000
61668  44.584  -3.594  27.730 0.0000000000
61663  44.957  -3.668  28.377 0.0000000000
122547  45.791  -3.287  29.712 0.0000000000
59630  45.132  -5.353  29.736 0.0000000000
59604  45.600  -5.610  31.382 0.0000000000
119150  45.608  -4.796  29.984 0.0000000000
61629  46.161  -3.365  30.466 0.0000000000
123068  46.644  -3.025  31.325 0.0000000000
50277  36.286  -14.908  28.711 0.0000000000
50258  36.564  -15.261  29.425 0.0000000000
50257  37.107  -14.874  29.791 0.0000000000
41873  37.634  -24.006  40.764 0.0000000000
114130  37.879  -23.158  40.496 0.0000000000
41871  39.568  -23.799  40.826 0.0000000000
67207  47.391  2.022  15.095 0.0000000000
116842  48.286  2.662  17.049 0.0000000000
67185  48.449  3.113  17.752 0.0000000000
130033  53.271  6.431  11.089 0.0000000000
70775  52.598  6.365  11.519 0.0000000000
31479  8.103  -34.225  45.488 0.0000000000
113029  7.469  -34.416  46.011 0.0000000000
31460  7.536  -34.496  47.024 0.0000000000
31424  7.857  -34.496  48.836 0.0000000000
112911  8.074  -34.462  49.719 0.0000000000
129968  4.166  -36.585  46.223 0.0000000000
30433  5.358  -35.353  47.805 0.0000000000
133297  5.778  -34.968  48.234 0.0000000000
112607  6.383  -34.620  49.186 0.0000000000
31394  7.509  -34.426  50.436 0.0000000000
62613  39.814  -2.215  22.980 0.0000000000
62602  40.746  -3.104  24.036 0.0000000000
122816  41.250  -3.296  24.487 0.0000000000
61694  41.520  -3.913  24.734 0.0000000000
60683  41.702  -4.645  25.033 0.0000000000
59670  42.325  -5.240  25.928 0.0000000000
59671  41.760  -5.425  25.411 0.0000000000
58665  42.850  -6.482  28.303 0.0000000000
58691  40.665  -6.573  25.419 0.0000000000
57761  40.111  -7.020  25.923 0.0000000000
58682  40.877  -6.759  26.198 0.0000000000
58673  41.740  -6.663  27.119 0.0000000000
111054  42.228  -6.577  27.597 0.0000000000
57696  42.527  -7.353  30.630 0.0000000000
57713  41.572  -7.275  29.529 0.0000000000
57679  42.445  -7.502  31.588 0.0000000000
44964  30.102  -20.738  30.188 0.0000000000
44943  31.092  -21.228  31.551 0.0000000000
43990  31.044  -21.500  32.238 0.0000000000
43994  27.825  -21.537  31.809 0.0000000000
43971  28.273  -21.699  32.443 0.0000000000
43970  28.928  -21.567  32.579 0.0000000000
43940  28.991  -22.107  34.049 0.0000000000
43951  29.479  -21.687  33.387 0.0000000000
117816  29.725  -21.538  32.557 0.0000000000
43969  30.460  -21.597  32.891 0.0000000000
43968  31.379  -21.582  32.824 0.0000000000
43948  32.486  -21.607  33.710 0.0000000000
43928  32.420  -21.752  35.232 0.0000000000
113726  33.063  -21.773  35.862 0.0000000000
42965  32.124  -22.158  37.015 0.0000000000
43911  32.797  -21.933  36.783 0.0000000000
42946  34.799  -22.376  38.535 0.0000000000
110927  35.239  -22.537  39.068 0.0000000000
41887  36.197  -23.491  40.359 0.0000000000
36967  30.703  -28.518  37.357 0.0000000000
38097  30.790  -27.772  37.110 0.0000000000
121393  31.018  -27.058  37.607 0.0000000000
38046  31.594  -27.827  39.614 0.0000000000
115324  31.314  -27.139  38.329 0.0000000000
39008  31.226  -26.223  38.017 0.0000000000
39945  31.485  -25.474  38.464 0.0000000000
39932  31.998  -25.375  39.106 0.0000000000
37971  33.106  -27.491  43.608 0.0000000000
37989  32.963  -27.097  42.887 0.0000000000
38946  33.541  -26.655  42.487 0.0000000000
39931  32.355  -25.221  39.678 0.0000000000
40903  32.306  -24.692  39.147 0.0000000000
40902  32.872  -24.681  39.895 0.0000000000
40901  33.275  -24.000  39.742 0.0000000000
41890  33.777  -23.704  39.813 0.0000000000
39908  35.042  -25.259  41.500 0.0000000000
41889  34.442  -23.624  40.037 0.0000000000
41875  35.771  -24.129  40.670 0.0000000000
41874  36.642  -24.092  40.739 0.0000000000
30457  27.046  -35.832  45.308 0.0000000000
30512  25.978  -35.045  42.875 0.0000000000
32501  24.604  -33.207  40.615 0.0000000000
32484  24.428  -33.779  40.995 0.0000000000
32503  23.038  -33.124  40.650 0.0000000000
32485  23.561  -33.660  41.174 0.0000000000
32466  22.651  -33.643  42.903 0.0000000000
33383  21.308  -32.716  42.616 0.0000000000
33386  18.699  -32.433  42.798 0.0000000000
34283  20.550  -31.572  35.304 0.0000000000
33479  20.198  -31.948  36.040 0.0000000000
111266  20.128  -32.182  36.811 0.0000000000
33480  19.373  -32.286  36.439 0.0000000000
33472  19.631  -32.413  37.449 0.0000000000
33461  19.435  -32.533  38.413 0.0000000000
32545  16.252  -33.267  36.592 0.0000000000
32544  17.060  -33.081  36.852 0.0000000000
32534  17.205  -33.112  37.692 0.0000000000
33474  17.951  -32.889  38.143 0.0000000000
129893  18.619  -32.711  38.684 0.0000000000
33446  19.245  -32.568  39.254 0.0000000000
115905  19.042  -32.537  40.026 0.0000000000
122082  18.765  -32.527  40.758 0.0000000000
124790  17.814  -32.717  40.823 0.0000000000
33408  18.469  -32.538  41.513 0.0000000000
123905  18.310  -32.521  42.199 0.0000000000
33371  16.909  -32.746  43.108 0.0000000000
32450  16.270  -33.029  43.408 0.0000000000
32451  15.630  -33.512  43.365 0.0000000000
31571  13.590  -34.833  40.448 0.0000000000
31559  13.323  -34.951  41.259 0.0000000000
113653  12.987  -35.078  42.000 0.0000000000
31540  13.368  -35.099  42.715 0.0000000000
31516  13.596  -35.039  43.480 0.0000000000
31496  13.658  -34.966  44.246 0.0000000000
30503  12.510  -35.236  44.115 0.0000000000
128069  11.718  -35.044  44.379 0.0000000000
31519  10.625  -34.198  43.545 0.0000000000
31497  10.381  -34.364  44.253 0.0000000000
31498  9.604  -34.154  44.582 0.0000000000
32454  7.947  -33.767  42.883 0.0000000000
31500  7.078  -34.404  44.113 0.0000000000
31501  6.069  -34.990  43.960 0.0000000000
30504  5.302  -35.497  43.411 0.0000000000
131507  4.904  -35.783  43.871 0.0000000000
41998  27.195  -23.184  32.007 0.0000000000
42010  26.837  -23.715  31.123 0.0000000000
41003  27.644  -24.707  31.976 0.0000000000
40025  28.483  -25.906  32.653 0.0000000000
38147  29.068  -27.457  33.487 0.0000000000
37015  29.456  -28.255  34.421 0.0000000000
39103  26.698  -26.658  31.183 0.0000000000
39102  27.090  -27.201  31.668 0.0000000000
37041  26.673  -28.114  32.546 0.0000000000
38159  27.436  -27.837  32.303 0.0000000000
38158  28.070  -27.547  32.480 0.0000000000
37028  28.674  -28.181  33.439 0.0000000000
37016  28.895  -28.645  34.045 0.0000000000
36034  29.427  -29.275  35.607 0.0000000000
118590  28.800  -29.890  38.756 0.0000000000
114226  28.224  -29.704  38.121 0.0000000000
35978  28.434  -29.688  39.537 0.0000000000
122990  28.158  -29.554  40.212 0.0000000000
36023  25.448  -28.612  37.164 0.0000000000
124445  25.984  -28.899  38.493 0.0000000000
35980  26.474  -29.245  39.370 0.0000000000
35963  25.881  -29.623  40.025 0.0000000000
35962  26.674  -29.472  40.335 0.0000000000
35949  26.841  -29.632  41.184 0.0000000000
35050  26.992  -29.823  41.979 0.0000000000
35041  27.078  -30.019  42.758 0.0000000000
34200  26.948  -31.022  44.148 0.0000000000
33349  26.919  -32.608  44.649 0.0000000000
33365  26.491  -32.058  43.322 0.0000000000
123163  27.133  -33.984  45.386 0.0000000000
130624  19.845  -32.482  45.053 0.0000000000
31441  9.655  -34.789  47.171 0.0000000000
31440  10.353  -34.978  47.523 0.0000000000
116520  11.114  -35.171  47.814 0.0000000000
124110  10.775  -34.847  49.109 0.0000000000
31420  11.437  -34.960  48.674 0.0000000000
32372  13.628  -33.529  49.795 0.0000000000
68912  49.675  4.498  19.807 0.0000000000
69788  51.487  6.072  22.379 0.0000000000
70700  52.145  6.473  22.985 0.0000000000
70682  52.871  6.634  23.730 0.0000000000
68863  49.206  5.081  23.737 0.0000000000
69774  49.991  5.532  23.932 0.0000000000
69760  51.424  6.459  24.983 0.0000000000
70670  51.851  6.551  24.448 0.0000000000
70669  52.679  6.568  24.487 0.0000000000
70668  53.569  6.318  24.405 0.0000000000
69758  53.936  5.659  24.879 0.0000000000
65310  43.914  0.920  21.850 0.0000000000
66232  43.864  1.175  22.661 0.0000000000
125178  41.977  0.024  22.473 0.0000000000
65312  42.507  0.464  22.837 0.0000000000
65300  42.400  0.580  23.844 0.0000000000
66217  44.599  2.004  23.580 0.0000000000
67107  44.528  2.601  25.540 0.0000000000
131810  42.776  -2.629  25.932 0.0000000000
118858  43.843  -2.108  26.871 0.0000000000
63454  43.294  -1.491  26.379 0.0000000000
64349  43.946  -0.508  26.941 0.0000000000
116783  46.121  0.036  30.485 0.0000000000
65266  44.652  -0.010  27.851 0.0000000000
130618  44.523  0.544  27.485 0.0000000000
66188  44.585  1.224  27.356 0.0000000000
67092  45.252  2.458  27.789 0.0000000000
67074  46.032  2.166  29.423 0.0000000000
67979  45.696  2.855  28.303 0.0000000000
67978  46.106  3.484  28.337 0.0000000000
68824  46.713  4.193  28.428 0.0000000000
57751  37.635  -7.651  26.546 0.0000000000
57739  38.345  -7.453  27.810 0.0000000000
55723  36.200  -9.207  27.970 0.0000000000
56714  36.670  -8.509  28.307 0.0000000000
55693  37.595  -9.340  29.840 0.0000000000
55714  37.079  -8.584  29.036 0.0000000000
56713  37.371  -7.928  28.435 0.0000000000
57727  38.211  -7.645  28.845 0.0000000000
120010  38.850  -7.503  29.182 0.0000000000
57715  39.045  -7.550  29.850 0.0000000000
57698  40.147  -7.515  30.785 0.0000000000
57681  40.365  -7.584  31.603 0.0000000000
57658  41.609  -7.562  33.736 0.0000000000
45984  32.876  -20.067  31.102 0.0000000000
49132  35.933  -16.808  30.032 0.0000000000
47934  35.898  -17.806  30.996 0.0000000000
47944  36.168  -17.205  30.610 0.0000000000
49130  37.299  -15.925  30.720 0.0000000000
50237  37.546  -15.118  30.525 0.0000000000
42931  37.308  -22.675  40.090 0.0000000000
43884  37.599  -21.968  39.534 0.0000000000
43896  37.590  -21.519  38.769 0.0000000000
44849  39.041  -21.335  40.272 0.0000000000
43883  38.213  -21.248  39.179 0.0000000000
44882  37.804  -20.930  37.460 0.0000000000
44887  37.557  -20.775  36.653 0.0000000000
44893  38.027  -20.207  36.119 0.0000000000
45937  38.536  -19.605  35.635 0.0000000000
45908  39.803  -19.568  39.467 0.0000000000
116605  40.314  -18.504  38.273 0.0000000000
45923  39.864  -19.009  38.147 0.0000000000
45924  39.492  -19.420  37.692 0.0000000000
45945  38.270  -19.304  34.869 0.0000000000
46909  38.742  -18.714  34.480 0.0000000000
46915  38.534  -18.284  33.809 0.0000000000
47901  38.392  -17.750  33.186 0.0000000000
47899  39.895  -17.253  33.778 0.0000000000
123798  39.405  -17.013  33.301 0.0000000000
49091  38.621  -16.553  32.436 0.0000000000
49111  38.452  -16.009  31.928 0.0000000000
50236  38.109  -14.930  31.091 0.0000000000
51192  38.514  -14.297  31.253 0.0000000000
51191  39.066  -14.251  31.870 0.0000000000
52091  39.393  -13.492  32.023 0.0000000000
51173  40.544  -14.344  33.245 0.0000000000
52087  39.902  -13.494  32.553 0.0000000000
52911  39.725  -12.731  32.315 0.0000000000
53820  40.042  -11.863  32.801 0.0000000000
133359  40.466  -11.541  33.514 0.0000000000
51157  42.701  -14.609  36.625 0.0000000000
52072  42.402  -13.709  35.314 0.0000000000
118670  42.890  -12.943  36.634 0.0000000000
121993  42.650  -12.959  35.764 0.0000000000
52896  42.155  -12.851  35.035 0.0000000000
52889  41.792  -11.979  34.801 0.0000000000
122368  41.048  -11.949  34.033 0.0000000000
54716  39.961  -9.919  34.042 0.0000000000
54702  40.381  -9.869  34.735 0.0000000000
55641  39.998  -9.059  34.493 0.0000000000
55627  40.923  -9.091  35.820 0.0000000000
56645  40.420  -8.410  34.774 0.0000000000
68967  54.336  4.875  12.962 0.0000000000
68115  53.848  4.064  13.502 0.0000000000
69857  55.834  6.402  15.330 0.0000000000
68104  52.990  3.180  15.797 0.0000000000
68103  53.749  3.368  15.517 0.0000000000
68092  54.411  3.866  16.061 0.0000000000
68081  54.235  4.057  16.923 0.0000000000
120099  56.208  6.374  16.084 0.0000000000
69850  56.631  6.253  16.615 0.0000000000
123858  56.586  5.830  18.100 0.0000000000
69834  57.039  5.561  17.934 0.0000000000
30448  12.153  -35.326  46.649 0.0000000000
30484  13.099  -35.262  44.606 0.0000000000
30514  12.849  -35.194  43.376 0.0000000000
31408  6.787  -34.487  49.796 0.0000000000
31442  8.999  -34.642  47.685 0.0000000000
31444  6.662  -34.663  47.314 0.0000000000
31458  9.711  -34.696  46.318 0.0000000000
31459  8.943  -34.574  46.765 0.0000000000
31475  10.986  -34.980  45.610 0.0000000000
31477  9.573  -34.450  45.421 0.0000000000
34172  28.194  -31.897  46.924 0.0000000000
34218  26.029  -31.152  41.892 0.0000000000
35016  29.473  -30.336  45.790 0.0000000000
35017  28.614  -30.630  45.429 0.0000000000
35034  27.139  -30.368  43.586 0.0000000000
35106  22.572  -30.568  36.146 0.0000000000
35853  30.070  -29.836  47.235 0.0000000000
35897  31.182  -28.956  44.621 0.0000000000
35915  29.541  -29.533  43.542 0.0000000000
35916  28.631  -29.676  43.386 0.0000000000
35930  30.299  -29.384  42.969 0.0000000000
35957  31.017  -29.403  40.668 0.0000000000
35960  28.431  -29.626  40.867 0.0000000000
35976  30.233  -29.878  39.407 0.0000000000
36011  26.734  -28.939  38.014 0.0000000000
36050  29.177  -29.002  34.769 0.0000000000
36847  32.379  -27.883  43.933 0.0000000000
36985  30.021  -28.828  35.914 0.0000000000
37027  29.172  -28.040  33.853 0.0000000000
37040  28.087  -28.167  32.889 0.0000000000
37988  33.457  -27.151  43.060 0.0000000000
38126  30.212  -27.536  35.533 0.0000000000
38127  29.844  -27.526  34.810 0.0000000000
38161  25.216  -27.670  32.460 0.0000000000
38916  35.895  -27.405  43.729 0.0000000000
38931  34.705  -26.990  42.976 0.0000000000
38947  32.775  -26.829  42.155 0.0000000000
38959  32.017  -27.084  40.850 0.0000000000
39033  30.864  -26.245  37.332 0.0000000000
39064  30.368  -26.800  35.867 0.0000000000
39091  28.351  -26.873  32.486 0.0000000000
39115  26.318  -26.136  30.679 0.0000000000
39116  25.459  -26.517  30.549 0.0000000000
39921  32.597  -25.509  40.301 0.0000000000
40877  34.546  -24.825  40.995 0.0000000000
40891  34.868  -24.168  40.574 0.0000000000
40940  29.936  -24.083  36.829 0.0000000000
40981  28.592  -24.063  34.411 0.0000000000
41016  27.174  -24.671  31.288 0.0000000000
41872  38.524  -24.168  40.785 0.0000000000
41888  35.315  -23.517  40.186 0.0000000000
41906  32.686  -23.958  39.112 0.0000000000
41922  31.587  -24.011  38.172 0.0000000000
42907  38.395  -23.556  40.671 0.0000000000
42918  36.610  -22.932  40.060 0.0000000000
42955  34.760  -22.083  37.826 0.0000000000
42956  33.924  -22.098  37.818 0.0000000000
42975  31.213  -22.071  36.278 0.0000000000
42976  30.551  -22.119  35.780 0.0000000000
43870  38.817  -22.010  40.486 0.0000000000
43908  35.760  -21.913  37.434 0.0000000000
43938  30.985  -21.717  34.118 0.0000000000
43947  33.288  -21.476  33.932 0.0000000000
43972  27.949  -21.895  32.384 0.0000000000
44848  39.585  -20.721  40.366 0.0000000000
44873  38.033  -21.048  38.313 0.0000000000
44880  39.094  -19.947  38.162 0.0000000000
44941  33.239  -20.399  31.819 0.0000000000
45917  39.573  -19.450  38.560 0.0000000000
45969  34.032  -20.094  32.068 0.0000000000
46914  39.139  -18.248  34.161 0.0000000000
47837  41.184  -17.347  37.611 0.0000000000
47885  40.461  -17.545  34.401 0.0000000000
47886  39.755  -17.953  34.237 0.0000000000
47915  38.834  -17.116  32.993 0.0000000000
49052  41.586  -16.566  34.948 0.0000000000
50166  41.599  -15.707  34.596 0.0000000000
51166  41.595  -14.312  34.276 0.0000000000
51180  40.017  -14.252  32.736 0.0000000000
52086  40.429  -13.604  33.066 0.0000000000
52878  42.725  -12.066  36.503 0.0000000000
55628  40.447  -9.088  35.125 0.0000000000
55703  37.170  -9.222  29.276 0.0000000000
56635  40.738  -8.550  35.359 0.0000000000
56703  37.511  -8.706  29.631 0.0000000000
60682  42.223  -4.706  25.539 0.0000000000
64323  45.495  -0.790  29.438 0.0000000000
110655  33.216  -22.444  38.157 0.0000000000
110662  28.052  -29.636  36.689 0.0000000000
110789  37.205  -21.500  38.008 0.0000000000
112459  8.841  -34.495  49.887 0.0000000000
113659  29.785  -25.888  34.996 0.0000000000
116608  5.857  -34.830  48.958 0.0000000000
117491  29.758  -29.935  38.669 0.0000000000
118035  9.216  -34.628  49.194 0.0000000000
118091  34.108  -22.392  38.387 0.0000000000
118225  31.581  -27.076  39.088 0.0000000000
118282  28.608  -25.183  33.181 0.0000000000
118461  27.397  -26.260  31.501 0.0000000000
119832  26.139  -28.506  35.234 0.0000000000
120524  38.802  -12.966  31.081 0.0000000000
120880  38.614  -22.840  40.607 0.0000000000
123501  26.858  -22.682  31.417 0.0000000000
127913  42.294  -15.476  35.636 0.0000000000
128257  27.162  -29.226  39.034 0.0000000000
128599  11.003  -34.800  44.722 0.0000000000
130573  46.508  -1.560  31.089 0.0000000000
130793  7.646  -34.099  43.921 0.0000000000
130800  22.430  -29.678  34.193 0.0000000000
133112  12.092  -34.919  48.554 0.0000000000
