#!ascii label  , from subject sub-v2s7x29667_ses-1 vox2ras=TkReg
1611
36731  7.311  -35.881  43.691 0.0000000000
65746  40.737  -5.392  29.261 0.0000000000
46219  26.917  -26.298  37.920 0.0000000000
136043  35.750  -23.749  42.733 0.0000000000
45412  19.634  -27.660  38.364 0.0000000000
40765  16.075  -32.294  49.081 0.0000000000
70348  51.851  -0.675  24.340 0.0000000000
133517  50.236  -5.292  33.493 0.0000000000
57736  35.811  -14.465  34.597 0.0000000000
75192  56.106  4.207  18.006 0.0000000000
133165  26.857  -29.857  44.089 0.0000000000
39722  10.872  -33.660  46.665 0.0000000000
146861  51.256  -2.767  28.445 0.0000000000
68462  46.070  -2.806  27.092 0.0000000000
63065  40.408  -8.506  32.624 0.0000000000
64821  43.837  -6.308  33.703 0.0000000000
62196  37.484  -9.502  31.338 0.0000000000
51783  31.623  -20.600  35.406 0.0000000000
47868  31.277  -24.653  39.969 0.0000000000
133679  22.321  -27.355  45.070 0.0000000000
42601  20.531  -30.188  49.908 0.0000000000
136801  17.843  -30.703  43.782 0.0000000000
40885  13.812  -32.874  41.109 0.0000000000
47037  22.973  -25.428  38.346 0.0000000000
148199  57.360  -0.701  25.062 0.0000000000
67563  57.375  -3.248  29.326 0.0000000000
66600  44.684  -4.655  31.403 0.0000000000
61288  36.684  -10.197  37.379 0.0000000000
53770  35.999  -18.631  38.271 0.0000000000
71410  54.060  0.239  20.865 0.0000000000
71420  59.672  1.704  21.378 0.0000000000
75190  61.698  4.835  18.656 0.0000000000
43527  26.596  -29.386  46.789 0.0000000000
38711  8.918  -34.892  44.177 0.0000000000
38647  8.745  -33.244  48.914 0.0000000000
37648  7.395  -35.016  47.526 0.0000000000
69407  46.966  -1.794  26.014 0.0000000000
62138  40.099  -9.034  34.782 0.0000000000
63026  41.604  -8.196  35.594 0.0000000000
32673  2.867  -40.568  44.778 0.0000000000
63102  37.508  -8.629  29.495 0.0000000000
47922  27.142  -24.159  35.873 0.0000000000
48833  29.276  -23.235  36.749 0.0000000000
46187  29.471  -26.350  39.281 0.0000000000
133678  20.702  -27.224  41.772 0.0000000000
44484  20.106  -28.920  44.494 0.0000000000
141563  18.834  -29.439  40.694 0.0000000000
47040  20.975  -25.777  38.583 0.0000000000
46166  21.793  -26.441  41.379 0.0000000000
41709  18.581  -31.205  49.436 0.0000000000
69419  54.486  -0.934  24.760 0.0000000000
149282  57.432  -1.755  27.401 0.0000000000
69364  54.317  -1.855  27.200 0.0000000000
66617  50.922  -4.062  30.588 0.0000000000
66614  53.594  -4.156  31.141 0.0000000000
155980  41.253  -3.282  28.206 0.0000000000
67576  43.135  -3.227  28.441 0.0000000000
65737  42.773  -4.522  30.399 0.0000000000
60456  34.127  -11.511  32.667 0.0000000000
149098  35.286  -10.294  34.011 0.0000000000
59515  36.118  -12.449  36.192 0.0000000000
149755  33.628  -21.889  39.073 0.0000000000
51768  34.206  -20.051  36.945 0.0000000000
50680  36.511  -21.414  41.095 0.0000000000
70380  50.454  0.089  22.867 0.0000000000
71428  51.819  1.132  20.773 0.0000000000
70378  52.554  -0.223  22.643 0.0000000000
153581  55.378  -0.832  22.602 0.0000000000
77830  60.290  8.300  18.462 0.0000000000
144900  59.060  4.965  17.915 0.0000000000
74237  60.936  4.365  20.796 0.0000000000
73365  57.792  2.251  18.076 0.0000000000
148767  26.581  -28.670  41.040 0.0000000000
44516  29.169  -28.903  40.995 0.0000000000
41793  29.010  -31.503  43.763 0.0000000000
39704  13.288  -33.155  47.619 0.0000000000
139917  14.716  -32.302  52.080 0.0000000000
40770  11.862  -32.663  50.038 0.0000000000
131000  49.396  -0.519  24.224 0.0000000000
69381  51.351  -1.558  26.258 0.0000000000
69384  48.735  -1.523  26.034 0.0000000000
68442  48.250  -2.817  28.103 0.0000000000
146710  48.264  -4.101  30.042 0.0000000000
64841  41.122  -7.009  30.978 0.0000000000
64839  42.498  -6.187  31.772 0.0000000000
63941  41.854  -7.828  33.390 0.0000000000
149058  34.339  -15.673  32.683 0.0000000000
152473  37.346  -22.107  44.628 0.0000000000
35721  5.710  -37.569  42.706 0.0000000000
35689  5.976  -37.157  46.148 0.0000000000
33661  4.236  -39.167  45.379 0.0000000000
64877  39.278  -6.336  28.521 0.0000000000
63100  39.055  -7.963  30.060 0.0000000000
62194  38.924  -9.004  31.936 0.0000000000
144543  38.343  -9.843  35.259 0.0000000000
50766  29.392  -21.325  34.735 0.0000000000
49767  31.362  -22.267  37.636 0.0000000000
48781  32.959  -23.605  41.451 0.0000000000
44513  31.487  -28.335  41.990 0.0000000000
46996  32.702  -26.110  43.502 0.0000000000
44442  24.290  -28.424  47.803 0.0000000000
43483  23.615  -29.439  50.386 0.0000000000
44444  21.705  -28.450  47.561 0.0000000000
135280  19.415  -30.377  47.494 0.0000000000
40826  16.790  -31.785  46.233 0.0000000000
129203  17.035  -30.445  40.007 0.0000000000
41812  15.666  -31.704  42.463 0.0000000000
40843  14.789  -32.771  45.215 0.0000000000
39764  12.515  -33.798  43.837 0.0000000000
38721  10.322  -34.552  42.383 0.0000000000
37721  8.123  -35.260  41.997 0.0000000000
47925  24.913  -24.852  34.951 0.0000000000
133417  23.249  -24.062  35.739 0.0000000000
46207  24.779  -26.318  38.048 0.0000000000
45381  24.157  -27.375  40.607 0.0000000000
44482  24.522  -28.270  44.494 0.0000000000
138690  58.401  -4.576  27.828 0.0000000000
67566  54.025  -3.001  29.148 0.0000000000
148741  43.884  -2.913  26.776 0.0000000000
67552  45.107  -3.601  29.140 0.0000000000
65723  47.946  -5.533  31.822 0.0000000000
65715  44.649  -5.290  32.617 0.0000000000
129732  46.788  -5.256  34.321 0.0000000000
132551  35.030  -9.770  31.505 0.0000000000
149303  36.192  -9.763  34.601 0.0000000000
62113  37.452  -9.592  37.131 0.0000000000
53849  34.195  -18.042  34.960 0.0000000000
55817  36.394  -16.079  36.690 0.0000000000
53723  36.949  -19.039  42.792 0.0000000000
55775  37.058  -16.720  40.218 0.0000000000
57693  36.978  -14.647  38.168 0.0000000000
133393  38.004  -12.780  40.073 0.0000000000
61241  37.834  -9.969  41.516 0.0000000000
72445  55.331  1.680  18.809 0.0000000000
71422  57.099  0.202  20.239 0.0000000000
70373  58.707  0.151  23.404 0.0000000000
42610  28.357  -30.744  48.850 0.0000000000
37686  7.800  -35.507  44.145 0.0000000000
37670  8.327  -34.994  45.519 0.0000000000
37672  7.194  -35.849  45.625 0.0000000000
62098  39.875  -8.739  37.051 0.0000000000
63007  40.725  -8.211  36.760 0.0000000000
31710  2.152  -41.594  42.225 0.0000000000
47061  27.047  -25.315  36.885 0.0000000000
47891  27.857  -25.046  37.208 0.0000000000
46203  28.090  -26.342  38.542 0.0000000000
45397  19.859  -27.562  39.583 0.0000000000
136453  19.683  -28.515  41.031 0.0000000000
129886  19.502  -28.303  39.725 0.0000000000
47053  20.442  -25.900  37.253 0.0000000000
46211  20.054  -26.894  38.418 0.0000000000
46194  20.834  -26.326  39.697 0.0000000000
41710  17.386  -31.723  49.270 0.0000000000
41701  16.575  -31.932  50.737 0.0000000000
140086  53.132  -0.924  24.993 0.0000000000
69400  53.858  -1.053  25.347 0.0000000000
69401  53.059  -1.190  25.734 0.0000000000
66578  50.586  -4.633  31.900 0.0000000000
66576  52.452  -4.693  32.374 0.0000000000
66645  41.003  -4.580  29.056 0.0000000000
67555  42.255  -3.705  29.174 0.0000000000
65738  41.998  -5.247  30.301 0.0000000000
57744  35.115  -14.202  33.286 0.0000000000
59527  35.287  -12.753  33.944 0.0000000000
139753  35.359  -12.042  34.587 0.0000000000
148436  35.922  -12.931  35.476 0.0000000000
49716  35.048  -23.091  41.193 0.0000000000
50695  35.676  -21.838  39.870 0.0000000000
49715  36.483  -22.556  41.901 0.0000000000
70366  50.692  -0.320  23.573 0.0000000000
132641  52.006  -0.284  23.087 0.0000000000
149995  52.160  -0.500  23.727 0.0000000000
69436  53.480  -0.658  23.584 0.0000000000
141789  57.964  6.155  17.691 0.0000000000
75199  57.746  4.516  17.549 0.0000000000
74260  58.663  3.517  17.969 0.0000000000
74262  57.118  3.327  17.698 0.0000000000
134551  26.639  -29.692  42.701 0.0000000000
43589  27.457  -29.887  42.354 0.0000000000
42671  27.870  -30.605  43.565 0.0000000000
154448  12.071  -33.476  46.731 0.0000000000
39678  12.179  -32.836  49.138 0.0000000000
39693  11.638  -32.977  48.541 0.0000000000
39682  8.303  -32.907  50.019 0.0000000000
39668  9.105  -32.613  50.838 0.0000000000
70352  48.181  -0.390  24.383 0.0000000000
135051  49.317  -1.250  25.622 0.0000000000
70339  47.967  -0.811  25.009 0.0000000000
68477  46.516  -2.343  26.526 0.0000000000
68476  47.404  -2.159  26.660 0.0000000000
67591  47.364  -2.971  27.998 0.0000000000
67551  48.301  -3.660  29.418 0.0000000000
135921  46.982  -3.375  28.545 0.0000000000
63965  40.689  -7.672  31.381 0.0000000000
63964  41.379  -7.337  31.743 0.0000000000
63064  41.118  -8.172  32.999 0.0000000000
70368  48.784  -0.155  23.855 0.0000000000
34722  4.862  -38.817  43.719 0.0000000000
33675  4.343  -39.422  43.204 0.0000000000
64878  38.551  -6.799  28.159 0.0000000000
63990  39.428  -7.385  29.627 0.0000000000
64001  38.328  -7.539  28.649 0.0000000000
62213  37.348  -9.253  30.522 0.0000000000
62212  38.077  -8.998  30.838 0.0000000000
62180  38.274  -9.499  32.402 0.0000000000
62161  39.149  -9.412  33.727 0.0000000000
62162  38.189  -9.762  33.412 0.0000000000
50767  28.530  -21.662  34.571 0.0000000000
47880  30.358  -24.336  38.664 0.0000000000
49769  29.945  -22.884  37.059 0.0000000000
48799  31.052  -23.928  39.217 0.0000000000
48797  32.259  -23.101  39.926 0.0000000000
47867  31.834  -24.206  40.409 0.0000000000
42679  30.562  -30.655  42.658 0.0000000000
44514  30.855  -28.524  41.400 0.0000000000
43585  31.183  -29.969  42.710 0.0000000000
45328  32.680  -27.858  44.243 0.0000000000
46990  33.734  -25.588  44.834 0.0000000000
45303  23.093  -27.656  46.326 0.0000000000
44443  22.426  -28.093  47.520 0.0000000000
45305  21.920  -27.779  46.176 0.0000000000
43576  18.837  -30.067  43.614 0.0000000000
43546  19.777  -29.645  45.614 0.0000000000
42649  18.570  -30.612  45.280 0.0000000000
42636  18.213  -31.013  46.461 0.0000000000
41783  17.533  -31.129  45.003 0.0000000000
43640  17.542  -29.934  38.974 0.0000000000
153181  14.294  -32.347  40.208 0.0000000000
41826  15.003  -32.112  41.155 0.0000000000
40884  14.449  -32.553  41.593 0.0000000000
40855  15.267  -32.232  43.769 0.0000000000
40857  14.204  -32.961  43.315 0.0000000000
39751  13.356  -33.447  44.622 0.0000000000
39774  13.344  -33.372  42.421 0.0000000000
38735  8.805  -34.940  42.170 0.0000000000
47959  24.857  -23.875  33.865 0.0000000000
48860  24.083  -23.723  34.015 0.0000000000
47892  21.955  -24.572  37.402 0.0000000000
47066  22.803  -24.701  37.234 0.0000000000
47048  24.066  -25.459  37.165 0.0000000000
46223  23.963  -25.774  37.984 0.0000000000
145491  24.691  -27.241  39.721 0.0000000000
45396  23.817  -26.758  39.876 0.0000000000
45343  22.096  -26.877  43.301 0.0000000000
45342  23.278  -27.429  43.484 0.0000000000
45330  23.016  -27.340  44.436 0.0000000000
138918  24.320  -28.157  46.224 0.0000000000
43472  22.228  -29.707  50.796 0.0000000000
135795  4.360  -37.556  48.076 0.0000000000
36698  5.650  -36.647  47.788 0.0000000000
70328  58.683  -0.669  26.352 0.0000000000
68433  57.657  -2.784  28.586 0.0000000000
67590  58.393  -3.181  28.294 0.0000000000
67562  58.183  -3.684  29.013 0.0000000000
66635  57.938  -4.944  29.939 0.0000000000
138437  51.310  -2.354  27.743 0.0000000000
146889  52.880  -2.331  27.821 0.0000000000
155911  52.591  -3.027  29.069 0.0000000000
66593  55.982  -4.846  32.109 0.0000000000
66643  43.774  -3.793  29.965 0.0000000000
67553  44.208  -3.514  29.297 0.0000000000
66622  44.969  -4.323  30.619 0.0000000000
66620  47.015  -4.749  30.293 0.0000000000
65725  45.979  -5.353  31.860 0.0000000000
64828  43.561  -6.027  32.885 0.0000000000
65717  43.257  -5.776  32.118 0.0000000000
65699  44.326  -5.695  33.177 0.0000000000
62199  34.316  -9.793  31.612 0.0000000000
61304  35.874  -10.083  35.160 0.0000000000
62143  35.776  -9.788  34.107 0.0000000000
62128  36.425  -9.970  35.442 0.0000000000
62127  36.938  -9.944  35.745 0.0000000000
156099  37.099  -9.645  37.263 0.0000000000
51815  31.018  -20.059  34.020 0.0000000000
51797  32.051  -20.073  34.980 0.0000000000
52760  35.640  -19.328  37.941 0.0000000000
52797  34.176  -19.014  35.982 0.0000000000
53803  35.562  -18.173  36.764 0.0000000000
131943  35.665  -17.123  35.846 0.0000000000
54802  36.010  -17.626  37.337 0.0000000000
52670  37.141  -20.035  43.774 0.0000000000
56728  37.931  -15.518  41.342 0.0000000000
55774  37.312  -15.920  39.835 0.0000000000
153867  38.060  -14.107  40.202 0.0000000000
58580  37.574  -13.563  39.069 0.0000000000
58551  38.469  -13.440  41.189 0.0000000000
71427  52.639  0.974  20.545 0.0000000000
71438  54.273  1.021  19.652 0.0000000000
71436  55.828  0.732  19.507 0.0000000000
71424  55.325  0.370  20.094 0.0000000000
69433  56.644  -0.961  23.916 0.0000000000
70375  57.083  -0.833  22.386 0.0000000000
69432  57.555  -0.685  24.183 0.0000000000
71378  59.732  0.612  24.612 0.0000000000
76953  61.048  6.958  19.247 0.0000000000
73349  60.413  2.914  21.131 0.0000000000
72412  60.989  2.280  21.838 0.0000000000
72405  60.406  1.600  22.534 0.0000000000
43543  26.728  -29.502  45.847 0.0000000000
136590  28.053  -30.537  45.299 0.0000000000
42634  27.882  -30.116  47.196 0.0000000000
137409  9.801  -34.417  45.066 0.0000000000
38656  9.912  -33.379  47.745 0.0000000000
38669  8.946  -34.209  46.537 0.0000000000
130280  7.748  -34.365  47.872 0.0000000000
38641  6.715  -34.135  49.810 0.0000000000
69408  45.642  -1.532  25.282 0.0000000000
68478  45.640  -2.498  26.395 0.0000000000
63052  40.573  -8.662  33.480 0.0000000000
63051  41.322  -8.338  33.861 0.0000000000
63027  40.682  -8.652  35.309 0.0000000000
62986  41.346  -7.734  37.269 0.0000000000
33676  3.767  -39.990  42.778 0.0000000000
32686  3.200  -40.626  42.342 0.0000000000
135501  2.127  -41.664  43.975 0.0000000000
64002  37.605  -7.934  28.503 0.0000000000
62228  36.527  -9.337  30.116 0.0000000000
49793  28.516  -22.404  35.309 0.0000000000
48835  27.850  -23.874  36.222 0.0000000000
47889  29.336  -24.332  37.723 0.0000000000
47024  30.124  -25.593  39.271 0.0000000000
45355  21.067  -27.134  42.928 0.0000000000
45332  21.038  -27.679  44.503 0.0000000000
44505  20.491  -27.864  43.101 0.0000000000
43591  19.329  -29.409  42.375 0.0000000000
150701  18.297  -30.199  42.385 0.0000000000
39789  12.535  -33.617  41.150 0.0000000000
140364  11.996  -33.342  39.557 0.0000000000
47052  20.816  -25.141  36.918 0.0000000000
47039  21.440  -25.496  38.599 0.0000000000
46192  22.020  -25.864  40.019 0.0000000000
46193  21.407  -26.030  39.926 0.0000000000
46167  21.216  -26.689  41.360 0.0000000000
42595  19.894  -30.686  50.510 0.0000000000
69418  55.339  -0.971  24.869 0.0000000000
69377  56.663  -1.165  26.268 0.0000000000
69378  55.763  -1.394  26.384 0.0000000000
69363  55.704  -1.737  27.080 0.0000000000
68435  55.431  -2.613  28.509 0.0000000000
67537  51.433  -3.803  30.223 0.0000000000
67535  53.080  -3.774  30.339 0.0000000000
66615  52.579  -4.113  30.941 0.0000000000
65706  53.910  -5.234  33.470 0.0000000000
67595  42.522  -3.085  27.973 0.0000000000
67577  42.340  -3.324  28.574 0.0000000000
152663  42.931  -3.861  29.784 0.0000000000
66624  43.521  -4.254  30.539 0.0000000000
64815  44.806  -6.053  35.176 0.0000000000
60457  33.846  -10.781  32.313 0.0000000000
61326  34.402  -10.400  32.604 0.0000000000
60447  34.642  -11.159  33.384 0.0000000000
60441  35.329  -11.198  34.717 0.0000000000
60425  36.210  -11.436  36.738 0.0000000000
50724  32.526  -21.402  37.501 0.0000000000
51769  33.424  -20.328  36.639 0.0000000000
50722  34.194  -21.015  37.976 0.0000000000
51735  35.430  -20.753  38.619 0.0000000000
52730  36.201  -19.747  39.388 0.0000000000
71415  49.791  1.233  21.661 0.0000000000
72415  50.708  1.889  20.831 0.0000000000
71414  50.592  1.013  21.405 0.0000000000
71412  52.293  0.516  21.342 0.0000000000
70389  53.697  -0.116  21.663 0.0000000000
70388  54.542  -0.214  21.406 0.0000000000
130154  54.271  -0.514  22.160 0.0000000000
70363  54.995  -0.880  23.329 0.0000000000
77845  58.611  7.414  17.931 0.0000000000
76962  59.710  6.683  18.432 0.0000000000
76057  60.436  5.576  19.447 0.0000000000
75183  61.693  4.856  19.974 0.0000000000
75191  59.937  4.596  19.194 0.0000000000
72440  59.268  2.656  19.041 0.0000000000
72426  59.123  1.910  19.537 0.0000000000
45378  27.065  -27.872  39.947 0.0000000000
45376  28.488  -27.733  39.978 0.0000000000
44517  28.239  -28.880  41.013 0.0000000000
42681  28.799  -30.646  42.463 0.0000000000
41792  29.702  -31.679  43.512 0.0000000000
40779  14.607  -32.732  48.607 0.0000000000
40755  15.143  -32.300  50.326 0.0000000000
40768  13.651  -32.597  49.785 0.0000000000
138862  12.922  -32.426  51.544 0.0000000000
39680  10.356  -32.795  49.376 0.0000000000
40749  10.607  -32.678  52.355 0.0000000000
70350  50.148  -0.600  24.228 0.0000000000
69402  51.634  -1.199  25.609 0.0000000000
69404  50.058  -1.294  25.675 0.0000000000
69382  50.029  -1.667  26.383 0.0000000000
68458  49.768  -2.360  27.586 0.0000000000
69385  47.831  -1.652  26.105 0.0000000000
68459  48.763  -2.363  27.469 0.0000000000
68440  49.926  -2.826  28.379 0.0000000000
66637  49.799  -3.728  29.863 0.0000000000
66618  49.528  -4.159  30.513 0.0000000000
66579  49.801  -4.710  31.726 0.0000000000
64850  40.804  -6.636  30.261 0.0000000000
64849  41.541  -6.232  30.613 0.0000000000
64840  41.797  -6.612  31.372 0.0000000000
64830  42.029  -6.906  32.161 0.0000000000
63940  42.661  -7.465  33.777 0.0000000000
63042  42.121  -7.949  34.291 0.0000000000
63931  43.143  -7.498  34.826 0.0000000000
56796  35.531  -15.202  34.149 0.0000000000
49703  36.727  -22.792  42.808 0.0000000000
72407  49.032  1.493  21.888 0.0000000000
71401  49.425  0.763  22.315 0.0000000000
70367  49.776  -0.158  23.500 0.0000000000
76957  55.800  6.124  18.789 0.0000000000
76064  55.292  5.424  19.190 0.0000000000
35720  6.268  -36.959  43.073 0.0000000000
35702  6.359  -36.997  44.849 0.0000000000
35703  5.916  -37.545  44.541 0.0000000000
34705  4.719  -38.570  45.759 0.0000000000
34699  3.655  -38.775  47.260 0.0000000000
149497  3.812  -39.640  45.115 0.0000000000
65759  40.280  -4.780  28.617 0.0000000000
65760  39.460  -5.430  28.214 0.0000000000
65747  39.977  -5.821  28.931 0.0000000000
63989  40.104  -7.015  29.932 0.0000000000
63978  40.418  -7.348  30.640 0.0000000000
63966  39.973  -7.953  31.062 0.0000000000
63101  38.495  -8.243  29.826 0.0000000000
63078  39.486  -8.510  31.487 0.0000000000
63066  39.665  -8.765  32.277 0.0000000000
62160  39.963  -9.073  34.022 0.0000000000
62139  39.283  -9.450  34.753 0.0000000000
62111  39.207  -9.342  36.404 0.0000000000
51784  30.886  -20.833  35.175 0.0000000000
49792  29.336  -22.204  35.717 0.0000000000
50740  30.025  -21.910  36.030 0.0000000000
50738  31.487  -21.418  36.503 0.0000000000
49755  32.390  -22.202  38.712 0.0000000000
49731  33.044  -22.674  40.257 0.0000000000
48771  34.613  -23.435  41.935 0.0000000000
45375  29.341  -27.730  40.146 0.0000000000
46174  30.671  -26.905  40.430 0.0000000000
46173  31.290  -26.270  40.778 0.0000000000
43570  32.148  -29.202  43.703 0.0000000000
155769  32.205  -27.267  43.080 0.0000000000
47002  32.078  -26.030  42.012 0.0000000000
47846  33.073  -24.566  42.713 0.0000000000
47845  33.703  -24.321  43.491 0.0000000000
135367  35.577  -24.289  44.072 0.0000000000
43497  25.662  -29.243  48.879 0.0000000000
44427  24.062  -28.961  49.473 0.0000000000
43499  22.333  -28.826  49.143 0.0000000000
43500  21.531  -29.061  48.838 0.0000000000
44459  20.960  -28.600  46.412 0.0000000000
43514  20.599  -29.357  47.604 0.0000000000
42612  20.270  -30.062  48.914 0.0000000000
42614  18.693  -31.054  48.644 0.0000000000
41721  18.111  -31.323  48.003 0.0000000000
132609  16.748  -32.022  48.032 0.0000000000
43639  18.262  -29.511  39.017 0.0000000000
43625  17.783  -29.975  39.791 0.0000000000
42694  17.419  -30.470  41.555 0.0000000000
41848  15.429  -31.447  39.765 0.0000000000
41836  16.198  -31.133  41.239 0.0000000000
41798  16.623  -31.202  43.337 0.0000000000
41784  16.688  -31.523  44.823 0.0000000000
40827  16.062  -32.164  45.967 0.0000000000
40792  15.600  -32.576  47.566 0.0000000000
39719  14.079  -33.136  46.371 0.0000000000
39738  12.820  -33.604  45.305 0.0000000000
38694  11.424  -33.981  44.989 0.0000000000
39776  11.909  -34.039  41.609 0.0000000000
38708  10.965  -34.364  42.923 0.0000000000
134575  10.182  -34.442  44.239 0.0000000000
38710  9.514  -34.710  43.732 0.0000000000
37711  8.272  -35.241  42.827 0.0000000000
37712  7.686  -35.550  42.391 0.0000000000
36744  6.410  -36.305  41.542 0.0000000000
36745  5.773  -36.838  41.030 0.0000000000
48858  26.306  -23.325  34.382 0.0000000000
47923  26.384  -24.466  35.457 0.0000000000
47062  26.167  -25.610  36.558 0.0000000000
47926  23.886  -24.632  35.653 0.0000000000
47063  24.875  -25.505  36.126 0.0000000000
46220  26.151  -26.396  37.732 0.0000000000
45395  25.594  -27.567  39.658 0.0000000000
44533  25.972  -28.483  40.879 0.0000000000
154451  25.402  -28.923  42.370 0.0000000000
45366  23.371  -27.137  41.393 0.0000000000
45352  24.120  -27.927  42.224 0.0000000000
43559  25.709  -29.060  44.608 0.0000000000
43544  25.911  -29.037  46.150 0.0000000000
44441  25.156  -28.706  47.484 0.0000000000
36705  6.296  -36.631  46.604 0.0000000000
36688  6.090  -35.848  48.302 0.0000000000
69360  58.251  -1.710  27.270 0.0000000000
69380  52.886  -1.584  26.530 0.0000000000
68456  53.872  -2.281  27.818 0.0000000000
67565  55.041  -3.004  29.206 0.0000000000
67534  54.136  -3.789  30.508 0.0000000000
67533  55.286  -3.826  30.621 0.0000000000
67544  57.035  -3.747  30.153 0.0000000000
68495  43.824  -2.633  25.864 0.0000000000
67607  45.271  -2.884  27.000 0.0000000000
67608  43.138  -3.007  27.439 0.0000000000
67593  44.939  -3.097  27.720 0.0000000000
67574  45.486  -3.305  28.321 0.0000000000
66640  46.601  -4.163  29.675 0.0000000000
155007  48.123  -4.804  30.806 0.0000000000
131042  49.253  -5.519  32.963 0.0000000000
135356  42.652  -5.146  30.849 0.0000000000
65728  43.696  -5.128  31.723 0.0000000000
66580  44.606  -4.955  32.062 0.0000000000
65683  45.198  -5.638  34.383 0.0000000000
65697  45.397  -5.328  33.643 0.0000000000
65713  45.577  -5.209  33.011 0.0000000000
65696  47.290  -5.592  33.533 0.0000000000
65679  48.724  -5.746  34.485 0.0000000000
62229  35.563  -9.399  29.992 0.0000000000
62198  35.789  -9.847  31.786 0.0000000000
62183  34.923  -9.854  32.393 0.0000000000
132801  35.802  -9.770  33.596 0.0000000000
130175  36.478  -9.902  33.209 0.0000000000
62141  37.545  -10.005  34.961 0.0000000000
62112  38.181  -9.561  36.874 0.0000000000
62085  38.728  -9.142  38.357 0.0000000000
52798  33.460  -19.401  35.625 0.0000000000
54857  34.307  -17.045  33.825 0.0000000000
144710  35.579  -15.979  34.614 0.0000000000
56789  36.230  -15.224  35.662 0.0000000000
151357  36.845  -21.199  42.403 0.0000000000
52704  36.658  -19.728  41.249 0.0000000000
143209  36.618  -18.946  40.990 0.0000000000
54745  36.915  -18.021  41.876 0.0000000000
54777  36.519  -17.979  39.690 0.0000000000
133586  36.689  -16.640  38.714 0.0000000000
56766  36.618  -15.494  37.188 0.0000000000
57727  36.434  -14.600  36.160 0.0000000000
135782  36.744  -13.395  37.358 0.0000000000
59503  36.879  -12.654  37.863 0.0000000000
156580  36.875  -11.168  38.673 0.0000000000
153647  38.525  -12.217  42.040 0.0000000000
60385  37.600  -10.748  40.476 0.0000000000
140893  37.197  -10.026  39.400 0.0000000000
142435  37.514  -9.558  39.305 0.0000000000
75194  54.796  4.173  18.871 0.0000000000
154265  55.607  2.942  18.279 0.0000000000
145172  56.148  2.362  18.233 0.0000000000
72428  57.251  1.139  18.986 0.0000000000
71421  58.125  0.314  20.551 0.0000000000
70387  55.885  -0.495  21.346 0.0000000000
70396  57.437  -0.223  21.000 0.0000000000
71409  59.066  0.640  22.143 0.0000000000
71396  59.861  1.210  23.385 0.0000000000
147910  26.208  -29.545  49.288 0.0000000000
42600  27.138  -30.330  49.915 0.0000000000
37671  7.697  -35.527  45.065 0.0000000000
36722  7.270  -35.909  44.443 0.0000000000
62987  40.481  -8.160  37.584 0.0000000000
47047  26.604  -25.924  37.298 0.0000000000
47046  27.403  -25.747  37.541 0.0000000000
47036  27.599  -26.140  38.101 0.0000000000
141160  19.833  -27.423  38.915 0.0000000000
44545  19.420  -28.178  38.891 0.0000000000
46195  20.276  -26.846  39.304 0.0000000000
41711  16.682  -31.963  49.681 0.0000000000
41700  17.365  -31.725  50.337 0.0000000000
69421  52.298  -0.953  25.141 0.0000000000
65709  50.908  -4.865  32.779 0.0000000000
65708  51.894  -4.884  33.045 0.0000000000
65693  51.316  -5.083  33.725 0.0000000000
65745  41.472  -4.915  29.548 0.0000000000
58623  35.332  -13.683  33.679 0.0000000000
58624  34.876  -13.329  33.074 0.0000000000
58617  35.635  -13.662  34.302 0.0000000000
134527  35.649  -12.848  34.786 0.0000000000
58611  35.926  -13.695  35.078 0.0000000000
48770  35.437  -23.455  41.993 0.0000000000
48779  35.935  -22.937  41.439 0.0000000000
48769  36.196  -23.284  42.222 0.0000000000
70365  51.494  -0.425  23.655 0.0000000000
70347  52.755  -0.691  24.229 0.0000000000
75200  56.856  4.597  17.734 0.0000000000
136751  57.266  3.975  17.595 0.0000000000
43573  26.471  -29.669  43.511 0.0000000000
43572  27.206  -30.133  43.313 0.0000000000
140199  11.659  -33.614  46.369 0.0000000000
151891  11.536  -33.215  47.874 0.0000000000
141868  10.781  -33.392  47.455 0.0000000000
146365  47.464  -0.370  24.445 0.0000000000
68461  46.939  -2.688  27.237 0.0000000000
67592  46.393  -3.134  27.955 0.0000000000
63952  40.914  -7.951  32.170 0.0000000000
34734  4.785  -38.767  42.566 0.0000000000
64888  38.080  -6.477  27.523 0.0000000000
62195  38.225  -9.253  31.597 0.0000000000
133355  37.662  -9.626  32.031 0.0000000000
62181  37.442  -9.856  32.794 0.0000000000
47874  30.617  -24.844  39.274 0.0000000000
48808  30.654  -23.564  38.404 0.0000000000
47873  31.691  -23.806  39.908 0.0000000000
47860  31.768  -24.792  40.754 0.0000000000
42668  30.611  -31.118  43.119 0.0000000000
42667  31.149  -30.661  43.156 0.0000000000
45319  22.424  -27.554  45.884 0.0000000000
45304  22.430  -27.768  46.642 0.0000000000
45320  21.791  -27.658  45.538 0.0000000000
42660  18.352  -30.471  43.899 0.0000000000
43561  18.776  -30.302  44.429 0.0000000000
156786  18.037  -30.891  45.143 0.0000000000
42661  18.065  -30.763  44.521 0.0000000000
40899  14.363  -32.447  40.744 0.0000000000
40871  13.900  -33.008  41.973 0.0000000000
40870  14.498  -32.647  42.547 0.0000000000
150811  13.546  -33.334  43.225 0.0000000000
47050  22.438  -24.956  37.903 0.0000000000
47049  23.316  -25.213  37.605 0.0000000000
46191  23.575  -26.270  39.233 0.0000000000
46209  22.620  -25.704  39.201 0.0000000000
129409  22.082  -27.020  44.187 0.0000000000
131939  22.589  -27.102  43.700 0.0000000000
45318  23.071  -27.499  45.460 0.0000000000
43473  21.374  -29.850  50.409 0.0000000000
34686  3.897  -38.023  48.743 0.0000000000
35676  4.252  -37.451  48.800 0.0000000000
70338  58.477  -0.278  25.665 0.0000000000
69396  57.639  -0.801  26.128 0.0000000000
68434  56.547  -2.609  28.577 0.0000000000
66634  58.209  -4.600  29.187 0.0000000000
67543  57.947  -4.136  29.754 0.0000000000
68438  52.027  -2.582  28.159 0.0000000000
67568  51.977  -3.030  28.945 0.0000000000
66623  44.176  -4.180  30.608 0.0000000000
66642  44.611  -3.864  29.930 0.0000000000
66599  45.487  -4.871  31.178 0.0000000000
62200  33.757  -9.923  31.592 0.0000000000
61296  36.228  -10.211  35.953 0.0000000000
61295  36.627  -10.083  36.571 0.0000000000
131744  36.866  -9.854  36.939 0.0000000000
51798  31.329  -20.336  34.716 0.0000000000
52775  35.295  -18.976  37.068 0.0000000000
53784  35.802  -18.459  37.572 0.0000000000
54786  36.190  -17.910  38.167 0.0000000000
56719  37.979  -15.866  42.321 0.0000000000
56733  37.862  -15.020  40.375 0.0000000000
57661  38.175  -14.792  41.195 0.0000000000
57671  38.254  -14.183  40.819 0.0000000000
57660  38.430  -14.219  41.570 0.0000000000
71426  53.590  0.830  20.197 0.0000000000
71425  54.503  0.531  20.146 0.0000000000
71437  54.990  0.857  19.518 0.0000000000
70346  58.308  -0.162  24.820 0.0000000000
76952  61.451  6.613  19.134 0.0000000000
76961  61.575  6.931  18.136 0.0000000000
75202  61.440  5.097  17.413 0.0000000000
75196  61.357  4.186  17.513 0.0000000000
72420  59.722  2.153  20.675 0.0000000000
73341  60.751  2.547  21.679 0.0000000000
156198  60.221  2.393  21.549 0.0000000000
72413  60.682  1.999  22.058 0.0000000000
72414  60.275  2.011  22.154 0.0000000000
43542  27.318  -29.792  46.509 0.0000000000
43526  27.218  -29.698  47.434 0.0000000000
38697  8.982  -34.652  45.092 0.0000000000
38684  9.471  -34.272  45.860 0.0000000000
38685  8.783  -34.555  45.887 0.0000000000
140486  7.551  -35.204  46.799 0.0000000000
38658  7.871  -34.645  47.191 0.0000000000
38648  7.440  -34.128  48.840 0.0000000000
37642  7.209  -34.788  48.192 0.0000000000
69409  44.734  -1.695  25.167 0.0000000000
68494  45.213  -2.149  25.712 0.0000000000
141537  40.693  -8.705  34.351 0.0000000000
145837  1.578  -41.850  44.712 0.0000000000
48846  26.826  -23.591  35.150 0.0000000000
48845  27.535  -23.539  35.632 0.0000000000
153342  28.910  -25.542  38.361 0.0000000000
47890  28.634  -24.723  37.476 0.0000000000
47034  29.043  -25.041  38.119 0.0000000000
47881  29.715  -24.693  38.332 0.0000000000
47025  29.462  -25.484  38.688 0.0000000000
45356  20.779  -27.360  42.422 0.0000000000
45357  20.235  -27.864  42.216 0.0000000000
43623  19.297  -28.856  40.335 0.0000000000
44521  19.690  -28.720  41.808 0.0000000000
146955  19.167  -29.400  41.730 0.0000000000
43592  18.751  -29.833  42.033 0.0000000000
43609  18.724  -29.674  41.319 0.0000000000
46224  20.542  -26.113  38.128 0.0000000000
130663  20.985  -25.375  37.892 0.0000000000
47027  21.746  -25.641  39.287 0.0000000000
47028  21.186  -25.873  39.190 0.0000000000
45367  20.561  -27.068  40.975 0.0000000000
46179  21.003  -26.449  40.517 0.0000000000
46157  21.152  -26.949  42.157 0.0000000000
42602  19.222  -30.873  49.459 0.0000000000
41698  18.918  -31.157  50.495 0.0000000000
69398  55.921  -1.106  25.609 0.0000000000
69399  54.880  -1.170  25.720 0.0000000000
69379  53.905  -1.465  26.337 0.0000000000
136830  54.929  -1.563  26.673 0.0000000000
152982  55.082  -1.885  27.311 0.0000000000
68454  55.780  -2.156  27.773 0.0000000000
68455  54.793  -2.239  27.835 0.0000000000
66616  51.709  -4.081  30.796 0.0000000000
66575  53.458  -4.801  32.612 0.0000000000
148089  41.023  -2.969  27.708 0.0000000000
67596  41.789  -3.077  27.969 0.0000000000
66653  41.705  -3.491  28.617 0.0000000000
66625  42.182  -4.311  29.735 0.0000000000
149793  33.569  -11.340  32.086 0.0000000000
60448  34.369  -10.810  32.855 0.0000000000
59522  35.650  -11.933  35.350 0.0000000000
59516  35.866  -11.439  36.016 0.0000000000
50711  33.728  -21.565  38.539 0.0000000000
50723  33.338  -21.191  37.760 0.0000000000
50681  36.199  -21.667  40.467 0.0000000000
50709  35.544  -21.309  39.231 0.0000000000
51707  36.067  -21.101  39.846 0.0000000000
51720  35.920  -20.559  39.254 0.0000000000
51719  36.278  -20.337  39.858 0.0000000000
71400  50.164  0.545  22.168 0.0000000000
71399  50.959  0.297  22.152 0.0000000000
71398  51.904  0.107  22.234 0.0000000000
70390  52.827  0.035  21.941 0.0000000000
70377  53.372  -0.408  22.608 0.0000000000
69420  53.658  -0.840  24.473 0.0000000000
69435  54.273  -0.834  23.884 0.0000000000
131841  54.938  -0.929  24.178 0.0000000000
76068  58.443  5.341  17.708 0.0000000000
76963  58.856  6.478  17.832 0.0000000000
76067  59.313  5.786  18.094 0.0000000000
76062  60.142  6.223  18.910 0.0000000000
145993  59.664  5.228  18.537 0.0000000000
75197  59.214  4.323  18.217 0.0000000000
73371  58.141  2.926  17.824 0.0000000000
74254  59.379  3.548  18.689 0.0000000000
73364  58.656  2.735  18.280 0.0000000000
72441  58.512  1.983  18.679 0.0000000000
136224  26.803  -28.396  40.584 0.0000000000
44532  27.768  -28.277  40.401 0.0000000000
130121  27.207  -28.859  41.150 0.0000000000
42670  28.503  -30.959  43.257 0.0000000000
43588  28.320  -29.998  42.067 0.0000000000
42669  29.264  -31.209  42.956 0.0000000000
39691  14.004  -32.945  48.069 0.0000000000
40767  14.562  -32.542  49.489 0.0000000000
40780  13.874  -32.780  48.872 0.0000000000
40769  12.748  -32.634  49.962 0.0000000000
40758  12.376  -32.503  51.068 0.0000000000
40747  12.620  -32.509  52.133 0.0000000000
39695  9.674  -33.110  48.637 0.0000000000
69423  50.509  -0.901  24.973 0.0000000000
69424  49.562  -0.868  24.965 0.0000000000
69383  49.487  -1.530  26.093 0.0000000000
68473  50.075  -1.953  26.964 0.0000000000
68474  49.306  -1.890  26.766 0.0000000000
146415  46.545  -1.410  25.401 0.0000000000
69406  47.421  -1.316  25.498 0.0000000000
68460  47.838  -2.485  27.371 0.0000000000
68475  48.310  -1.976  26.755 0.0000000000
68441  49.123  -2.757  28.186 0.0000000000
67570  50.107  -3.290  29.118 0.0000000000
145803  49.409  -3.104  28.745 0.0000000000
66638  48.955  -3.891  29.976 0.0000000000
146091  49.273  -4.626  31.187 0.0000000000
66619  48.639  -4.445  30.593 0.0000000000
63951  41.618  -7.613  32.544 0.0000000000
63950  42.328  -7.205  32.940 0.0000000000
142447  41.475  -8.350  34.750 0.0000000000
63025  42.366  -7.956  35.212 0.0000000000
63922  43.428  -7.462  36.029 0.0000000000
143798  43.951  -6.986  35.775 0.0000000000
56811  34.390  -15.027  32.380 0.0000000000
56804  34.945  -15.152  33.246 0.0000000000
71402  48.680  0.946  22.567 0.0000000000
35713  5.863  -37.575  43.636 0.0000000000
34712  4.852  -38.746  44.758 0.0000000000
34698  4.341  -38.317  46.750 0.0000000000
33654  3.912  -38.940  46.338 0.0000000000
32680  3.327  -40.553  43.588 0.0000000000
33667  3.620  -40.038  44.491 0.0000000000
32668  3.165  -40.032  45.423 0.0000000000
66671  40.203  -3.854  28.081 0.0000000000
66655  39.617  -4.577  27.989 0.0000000000
65761  38.695  -5.975  27.777 0.0000000000
65778  38.790  -4.965  27.440 0.0000000000
64863  40.441  -6.264  29.566 0.0000000000
64864  39.732  -6.679  29.241 0.0000000000
63979  39.718  -7.656  30.339 0.0000000000
63112  38.036  -8.209  29.259 0.0000000000
63079  38.777  -8.752  31.165 0.0000000000
63053  39.821  -8.967  33.132 0.0000000000
62179  39.029  -9.247  32.792 0.0000000000
62140  38.391  -9.812  34.396 0.0000000000
148285  38.996  -9.557  35.606 0.0000000000
51800  29.794  -20.762  34.290 0.0000000000
50765  30.145  -21.069  34.952 0.0000000000
49781  28.915  -22.849  36.089 0.0000000000
49768  30.655  -22.584  37.332 0.0000000000
49779  30.352  -22.277  36.652 0.0000000000
50726  31.061  -21.985  36.923 0.0000000000
50739  30.761  -21.679  36.255 0.0000000000
50713  32.083  -21.949  37.953 0.0000000000
49756  31.670  -22.519  38.390 0.0000000000
48790  32.698  -23.327  40.712 0.0000000000
48789  33.460  -23.042  41.038 0.0000000000
135792  34.090  -23.197  41.526 0.0000000000
48780  33.514  -23.423  41.699 0.0000000000
44531  28.792  -28.342  40.481 0.0000000000
44530  29.665  -28.325  40.618 0.0000000000
44529  30.323  -28.248  40.854 0.0000000000
45365  30.792  -27.702  40.943 0.0000000000
45364  31.399  -27.710  41.575 0.0000000000
46149  32.560  -26.994  43.747 0.0000000000
46155  32.238  -26.631  42.782 0.0000000000
47001  32.596  -25.596  42.804 0.0000000000
47008  32.414  -25.131  41.993 0.0000000000
47840  33.957  -24.687  44.393 0.0000000000
47844  34.502  -24.108  43.778 0.0000000000
44434  25.032  -28.839  48.376 0.0000000000
44435  24.395  -28.748  48.716 0.0000000000
44437  22.819  -28.422  48.443 0.0000000000
44438  22.004  -28.554  48.264 0.0000000000
43513  21.275  -28.892  47.998 0.0000000000
44483  20.655  -28.351  44.879 0.0000000000
44472  20.801  -28.485  45.648 0.0000000000
44473  20.254  -29.025  45.261 0.0000000000
42623  19.431  -30.194  46.777 0.0000000000
43530  19.846  -29.729  46.402 0.0000000000
43515  19.944  -29.810  47.183 0.0000000000
43502  20.058  -29.949  48.011 0.0000000000
42613  19.469  -30.561  48.497 0.0000000000
41752  17.555  -31.417  46.521 0.0000000000
41738  17.538  -31.559  47.415 0.0000000000
41722  17.376  -31.713  48.262 0.0000000000
41753  16.950  -31.805  46.975 0.0000000000
42714  17.155  -30.245  39.304 0.0000000000
135681  17.654  -30.273  41.066 0.0000000000
42706  16.955  -30.580  40.925 0.0000000000
41856  15.293  -31.211  38.877 0.0000000000
41825  15.600  -31.653  41.625 0.0000000000
41837  15.538  -31.561  40.714 0.0000000000
41824  16.190  -31.268  42.084 0.0000000000
41811  16.209  -31.367  42.764 0.0000000000
151397  16.443  -31.448  43.981 0.0000000000
41799  15.875  -31.693  43.354 0.0000000000
40856  14.602  -32.756  44.146 0.0000000000
40842  15.349  -32.350  44.646 0.0000000000
40828  15.299  -32.624  46.017 0.0000000000
40809  15.803  -32.451  46.735 0.0000000000
40810  14.922  -32.873  46.808 0.0000000000
146753  14.639  -32.937  45.990 0.0000000000
39763  13.131  -33.557  43.875 0.0000000000
39737  13.400  -33.336  45.917 0.0000000000
39752  12.663  -33.715  44.476 0.0000000000
39739  12.144  -33.803  44.928 0.0000000000
39753  11.909  -33.967  44.234 0.0000000000
39790  11.844  -33.885  40.757 0.0000000000
38733  10.439  -34.481  41.467 0.0000000000
38720  11.135  -34.322  42.012 0.0000000000
154692  10.763  -34.361  43.673 0.0000000000
38709  10.200  -34.536  43.305 0.0000000000
38722  9.545  -34.753  42.798 0.0000000000
38736  8.295  -35.020  41.266 0.0000000000
37723  6.799  -35.751  41.009 0.0000000000
36750  6.108  -36.105  40.551 0.0000000000
47945  25.241  -24.346  34.474 0.0000000000
47944  25.997  -24.053  34.754 0.0000000000
47924  25.603  -24.721  35.138 0.0000000000
47079  25.937  -25.136  35.796 0.0000000000
151725  25.498  -25.506  36.137 0.0000000000
47947  23.751  -24.088  34.916 0.0000000000
46237  24.621  -25.629  36.732 0.0000000000
46222  24.689  -25.943  37.351 0.0000000000
46221  25.408  -26.256  37.545 0.0000000000
46206  25.548  -26.691  38.303 0.0000000000
45410  25.994  -27.153  38.916 0.0000000000
45411  25.184  -27.047  39.031 0.0000000000
45380  24.980  -27.723  40.223 0.0000000000
44534  24.955  -28.156  40.964 0.0000000000
44519  25.435  -28.718  41.723 0.0000000000
44520  24.685  -28.290  41.749 0.0000000000
46177  22.256  -26.213  40.749 0.0000000000
46176  23.155  -26.666  40.689 0.0000000000
46165  22.519  -26.592  41.419 0.0000000000
45329  23.921  -27.819  44.001 0.0000000000
45341  24.036  -27.959  43.056 0.0000000000
44494  24.639  -28.445  43.512 0.0000000000
44481  25.099  -28.604  44.988 0.0000000000
145411  25.599  -28.891  45.382 0.0000000000
44456  24.649  -28.392  46.853 0.0000000000
137703  14.920  -32.194  51.363 0.0000000000
40744  15.546  -32.218  52.120 0.0000000000
35696  5.947  -37.400  45.408 0.0000000000
36714  6.607  -36.581  45.601 0.0000000000
36689  5.297  -36.352  48.790 0.0000000000
37637  5.711  -35.569  49.279 0.0000000000
37636  6.024  -34.846  49.919 0.0000000000
37629  5.340  -35.384  50.255 0.0000000000
69361  57.450  -1.276  26.851 0.0000000000
67589  58.649  -3.716  27.615 0.0000000000
142589  52.219  -1.361  26.011 0.0000000000
138516  52.081  -1.749  26.744 0.0000000000
68437  53.492  -2.674  28.482 0.0000000000
68436  54.420  -2.649  28.478 0.0000000000
66612  56.127  -4.313  31.306 0.0000000000
67532  56.318  -3.918  30.653 0.0000000000
66611  57.085  -4.514  30.971 0.0000000000
66610  57.494  -5.057  30.707 0.0000000000
68479  42.996  -2.833  26.353 0.0000000000
68496  43.156  -2.442  25.561 0.0000000000
132755  44.706  -2.675  26.295 0.0000000000
156296  44.574  -2.959  27.098 0.0000000000
67575  44.606  -3.293  28.519 0.0000000000
67573  46.197  -3.620  28.927 0.0000000000
65736  46.497  -5.225  30.984 0.0000000000
66598  47.550  -5.152  31.007 0.0000000000
65722  49.002  -5.191  31.988 0.0000000000
65711  48.346  -5.697  32.659 0.0000000000
65730  42.227  -5.822  31.052 0.0000000000
65729  42.932  -5.447  31.439 0.0000000000
65716  43.996  -5.440  32.421 0.0000000000
65727  44.262  -5.070  31.998 0.0000000000
65681  46.312  -5.121  35.036 0.0000000000
65682  45.675  -5.403  34.532 0.0000000000
131777  45.940  -5.201  34.054 0.0000000000
130462  46.520  -5.442  33.366 0.0000000000
62216  34.774  -9.632  30.696 0.0000000000
62215  35.726  -9.700  30.841 0.0000000000
61316  34.852  -10.452  33.339 0.0000000000
62166  34.821  -10.071  32.948 0.0000000000
62144  35.301  -10.038  33.689 0.0000000000
62164  36.232  -9.757  34.071 0.0000000000
62163  37.109  -9.963  33.736 0.0000000000
62142  36.749  -9.895  34.637 0.0000000000
139616  37.483  -9.785  36.346 0.0000000000
62100  37.988  -9.374  37.744 0.0000000000
51781  33.089  -20.047  35.960 0.0000000000
52777  33.827  -19.710  36.289 0.0000000000
53828  34.523  -18.327  35.636 0.0000000000
53829  33.813  -18.714  35.303 0.0000000000
54849  33.924  -17.750  34.235 0.0000000000
54848  34.696  -17.300  34.641 0.0000000000
55818  36.018  -16.634  36.221 0.0000000000
55844  35.298  -16.714  34.794 0.0000000000
55830  35.752  -16.490  35.400 0.0000000000
56790  35.951  -15.752  35.301 0.0000000000
56779  36.188  -15.925  35.920 0.0000000000
144027  37.047  -22.458  43.762 0.0000000000
50657  36.785  -22.015  42.370 0.0000000000
50636  37.216  -21.647  44.031 0.0000000000
52680  36.964  -19.850  42.978 0.0000000000
51677  36.865  -20.426  42.457 0.0000000000
52691  36.808  -19.748  42.166 0.0000000000
53732  36.796  -18.817  41.855 0.0000000000
54754  37.351  -16.999  41.685 0.0000000000
54744  37.241  -17.464  42.180 0.0000000000
54755  37.026  -17.530  41.413 0.0000000000
54766  36.807  -17.575  40.526 0.0000000000
129615  36.738  -17.259  39.765 0.0000000000
129616  36.530  -17.396  38.955 0.0000000000
55785  36.866  -16.639  39.410 0.0000000000
56754  37.084  -15.111  38.699 0.0000000000
56755  36.804  -15.511  38.054 0.0000000000
57707  36.787  -14.950  37.568 0.0000000000
57718  36.634  -14.795  36.924 0.0000000000
58594  36.828  -14.243  37.500 0.0000000000
58602  36.605  -13.998  36.753 0.0000000000
59492  37.665  -12.700  39.419 0.0000000000
59502  37.269  -12.725  38.645 0.0000000000
142817  36.907  -11.863  38.322 0.0000000000
60414  37.239  -11.864  39.060 0.0000000000
135337  38.708  -12.715  42.485 0.0000000000
59428  38.750  -12.189  43.283 0.0000000000
60356  38.044  -10.766  42.010 0.0000000000
61254  37.635  -10.033  40.752 0.0000000000
154018  37.330  -10.654  39.877 0.0000000000
147359  37.445  -10.124  40.145 0.0000000000
62073  37.669  -9.610  40.127 0.0000000000
75186  54.851  4.921  19.491 0.0000000000
150406  51.164  1.305  20.935 0.0000000000
72423  51.428  1.939  20.548 0.0000000000
73359  54.376  2.598  18.879 0.0000000000
74257  54.904  3.225  18.611 0.0000000000
73367  55.265  2.248  18.584 0.0000000000
72444  55.905  1.708  18.624 0.0000000000
71435  56.717  0.656  19.538 0.0000000000
72429  56.334  1.180  18.970 0.0000000000
71434  57.734  0.674  19.685 0.0000000000
70376  55.158  -0.603  21.893 0.0000000000
135994  55.215  -0.282  21.195 0.0000000000
131753  56.093  -0.847  22.211 0.0000000000
70374  57.953  -0.556  22.800 0.0000000000
70385  57.724  -0.514  21.860 0.0000000000
70384  58.512  -0.028  22.399 0.0000000000
70395  58.342  0.055  21.467 0.0000000000
71397  59.210  0.738  23.050 0.0000000000
151318  59.611  1.211  22.787 0.0000000000
71377  60.141  0.541  24.491 0.0000000000
77831  59.288  8.473  18.112 0.0000000000
78667  59.853  9.118  18.046 0.0000000000
78666  60.478  8.688  18.100 0.0000000000
75176  61.237  4.802  20.630 0.0000000000
42611  27.626  -30.111  49.118 0.0000000000
37685  8.363  -35.127  44.634 0.0000000000
37657  7.687  -35.367  45.984 0.0000000000
62110  40.211  -8.750  36.187 0.0000000000
47906  26.700  -24.889  36.190 0.0000000000
47905  27.498  -24.619  36.520 0.0000000000
47035  28.295  -25.578  37.997 0.0000000000
47026  28.809  -26.004  38.662 0.0000000000
45368  20.105  -27.795  41.416 0.0000000000
45383  19.908  -27.843  40.467 0.0000000000
46210  20.681  -26.275  38.908 0.0000000000
45382  20.399  -26.929  40.130 0.0000000000
41699  18.081  -31.473  49.890 0.0000000000
41688  18.199  -31.530  51.154 0.0000000000
41689  17.282  -31.809  51.453 0.0000000000
41681  17.204  -32.074  52.391 0.0000000000
66597  51.164  -4.374  31.313 0.0000000000
66596  52.055  -4.385  31.533 0.0000000000
66577  51.504  -4.631  32.136 0.0000000000
66654  40.974  -3.850  28.570 0.0000000000
66644  41.605  -4.085  29.131 0.0000000000
58630  34.306  -12.628  32.490 0.0000000000
59535  34.684  -12.121  33.290 0.0000000000
59528  35.008  -11.632  34.025 0.0000000000
49742  34.503  -22.273  39.790 0.0000000000
50696  35.072  -21.898  39.381 0.0000000000
49741  35.216  -22.268  39.962 0.0000000000
49728  35.667  -22.449  40.582 0.0000000000
49727  36.304  -22.200  41.142 0.0000000000
70379  51.254  -0.098  22.933 0.0000000000
70364  52.712  -0.461  23.315 0.0000000000
76069  57.453  5.345  17.695 0.0000000000
75198  58.530  4.341  17.754 0.0000000000
74261  57.885  3.595  17.635 0.0000000000
73372  57.585  2.881  17.767 0.0000000000
44518  26.332  -28.935  41.483 0.0000000000
43607  26.877  -29.395  41.897 0.0000000000
42658  28.337  -30.949  44.288 0.0000000000
39705  12.476  -33.340  47.175 0.0000000000
39677  13.051  -32.865  49.034 0.0000000000
39692  12.445  -33.102  48.163 0.0000000000
39679  11.297  -32.796  49.237 0.0000000000
39681  9.365  -32.815  49.648 0.0000000000
70351  48.766  -0.647  24.627 0.0000000000
69405  48.748  -1.049  25.324 0.0000000000
138467  48.146  -1.276  25.593 0.0000000000
68493  46.085  -1.968  25.869 0.0000000000
67571  48.672  -3.182  28.759 0.0000000000
67572  47.769  -3.314  28.765 0.0000000000
154650  47.692  -3.671  29.277 0.0000000000
153983  42.456  -7.846  35.947 0.0000000000
34733  5.238  -38.098  42.419 0.0000000000
34721  5.323  -38.194  43.222 0.0000000000
33666  4.298  -39.426  44.341 0.0000000000
64000  39.050  -7.113  28.908 0.0000000000
63991  38.751  -7.753  29.386 0.0000000000
63092  37.924  -8.709  30.028 0.0000000000
50784  28.955  -20.942  34.115 0.0000000000
48820  29.632  -23.598  37.386 0.0000000000
48819  30.297  -23.233  37.706 0.0000000000
48807  31.305  -23.132  38.787 0.0000000000
49745  31.974  -22.750  39.143 0.0000000000
48798  31.655  -23.333  39.400 0.0000000000
137822  32.161  -23.691  40.408 0.0000000000
47866  32.331  -24.089  40.999 0.0000000000
151151  29.888  -29.957  41.830 0.0000000000
44515  30.039  -28.854  41.082 0.0000000000
43603  30.396  -29.392  41.594 0.0000000000
44501  31.200  -29.170  42.158 0.0000000000
46146  33.077  -27.118  44.796 0.0000000000
46991  33.113  -26.232  44.343 0.0000000000
44457  23.772  -27.998  46.859 0.0000000000
131334  23.346  -28.140  47.721 0.0000000000
45296  23.034  -27.813  47.040 0.0000000000
44458  21.680  -28.127  46.809 0.0000000000
43560  19.475  -29.646  44.194 0.0000000000
154230  19.776  -29.498  44.925 0.0000000000
43547  19.270  -30.040  45.070 0.0000000000
42635  19.169  -30.249  46.005 0.0000000000
133824  18.812  -30.667  46.815 0.0000000000
132948  18.551  -30.735  46.062 0.0000000000
42637  17.951  -31.036  45.739 0.0000000000
41770  17.186  -31.451  45.655 0.0000000000
42715  16.524  -30.603  39.286 0.0000000000
40912  14.207  -32.185  39.666 0.0000000000
41838  14.820  -32.019  40.217 0.0000000000
40883  15.084  -32.171  42.044 0.0000000000
40869  15.165  -32.143  42.916 0.0000000000
138779  14.738  -32.547  43.331 0.0000000000
39750  14.033  -33.105  44.799 0.0000000000
39762  13.834  -33.227  43.995 0.0000000000
146633  12.754  -33.709  43.079 0.0000000000
38734  9.643  -34.694  41.821 0.0000000000
147858  9.024  -34.731  41.197 0.0000000000
47946  24.537  -24.315  34.503 0.0000000000
47907  22.354  -24.307  36.853 0.0000000000
47065  23.219  -24.486  36.456 0.0000000000
148810  23.535  -24.997  36.969 0.0000000000
149623  24.833  -26.651  38.613 0.0000000000
46190  24.396  -26.742  39.154 0.0000000000
136114  22.026  -26.625  42.028 0.0000000000
45354  22.797  -26.948  42.175 0.0000000000
146245  22.696  -27.065  43.002 0.0000000000
45317  23.791  -27.782  44.973 0.0000000000
44469  24.419  -28.182  45.438 0.0000000000
44470  23.737  -27.816  45.910 0.0000000000
35682  4.754  -37.699  47.213 0.0000000000
35681  5.605  -37.152  46.956 0.0000000000
154217  5.057  -37.222  47.674 0.0000000000
35675  4.821  -37.006  48.391 0.0000000000
68453  56.884  -2.092  27.853 0.0000000000
68452  57.963  -2.295  27.915 0.0000000000
67561  58.383  -4.183  28.429 0.0000000000
66651  58.247  -5.034  28.415 0.0000000000
66652  58.061  -5.228  29.248 0.0000000000
69366  51.344  -1.940  27.047 0.0000000000
149486  52.046  -2.142  27.445 0.0000000000
67567  52.684  -2.769  28.593 0.0000000000
146876  53.144  -3.004  29.117 0.0000000000
149638  55.057  -4.725  32.333 0.0000000000
66613  54.886  -4.233  31.458 0.0000000000
67554  43.421  -3.493  29.253 0.0000000000
144892  43.865  -3.282  28.701 0.0000000000
66641  45.578  -4.055  29.749 0.0000000000
66621  46.029  -4.646  30.348 0.0000000000
65724  46.948  -5.655  31.707 0.0000000000
64829  42.795  -6.487  32.520 0.0000000000
65668  47.213  -5.082  35.499 0.0000000000
156890  34.300  -9.524  30.280 0.0000000000
60434  35.501  -10.456  34.633 0.0000000000
61310  35.655  -10.026  34.409 0.0000000000
133732  36.058  -9.802  34.822 0.0000000000
132731  36.505  -9.894  35.070 0.0000000000
149495  37.063  -9.775  36.588 0.0000000000
62101  37.356  -9.499  37.860 0.0000000000
52761  34.966  -19.745  37.340 0.0000000000
52776  34.593  -19.367  36.638 0.0000000000
53804  34.932  -18.629  36.322 0.0000000000
53827  35.261  -17.818  35.933 0.0000000000
54832  34.791  -17.739  35.296 0.0000000000
54819  35.828  -17.381  36.503 0.0000000000
55805  36.251  -16.824  37.028 0.0000000000
51651  37.208  -20.882  43.924 0.0000000000
52669  37.428  -20.182  44.770 0.0000000000
52679  37.283  -19.471  44.297 0.0000000000
152695  37.099  -19.265  43.589 0.0000000000
135577  37.532  -16.083  40.715 0.0000000000
56741  37.419  -15.117  39.386 0.0000000000
57692  37.351  -14.414  38.851 0.0000000000
58581  37.117  -13.668  38.206 0.0000000000
57682  37.763  -14.305  39.600 0.0000000000
58565  37.937  -13.497  39.793 0.0000000000
72431  54.650  1.610  19.091 0.0000000000
72430  55.502  1.269  19.052 0.0000000000
71423  56.171  0.264  20.126 0.0000000000
69441  55.876  -0.974  23.143 0.0000000000
69440  56.589  -0.950  22.952 0.0000000000
69439  57.330  -0.824  23.298 0.0000000000
70362  58.132  -0.355  23.800 0.0000000000
70361  58.966  0.383  24.427 0.0000000000
77829  60.866  7.898  18.685 0.0000000000
77843  60.954  8.303  18.183 0.0000000000
77828  61.232  7.501  18.673 0.0000000000
76072  61.424  6.123  17.157 0.0000000000
74238  60.533  3.639  20.665 0.0000000000
73348  60.930  3.482  21.217 0.0000000000
130309  61.377  2.186  21.198 0.0000000000
43557  26.855  -29.686  44.901 0.0000000000
136728  27.417  -29.972  45.541 0.0000000000
42648  27.957  -30.290  46.270 0.0000000000
42622  27.809  -30.062  48.135 0.0000000000
38683  10.192  -34.168  45.607 0.0000000000
38655  10.081  -33.631  46.957 0.0000000000
139796  9.576  -33.958  46.553 0.0000000000
143637  9.306  -33.770  47.176 0.0000000000
38646  9.007  -33.494  47.977 0.0000000000
38670  8.251  -34.708  46.456 0.0000000000
38657  8.471  -34.130  47.359 0.0000000000
143764  8.205  -33.732  48.302 0.0000000000
147398  7.997  -33.405  49.121 0.0000000000
38640  7.456  -33.436  49.863 0.0000000000
38635  6.796  -33.446  50.953 0.0000000000
135127  40.964  -8.323  36.054 0.0000000000
63006  41.749  -7.880  36.465 0.0000000000
33687  4.137  -39.448  42.166 0.0000000000
33688  3.514  -39.959  41.809 0.0000000000
32674  2.651  -41.076  44.100 0.0000000000
32681  2.671  -41.315  42.956 0.0000000000
144219  2.040  -41.110  44.943 0.0000000000
62227  37.254  -8.983  29.876 0.0000000000
62214  36.637  -9.685  31.087 0.0000000000
48844  28.167  -23.178  35.817 0.0000000000
48834  28.572  -23.568  36.470 0.0000000000
47904  28.232  -24.299  36.835 0.0000000000
48821  28.931  -23.938  37.124 0.0000000000
47875  30.048  -24.985  38.854 0.0000000000
47017  30.747  -25.504  39.819 0.0000000000
136693  21.445  -27.270  44.147 0.0000000000
45331  21.634  -27.458  44.787 0.0000000000
45345  20.988  -27.427  43.732 0.0000000000
44495  20.520  -28.141  44.072 0.0000000000
44496  19.977  -28.799  43.641 0.0000000000
44506  19.876  -28.720  42.724 0.0000000000
43575  19.433  -29.494  43.216 0.0000000000
139309  18.824  -29.948  42.792 0.0000000000
40913  13.512  -32.366  39.244 0.0000000000
40900  13.742  -32.634  40.181 0.0000000000
39802  13.097  -33.143  40.655 0.0000000000
39788  13.234  -33.304  41.552 0.0000000000
39803  12.359  -33.462  40.308 0.0000000000
47893  21.368  -24.802  37.252 0.0000000000
47051  21.657  -24.998  37.988 0.0000000000
47038  22.089  -25.243  38.621 0.0000000000
46178  21.587  -26.253  40.693 0.0000000000
151750  21.549  -26.723  41.881 0.0000000000
45344  21.535  -27.029  43.497 0.0000000000
69417  56.244  -0.952  24.851 0.0000000000
69397  56.740  -0.938  25.589 0.0000000000
69362  56.571  -1.589  27.030 0.0000000000
155101  56.213  -1.895  27.410 0.0000000000
146875  51.056  -3.209  29.101 0.0000000000
67549  51.655  -3.480  29.651 0.0000000000
66595  53.010  -4.463  31.738 0.0000000000
66594  54.065  -4.553  32.007 0.0000000000
144692  42.782  -3.504  29.083 0.0000000000
152964  44.414  -4.445  31.005 0.0000000000
151418  44.033  -6.640  34.813 0.0000000000
61334  33.538  -10.374  31.827 0.0000000000
155425  33.980  -10.364  32.254 0.0000000000
60442  35.024  -10.787  34.064 0.0000000000
60433  35.691  -10.782  35.470 0.0000000000
60426  35.977  -10.783  36.205 0.0000000000
60421  36.354  -10.499  36.678 0.0000000000
50737  32.222  -21.144  36.773 0.0000000000
51782  32.358  -20.348  35.662 0.0000000000
51754  32.976  -20.866  37.058 0.0000000000
51753  33.795  -20.666  37.298 0.0000000000
51752  34.579  -20.435  37.586 0.0000000000
50710  34.780  -21.383  38.656 0.0000000000
51736  34.883  -20.788  38.144 0.0000000000
51751  35.262  -20.200  38.026 0.0000000000
143817  35.798  -19.979  38.654 0.0000000000
52745  36.093  -19.155  38.776 0.0000000000
72416  50.142  1.743  21.155 0.0000000000
71413  51.443  0.662  21.455 0.0000000000
71411  53.170  0.377  21.076 0.0000000000
147547  54.785  -0.724  22.573 0.0000000000
130417  54.175  -0.711  23.002 0.0000000000
69434  55.655  -1.000  24.035 0.0000000000
77844  59.620  7.519  18.326 0.0000000000
76954  60.603  7.263  18.974 0.0000000000
76061  60.958  6.433  19.695 0.0000000000
76060  61.596  5.727  19.549 0.0000000000
76052  61.231  5.449  20.256 0.0000000000
75184  60.944  5.064  20.515 0.0000000000
74248  60.467  4.367  20.125 0.0000000000
155590  59.900  3.999  19.409 0.0000000000
137979  59.889  3.520  19.717 0.0000000000
73358  59.827  2.830  20.184 0.0000000000
45409  26.708  -27.100  38.892 0.0000000000
46204  27.288  -26.703  38.559 0.0000000000
45377  27.774  -27.680  39.804 0.0000000000
43605  28.704  -29.506  41.447 0.0000000000
43606  27.792  -29.444  41.618 0.0000000000
43587  29.171  -30.076  41.881 0.0000000000
42680  29.738  -30.627  42.322 0.0000000000
41807  30.023  -31.243  42.921 0.0000000000
42659  27.488  -30.268  44.421 0.0000000000
41780  29.023  -31.539  44.697 0.0000000000
143446  29.616  -31.934  44.241 0.0000000000
44557  19.222  -28.193  37.962 0.0000000000
40778  15.387  -32.574  48.505 0.0000000000
40754  15.933  -32.149  50.043 0.0000000000
40766  15.356  -32.418  49.389 0.0000000000
40756  14.295  -32.368  50.587 0.0000000000
40757  13.348  -32.413  50.938 0.0000000000
40745  14.117  -32.291  51.647 0.0000000000
40746  13.367  -32.396  51.974 0.0000000000
39694  10.736  -33.061  48.383 0.0000000000
39666  10.989  -32.626  50.165 0.0000000000
39667  10.072  -32.584  50.447 0.0000000000
40760  10.773  -32.535  51.268 0.0000000000
40759  11.528  -32.552  50.893 0.0000000000
70349  51.006  -0.647  24.292 0.0000000000
69422  51.377  -0.902  25.002 0.0000000000
69403  50.920  -1.239  25.603 0.0000000000
149930  50.602  -1.521  26.119 0.0000000000
68472  50.668  -1.799  26.687 0.0000000000
140423  50.622  -2.157  27.341 0.0000000000
68439  50.576  -2.550  28.025 0.0000000000
69425  47.023  -0.841  24.960 0.0000000000
67569  50.586  -2.923  28.624 0.0000000000
67550  50.746  -3.657  29.842 0.0000000000
67538  50.246  -3.984  30.376 0.0000000000
138989  49.210  -3.490  29.302 0.0000000000
141183  50.222  -4.368  31.071 0.0000000000
65710  49.946  -4.962  32.474 0.0000000000
65739  41.174  -5.813  29.907 0.0000000000
64822  43.078  -6.756  33.305 0.0000000000
63939  43.335  -6.983  34.066 0.0000000000
57751  34.702  -14.341  32.682 0.0000000000
57743  35.457  -14.418  33.852 0.0000000000
48763  36.124  -23.985  43.448 0.0000000000
151744  36.336  -23.524  42.939 0.0000000000
155629  37.144  -22.929  44.437 0.0000000000
70381  49.799  0.293  22.780 0.0000000000
71389  49.132  0.321  23.033 0.0000000000
76063  55.913  5.424  18.501 0.0000000000
75193  55.468  4.702  18.616 0.0000000000
36732  6.807  -36.363  43.371 0.0000000000
152119  6.913  -36.267  44.037 0.0000000000
35712  6.423  -36.883  44.028 0.0000000000
34711  5.398  -38.203  44.179 0.0000000000
34704  5.394  -38.109  45.146 0.0000000000
34697  5.295  -37.838  46.198 0.0000000000
34691  3.991  -38.143  47.718 0.0000000000
136238  3.916  -39.899  43.676 0.0000000000
34692  3.726  -38.713  48.176 0.0000000000
67578  40.748  -3.335  28.060 0.0000000000
63077  40.212  -8.258  31.813 0.0000000000
63091  38.613  -8.492  30.438 0.0000000000
63090  39.289  -8.245  30.743 0.0000000000
62124  39.772  -9.147  35.506 0.0000000000
62988  39.653  -8.734  37.962 0.0000000000
51816  30.236  -20.252  33.804 0.0000000000
51799  30.580  -20.563  34.489 0.0000000000
49802  27.908  -22.198  34.720 0.0000000000
50755  29.110  -21.842  35.144 0.0000000000
49780  29.643  -22.561  36.382 0.0000000000
50754  29.748  -21.616  35.369 0.0000000000
50753  30.462  -21.371  35.603 0.0000000000
50752  31.191  -21.130  35.833 0.0000000000
51771  31.927  -20.884  36.076 0.0000000000
50712  32.832  -21.655  38.269 0.0000000000
49754  33.092  -21.920  38.997 0.0000000000
49744  32.692  -22.430  39.474 0.0000000000
49743  33.561  -22.216  39.599 0.0000000000
48788  34.254  -22.888  40.921 0.0000000000
46189  27.897  -26.839  38.984 0.0000000000
46188  28.593  -26.664  39.078 0.0000000000
45374  30.140  -27.697  40.430 0.0000000000
46175  29.833  -27.036  39.943 0.0000000000
46186  30.294  -26.279  39.814 0.0000000000
135659  30.859  -26.104  40.240 0.0000000000
47016  31.296  -25.492  40.444 0.0000000000
151768  31.719  -29.269  42.944 0.0000000000
45340  31.783  -28.505  42.659 0.0000000000
45339  32.200  -27.898  43.329 0.0000000000
45351  31.873  -27.610  42.449 0.0000000000
46163  31.779  -26.903  41.863 0.0000000000
151275  31.661  -26.369  41.385 0.0000000000
47009  31.812  -25.557  41.247 0.0000000000
132390  32.192  -24.766  41.374 0.0000000000
47859  32.715  -24.297  41.796 0.0000000000
46995  33.244  -25.252  43.745 0.0000000000
47858  33.278  -23.826  42.156 0.0000000000
153193  34.056  -23.880  43.287 0.0000000000
47851  34.628  -23.728  42.779 0.0000000000
48764  35.331  -23.976  43.348 0.0000000000
43481  25.710  -29.574  49.758 0.0000000000
44428  23.197  -28.818  49.375 0.0000000000
44436  23.683  -28.531  48.586 0.0000000000
43484  22.704  -29.256  50.110 0.0000000000
43485  21.858  -29.339  49.777 0.0000000000
43486  21.038  -29.637  49.368 0.0000000000
45321  21.194  -27.883  45.252 0.0000000000
44471  21.369  -28.015  45.994 0.0000000000
44445  21.103  -28.748  47.207 0.0000000000
43545  20.339  -29.117  46.027 0.0000000000
43529  20.469  -29.242  46.802 0.0000000000
43501  20.780  -29.484  48.446 0.0000000000
147868  19.856  -30.487  49.419 0.0000000000
42624  18.771  -30.864  47.756 0.0000000000
131907  18.036  -31.419  48.887 0.0000000000
41723  16.747  -32.006  48.738 0.0000000000
40777  16.184  -32.322  48.208 0.0000000000
44558  18.746  -28.932  38.383 0.0000000000
44546  19.022  -28.925  39.380 0.0000000000
43624  18.595  -29.467  39.987 0.0000000000
42704  18.194  -29.903  40.712 0.0000000000
42693  18.105  -30.150  41.626 0.0000000000
42683  17.564  -30.542  42.336 0.0000000000
42716  15.891  -31.004  39.298 0.0000000000
41847  16.218  -30.974  40.188 0.0000000000
42695  16.820  -30.802  41.801 0.0000000000
42684  16.765  -30.964  42.598 0.0000000000
42673  17.349  -30.787  43.225 0.0000000000
41797  17.206  -31.051  44.105 0.0000000000
156149  16.550  -31.782  45.569 0.0000000000
41785  15.922  -31.863  44.281 0.0000000000
41771  16.019  -32.020  45.117 0.0000000000
40791  16.404  -32.190  47.394 0.0000000000
40793  14.786  -32.848  47.790 0.0000000000
39703  14.082  -33.088  47.228 0.0000000000
152732  13.548  -33.335  45.248 0.0000000000
39720  13.319  -33.287  46.754 0.0000000000
39721  12.529  -33.490  46.264 0.0000000000
38667  10.971  -33.927  45.799 0.0000000000
39775  12.634  -33.716  42.067 0.0000000000
39765  11.879  -34.094  42.663 0.0000000000
38732  11.205  -34.247  41.109 0.0000000000
148073  11.452  -34.187  43.553 0.0000000000
136826  11.052  -34.213  44.297 0.0000000000
38695  10.595  -34.209  45.014 0.0000000000
38696  9.461  -34.632  44.480 0.0000000000
38723  8.891  -34.983  43.263 0.0000000000
37699  8.356  -35.224  43.740 0.0000000000
37700  7.781  -35.532  43.285 0.0000000000
36737  7.234  -35.904  42.874 0.0000000000
37722  7.552  -35.406  41.364 0.0000000000
37713  7.032  -35.838  41.962 0.0000000000
36738  6.645  -36.374  42.504 0.0000000000
36739  6.007  -36.910  42.119 0.0000000000
35726  5.394  -37.612  41.660 0.0000000000
34742  4.929  -38.290  41.805 0.0000000000
133187  26.898  -22.921  34.647 0.0000000000
48859  25.580  -23.687  34.070 0.0000000000
129536  24.343  -24.646  35.078 0.0000000000
47081  24.561  -25.066  35.574 0.0000000000
47064  24.126  -25.153  36.356 0.0000000000
46236  25.309  -25.854  36.774 0.0000000000
46235  25.937  -26.067  37.156 0.0000000000
46205  26.437  -26.752  38.367 0.0000000000
45394  26.489  -27.525  39.445 0.0000000000
45379  26.244  -28.019  40.135 0.0000000000
155999  25.549  -28.030  40.363 0.0000000000
44502  25.977  -29.249  42.293 0.0000000000
43590  26.027  -29.454  43.027 0.0000000000
129259  22.865  -26.196  39.977 0.0000000000
44535  24.145  -27.750  41.474 0.0000000000
45353  23.396  -27.476  42.641 0.0000000000
146109  23.533  -27.483  41.962 0.0000000000
44504  24.795  -28.548  42.503 0.0000000000
44503  25.381  -29.039  43.043 0.0000000000
43558  26.318  -29.476  44.333 0.0000000000
144304  26.189  -29.269  45.202 0.0000000000
44468  25.048  -28.551  45.971 0.0000000000
44455  25.332  -28.711  46.721 0.0000000000
43528  25.875  -29.024  47.137 0.0000000000
43512  25.759  -29.067  48.009 0.0000000000
41691  15.754  -32.066  51.092 0.0000000000
41690  16.442  -31.976  51.815 0.0000000000
36723  6.786  -36.441  44.670 0.0000000000
37658  6.956  -35.884  46.438 0.0000000000
37649  7.029  -35.535  47.192 0.0000000000
154803  6.007  -36.655  47.153 0.0000000000
36697  6.430  -36.117  47.337 0.0000000000
134334  6.791  -35.387  47.888 0.0000000000
37643  6.598  -34.979  48.871 0.0000000000
69376  58.195  -1.074  26.746 0.0000000000
69375  58.836  -1.289  26.851 0.0000000000
69365  53.412  -1.884  27.156 0.0000000000
68457  52.655  -1.926  27.147 0.0000000000
67564  56.194  -3.023  29.330 0.0000000000
67548  52.586  -3.363  29.580 0.0000000000
67547  53.574  -3.393  29.744 0.0000000000
67546  54.604  -3.401  29.853 0.0000000000
67545  55.738  -3.414  29.997 0.0000000000
66636  57.634  -4.510  30.336 0.0000000000
150394  44.445  -2.267  25.581 0.0000000000
67594  44.023  -3.079  27.820 0.0000000000
149071  45.635  -3.046  27.612 0.0000000000
144799  47.142  -3.711  29.145 0.0000000000
66639  47.557  -4.080  29.752 0.0000000000
144398  47.861  -4.574  30.406 0.0000000000
148177  48.426  -4.981  31.229 0.0000000000
66601  43.325  -4.770  31.055 0.0000000000
144664  44.066  -4.628  31.323 0.0000000000
65684  44.565  -5.925  34.094 0.0000000000
65698  45.026  -5.431  33.493 0.0000000000
151365  45.399  -5.488  33.942 0.0000000000
65714  45.042  -5.116  32.851 0.0000000000
65726  45.082  -4.922  32.123 0.0000000000
132607  46.464  -5.551  32.478 0.0000000000
65712  47.368  -5.708  32.640 0.0000000000
65680  47.817  -5.593  34.226 0.0000000000
132809  47.885  -5.787  33.277 0.0000000000
65695  48.574  -5.782  33.535 0.0000000000
65694  49.380  -5.725  33.895 0.0000000000
65678  50.835  -5.350  34.398 0.0000000000
62197  36.765  -9.865  32.129 0.0000000000
62184  34.209  -10.054  32.211 0.0000000000
62165  35.324  -9.870  33.341 0.0000000000
62182  35.753  -9.856  32.808 0.0000000000
150033  37.610  -9.983  34.241 0.0000000000
135943  36.909  -9.959  35.265 0.0000000000
62126  37.506  -9.943  35.649 0.0000000000
62125  38.252  -9.746  36.052 0.0000000000
62099  38.972  -9.300  37.426 0.0000000000
52799  32.753  -19.758  35.287 0.0000000000
52814  33.118  -19.100  34.949 0.0000000000
55855  34.527  -16.222  33.333 0.0000000000
54847  35.281  -17.213  35.296 0.0000000000
55845  34.945  -16.515  34.169 0.0000000000
56797  35.136  -15.824  33.884 0.0000000000
132025  35.911  -15.193  34.936 0.0000000000
50668  36.644  -21.705  41.736 0.0000000000
51663  36.995  -20.665  43.109 0.0000000000
51693  36.707  -20.701  41.660 0.0000000000
52717  36.485  -19.545  40.275 0.0000000000
53758  36.381  -18.875  39.563 0.0000000000
53722  37.156  -18.517  43.449 0.0000000000
54738  37.496  -17.321  43.156 0.0000000000
53731  37.049  -18.145  42.678 0.0000000000
132654  36.750  -18.218  41.177 0.0000000000
53747  36.573  -18.510  40.371 0.0000000000
53769  36.304  -18.326  38.902 0.0000000000
152148  36.423  -16.986  37.997 0.0000000000
55804  36.553  -16.200  37.521 0.0000000000
56742  36.941  -15.881  38.928 0.0000000000
55794  36.688  -16.252  38.241 0.0000000000
56778  36.457  -15.363  36.400 0.0000000000
57728  36.135  -14.486  35.383 0.0000000000
58610  36.273  -13.642  35.950 0.0000000000
143337  36.454  -13.215  36.677 0.0000000000
59510  36.487  -12.493  37.082 0.0000000000
141845  36.595  -11.724  37.568 0.0000000000
60420  36.430  -10.885  37.302 0.0000000000
60415  36.634  -10.958  38.009 0.0000000000
58538  38.628  -13.516  41.995 0.0000000000
59459  38.547  -12.698  41.652 0.0000000000
148491  38.245  -12.481  40.788 0.0000000000
59443  38.474  -11.642  42.503 0.0000000000
60371  38.268  -11.731  41.559 0.0000000000
129528  37.638  -11.724  39.977 0.0000000000
60399  37.079  -10.925  39.281 0.0000000000
61278  36.868  -10.265  38.472 0.0000000000
62102  36.984  -9.734  37.746 0.0000000000
61277  37.201  -9.659  38.577 0.0000000000
62086  37.783  -9.308  38.694 0.0000000000
62072  37.901  -9.200  39.720 0.0000000000
74256  55.497  3.771  18.361 0.0000000000
74255  56.284  3.264  17.935 0.0000000000
73366  56.954  2.562  17.895 0.0000000000
72443  56.859  1.751  18.379 0.0000000000
72442  57.726  1.613  18.582 0.0000000000
72427  58.242  1.309  19.180 0.0000000000
71433  58.866  1.155  20.224 0.0000000000
70399  54.876  0.082  20.724 0.0000000000
70398  55.650  -0.071  20.694 0.0000000000
70397  56.493  -0.205  20.782 0.0000000000
70386  56.777  -0.595  21.543 0.0000000000
133724  59.006  0.776  21.249 0.0000000000
71408  59.647  1.415  22.148 0.0000000000
72406  60.028  1.586  22.832 0.0000000000
71388  59.505  0.798  23.906 0.0000000000
71386  60.341  0.810  23.703 0.0000000000
36690  4.495  -36.959  49.375 0.0000000000
36713  7.105  -36.033  45.076 0.0000000000
37619  5.196  -35.251  51.096 0.0000000000
38668  10.179  -33.937  46.243 0.0000000000
39706  11.624  -33.427  47.123 0.0000000000
39736  14.079  -33.118  45.581 0.0000000000
40808  16.415  -32.095  46.663 0.0000000000
41737  18.176  -31.162  47.157 0.0000000000
41739  17.001  -31.846  47.611 0.0000000000
42672  18.169  -30.416  43.146 0.0000000000
42682  27.978  -30.465  42.766 0.0000000000
42705  17.542  -30.244  40.505 0.0000000000
43480  26.423  -29.891  49.981 0.0000000000
43495  26.854  -29.758  49.235 0.0000000000
43510  27.087  -29.687  48.353 0.0000000000
43574  25.841  -29.280  43.739 0.0000000000
43586  30.520  -30.000  42.158 0.0000000000
43604  29.576  -29.491  41.408 0.0000000000
43608  19.263  -29.151  41.143 0.0000000000
44492  32.039  -28.669  43.283 0.0000000000
44493  25.208  -28.788  44.052 0.0000000000
45391  29.029  -27.166  39.593 0.0000000000
45392  28.199  -27.245  39.430 0.0000000000
45393  27.346  -27.299  39.270 0.0000000000
46156  21.612  -26.858  42.620 0.0000000000
46164  31.281  -26.999  41.135 0.0000000000
46208  23.483  -25.887  38.677 0.0000000000
47080  25.220  -25.222  35.555 0.0000000000
47852  33.694  -23.875  42.831 0.0000000000
48772  33.910  -23.499  42.215 0.0000000000
48809  29.976  -23.937  38.047 0.0000000000
49729  34.819  -22.663  40.414 0.0000000000
49730  33.915  -22.596  40.361 0.0000000000
49757  30.949  -22.844  38.069 0.0000000000
50648  36.992  -21.668  43.176 0.0000000000
50697  34.226  -21.878  39.153 0.0000000000
50725  31.779  -21.685  37.211 0.0000000000
51706  36.474  -20.659  40.608 0.0000000000
51770  32.661  -20.603  36.356 0.0000000000
52815  32.444  -19.475  34.598 0.0000000000
55764  37.235  -16.882  41.014 0.0000000000
58552  38.231  -13.432  40.460 0.0000000000
59460  37.928  -11.497  40.803 0.0000000000
60372  37.836  -10.779  41.204 0.0000000000
62057  37.920  -9.465  40.970 0.0000000000
62114  36.729  -9.952  36.152 0.0000000000
67536  52.159  -3.756  30.252 0.0000000000
71387  60.030  0.949  23.962 0.0000000000
72399  60.234  1.272  23.249 0.0000000000
75185  60.641  5.129  20.044 0.0000000000
76056  61.025  5.720  20.176 0.0000000000
76066  61.677  5.954  18.445 0.0000000000
76950  61.220  6.136  19.757 0.0000000000
129271  11.916  -33.735  45.609 0.0000000000
137773  15.507  -32.390  45.393 0.0000000000
140830  24.192  -26.296  38.607 0.0000000000
143247  56.713  3.874  17.697 0.0000000000
149375  12.110  -33.974  43.483 0.0000000000
149627  13.339  -32.972  48.343 0.0000000000
149799  5.602  -34.805  50.727 0.0000000000
151893  14.986  -32.594  48.985 0.0000000000
153294  61.554  4.486  20.419 0.0000000000
153389  12.018  -33.281  47.585 0.0000000000
153612  58.257  6.723  17.794 0.0000000000
154016  22.203  -26.816  42.628 0.0000000000
156212  13.923  -33.098  42.686 0.0000000000
