#!ascii label  , from subject sub-v2s7x29678_ses-1 vox2ras=TkReg
383
61615  -24.736  -0.817  -36.914 0.0000000000
62790  -26.192  -0.037  -43.199 0.0000000000
74905  -24.405  12.206  -51.985 0.0000000000
71893  -26.921  9.313  -48.665 0.0000000000
69992  -27.441  7.245  -43.405 0.0000000000
66833  -28.805  5.154  -38.559 0.0000000000
76944  -22.570  14.101  -53.214 0.0000000000
70932  -27.529  8.090  -45.815 0.0000000000
121838  -28.374  4.670  -46.180 0.0000000000
61654  -24.871  -0.101  -39.990 0.0000000000
123735  -27.596  2.685  -41.446 0.0000000000
64863  -26.847  2.271  -37.850 0.0000000000
55323  -20.927  -6.536  -35.438 0.0000000000
59652  -23.355  -2.646  -39.066 0.0000000000
83183  -22.066  21.504  -51.438 0.0000000000
130662  -20.835  19.462  -55.158 0.0000000000
79609  -22.380  17.309  -54.494 0.0000000000
78722  -23.759  16.253  -51.079 0.0000000000
77800  -24.315  15.119  -49.001 0.0000000000
72879  -26.065  10.398  -50.038 0.0000000000
129647  -25.088  13.016  -47.327 0.0000000000
73835  -25.670  11.750  -45.097 0.0000000000
72855  -26.198  10.255  -43.131 0.0000000000
71857  -26.727  9.156  -41.109 0.0000000000
65866  -28.676  3.283  -43.254 0.0000000000
67911  -28.267  5.509  -40.979 0.0000000000
67939  -28.469  5.053  -47.012 0.0000000000
66886  -26.294  4.398  -45.840 0.0000000000
61641  -24.946  -0.019  -38.167 0.0000000000
63897  -25.624  1.395  -38.928 0.0000000000
62737  -25.492  0.530  -37.613 0.0000000000
52431  -21.156  -9.055  -31.119 0.0000000000
53416  -21.025  -7.955  -31.994 0.0000000000
54362  -21.301  -7.255  -32.446 0.0000000000
120389  -23.573  -1.800  -40.070 0.0000000000
59660  -22.558  -3.084  -39.658 0.0000000000
80523  -22.041  18.157  -55.892 0.0000000000
75962  -23.495  13.340  -52.659 0.0000000000
77833  -23.423  14.905  -52.589 0.0000000000
76934  -23.995  13.782  -51.981 0.0000000000
137702  -23.948  15.642  -50.717 0.0000000000
75945  -24.737  13.510  -50.198 0.0000000000
72875  -26.409  10.253  -48.957 0.0000000000
73867  -25.722  11.692  -48.942 0.0000000000
73848  -26.174  11.037  -47.270 0.0000000000
74871  -25.376  12.431  -46.686 0.0000000000
72870  -26.300  10.654  -46.318 0.0000000000
138056  -27.646  7.402  -44.938 0.0000000000
71877  -26.575  9.546  -44.491 0.0000000000
70925  -26.742  8.761  -43.132 0.0000000000
71856  -26.472  9.716  -41.786 0.0000000000
70923  -26.956  8.172  -42.434 0.0000000000
63943  -26.013  0.452  -43.680 0.0000000000
64921  -28.048  2.138  -44.360 0.0000000000
63941  -27.626  0.941  -43.620 0.0000000000
65833  -27.482  3.730  -39.733 0.0000000000
65859  -28.291  4.063  -41.509 0.0000000000
67896  -28.379  5.499  -40.051 0.0000000000
68951  -28.460  6.282  -39.744 0.0000000000
67883  -29.297  5.996  -38.773 0.0000000000
56388  -22.028  -5.304  -34.102 0.0000000000
56415  -21.848  -5.025  -36.005 0.0000000000
57599  -22.486  -4.396  -35.328 0.0000000000
58590  -22.787  -3.841  -35.970 0.0000000000
70939  -27.975  7.531  -48.540 0.0000000000
71886  -27.253  8.869  -46.893 0.0000000000
70006  -28.435  6.392  -47.582 0.0000000000
70001  -28.445  6.364  -46.667 0.0000000000
69000  -28.258  5.965  -44.660 0.0000000000
62779  -25.524  -0.046  -41.473 0.0000000000
63932  -26.894  0.822  -42.155 0.0000000000
130046  -26.273  1.855  -40.266 0.0000000000
64888  -26.605  2.530  -39.892 0.0000000000
122503  -27.300  3.478  -38.835 0.0000000000
55290  -21.545  -6.074  -33.709 0.0000000000
61673  -24.297  -0.569  -41.583 0.0000000000
61653  -24.471  -0.794  -40.411 0.0000000000
60632  -24.159  -1.295  -39.696 0.0000000000
60608  -24.155  -1.526  -37.504 0.0000000000
84057  -22.460  22.982  -51.908 0.0000000000
81436  -21.124  20.020  -51.972 0.0000000000
82286  -21.214  20.759  -52.940 0.0000000000
82300  -22.230  20.985  -55.216 0.0000000000
82287  -23.238  20.160  -54.147 0.0000000000
81446  -23.539  19.505  -53.237 0.0000000000
78752  -22.487  15.809  -53.433 0.0000000000
118549  -23.263  16.876  -52.425 0.0000000000
80490  -23.991  18.869  -51.603 0.0000000000
79578  -24.083  18.187  -50.803 0.0000000000
78718  -24.296  16.489  -49.376 0.0000000000
77785  -24.421  15.786  -48.255 0.0000000000
73885  -25.194  11.349  -51.141 0.0000000000
75946  -25.190  12.765  -49.859 0.0000000000
76903  -24.690  13.839  -47.923 0.0000000000
77773  -24.560  15.609  -47.383 0.0000000000
76891  -24.594  14.542  -46.360 0.0000000000
127669  -25.423  12.878  -43.784 0.0000000000
127114  -26.429  10.246  -45.672 0.0000000000
73823  -25.961  11.000  -44.492 0.0000000000
65878  -27.436  3.047  -44.742 0.0000000000
66885  -28.242  3.824  -44.725 0.0000000000
67923  -28.488  4.873  -43.475 0.0000000000
134813  -27.991  2.357  -42.354 0.0000000000
129889  -28.562  4.627  -42.678 0.0000000000
68982  -27.719  6.599  -42.072 0.0000000000
69968  -27.406  7.530  -40.819 0.0000000000
70883  -27.441  8.665  -39.807 0.0000000000
58624  -22.756  -3.640  -38.452 0.0000000000
59633  -23.474  -2.645  -37.003 0.0000000000
130336  -24.715  -1.481  -35.820 0.0000000000
61626  -25.116  -0.152  -37.272 0.0000000000
62728  -25.726  0.318  -36.774 0.0000000000
61616  -25.352  -0.347  -36.435 0.0000000000
53389  -21.809  -9.091  -30.755 0.0000000000
53403  -20.723  -8.692  -31.622 0.0000000000
124968  -21.591  -8.318  -31.195 0.0000000000
75963  -24.017  12.941  -52.244 0.0000000000
75951  -24.481  13.120  -51.516 0.0000000000
116640  -24.315  13.917  -50.938 0.0000000000
133091  -27.509  8.347  -48.927 0.0000000000
70942  -27.438  8.668  -49.872 0.0000000000
73859  -26.244  10.855  -48.226 0.0000000000
72872  -26.539  10.241  -47.886 0.0000000000
71889  -26.870  9.523  -47.419 0.0000000000
69997  -27.423  7.602  -44.206 0.0000000000
133958  -26.992  8.292  -43.822 0.0000000000
70926  -27.104  7.917  -43.262 0.0000000000
69988  -27.325  7.394  -42.559 0.0000000000
63944  -26.929  0.455  -43.766 0.0000000000
63940  -27.009  0.329  -43.210 0.0000000000
66832  -27.908  4.353  -38.959 0.0000000000
65834  -27.885  4.353  -39.898 0.0000000000
66842  -28.278  5.020  -39.473 0.0000000000
137697  -28.814  5.941  -39.270 0.0000000000
67882  -28.823  5.630  -39.031 0.0000000000
67872  -29.623  5.775  -38.463 0.0000000000
57580  -22.535  -4.679  -34.431 0.0000000000
69015  -28.129  6.194  -48.958 0.0000000000
124911  -28.209  7.119  -47.760 0.0000000000
134064  -28.366  5.824  -48.106 0.0000000000
66890  -28.214  4.659  -46.795 0.0000000000
127146  -28.580  5.628  -46.665 0.0000000000
124716  -28.539  5.267  -46.244 0.0000000000
69004  -28.409  6.076  -45.738 0.0000000000
67934  -28.449  5.150  -45.405 0.0000000000
122801  -25.347  0.323  -40.467 0.0000000000
138423  -25.807  0.590  -40.957 0.0000000000
63911  -25.707  1.250  -40.053 0.0000000000
63898  -26.252  1.897  -38.378 0.0000000000
63912  -26.112  2.023  -39.355 0.0000000000
64874  -26.691  2.681  -38.792 0.0000000000
64864  -27.295  2.961  -38.042 0.0000000000
52429  -19.549  -9.485  -31.648 0.0000000000
51278  -19.571  -10.134  -31.097 0.0000000000
55275  -21.434  -6.643  -32.981 0.0000000000
55276  -22.649  -5.838  -32.495 0.0000000000
61667  -24.386  -0.758  -41.169 0.0000000000
59661  -23.157  -2.487  -39.825 0.0000000000
60631  -23.688  -1.990  -39.323 0.0000000000
60622  -24.160  -1.396  -38.602 0.0000000000
60621  -23.729  -2.086  -38.403 0.0000000000
84054  -22.616  22.974  -50.998 0.0000000000
135271  -22.388  22.325  -51.410 0.0000000000
84059  -22.334  22.951  -52.954 0.0000000000
83187  -22.131  22.204  -52.296 0.0000000000
81452  -20.664  18.930  -54.346 0.0000000000
81445  -20.962  19.957  -53.144 0.0000000000
82292  -21.055  20.698  -54.192 0.0000000000
83190  -21.426  21.472  -53.867 0.0000000000
82298  -21.178  20.319  -55.303 0.0000000000
83199  -21.725  20.841  -55.315 0.0000000000
82299  -21.790  19.996  -55.852 0.0000000000
80515  -22.354  18.094  -55.283 0.0000000000
81459  -22.145  19.007  -55.742 0.0000000000
81454  -22.739  19.225  -54.599 0.0000000000
80516  -22.846  18.300  -53.919 0.0000000000
76953  -22.676  14.749  -53.410 0.0000000000
78729  -23.405  15.970  -52.287 0.0000000000
79577  -23.524  17.840  -51.969 0.0000000000
79565  -23.595  17.069  -51.445 0.0000000000
79566  -24.031  17.151  -50.474 0.0000000000
77811  -24.169  15.534  -49.865 0.0000000000
78723  -24.106  16.354  -50.190 0.0000000000
135245  -24.301  15.906  -48.987 0.0000000000
78711  -24.506  16.596  -48.565 0.0000000000
71900  -26.145  9.586  -50.647 0.0000000000
72878  -25.465  10.619  -50.775 0.0000000000
74889  -25.300  11.999  -50.586 0.0000000000
73877  -25.654  11.327  -50.088 0.0000000000
74877  -25.444  12.320  -48.160 0.0000000000
121794  -25.083  13.072  -48.230 0.0000000000
134760  -24.448  14.854  -48.099 0.0000000000
76898  -24.540  14.681  -47.151 0.0000000000
77762  -24.665  15.464  -46.385 0.0000000000
75927  -24.684  13.845  -46.804 0.0000000000
74865  -25.341  12.480  -45.717 0.0000000000
75922  -24.969  13.314  -45.318 0.0000000000
74861  -25.326  12.631  -44.713 0.0000000000
75915  -25.139  13.561  -44.418 0.0000000000
139284  -27.548  8.262  -46.541 0.0000000000
71885  -26.717  9.731  -46.358 0.0000000000
71883  -27.148  8.917  -45.973 0.0000000000
71872  -26.500  9.554  -43.583 0.0000000000
72863  -26.250  10.268  -44.022 0.0000000000
73807  -25.917  10.962  -43.547 0.0000000000
73822  -25.627  11.857  -43.970 0.0000000000
73806  -25.780  11.605  -43.036 0.0000000000
71842  -26.821  9.826  -40.508 0.0000000000
65877  -26.316  3.256  -44.818 0.0000000000
65873  -28.455  2.441  -44.075 0.0000000000
65879  -28.139  3.046  -44.472 0.0000000000
65874  -28.549  3.274  -43.968 0.0000000000
66877  -28.526  4.232  -44.151 0.0000000000
66871  -28.674  3.999  -43.388 0.0000000000
64901  -26.920  1.966  -41.031 0.0000000000
64902  -27.531  1.695  -42.163 0.0000000000
66854  -28.250  4.872  -41.138 0.0000000000
66866  -28.518  4.348  -42.075 0.0000000000
67918  -28.383  5.142  -41.804 0.0000000000
68990  -28.152  5.626  -42.598 0.0000000000
68983  -28.130  5.952  -41.506 0.0000000000
68966  -27.757  6.718  -41.119 0.0000000000
69949  -28.281  7.084  -39.473 0.0000000000
69948  -27.607  7.729  -39.977 0.0000000000
70884  -28.005  8.022  -39.269 0.0000000000
58591  -23.487  -3.208  -35.564 0.0000000000
58605  -23.062  -3.304  -36.728 0.0000000000
59622  -23.707  -2.593  -36.213 0.0000000000
59634  -23.917  -2.050  -36.772 0.0000000000
59623  -24.163  -2.523  -35.378 0.0000000000
67943  -28.320  5.347  -47.710 0.0000000000
66889  -27.703  4.512  -46.833 0.0000000000
66887  -27.980  4.341  -46.175 0.0000000000
62750  -24.878  0.027  -39.071 0.0000000000
62767  -25.235  0.656  -39.481 0.0000000000
62751  -25.294  0.681  -38.512 0.0000000000
63892  -25.846  1.228  -37.984 0.0000000000
63893  -26.476  1.644  -37.520 0.0000000000
62738  -26.081  1.025  -37.114 0.0000000000
62729  -26.358  0.730  -36.331 0.0000000000
52418  -21.200  -9.669  -30.766 0.0000000000
137610  -20.907  -7.188  -33.122 0.0000000000
54347  -21.782  -7.455  -31.665 0.0000000000
60643  -23.267  -1.724  -40.418 0.0000000000
59666  -22.655  -2.347  -40.060 0.0000000000
58633  -22.939  -3.103  -39.399 0.0000000000
82280  -21.804  20.784  -50.949 0.0000000000
80521  -20.882  18.616  -55.144 0.0000000000
81464  -21.835  18.796  -56.021 0.0000000000
79618  -21.606  17.871  -55.502 0.0000000000
79608  -21.980  17.574  -55.388 0.0000000000
119776  -22.041  16.858  -54.300 0.0000000000
76945  -23.039  14.451  -53.128 0.0000000000
122331  -23.477  14.091  -52.669 0.0000000000
131893  -23.737  14.549  -52.021 0.0000000000
77810  -23.724  15.334  -51.621 0.0000000000
76921  -24.029  14.741  -51.011 0.0000000000
76912  -24.359  14.503  -49.978 0.0000000000
73868  -26.064  11.053  -49.069 0.0000000000
73858  -25.861  11.481  -48.122 0.0000000000
137420  -25.389  12.415  -47.345 0.0000000000
125059  -25.642  11.874  -47.282 0.0000000000
73847  -25.786  11.596  -46.249 0.0000000000
134717  -27.458  7.922  -45.001 0.0000000000
71878  -27.032  8.758  -45.011 0.0000000000
70929  -27.124  8.303  -44.418 0.0000000000
71873  -26.788  8.864  -44.075 0.0000000000
72843  -26.230  10.303  -42.281 0.0000000000
71867  -26.454  9.586  -42.664 0.0000000000
70915  -26.664  8.929  -42.095 0.0000000000
70916  -27.001  8.194  -41.522 0.0000000000
65872  -27.007  2.181  -44.475 0.0000000000
64917  -26.537  1.208  -44.120 0.0000000000
64918  -27.594  1.234  -44.122 0.0000000000
64919  -28.348  1.757  -43.859 0.0000000000
64889  -27.197  3.001  -40.404 0.0000000000
65845  -27.814  3.708  -40.802 0.0000000000
65846  -28.087  4.640  -40.480 0.0000000000
68967  -28.229  6.131  -40.595 0.0000000000
69950  -29.011  6.450  -38.916 0.0000000000
69936  -29.572  6.848  -38.441 0.0000000000
68940  -29.990  6.193  -38.366 0.0000000000
56387  -21.441  -5.873  -34.730 0.0000000000
56401  -21.404  -5.805  -35.731 0.0000000000
56402  -21.906  -5.118  -35.023 0.0000000000
121536  -22.318  -4.459  -36.225 0.0000000000
58604  -22.497  -4.176  -36.916 0.0000000000
57600  -23.075  -3.792  -35.218 0.0000000000
70013  -28.350  6.869  -49.526 0.0000000000
71890  -27.398  8.618  -47.928 0.0000000000
70935  -27.757  7.959  -47.381 0.0000000000
70005  -28.052  7.353  -46.774 0.0000000000
69008  -28.536  5.651  -47.382 0.0000000000
70000  -27.912  7.160  -45.688 0.0000000000
68999  -27.871  6.824  -44.868 0.0000000000
68994  -27.770  6.672  -43.974 0.0000000000
62785  -25.780  -0.145  -42.421 0.0000000000
62791  -26.442  0.068  -42.709 0.0000000000
62786  -26.164  0.297  -41.823 0.0000000000
63925  -26.282  1.152  -41.030 0.0000000000
64875  -26.977  3.151  -39.509 0.0000000000
65824  -28.301  4.442  -38.184 0.0000000000
65823  -27.797  3.727  -38.156 0.0000000000
64854  -27.009  1.950  -37.216 0.0000000000
51267  -19.935  -10.763  -30.607 0.0000000000
55311  -20.934  -6.584  -34.507 0.0000000000
54374  -20.930  -6.839  -33.713 0.0000000000
56374  -22.318  -5.541  -33.279 0.0000000000
61676  -25.339  -0.159  -42.554 0.0000000000
61674  -25.003  -0.403  -41.851 0.0000000000
61668  -24.977  -0.377  -40.894 0.0000000000
60644  -23.900  -1.269  -40.647 0.0000000000
136682  -24.590  -0.583  -39.597 0.0000000000
61640  -24.545  -0.663  -38.819 0.0000000000
61625  -24.578  -0.735  -37.861 0.0000000000
84050  -22.858  22.857  -50.142 0.0000000000
123655  -21.468  20.073  -50.874 0.0000000000
82284  -21.505  20.750  -51.783 0.0000000000
83186  -21.637  21.492  -52.644 0.0000000000
83195  -21.972  22.022  -54.293 0.0000000000
81460  -22.447  20.166  -55.191 0.0000000000
82293  -23.236  21.049  -54.341 0.0000000000
82288  -23.999  20.497  -53.395 0.0000000000
81437  -23.984  19.383  -52.224 0.0000000000
78751  -22.178  16.024  -53.675 0.0000000000
78737  -22.416  16.501  -53.786 0.0000000000
77848  -22.962  15.283  -53.219 0.0000000000
78738  -22.879  16.234  -53.129 0.0000000000
79592  -22.946  17.306  -53.254 0.0000000000
80503  -23.456  18.558  -52.634 0.0000000000
80478  -24.839  18.783  -49.966 0.0000000000
120467  -24.429  17.878  -49.837 0.0000000000
73884  -24.993  10.986  -51.220 0.0000000000
74897  -24.961  11.865  -51.425 0.0000000000
74888  -24.965  12.573  -51.049 0.0000000000
123971  -24.546  14.193  -49.003 0.0000000000
75939  -25.254  12.764  -48.897 0.0000000000
75938  -24.924  13.371  -48.990 0.0000000000
75928  -24.970  13.161  -46.274 0.0000000000
75921  -24.679  13.962  -45.879 0.0000000000
76879  -25.250  14.620  -44.190 0.0000000000
73836  -26.086  10.927  -45.449 0.0000000000
71882  -26.673  9.578  -45.391 0.0000000000
72867  -26.328  10.266  -44.912 0.0000000000
66883  -26.861  3.767  -45.374 0.0000000000
66884  -27.816  3.746  -45.337 0.0000000000
66888  -28.187  4.242  -45.543 0.0000000000
67929  -28.401  5.080  -44.386 0.0000000000
68995  -28.118  5.788  -43.684 0.0000000000
63933  -27.552  0.905  -42.919 0.0000000000
64911  -28.055  1.588  -43.087 0.0000000000
64912  -28.499  2.558  -43.028 0.0000000000
64903  -28.160  3.190  -41.972 0.0000000000
124734  -28.539  3.562  -42.478 0.0000000000
139956  -28.669  3.941  -42.789 0.0000000000
68989  -27.702  6.550  -43.045 0.0000000000
69982  -27.371  7.379  -41.676 0.0000000000
70901  -27.149  8.402  -40.572 0.0000000000
69969  -27.884  6.856  -40.237 0.0000000000
58632  -22.527  -3.659  -39.142 0.0000000000
58625  -23.061  -3.201  -38.761 0.0000000000
58614  -23.129  -3.072  -37.795 0.0000000000
59645  -23.627  -2.321  -37.613 0.0000000000
60595  -24.445  -1.437  -36.487 0.0000000000
55291  -21.986  -6.110  -32.899 0.0000000000
61675  -24.691  -0.316  -42.109 0.0000000000
64920  -28.590  2.584  -43.704 0.0000000000
70010  -28.265  6.521  -48.459 0.0000000000
74883  -25.474  12.167  -49.407 0.0000000000
79619  -21.878  18.107  -55.890 0.0000000000
80514  -20.780  18.187  -54.443 0.0000000000
80522  -21.550  18.488  -55.830 0.0000000000
81453  -20.764  19.833  -54.320 0.0000000000
81458  -21.343  19.313  -55.744 0.0000000000
124841  -27.046  9.152  -40.330 0.0000000000
125787  -27.293  4.176  -46.096 0.0000000000
126788  -24.253  -1.966  -35.963 0.0000000000
127637  -26.531  10.264  -47.018 0.0000000000
128703  -23.384  -2.663  -38.324 0.0000000000
135226  -24.302  17.070  -49.763 0.0000000000
136127  -28.345  4.499  -44.973 0.0000000000
137989  -27.143  7.800  -42.044 0.0000000000
139743  -28.361  4.596  -45.565 0.0000000000
