#!ascii label  , from subject sub-v2s7x29675_ses-1 vox2ras=TkReg
1244
81445  -43.266  21.454  13.321 0.0000000000
77607  -55.927  16.601  3.041 0.0000000000
132863  -50.687  23.879  17.740 0.0000000000
79153  -52.253  18.157  10.145 0.0000000000
77452  -51.621  16.270  18.105 0.0000000000
83000  -49.188  23.452  5.515 0.0000000000
85959  -55.325  27.810  7.788 0.0000000000
85904  -45.881  27.711  11.243 0.0000000000
75849  -44.749  14.236  20.604 0.0000000000
79150  -46.361  18.290  10.064 0.0000000000
80028  -49.709  19.654  6.655 0.0000000000
82237  -46.716  22.430  9.678 0.0000000000
85124  -54.438  26.747  20.889 0.0000000000
83693  -54.894  24.693  13.441 0.0000000000
85878  -54.466  27.350  14.828 0.0000000000
110092  -50.010  27.739  10.043 0.0000000000
87362  -50.017  29.444  15.128 0.0000000000
128399  -53.686  19.026  1.114 0.0000000000
81433  -42.166  21.753  18.496 0.0000000000
82182  -46.615  22.570  15.604 0.0000000000
79957  -57.225  19.711  13.266 0.0000000000
77503  -51.641  16.056  14.067 0.0000000000
116704  -46.217  16.588  14.017 0.0000000000
77446  -45.455  17.039  18.180 0.0000000000
111728  -53.328  21.026  3.734 0.0000000000
83030  -54.034  24.061  0.270 0.0000000000
82223  -50.500  23.091  11.835 0.0000000000
83750  -54.575  24.759  6.858 0.0000000000
86051  -52.582  27.709  1.045 0.0000000000
111151  -48.098  27.809  3.347 0.0000000000
85987  -44.937  27.873  5.321 0.0000000000
79962  -44.276  19.255  11.685 0.0000000000
79991  -45.611  19.778  9.508 0.0000000000
81455  -45.015  21.750  11.264 0.0000000000
87334  -55.150  29.359  20.008 0.0000000000
85861  -54.469  27.042  17.770 0.0000000000
86639  -52.961  28.580  17.756 0.0000000000
85868  -51.489  27.642  15.327 0.0000000000
79238  -54.950  18.169  1.605 0.0000000000
128980  -41.619  22.202  20.589 0.0000000000
113627  -44.070  22.010  20.322 0.0000000000
76685  -52.159  15.793  15.804 0.0000000000
76700  -49.086  15.731  13.852 0.0000000000
76673  -48.656  15.837  16.224 0.0000000000
76631  -45.325  15.598  20.353 0.0000000000
77475  -39.896  17.110  16.694 0.0000000000
79937  -39.009  19.282  17.232 0.0000000000
79091  -38.096  18.284  17.629 0.0000000000
79184  -53.128  18.799  8.583 0.0000000000
81489  -48.503  21.855  5.693 0.0000000000
80805  -51.196  20.401  5.179 0.0000000000
81502  -50.469  22.021  3.709 0.0000000000
82290  -52.970  22.900  1.679 0.0000000000
83780  -50.997  24.197  3.117 0.0000000000
82175  -48.341  22.726  16.572 0.0000000000
82195  -48.963  22.519  14.183 0.0000000000
125904  -51.075  23.157  14.790 0.0000000000
85188  -56.987  26.654  10.597 0.0000000000
83717  -54.757  24.809  10.321 0.0000000000
85212  -57.125  26.794  6.386 0.0000000000
85228  -55.809  26.698  3.505 0.0000000000
121083  -53.704  27.884  4.548 0.0000000000
132465  -50.226  27.786  1.958 0.0000000000
131991  -51.992  27.866  5.901 0.0000000000
85921  -47.226  27.423  10.671 0.0000000000
111160  -47.299  27.408  7.306 0.0000000000
110077  -44.963  26.853  8.468 0.0000000000
85966  -42.783  27.999  6.327 0.0000000000
85930  -43.145  27.172  9.891 0.0000000000
78356  -49.064  17.856  9.870 0.0000000000
79181  -50.537  18.554  8.485 0.0000000000
79179  -47.915  18.753  8.614 0.0000000000
81477  -47.040  21.428  7.560 0.0000000000
128137  -48.135  23.239  8.203 0.0000000000
116085  -52.041  25.071  19.119 0.0000000000
83683  -53.034  24.063  15.943 0.0000000000
125034  -54.778  25.749  17.167 0.0000000000
85170  -56.594  26.993  14.556 0.0000000000
85909  -54.798  27.872  11.109 0.0000000000
110080  -51.860  28.026  8.961 0.0000000000
110102  -51.728  27.743  11.870 0.0000000000
110108  -49.821  27.524  13.056 0.0000000000
86655  -47.669  28.946  13.134 0.0000000000
80841  -51.768  20.080  0.657 0.0000000000
82178  -42.653  22.397  15.724 0.0000000000
82191  -44.312  22.539  14.382 0.0000000000
111126  -44.731  22.632  17.063 0.0000000000
82157  -46.600  22.605  19.027 0.0000000000
82899  -48.520  23.541  20.224 0.0000000000
84403  -47.422  24.848  20.884 0.0000000000
83649  -49.508  24.548  20.675 0.0000000000
79132  -54.571  18.827  12.271 0.0000000000
78311  -54.093  17.989  13.638 0.0000000000
78317  -51.822  17.090  12.163 0.0000000000
77534  -49.013  16.711  11.809 0.0000000000
78316  -46.080  17.193  12.069 0.0000000000
116992  -51.305  17.200  20.273 0.0000000000
76614  -48.187  15.586  21.327 0.0000000000
131337  -48.044  16.542  20.266 0.0000000000
77466  -48.217  16.399  18.038 0.0000000000
77480  -45.764  17.124  16.164 0.0000000000
79949  -41.969  19.831  14.325 0.0000000000
79215  -56.740  18.383  4.551 0.0000000000
80031  -52.514  19.532  6.424 0.0000000000
80057  -54.438  20.156  4.597 0.0000000000
80067  -56.575  19.736  2.474 0.0000000000
80845  -56.049  20.521  0.866 0.0000000000
115587  -54.787  22.264  0.134 0.0000000000
83044  -52.787  23.358  -0.649 0.0000000000
82208  -46.573  22.452  12.383 0.0000000000
82231  -48.375  22.690  10.953 0.0000000000
82965  -50.420  23.541  8.865 0.0000000000
132850  -52.780  23.829  12.805 0.0000000000
83723  -52.806  24.096  9.464 0.0000000000
83747  -51.648  24.002  6.543 0.0000000000
84517  -53.578  25.007  3.703 0.0000000000
85262  -54.125  26.366  0.129 0.0000000000
83806  -51.406  24.523  -0.554 0.0000000000
85973  -49.752  27.742  6.827 0.0000000000
85989  -46.609  27.722  5.061 0.0000000000
86032  -43.944  28.131  1.866 0.0000000000
86726  -41.662  28.857  2.692 0.0000000000
86717  -39.938  29.018  3.483 0.0000000000
80759  -43.723  20.424  12.359 0.0000000000
81454  -44.565  20.757  11.206 0.0000000000
81449  -44.164  21.151  12.036 0.0000000000
87333  -54.295  29.371  19.024 0.0000000000
123080  -52.427  29.303  17.338 0.0000000000
77612  -55.772  16.992  2.695 0.0000000000
76676  -51.617  15.622  16.477 0.0000000000
130032  -50.039  15.324  16.018 0.0000000000
76674  -49.661  15.561  16.665 0.0000000000
122406  -39.623  16.433  17.176 0.0000000000
78270  -39.183  17.775  16.801 0.0000000000
79154  -53.525  18.561  10.268 0.0000000000
79170  -52.449  18.477  9.327 0.0000000000
82266  -48.602  22.762  5.717 0.0000000000
81495  -49.355  21.879  4.751 0.0000000000
123218  -49.574  23.384  4.658 0.0000000000
82279  -50.401  22.839  3.536 0.0000000000
83757  -50.096  23.944  4.460 0.0000000000
82910  -49.658  23.421  17.773 0.0000000000
82921  -49.850  22.965  15.834 0.0000000000
82917  -50.527  23.433  16.534 0.0000000000
130915  -56.539  27.359  9.380 0.0000000000
85198  -57.274  26.619  8.270 0.0000000000
85960  -56.351  27.542  7.226 0.0000000000
85977  -55.874  27.588  5.708 0.0000000000
131987  -54.983  27.804  6.243 0.0000000000
85995  -52.722  27.925  5.336 0.0000000000
111154  -53.382  27.987  7.178 0.0000000000
126575  -46.574  27.564  11.195 0.0000000000
85932  -46.117  27.084  9.628 0.0000000000
85931  -45.329  27.015  9.993 0.0000000000
85944  -44.107  26.726  9.022 0.0000000000
85918  -44.699  27.377  10.598 0.0000000000
78342  -47.824  17.577  10.531 0.0000000000
79166  -48.512  18.290  9.252 0.0000000000
120311  -46.857  18.495  9.479 0.0000000000
81467  -45.692  21.468  9.616 0.0000000000
80783  -46.302  20.536  8.526 0.0000000000
82243  -46.463  22.118  8.840 0.0000000000
82251  -47.354  22.352  7.441 0.0000000000
82238  -47.090  22.682  8.887 0.0000000000
123095  -53.512  25.998  20.030 0.0000000000
83672  -53.640  25.630  18.388 0.0000000000
84434  -54.272  26.300  18.445 0.0000000000
85163  -54.716  26.953  16.658 0.0000000000
85168  -55.908  26.785  16.028 0.0000000000
85879  -55.520  27.388  14.515 0.0000000000
85887  -56.125  27.346  13.259 0.0000000000
111465  -54.475  27.670  12.727 0.0000000000
85893  -53.454  27.799  12.119 0.0000000000
85885  -53.336  27.615  13.061 0.0000000000
86648  -50.434  28.404  15.217 0.0000000000
121365  -50.392  27.701  14.372 0.0000000000
86652  -49.265  28.346  14.195 0.0000000000
85892  -48.320  27.847  12.716 0.0000000000
87360  -48.953  29.082  14.232 0.0000000000
80842  -52.838  19.832  0.631 0.0000000000
82169  -42.226  22.218  16.655 0.0000000000
82170  -43.232  22.515  16.718 0.0000000000
82162  -43.608  22.295  17.939 0.0000000000
82138  -44.841  22.294  20.595 0.0000000000
82156  -45.227  22.382  18.949 0.0000000000
82150  -46.285  22.620  20.080 0.0000000000
82158  -47.405  22.775  18.766 0.0000000000
82897  -46.909  23.118  20.726 0.0000000000
85140  -46.660  26.029  19.587 0.0000000000
84404  -48.880  24.906  20.818 0.0000000000
84428  -49.286  25.653  20.447 0.0000000000
84406  -50.707  25.607  20.684 0.0000000000
85828  -49.908  27.256  19.519 0.0000000000
79970  -55.912  19.622  11.706 0.0000000000
79133  -55.471  19.325  12.535 0.0000000000
78302  -53.866  17.449  14.492 0.0000000000
78310  -53.367  17.260  13.819 0.0000000000
115043  -53.350  17.582  13.054 0.0000000000
77528  -51.801  16.748  12.786 0.0000000000
77536  -50.617  16.882  11.714 0.0000000000
77514  -50.363  16.142  12.974 0.0000000000
128135  -47.679  16.089  13.766 0.0000000000
114896  -47.271  16.385  13.221 0.0000000000
77510  -46.469  16.617  13.340 0.0000000000
75851  -46.788  14.953  21.010 0.0000000000
77417  -46.924  16.522  20.155 0.0000000000
77430  -46.743  16.780  19.178 0.0000000000
77449  -48.303  16.533  19.109 0.0000000000
115786  -46.851  16.877  18.152 0.0000000000
77482  -47.362  16.631  16.806 0.0000000000
77464  -45.559  17.221  17.070 0.0000000000
80751  -41.147  20.676  15.290 0.0000000000
79942  -40.786  19.803  15.459 0.0000000000
79210  -56.796  18.464  5.570 0.0000000000
79193  -49.974  18.818  7.879 0.0000000000
79195  -51.702  18.880  7.790 0.0000000000
80029  -50.634  19.568  6.559 0.0000000000
80816  -52.496  20.736  4.410 0.0000000000
80806  -52.734  20.256  5.094 0.0000000000
80817  -53.441  20.490  4.488 0.0000000000
80058  -55.566  19.958  4.145 0.0000000000
80823  -55.351  20.778  3.009 0.0000000000
120119  -56.381  20.138  1.582 0.0000000000
80831  -55.729  21.200  2.053 0.0000000000
82300  -53.748  23.442  0.986 0.0000000000
81519  -54.865  22.278  1.028 0.0000000000
123242  -54.450  23.015  -0.139 0.0000000000
81540  -54.089  22.556  -0.417 0.0000000000
83046  -54.057  23.716  -0.180 0.0000000000
117427  -45.987  22.616  14.939 0.0000000000
82200  -45.507  22.488  13.358 0.0000000000
111456  -47.267  22.487  13.937 0.0000000000
82211  -49.547  22.690  12.697 0.0000000000
82210  -48.731  22.537  12.707 0.0000000000
82947  -49.974  23.075  11.066 0.0000000000
82955  -49.794  23.256  10.090 0.0000000000
82956  -50.692  23.398  10.413 0.0000000000
83688  -53.932  24.270  14.435 0.0000000000
82929  -52.552  23.677  14.340 0.0000000000
83696  -54.051  24.372  12.693 0.0000000000
83740  -54.809  24.772  7.750 0.0000000000
83716  -53.552  24.437  10.137 0.0000000000
83739  -53.778  24.509  7.645 0.0000000000
82976  -52.100  23.895  7.976 0.0000000000
125274  -53.424  24.542  6.051 0.0000000000
83771  -52.523  24.598  4.521 0.0000000000
83761  -53.933  24.788  5.359 0.0000000000
86042  -54.511  27.504  1.881 0.0000000000
85251  -54.506  26.943  1.279 0.0000000000
85261  -53.554  26.973  0.025 0.0000000000
84568  -52.974  25.492  -0.620 0.0000000000
85278  -52.131  26.337  -0.482 0.0000000000
84565  -49.696  25.552  0.073 0.0000000000
86058  -50.759  27.358  0.305 0.0000000000
86022  -49.135  27.707  3.223 0.0000000000
86038  -48.653  27.730  1.417 0.0000000000
110081  -50.927  27.947  9.144 0.0000000000
111157  -50.335  27.842  7.715 0.0000000000
110072  -49.668  27.767  8.427 0.0000000000
85969  -45.881  27.332  6.817 0.0000000000
116864  -47.115  27.509  5.813 0.0000000000
85988  -45.807  27.814  5.130 0.0000000000
86020  -45.572  28.263  3.238 0.0000000000
129097  -44.630  28.248  4.355 0.0000000000
86734  -43.356  28.467  1.992 0.0000000000
132198  -43.211  28.632  4.243 0.0000000000
85965  -42.260  27.895  7.078 0.0000000000
86713  -41.979  28.879  4.796 0.0000000000
111041  -40.565  29.168  5.466 0.0000000000
87424  -39.425  29.219  4.257 0.0000000000
132172  -45.658  18.433  10.454 0.0000000000
79149  -45.609  18.971  9.933 0.0000000000
79980  -45.140  19.805  10.161 0.0000000000
126844  -44.960  21.092  10.633 0.0000000000
82228  -45.857  22.194  10.937 0.0000000000
85849  -54.862  27.243  19.386 0.0000000000
126834  -55.122  27.819  19.703 0.0000000000
85860  -53.615  27.837  18.013 0.0000000000
111058  -53.506  27.231  16.190 0.0000000000
85877  -52.202  27.385  14.790 0.0000000000
85864  -51.863  27.859  16.123 0.0000000000
87357  -51.129  29.196  16.150 0.0000000000
79245  -54.242  18.649  1.312 0.0000000000
81424  -41.701  21.441  20.043 0.0000000000
82153  -42.941  21.979  18.791 0.0000000000
81425  -42.532  21.690  20.311 0.0000000000
76693  -51.932  15.843  14.925 0.0000000000
76702  -50.798  15.826  13.842 0.0000000000
76692  -50.349  15.530  14.441 0.0000000000
76690  -48.614  15.671  14.492 0.0000000000
77502  -47.111  16.283  15.056 0.0000000000
75874  -45.060  14.890  20.574 0.0000000000
76655  -44.063  16.362  19.022 0.0000000000
78277  -40.517  17.625  16.220 0.0000000000
79098  -39.951  18.863  16.227 0.0000000000
78276  -39.832  18.026  16.365 0.0000000000
79092  -38.733  18.442  17.162 0.0000000000
80795  -49.142  20.192  6.153 0.0000000000
80796  -50.042  20.032  6.016 0.0000000000
81491  -49.788  21.048  4.977 0.0000000000
80815  -51.335  20.956  4.318 0.0000000000
80821  -52.285  21.292  3.701 0.0000000000
81504  -53.163  21.589  2.962 0.0000000000
81510  -51.632  22.416  2.740 0.0000000000
82288  -51.658  23.266  2.349 0.0000000000
83028  -52.005  23.957  1.941 0.0000000000
82174  -47.353  22.594  16.270 0.0000000000
82184  -47.745  22.481  14.812 0.0000000000
82185  -48.969  22.670  15.619 0.0000000000
82196  -49.764  22.662  14.163 0.0000000000
82932  -50.821  23.018  13.261 0.0000000000
84449  -56.187  25.503  12.375 0.0000000000
83709  -55.510  25.017  11.678 0.0000000000
84465  -56.471  25.544  10.599 0.0000000000
84482  -56.306  25.392  8.251 0.0000000000
84499  -56.434  25.605  6.305 0.0000000000
113261  -55.904  25.658  4.955 0.0000000000
85219  -56.662  26.651  5.140 0.0000000000
86014  -55.646  27.315  3.924 0.0000000000
127058  -53.400  27.771  2.748 0.0000000000
86040  -51.785  27.738  1.738 0.0000000000
111494  -52.369  27.766  3.609 0.0000000000
86011  -51.523  27.761  4.366 0.0000000000
86009  -49.862  27.624  4.289 0.0000000000
131211  -48.907  27.568  10.352 0.0000000000
110073  -48.782  27.608  8.306 0.0000000000
124947  -47.402  27.330  8.983 0.0000000000
110076  -45.926  27.130  7.999 0.0000000000
110781  -45.025  27.135  7.453 0.0000000000
85985  -43.415  28.122  5.627 0.0000000000
85957  -44.205  26.877  7.984 0.0000000000
131349  -43.002  26.972  8.393 0.0000000000
85941  -41.836  27.574  8.641 0.0000000000
78345  -50.510  17.567  10.465 0.0000000000
79169  -51.070  18.348  9.090 0.0000000000
79168  -50.262  18.270  9.165 0.0000000000
79180  -49.713  18.549  8.556 0.0000000000
80003  -48.359  19.170  7.884 0.0000000000
113659  -46.917  18.994  8.800 0.0000000000
80002  -47.371  19.424  8.121 0.0000000000
80013  -48.318  19.797  7.161 0.0000000000
81483  -47.598  21.490  6.891 0.0000000000
82258  -47.797  22.404  6.728 0.0000000000
82991  -48.651  23.408  6.926 0.0000000000
83670  -51.323  24.642  18.764 0.0000000000
82912  -51.670  24.165  17.276 0.0000000000
83675  -52.485  24.599  17.408 0.0000000000
83680  -53.950  24.639  16.337 0.0000000000
83685  -55.273  25.155  15.437 0.0000000000
85161  -54.549  26.664  17.590 0.0000000000
83686  -56.152  26.027  15.818 0.0000000000
84447  -56.402  25.855  13.662 0.0000000000
85175  -56.843  26.732  12.450 0.0000000000
85910  -55.903  27.566  11.561 0.0000000000
85933  -54.950  27.896  9.452 0.0000000000
110078  -53.568  28.018  8.752 0.0000000000
110096  -53.798  27.985  10.212 0.0000000000
124905  -51.877  27.905  10.792 0.0000000000
124917  -51.048  27.880  10.484 0.0000000000
85883  -51.470  27.466  13.519 0.0000000000
110107  -50.823  27.545  12.520 0.0000000000
130690  -50.027  27.629  11.215 0.0000000000
120520  -48.511  27.596  11.902 0.0000000000
109601  -47.745  27.748  12.121 0.0000000000
86659  -46.952  28.552  12.439 0.0000000000
81442  -42.915  21.937  14.038 0.0000000000
82198  -43.675  22.165  13.686 0.0000000000
82190  -43.439  22.390  14.534 0.0000000000
130567  -44.606  22.776  15.753 0.0000000000
82172  -45.172  22.738  16.231 0.0000000000
82155  -44.372  22.261  18.686 0.0000000000
82164  -45.039  22.498  17.962 0.0000000000
111162  -46.327  22.602  17.409 0.0000000000
82166  -47.587  22.724  17.816 0.0000000000
82167  -48.166  22.975  18.472 0.0000000000
82905  -49.528  23.598  18.858 0.0000000000
83646  -46.583  24.075  21.444 0.0000000000
83647  -48.012  24.385  20.986 0.0000000000
124000  -49.309  24.102  20.646 0.0000000000
82901  -50.082  23.986  19.560 0.0000000000
83651  -51.116  25.099  20.302 0.0000000000
84407  -51.943  25.728  20.443 0.0000000000
85819  -53.310  27.061  21.270 0.0000000000
79981  -55.250  19.423  10.998 0.0000000000
79139  -53.573  18.380  11.210 0.0000000000
79118  -55.498  18.851  14.462 0.0000000000
79126  -55.523  19.141  13.503 0.0000000000
78318  -53.971  18.233  12.693 0.0000000000
78332  -53.232  17.840  12.124 0.0000000000
117519  -51.851  17.448  11.364 0.0000000000
78329  -50.151  17.169  11.115 0.0000000000
78328  -49.304  17.125  11.171 0.0000000000
78326  -47.672  17.240  11.230 0.0000000000
77524  -48.666  16.345  12.591 0.0000000000
131212  -47.399  16.926  11.906 0.0000000000
78325  -46.666  17.299  11.507 0.0000000000
78323  -45.034  17.834  11.717 0.0000000000
76616  -49.813  15.966  21.512 0.0000000000
76612  -46.700  15.605  20.880 0.0000000000
76634  -47.894  16.164  21.046 0.0000000000
77402  -49.417  16.422  21.339 0.0000000000
77433  -49.844  16.907  20.222 0.0000000000
77450  -49.775  16.510  19.245 0.0000000000
76656  -50.017  16.131  18.332 0.0000000000
76663  -48.889  16.048  17.326 0.0000000000
77493  -47.237  16.530  15.954 0.0000000000
77491  -45.713  17.002  15.270 0.0000000000
80756  -42.798  20.622  13.502 0.0000000000
81441  -42.258  21.527  14.501 0.0000000000
81438  -41.812  21.970  15.837 0.0000000000
114348  -41.157  21.473  17.520 0.0000000000
116185  -40.993  21.224  18.515 0.0000000000
76768  -56.318  16.179  5.440 0.0000000000
77600  -56.550  16.843  4.282 0.0000000000
78403  -56.680  17.592  3.973 0.0000000000
79183  -52.162  18.680  8.488 0.0000000000
79196  -52.593  18.944  7.800 0.0000000000
80045  -51.999  19.978  5.688 0.0000000000
80046  -53.052  19.821  5.735 0.0000000000
119450  -55.120  19.516  5.828 0.0000000000
80049  -56.142  19.474  4.563 0.0000000000
79226  -56.684  18.366  3.600 0.0000000000
79240  -56.615  18.371  2.865 0.0000000000
79239  -56.031  18.583  1.606 0.0000000000
79247  -56.095  19.571  1.128 0.0000000000
80090  -55.405  19.756  0.625 0.0000000000
116069  -55.225  21.669  1.599 0.0000000000
80844  -55.642  21.119  0.625 0.0000000000
80854  -54.083  20.453  0.195 0.0000000000
80853  -52.778  20.668  0.125 0.0000000000
81528  -52.479  21.483  -0.248 0.0000000000
81537  -51.106  22.294  -0.226 0.0000000000
82206  -44.829  22.256  12.636 0.0000000000
82218  -45.811  22.314  11.770 0.0000000000
82219  -46.656  22.393  11.576 0.0000000000
130104  -47.898  22.474  13.511 0.0000000000
82220  -47.590  22.515  11.439 0.0000000000
82230  -47.527  22.627  10.412 0.0000000000
82239  -48.004  23.056  9.038 0.0000000000
82972  -48.828  23.344  8.714 0.0000000000
82984  -50.219  23.688  6.937 0.0000000000
124555  -51.619  23.491  15.440 0.0000000000
115997  -51.982  23.434  13.876 0.0000000000
82938  -51.585  23.412  12.289 0.0000000000
113735  -54.060  24.552  11.084 0.0000000000
83706  -53.072  24.152  11.189 0.0000000000
82957  -51.795  23.711  10.318 0.0000000000
82966  -51.253  23.634  9.589 0.0000000000
82985  -51.235  23.775  7.368 0.0000000000
82994  -50.861  23.851  6.534 0.0000000000
83759  -51.493  24.317  4.988 0.0000000000
84540  -52.874  25.026  2.293 0.0000000000
84530  -54.706  25.578  2.935 0.0000000000
84541  -54.717  25.970  1.750 0.0000000000
83801  -54.023  24.770  -0.096 0.0000000000
83808  -53.265  24.457  -0.605 0.0000000000
83043  -51.694  23.558  -0.564 0.0000000000
86057  -49.763  27.319  0.615 0.0000000000
111155  -52.316  28.010  7.311 0.0000000000
116861  -50.186  27.740  5.984 0.0000000000
127681  -48.854  27.603  5.382 0.0000000000
128437  -48.018  27.511  7.271 0.0000000000
129489  -47.780  27.550  5.707 0.0000000000
86007  -47.766  27.714  4.263 0.0000000000
110700  -46.360  28.093  3.213 0.0000000000
86033  -44.761  28.114  2.292 0.0000000000
85247  -43.552  27.321  2.119 0.0000000000
131000  -42.533  28.751  4.555 0.0000000000
125221  -40.610  28.695  2.726 0.0000000000
122038  -45.923  29.734  11.964 0.0000000000
86667  -44.901  28.661  11.400 0.0000000000
86675  -43.511  28.339  10.724 0.0000000000
125417  -42.312  28.089  10.060 0.0000000000
86691  -41.173  28.118  8.805 0.0000000000
81448  -43.664  21.157  12.662 0.0000000000
77468  -52.379  16.469  17.952 0.0000000000
76667  -51.998  15.960  17.250 0.0000000000
76666  -51.190  15.731  17.318 0.0000000000
76665  -50.332  15.712  17.423 0.0000000000
76660  -39.945  15.838  17.636 0.0000000000
119625  -52.889  18.387  9.959 0.0000000000
82267  -49.127  22.735  4.960 0.0000000000
127762  -49.814  23.813  5.113 0.0000000000
82911  -50.325  23.617  17.386 0.0000000000
82916  -49.767  23.206  16.828 0.0000000000
85946  -55.843  27.730  8.840 0.0000000000
127595  -56.298  27.571  8.049 0.0000000000
113220  -55.645  27.730  6.684 0.0000000000
111153  -54.524  27.900  7.030 0.0000000000
85976  -54.021  27.915  6.299 0.0000000000
85958  -54.009  27.981  7.934 0.0000000000
85920  -46.197  27.298  10.474 0.0000000000
85919  -45.430  27.405  10.737 0.0000000000
85903  -45.110  27.903  11.176 0.0000000000
79151  -47.294  18.002  9.968 0.0000000000
129345  -46.085  22.001  9.381 0.0000000000
81471  -46.057  21.393  8.915 0.0000000000
124941  -53.831  26.369  20.638 0.0000000000
84430  -53.989  26.075  19.293 0.0000000000
84409  -54.326  26.433  20.146 0.0000000000
85166  -54.667  27.142  15.785 0.0000000000
85870  -55.695  27.254  15.435 0.0000000000
85886  -55.410  27.474  13.542 0.0000000000
114503  -54.369  27.482  13.788 0.0000000000
124856  -53.097  27.360  14.127 0.0000000000
86647  -50.045  28.767  15.104 0.0000000000
85875  -49.979  28.212  14.683 0.0000000000
87361  -49.549  28.912  14.710 0.0000000000
88014  -49.402  29.790  14.565 0.0000000000
79244  -53.237  18.616  1.678 0.0000000000
80077  -52.160  18.660  1.944 0.0000000000
80088  -52.891  19.172  1.234 0.0000000000
82160  -41.836  21.898  17.508 0.0000000000
82161  -42.645  22.166  17.664 0.0000000000
82882  -45.014  22.774  21.219 0.0000000000
82139  -45.600  22.595  20.738 0.0000000000
82140  -46.214  22.911  20.902 0.0000000000
82884  -46.445  23.478  21.234 0.0000000000
123713  -48.905  26.275  19.832 0.0000000000
85143  -49.607  26.408  19.987 0.0000000000
79958  -57.945  19.438  13.069 0.0000000000
79964  -57.234  19.689  12.508 0.0000000000
79963  -56.380  19.602  13.010 0.0000000000
77516  -52.200  16.633  13.480 0.0000000000
77527  -51.091  16.624  12.382 0.0000000000
77515  -51.333  16.295  13.235 0.0000000000
77511  -46.972  16.295  14.088 0.0000000000
77509  -45.719  16.886  13.555 0.0000000000
75850  -45.493  14.286  20.681 0.0000000000
77429  -45.849  16.743  19.104 0.0000000000
77447  -46.238  16.946  18.441 0.0000000000
112145  -46.273  17.070  17.630 0.0000000000
79106  -41.312  18.878  15.213 0.0000000000
80035  -56.477  19.037  6.036 0.0000000000
80015  -50.273  19.187  7.219 0.0000000000
112144  -54.310  20.677  3.765 0.0000000000
80822  -54.479  21.322  2.785 0.0000000000
83029  -53.165  24.137  1.256 0.0000000000
128109  -54.348  23.448  0.158 0.0000000000
82193  -46.244  22.538  14.087 0.0000000000
116810  -46.879  22.516  14.800 0.0000000000
82212  -50.286  22.920  12.598 0.0000000000
82222  -49.773  22.852  11.955 0.0000000000
82948  -50.756  23.252  11.197 0.0000000000
83689  -54.868  24.734  14.448 0.0000000000
83692  -54.019  24.315  13.679 0.0000000000
83731  -54.087  24.596  8.522 0.0000000000
83749  -53.562  24.483  6.769 0.0000000000
83762  -54.308  24.783  6.034 0.0000000000
86052  -53.697  27.419  0.889 0.0000000000
86060  -52.629  27.438  0.378 0.0000000000
85269  -52.458  27.023  -0.174 0.0000000000
86059  -51.721  27.348  0.148 0.0000000000
85268  -51.355  26.973  -0.187 0.0000000000
86021  -48.267  27.888  2.484 0.0000000000
110091  -50.650  27.866  9.891 0.0000000000
124922  -50.420  27.877  8.576 0.0000000000
110082  -50.031  27.813  9.283 0.0000000000
131217  -45.580  27.573  5.934 0.0000000000
86004  -45.298  28.153  4.256 0.0000000000
86720  -44.089  28.474  3.916 0.0000000000
85986  -44.086  28.186  4.950 0.0000000000
86705  -41.485  28.244  7.126 0.0000000000
86706  -41.940  28.450  6.047 0.0000000000
79969  -45.106  19.020  10.526 0.0000000000
79979  -44.737  19.833  10.764 0.0000000000
130681  -44.552  21.407  11.608 0.0000000000
81461  -45.407  21.597  10.390 0.0000000000
86626  -54.790  28.502  19.415 0.0000000000
86625  -53.842  28.533  18.528 0.0000000000
115107  -53.452  27.420  17.176 0.0000000000
85859  -52.872  28.050  17.390 0.0000000000
121940  -52.646  27.535  16.415 0.0000000000
86638  -52.335  28.541  17.124 0.0000000000
87354  -52.210  30.076  16.988 0.0000000000
87353  -51.771  29.379  16.731 0.0000000000
78416  -55.037  16.821  2.639 0.0000000000
78423  -54.484  17.501  2.300 0.0000000000
81411  -41.955  21.771  20.472 0.0000000000
114889  -51.089  15.594  14.673 0.0000000000
76684  -51.324  15.495  15.582 0.0000000000
76682  -49.485  15.432  15.680 0.0000000000
76681  -48.728  15.607  15.229 0.0000000000
131457  -48.257  15.719  14.913 0.0000000000
76680  -47.940  15.967  15.440 0.0000000000
77477  -41.823  16.895  16.666 0.0000000000
77476  -40.898  16.898  16.626 0.0000000000
78278  -41.351  17.438  16.090 0.0000000000
80803  -48.694  20.955  5.838 0.0000000000
114589  -49.477  20.628  5.572 0.0000000000
81490  -49.064  21.391  5.310 0.0000000000
81496  -50.226  21.453  4.309 0.0000000000
130231  -50.807  21.463  3.925 0.0000000000
81503  -51.324  21.689  3.494 0.0000000000
112589  -52.189  21.786  3.039 0.0000000000
113502  -50.867  22.385  3.236 0.0000000000
83013  -50.634  23.559  3.311 0.0000000000
82280  -50.939  23.031  2.887 0.0000000000
83021  -51.257  23.744  2.672 0.0000000000
83787  -51.790  24.352  2.444 0.0000000000
115808  -48.149  22.566  15.659 0.0000000000
132340  -48.651  22.676  16.044 0.0000000000
82922  -50.266  22.854  14.922 0.0000000000
82186  -49.412  22.648  14.941 0.0000000000
82927  -50.559  22.902  14.083 0.0000000000
84459  -56.826  26.129  11.992 0.0000000000
84458  -56.354  25.523  11.439 0.0000000000
84466  -56.987  26.095  11.070 0.0000000000
85205  -57.276  26.658  7.290 0.0000000000
84483  -57.005  25.939  8.743 0.0000000000
84491  -57.036  25.941  7.761 0.0000000000
84490  -56.394  25.486  7.305 0.0000000000
84500  -57.048  26.051  6.767 0.0000000000
84508  -56.529  25.911  5.310 0.0000000000
84509  -56.952  26.312  5.830 0.0000000000
85996  -54.862  27.748  4.611 0.0000000000
85997  -55.881  27.460  4.802 0.0000000000
86013  -54.788  27.731  3.705 0.0000000000
86025  -54.664  27.698  2.828 0.0000000000
86012  -53.588  27.841  3.656 0.0000000000
85994  -51.735  27.863  5.200 0.0000000000
86010  -50.708  27.667  4.158 0.0000000000
85993  -50.668  27.718  5.049 0.0000000000
85922  -48.192  27.481  10.494 0.0000000000
110094  -47.765  27.399  9.767 0.0000000000
110086  -45.635  26.924  9.048 0.0000000000
110085  -46.568  27.165  8.839 0.0000000000
85968  -44.204  27.263  7.015 0.0000000000
110368  -43.675  26.899  9.737 0.0000000000
125532  -43.558  26.832  8.439 0.0000000000
85955  -42.512  27.350  7.908 0.0000000000
85942  -42.543  27.136  8.766 0.0000000000
78357  -49.959  17.896  9.832 0.0000000000
117650  -48.854  18.608  8.573 0.0000000000
125986  -49.227  18.834  8.020 0.0000000000
79164  -46.198  18.965  9.369 0.0000000000
79992  -46.162  19.727  8.866 0.0000000000
80784  -46.927  20.362  7.841 0.0000000000
80001  -46.679  19.771  8.367 0.0000000000
80012  -47.671  19.796  7.579 0.0000000000
80788  -47.589  20.525  7.196 0.0000000000
80794  -48.281  20.538  6.529 0.0000000000
82245  -47.471  22.889  8.151 0.0000000000
82252  -47.918  23.102  7.350 0.0000000000
82259  -48.236  22.985  6.491 0.0000000000
83674  -51.840  24.632  18.115 0.0000000000
83671  -52.734  25.064  18.282 0.0000000000
83677  -54.235  25.689  17.697 0.0000000000
83676  -53.432  25.030  17.610 0.0000000000
114733  -54.138  25.089  17.060 0.0000000000
116698  -54.645  24.863  15.909 0.0000000000
83681  -54.803  25.320  16.591 0.0000000000
110590  -54.556  27.065  18.488 0.0000000000
119353  -54.511  26.820  18.489 0.0000000000
126140  -56.163  27.115  15.690 0.0000000000
114037  -56.402  26.827  15.391 0.0000000000
84443  -56.478  26.207  14.702 0.0000000000
84444  -56.730  26.615  13.848 0.0000000000
85173  -56.577  27.064  13.699 0.0000000000
85894  -55.169  27.733  12.067 0.0000000000
85895  -56.019  27.436  12.423 0.0000000000
85924  -55.839  27.657  10.654 0.0000000000
130359  -54.414  27.963  9.806 0.0000000000
110101  -52.661  27.861  11.513 0.0000000000
130817  -52.019  27.398  14.015 0.0000000000
85876  -51.214  27.520  14.398 0.0000000000
110109  -50.613  27.521  13.592 0.0000000000
110104  -49.988  27.527  12.024 0.0000000000
85907  -49.321  27.568  11.554 0.0000000000
125614  -49.119  27.591  12.487 0.0000000000
86656  -48.230  28.426  13.293 0.0000000000
86660  -47.597  28.303  12.705 0.0000000000
85891  -47.146  28.011  12.192 0.0000000000
131025  -47.304  28.762  12.782 0.0000000000
80087  -51.918  19.375  1.263 0.0000000000
80840  -50.750  20.371  0.706 0.0000000000
82189  -42.735  22.210  14.829 0.0000000000
82179  -43.236  22.518  15.225 0.0000000000
113271  -44.023  22.577  17.122 0.0000000000
82171  -44.170  22.749  16.275 0.0000000000
82147  -43.305  21.772  19.844 0.0000000000
82154  -43.652  22.068  18.996 0.0000000000
109697  -44.020  22.006  19.563 0.0000000000
111406  -45.902  22.483  19.240 0.0000000000
110117  -45.931  22.534  18.244 0.0000000000
111444  -47.014  22.626  17.157 0.0000000000
82165  -46.820  22.631  18.048 0.0000000000
82903  -47.974  23.121  19.505 0.0000000000
82904  -48.747  23.361  19.210 0.0000000000
82909  -48.906  23.233  18.139 0.0000000000
84425  -46.856  25.318  20.448 0.0000000000
84402  -46.657  24.712  20.997 0.0000000000
121893  -47.223  24.306  21.190 0.0000000000
83648  -48.841  24.253  20.794 0.0000000000
83663  -49.840  24.255  20.397 0.0000000000
83664  -50.515  24.561  20.013 0.0000000000
83650  -50.376  24.859  20.635 0.0000000000
85121  -51.358  26.252  20.699 0.0000000000
116924  -51.639  26.001  20.699 0.0000000000
124803  -52.631  26.392  20.858 0.0000000000
85122  -52.192  26.633  20.899 0.0000000000
123919  -57.170  19.551  10.839 0.0000000000
79141  -55.077  19.291  11.812 0.0000000000
79140  -54.442  18.877  11.481 0.0000000000
78303  -54.586  18.172  14.485 0.0000000000
79117  -54.839  18.593  13.846 0.0000000000
79125  -54.709  18.703  13.087 0.0000000000
127232  -52.531  17.190  12.702 0.0000000000
115610  -52.437  17.455  11.935 0.0000000000
78331  -52.706  17.839  11.341 0.0000000000
109976  -50.984  17.284  11.138 0.0000000000
78330  -51.271  17.057  11.752 0.0000000000
77535  -49.837  16.770  11.723 0.0000000000
78327  -48.501  17.119  11.265 0.0000000000
76701  -49.928  15.691  13.782 0.0000000000
77513  -49.397  16.016  13.138 0.0000000000
77512  -48.707  16.009  13.319 0.0000000000
77532  -46.778  16.816  12.451 0.0000000000
77523  -47.720  16.544  12.529 0.0000000000
78324  -45.723  17.604  11.540 0.0000000000
77434  -50.582  17.021  19.918 0.0000000000
75853  -48.561  14.788  21.305 0.0000000000
128000  -49.271  14.765  21.326 0.0000000000
75854  -49.941  15.159  21.431 0.0000000000
76615  -49.113  15.603  21.454 0.0000000000
75875  -45.970  15.155  20.765 0.0000000000
77418  -47.676  16.428  20.497 0.0000000000
76633  -47.131  16.103  20.760 0.0000000000
117875  -48.405  16.558  20.716 0.0000000000
77401  -48.656  16.272  21.249 0.0000000000
121070  -49.031  16.710  21.028 0.0000000000
77419  -49.679  16.965  21.005 0.0000000000
121582  -49.077  16.778  20.508 0.0000000000
123398  -49.061  16.641  19.666 0.0000000000
77467  -49.108  16.256  18.485 0.0000000000
76664  -49.601  15.905  17.626 0.0000000000
77481  -46.535  16.964  16.643 0.0000000000
77492  -46.459  16.762  15.630 0.0000000000
79115  -42.414  18.999  14.258 0.0000000000
79116  -43.124  18.547  14.005 0.0000000000
79950  -42.503  19.805  13.805 0.0000000000
80754  -42.283  20.656  14.068 0.0000000000
80753  -41.709  20.700  14.636 0.0000000000
125207  -41.141  21.369  15.888 0.0000000000
79940  -40.178  19.745  16.099 0.0000000000
79939  -39.586  19.562  16.695 0.0000000000
80744  -40.233  20.761  18.848 0.0000000000
81427  -40.950  21.216  19.527 0.0000000000
126135  -56.291  16.161  6.275 0.0000000000
119595  -56.675  16.927  6.053 0.0000000000
78390  -56.784  17.611  5.024 0.0000000000
118207  -51.739  18.463  9.003 0.0000000000
79182  -51.342  18.608  8.434 0.0000000000
80017  -52.086  19.215  7.125 0.0000000000
80804  -50.333  20.436  5.391 0.0000000000
80044  -50.971  19.971  5.886 0.0000000000
80807  -53.538  20.092  5.133 0.0000000000
80047  -54.166  19.746  5.627 0.0000000000
80048  -55.231  19.738  5.053 0.0000000000
80824  -56.024  20.230  3.201 0.0000000000
80059  -56.389  19.588  3.562 0.0000000000
80068  -56.713  19.038  3.100 0.0000000000
78425  -56.274  17.852  2.426 0.0000000000
80079  -56.607  18.865  2.290 0.0000000000
128502  -56.199  20.827  1.542 0.0000000000
81511  -52.837  22.248  2.296 0.0000000000
81512  -54.158  21.989  2.046 0.0000000000
81520  -55.323  21.677  0.783 0.0000000000
81530  -54.971  21.316  0.233 0.0000000000
81529  -53.887  21.561  -0.244 0.0000000000
82318  -53.482  22.939  -0.589 0.0000000000
81539  -53.197  22.225  -0.542 0.0000000000
82317  -52.730  22.689  -0.598 0.0000000000
81538  -52.102  22.169  -0.443 0.0000000000
121613  -51.876  22.824  -0.536 0.0000000000
82199  -44.543  22.387  13.461 0.0000000000
82201  -46.464  22.505  13.220 0.0000000000
82207  -45.710  22.402  12.554 0.0000000000
82194  -48.171  22.466  14.142 0.0000000000
82202  -48.529  22.490  13.500 0.0000000000
82221  -48.508  22.584  11.835 0.0000000000
112083  -48.254  22.864  10.034 0.0000000000
82964  -49.657  23.398  9.220 0.0000000000
82973  -49.573  23.506  8.331 0.0000000000
82983  -49.449  23.573  7.396 0.0000000000
82974  -50.369  23.615  7.899 0.0000000000
82913  -52.322  24.093  16.610 0.0000000000
82918  -51.449  23.700  16.379 0.0000000000
82919  -52.169  23.772  15.927 0.0000000000
82934  -52.532  23.685  13.384 0.0000000000
82933  -51.650  23.343  13.097 0.0000000000
82939  -52.271  23.665  12.462 0.0000000000
126849  -54.871  24.812  11.165 0.0000000000
83708  -54.604  24.678  11.913 0.0000000000
83715  -52.581  23.979  10.306 0.0000000000
111398  -52.184  23.796  11.028 0.0000000000
82958  -52.107  23.828  9.725 0.0000000000
82967  -52.094  23.858  8.944 0.0000000000
83737  -52.089  24.001  7.175 0.0000000000
83746  -51.079  24.061  5.823 0.0000000000
118724  -51.981  24.228  5.781 0.0000000000
84529  -52.538  24.793  3.398 0.0000000000
84519  -55.518  25.734  4.225 0.0000000000
110945  -55.409  25.922  3.338 0.0000000000
117842  -54.401  26.309  0.782 0.0000000000
84550  -53.994  25.377  1.226 0.0000000000
84551  -54.198  25.617  0.320 0.0000000000
115459  -53.716  25.073  -0.405 0.0000000000
84567  -51.776  25.498  -0.588 0.0000000000
83807  -52.441  24.797  -0.656 0.0000000000
82316  -50.936  22.959  -0.315 0.0000000000
83805  -50.215  24.642  -0.207 0.0000000000
125605  -50.657  27.752  1.500 0.0000000000
86049  -50.196  27.660  0.840 0.0000000000
109596  -47.967  27.573  1.597 0.0000000000
86047  -48.801  27.314  1.046 0.0000000000
110079  -52.726  28.024  8.936 0.0000000000
110069  -52.871  28.026  8.112 0.0000000000
110070  -51.962  28.010  8.121 0.0000000000
85974  -50.735  27.851  6.765 0.0000000000
116862  -49.256  27.651  6.042 0.0000000000
110074  -47.789  27.443  8.117 0.0000000000
111159  -48.524  27.584  7.624 0.0000000000
85990  -47.400  27.633  5.053 0.0000000000
85991  -48.177  27.584  5.154 0.0000000000
86006  -46.906  27.825  4.180 0.0000000000
86735  -44.282  28.393  2.310 0.0000000000
85248  -44.475  27.405  2.413 0.0000000000
86031  -42.999  28.002  1.493 0.0000000000
86733  -42.212  28.419  1.792 0.0000000000
86030  -42.171  27.746  1.418 0.0000000000
86019  -41.382  27.812  1.655 0.0000000000
86725  -41.232  28.395  2.105 0.0000000000
85967  -43.481  27.616  6.636 0.0000000000
126560  -42.661  28.466  5.308 0.0000000000
86718  -41.127  29.116  3.785 0.0000000000
86724  -39.660  28.232  2.899 0.0000000000
87379  -44.869  29.428  11.415 0.0000000000
87390  -44.144  29.093  11.111 0.0000000000
86674  -42.768  28.629  10.452 0.0000000000
86684  -41.636  28.169  9.521 0.0000000000
80760  -44.136  20.195  11.766 0.0000000000
118008  -44.447  19.827  11.292 0.0000000000
81450  -44.588  21.810  12.026 0.0000000000
87347  -53.291  29.342  18.143 0.0000000000
78424  -55.490  17.632  2.160 0.0000000000
132836  -41.130  22.768  20.559 0.0000000000
76677  -52.289  15.916  16.546 0.0000000000
76675  -50.653  15.407  16.405 0.0000000000
77458  -39.013  16.929  17.101 0.0000000000
79172  -54.130  18.940  9.720 0.0000000000
79171  -53.333  18.649  9.467 0.0000000000
119232  -48.844  22.139  5.238 0.0000000000
82273  -49.765  22.558  4.197 0.0000000000
83007  -50.033  23.430  3.925 0.0000000000
83008  -50.485  24.062  3.772 0.0000000000
82915  -49.026  23.045  17.179 0.0000000000
82176  -49.115  22.852  16.342 0.0000000000
115412  -50.809  23.240  15.655 0.0000000000
85925  -56.609  27.232  10.165 0.0000000000
85193  -57.146  26.649  9.443 0.0000000000
85935  -56.780  27.255  8.625 0.0000000000
85947  -56.891  27.199  7.733 0.0000000000
85961  -56.932  27.172  6.942 0.0000000000
85220  -56.931  26.906  5.658 0.0000000000
85978  -56.580  27.311  6.202 0.0000000000
125013  -54.913  27.778  5.504 0.0000000000
117154  -53.800  27.903  5.448 0.0000000000
85975  -52.805  27.957  6.316 0.0000000000
110095  -46.876  27.251  9.734 0.0000000000
110087  -44.883  26.793  9.308 0.0000000000
111104  -44.394  26.891  9.905 0.0000000000
111227  -43.765  27.397  10.389 0.0000000000
78343  -48.668  17.476  10.590 0.0000000000
78355  -48.165  17.887  9.902 0.0000000000
79165  -47.606  18.383  9.323 0.0000000000
80778  -45.777  20.630  9.185 0.0000000000
81472  -46.520  21.380  8.247 0.0000000000
82244  -46.865  22.258  8.142 0.0000000000
84429  -52.523  25.650  19.899 0.0000000000
83666  -53.060  25.587  19.159 0.0000000000
85164  -55.039  26.778  16.641 0.0000000000
85167  -55.613  27.024  16.025 0.0000000000
85871  -56.263  27.198  15.057 0.0000000000
85880  -56.222  27.271  14.166 0.0000000000
131141  -55.455  27.549  12.791 0.0000000000
126115  -54.283  27.858  11.844 0.0000000000
110105  -52.510  27.698  12.417 0.0000000000
85867  -50.684  27.874  15.012 0.0000000000
85874  -49.751  27.735  13.973 0.0000000000
85882  -48.952  27.896  13.450 0.0000000000
86651  -48.705  28.551  13.813 0.0000000000
87366  -48.327  29.231  13.671 0.0000000000
82148  -44.668  22.161  19.697 0.0000000000
82149  -45.434  22.348  19.906 0.0000000000
82151  -47.183  22.868  19.800 0.0000000000
82898  -47.726  23.378  20.500 0.0000000000
84426  -47.513  25.556  20.250 0.0000000000
125699  -48.064  25.070  20.766 0.0000000000
84427  -48.379  25.752  20.188 0.0000000000
84405  -49.832  25.144  20.771 0.0000000000
130710  -50.020  25.781  20.578 0.0000000000
131970  -50.580  26.504  20.332 0.0000000000
79971  -57.045  19.668  11.620 0.0000000000
113676  -56.411  19.680  12.270 0.0000000000
78309  -52.852  17.081  13.385 0.0000000000
77526  -50.311  16.528  12.221 0.0000000000
77525  -49.600  16.385  12.394 0.0000000000
76699  -48.317  15.866  13.840 0.0000000000
109958  -48.057  16.179  13.204 0.0000000000
77522  -45.906  16.990  12.745 0.0000000000
78315  -45.375  17.427  12.207 0.0000000000
76644  -45.508  16.287  19.858 0.0000000000
76632  -46.250  16.029  20.452 0.0000000000
76645  -46.239  16.554  19.818 0.0000000000
77431  -47.645  16.629  19.719 0.0000000000
77432  -48.417  16.647  20.031 0.0000000000
77448  -47.523  16.668  18.647 0.0000000000
77465  -47.479  16.637  17.663 0.0000000000
113629  -46.904  16.869  17.366 0.0000000000
78298  -42.870  18.242  14.721 0.0000000000
79114  -41.811  19.174  14.679 0.0000000000
79943  -41.399  19.834  14.871 0.0000000000
80750  -40.578  20.619  15.991 0.0000000000
78381  -56.967  17.836  6.113 0.0000000000
80050  -56.536  19.046  5.053 0.0000000000
79194  -50.839  18.812  7.801 0.0000000000
80016  -51.189  19.172  7.149 0.0000000000
80030  -51.568  19.552  6.470 0.0000000000
133091  -51.954  20.460  4.961 0.0000000000
128711  -55.105  20.361  3.774 0.0000000000
80832  -56.220  20.570  2.273 0.0000000000
82291  -53.922  22.630  1.396 0.0000000000
82301  -54.492  22.869  0.497 0.0000000000
82319  -54.022  23.160  -0.413 0.0000000000
83045  -53.591  23.678  -0.525 0.0000000000
82192  -45.276  22.601  14.235 0.0000000000
82203  -49.269  22.578  13.439 0.0000000000
125879  -49.155  22.635  12.118 0.0000000000
82232  -49.159  22.766  11.412 0.0000000000
82954  -49.095  22.962  10.535 0.0000000000
111106  -50.369  23.456  9.644 0.0000000000
82924  -53.342  23.981  14.965 0.0000000000
82923  -52.408  23.721  15.211 0.0000000000
82930  -53.274  23.929  13.986 0.0000000000
82935  -53.284  23.984  13.129 0.0000000000
129056  -55.250  24.899  8.645 0.0000000000
83725  -54.371  24.693  9.395 0.0000000000
83724  -53.537  24.420  9.199 0.0000000000
83730  -53.019  24.207  8.460 0.0000000000
83738  -52.845  24.205  7.432 0.0000000000
83748  -52.616  24.264  6.484 0.0000000000
131234  -52.207  24.381  5.222 0.0000000000
83760  -52.876  24.507  5.470 0.0000000000
83772  -53.644  24.846  4.632 0.0000000000
85240  -55.589  27.055  2.597 0.0000000000
84542  -55.298  27.034  1.942 0.0000000000
122119  -54.140  26.896  0.531 0.0000000000
127373  -53.790  26.278  -0.244 0.0000000000
84569  -53.614  25.789  -0.427 0.0000000000
85279  -53.163  26.381  -0.425 0.0000000000
84566  -50.624  25.489  -0.376 0.0000000000
85277  -50.973  26.325  -0.413 0.0000000000
85276  -49.968  26.273  -0.059 0.0000000000
110067  -49.819  27.766  2.426 0.0000000000
86039  -49.595  27.821  1.442 0.0000000000
110068  -48.842  27.896  1.985 0.0000000000
86037  -47.980  27.880  1.789 0.0000000000
110071  -51.136  27.953  8.330 0.0000000000
111158  -49.299  27.698  7.618 0.0000000000
124844  -46.554  27.314  7.351 0.0000000000
85970  -46.815  27.414  6.617 0.0000000000
116865  -46.303  27.529  5.906 0.0000000000
86005  -46.096  28.033  4.179 0.0000000000
86728  -44.702  28.465  3.260 0.0000000000
123880  -43.765  28.680  2.896 0.0000000000
86727  -42.741  28.856  2.759 0.0000000000
86712  -41.216  29.035  5.160 0.0000000000
86711  -40.347  29.252  4.488 0.0000000000
87420  -39.812  29.348  5.147 0.0000000000
80765  -44.903  20.477  10.531 0.0000000000
80777  -45.285  20.743  9.969 0.0000000000
81462  -45.973  22.140  10.076 0.0000000000
85144  -54.913  26.990  20.274 0.0000000000
85831  -55.208  27.652  20.353 0.0000000000
114911  -54.570  27.648  18.864 0.0000000000
110988  -53.333  27.292  15.230 0.0000000000
85869  -52.414  27.418  15.691 0.0000000000
86637  -51.996  28.940  16.961 0.0000000000
86644  -51.734  28.555  16.537 0.0000000000
86649  -51.059  28.297  15.727 0.0000000000
87356  -50.485  28.976  15.572 0.0000000000
81429  -42.392  21.573  19.572 0.0000000000
82137  -43.330  22.054  20.689 0.0000000000
112449  -42.450  22.363  20.766 0.0000000000
77504  -52.428  16.372  14.336 0.0000000000
76691  -49.512  15.494  14.666 0.0000000000
76683  -50.359  15.373  15.341 0.0000000000
76689  -47.818  15.907  14.509 0.0000000000
77501  -46.348  16.596  14.737 0.0000000000
75873  -44.250  14.685  20.487 0.0000000000
76630  -44.580  15.286  20.341 0.0000000000
76643  -44.542  15.906  19.825 0.0000000000
116673  -43.703  15.848  19.529 0.0000000000
78286  -40.942  18.137  15.706 0.0000000000
79105  -40.538  18.934  15.719 0.0000000000
127248  -40.339  18.295  16.026 0.0000000000
79097  -39.350  18.659  16.684 0.0000000000
80814  -50.557  20.793  4.805 0.0000000000
82289  -52.210  22.814  2.117 0.0000000000
83022  -52.510  23.449  1.729 0.0000000000
82183  -47.358  22.523  15.425 0.0000000000
111056  -48.576  22.531  14.892 0.0000000000
82204  -50.047  22.766  13.375 0.0000000000
82937  -51.012  23.155  12.465 0.0000000000
83694  -55.717  25.207  13.095 0.0000000000
83697  -54.913  24.726  12.688 0.0000000000
83718  -55.638  25.076  10.875 0.0000000000
83726  -55.817  25.188  10.080 0.0000000000
124726  -56.938  25.927  9.527 0.0000000000
121552  -56.213  25.355  9.243 0.0000000000
131675  -55.269  24.947  9.536 0.0000000000
84481  -55.686  25.045  7.790 0.0000000000
84489  -55.596  25.062  6.983 0.0000000000
84498  -55.530  25.212  5.911 0.0000000000
84507  -55.013  25.127  5.157 0.0000000000
84520  -56.248  26.339  4.551 0.0000000000
85998  -56.545  27.207  5.231 0.0000000000
85229  -56.265  26.975  4.466 0.0000000000
86026  -55.485  27.388  3.054 0.0000000000
86041  -53.064  27.718  1.811 0.0000000000
86050  -51.461  27.643  0.783 0.0000000000
126336  -52.102  27.715  2.697 0.0000000000
86024  -50.870  27.716  2.502 0.0000000000
116858  -52.565  27.862  4.480 0.0000000000
111150  -51.283  27.698  3.500 0.0000000000
86023  -50.276  27.665  3.396 0.0000000000
110093  -49.385  27.656  9.853 0.0000000000
110083  -49.129  27.655  9.094 0.0000000000
124846  -48.615  27.535  9.751 0.0000000000
110084  -48.254  27.485  8.994 0.0000000000
130248  -47.154  27.304  8.483 0.0000000000
110075  -46.881  27.268  8.010 0.0000000000
115060  -44.969  27.464  6.434 0.0000000000
111957  -44.187  27.762  6.023 0.0000000000
85956  -43.396  27.141  7.631 0.0000000000
114470  -42.886  27.562  7.118 0.0000000000
85954  -41.834  27.752  7.768 0.0000000000
78346  -51.476  17.757  10.468 0.0000000000
79152  -51.640  18.197  9.641 0.0000000000
78358  -50.830  17.977  9.769 0.0000000000
79167  -49.406  18.251  9.215 0.0000000000
80014  -49.250  19.298  7.346 0.0000000000
80027  -48.921  19.840  6.731 0.0000000000
80802  -48.098  21.588  6.254 0.0000000000
119820  -48.190  22.374  6.160 0.0000000000
82999  -48.715  23.321  6.191 0.0000000000
82992  -49.314  23.600  6.460 0.0000000000
82907  -51.075  24.168  18.070 0.0000000000
118725  -50.965  23.833  17.220 0.0000000000
83679  -53.191  24.558  16.815 0.0000000000
83684  -53.831  24.378  15.651 0.0000000000
109789  -54.301  24.524  15.135 0.0000000000
85159  -54.517  26.722  19.361 0.0000000000
84436  -54.597  26.333  17.619 0.0000000000
84439  -55.312  26.206  16.728 0.0000000000
84441  -55.380  25.555  16.155 0.0000000000
130716  -55.791  25.460  14.933 0.0000000000
83690  -55.762  25.294  14.071 0.0000000000
131758  -56.281  25.687  13.036 0.0000000000
84450  -56.683  26.215  12.968 0.0000000000
85182  -56.937  26.687  11.550 0.0000000000
85888  -56.547  27.101  12.863 0.0000000000
85896  -56.559  27.149  12.003 0.0000000000
85911  -56.594  27.202  11.108 0.0000000000
85934  -55.859  27.688  9.783 0.0000000000
85945  -54.607  27.937  8.698 0.0000000000
110088  -54.076  28.005  9.392 0.0000000000
130333  -53.313  28.013  9.426 0.0000000000
110089  -52.543  28.000  9.838 0.0000000000
85908  -53.620  27.930  11.245 0.0000000000
110097  -52.878  27.979  10.715 0.0000000000
110090  -51.479  27.963  9.846 0.0000000000
110098  -50.369  27.749  10.590 0.0000000000
85884  -52.323  27.515  13.297 0.0000000000
110106  -51.659  27.570  12.763 0.0000000000
129978  -51.131  27.489  13.089 0.0000000000
110103  -50.848  27.731  11.338 0.0000000000
110099  -49.550  27.629  10.653 0.0000000000
110100  -48.731  27.550  11.055 0.0000000000
85906  -47.909  27.530  11.334 0.0000000000
85905  -47.155  27.647  11.600 0.0000000000
85890  -46.466  28.068  11.864 0.0000000000
117012  -43.443  22.652  15.831 0.0000000000
82180  -44.030  22.663  15.306 0.0000000000
122138  -45.036  22.712  15.216 0.0000000000
82181  -45.817  22.656  15.691 0.0000000000
82163  -44.364  22.458  17.729 0.0000000000
128625  -45.582  22.614  17.212 0.0000000000
82173  -46.271  22.622  16.495 0.0000000000
131644  -47.725  22.692  17.049 0.0000000000
126898  -48.304  22.870  17.518 0.0000000000
82906  -50.322  23.850  18.356 0.0000000000
82885  -47.320  23.800  21.119 0.0000000000
82886  -48.249  23.878  20.835 0.0000000000
82900  -49.319  23.771  20.054 0.0000000000
83669  -50.718  24.364  19.069 0.0000000000
83665  -51.204  24.833  19.584 0.0000000000
125111  -51.703  25.307  19.912 0.0000000000
115913  -51.126  25.401  20.566 0.0000000000
84408  -53.025  26.130  20.565 0.0000000000
85123  -53.622  26.560  21.081 0.0000000000
85818  -52.503  27.476  20.969 0.0000000000
79155  -54.322  18.921  10.609 0.0000000000
79138  -52.868  18.192  10.626 0.0000000000
79131  -53.952  18.422  11.959 0.0000000000
78347  -52.235  17.857  10.787 0.0000000000
78344  -49.617  17.493  10.501 0.0000000000
78341  -46.971  17.665  10.662 0.0000000000
77533  -48.163  16.798  11.875 0.0000000000
78340  -46.075  17.848  10.832 0.0000000000
79137  -45.219  18.245  11.066 0.0000000000
79136  -44.607  18.410  11.658 0.0000000000
79961  -43.867  19.518  12.206 0.0000000000
80757  -43.295  20.559  12.958 0.0000000000
76657  -50.814  16.142  18.221 0.0000000000
75087  -50.519  14.370  21.151 0.0000000000
75855  -50.805  15.235  21.443 0.0000000000
129376  -50.352  15.839  21.522 0.0000000000
76613  -47.372  15.578  21.124 0.0000000000
77403  -50.274  16.534  21.332 0.0000000000
77420  -50.612  17.119  20.834 0.0000000000
132179  -50.156  16.763  19.627 0.0000000000
77451  -50.433  16.541  19.076 0.0000000000
77483  -48.084  16.335  17.035 0.0000000000
76672  -47.868  16.288  16.274 0.0000000000
120382  -44.849  17.153  17.587 0.0000000000
132378  -45.256  17.264  16.479 0.0000000000
109866  -44.980  17.311  15.840 0.0000000000
77500  -45.663  16.891  14.385 0.0000000000
79954  -43.013  19.761  13.297 0.0000000000
81444  -42.667  21.298  13.850 0.0000000000
117612  -42.177  21.996  15.186 0.0000000000
81440  -41.639  21.448  15.176 0.0000000000
81432  -41.555  21.558  18.225 0.0000000000
81428  -41.631  21.404  19.173 0.0000000000
124121  -41.308  21.666  20.292 0.0000000000
80740  -40.345  20.988  19.796 0.0000000000
81410  -40.462  21.443  20.181 0.0000000000
82136  -40.858  22.122  20.444 0.0000000000
132937  -56.766  17.328  5.580 0.0000000000
77591  -56.628  16.828  5.140 0.0000000000
76774  -56.261  16.170  4.538 0.0000000000
76783  -56.156  16.268  3.840 0.0000000000
77608  -56.316  16.825  3.425 0.0000000000
80018  -53.481  19.078  7.723 0.0000000000
80032  -53.472  19.510  6.420 0.0000000000
80033  -54.519  19.416  6.547 0.0000000000
122517  -55.974  19.411  5.495 0.0000000000
80060  -56.668  19.031  4.077 0.0000000000
78418  -56.505  17.657  3.141 0.0000000000
78417  -56.207  17.117  2.890 0.0000000000
80078  -56.501  19.392  1.726 0.0000000000
79246  -55.330  18.953  1.014 0.0000000000
80089  -54.516  19.263  0.772 0.0000000000
81513  -55.873  21.261  1.198 0.0000000000
80855  -55.215  20.518  0.423 0.0000000000
80093  -54.626  19.883  0.449 0.0000000000
80843  -53.751  19.568  0.677 0.0000000000
80852  -51.571  20.859  0.228 0.0000000000
81527  -51.294  21.612  -0.065 0.0000000000
81446  -44.011  21.848  12.764 0.0000000000
131533  -45.127  22.199  11.999 0.0000000000
82229  -46.713  22.400  10.692 0.0000000000
110794  -47.375  22.494  12.947 0.0000000000
126468  -48.105  22.487  13.007 0.0000000000
82209  -47.944  22.505  12.353 0.0000000000
112863  -47.255  22.460  12.154 0.0000000000
130596  -47.502  22.755  9.606 0.0000000000
82963  -48.939  23.184  9.619 0.0000000000
82982  -48.723  23.433  7.821 0.0000000000
125536  -51.822  23.438  14.608 0.0000000000
82928  -51.323  23.194  13.956 0.0000000000
128401  -51.181  23.320  11.735 0.0000000000
83707  -53.745  24.356  11.819 0.0000000000
82940  -53.085  24.013  12.254 0.0000000000
121891  -52.482  23.833  11.721 0.0000000000
82949  -51.841  23.587  11.695 0.0000000000
110361  -51.390  23.502  10.953 0.0000000000
130197  -51.280  23.567  10.319 0.0000000000
82975  -51.259  23.683  8.446 0.0000000000
82993  -50.091  23.830  5.917 0.0000000000
83758  -50.515  24.073  5.102 0.0000000000
83769  -50.786  24.303  4.331 0.0000000000
129712  -51.016  24.389  3.670 0.0000000000
83788  -52.861  24.590  1.637 0.0000000000
84518  -54.595  25.345  3.914 0.0000000000
84531  -55.459  26.427  2.561 0.0000000000
115776  -53.631  25.174  2.735 0.0000000000
83795  -53.907  24.796  0.622 0.0000000000
83809  -53.775  24.322  -0.378 0.0000000000
131623  -53.131  23.861  -0.651 0.0000000000
120104  -52.504  24.077  -0.672 0.0000000000
86048  -49.326  27.616  1.045 0.0000000000
116859  -51.700  27.932  6.627 0.0000000000
111156  -51.351  27.948  7.479 0.0000000000
116860  -51.148  27.844  5.934 0.0000000000
85992  -49.604  27.635  5.223 0.0000000000
86008  -48.790  27.629  4.442 0.0000000000
85972  -48.720  27.612  6.833 0.0000000000
85971  -47.745  27.500  6.501 0.0000000000
116863  -48.425  27.579  5.946 0.0000000000
111152  -47.192  27.932  3.249 0.0000000000
109739  -46.721  28.029  2.409 0.0000000000
86737  -45.920  28.115  2.551 0.0000000000
86034  -45.590  27.991  2.364 0.0000000000
85245  -41.739  27.084  1.743 0.0000000000
86719  -42.206  28.968  3.750 0.0000000000
86716  -38.959  28.538  3.726 0.0000000000
88015  -50.153  30.314  14.948 0.0000000000
87365  -47.749  29.733  13.222 0.0000000000
87372  -47.093  29.294  12.703 0.0000000000
87381  -46.262  29.015  12.150 0.0000000000
86668  -45.668  28.418  11.618 0.0000000000
87380  -45.471  29.205  11.740 0.0000000000
86676  -44.308  28.089  11.001 0.0000000000
85917  -42.931  27.743  10.258 0.0000000000
87389  -43.341  29.280  10.717 0.0000000000
85916  -42.456  27.438  9.544 0.0000000000
82887  -48.904  23.900  20.630 0.0000000000
83698  -55.386  24.957  12.344 0.0000000000
84473  -56.570  25.595  9.930 0.0000000000
84474  -57.061  26.064  10.203 0.0000000000
84506  -54.550  25.097  4.655 0.0000000000
84559  -54.006  25.671  -0.159 0.0000000000
85267  -50.321  26.923  0.045 0.0000000000
85865  -52.410  27.969  16.808 0.0000000000
85923  -54.949  27.885  10.171 0.0000000000
85943  -43.155  26.891  9.173 0.0000000000
86043  -55.283  27.389  2.373 0.0000000000
116618  -46.225  14.408  20.806 0.0000000000
125775  -52.336  28.024  8.532 0.0000000000
127890  -56.777  26.822  13.192 0.0000000000
129912  -48.169  17.348  10.906 0.0000000000
