#!ascii label  , from subject sub-v2s7x29675_ses-1 vox2ras=TkReg
878
63069  -25.079  -1.520  -29.841 0.5555555820
126865  -25.762  -1.597  -30.220 0.6666666865
119750  -25.454  -0.158  -30.230 0.7777777910
63936  -26.467  -0.392  -30.630 0.7777777910
65649  -25.262  1.549  -30.386 0.8888888955
111275  -27.128  1.765  -31.456 0.8888888955
63055  -24.308  -1.884  -29.170 0.5555555820
126104  -24.339  -1.010  -29.324 0.5555555820
63918  -24.177  -0.170  -29.344 0.6666666865
64777  -24.774  0.283  -29.832 0.8888888955
64793  -26.604  0.357  -30.861 0.8888888955
65658  -26.436  1.881  -31.221 0.8888888955
66485  -26.818  2.629  -31.518 1.0000000000
66486  -27.488  2.603  -31.555 0.8888888955
67290  -27.250  3.418  -31.692 1.0000000000
111800  -23.567  0.148  -28.844 0.7777777910
65638  -24.030  1.730  -29.492 1.0000000000
66459  -24.002  2.650  -29.634 1.0000000000
66460  -24.639  2.816  -30.168 1.0000000000
67276  -25.091  3.851  -30.672 1.0000000000
67288  -25.689  3.659  -31.057 1.0000000000
68070  -24.560  4.516  -30.488 1.0000000000
68080  -25.282  4.477  -30.931 1.0000000000
68092  -26.017  4.389  -31.383 1.0000000000
68101  -27.473  4.960  -31.834 1.0000000000
68888  -25.521  5.212  -31.260 1.0000000000
68899  -27.298  5.806  -31.973 1.0000000000
69844  -26.676  6.573  -32.059 1.0000000000
67264  -23.306  3.958  -29.261 0.8888888955
67265  -24.201  3.316  -29.923 1.0000000000
68877  -24.829  5.237  -30.839 1.0000000000
68069  -23.365  4.820  -29.576 1.0000000000
68079  -24.317  5.320  -30.513 1.0000000000
68887  -24.973  5.966  -31.151 1.0000000000
118863  -25.831  6.066  -31.617 1.0000000000
69834  -25.777  7.075  -31.806 1.0000000000
70819  -27.207  7.310  -32.249 0.8888888955
70818  -26.459  7.515  -32.185 1.0000000000
71712  -27.737  8.087  -32.224 0.7777777910
68845  -22.149  5.250  -28.617 0.5555555820
69801  -22.243  7.097  -29.321 0.7777777910
69802  -22.866  6.354  -29.626 0.8888888955
69823  -23.940  6.529  -30.577 1.0000000000
68876  -24.395  5.929  -30.717 1.0000000000
69822  -23.558  7.147  -30.450 0.8888888955
70781  -24.006  7.082  -30.767 1.0000000000
70800  -24.418  7.320  -31.095 1.0000000000
70817  -25.728  7.941  -31.985 1.0000000000
117514  -26.329  8.182  -32.283 0.8888888955
71709  -25.882  8.789  -32.276 1.0000000000
71710  -26.614  8.637  -32.404 0.8888888955
72457  -27.494  9.533  -32.452 0.7777777910
72441  -28.861  9.690  -31.813 0.6666666865
72458  -28.222  9.621  -32.261 0.6666666865
69772  -20.738  6.710  -28.074 0.4444444478
70737  -21.288  8.304  -28.719 0.6666666865
71673  -22.890  8.471  -30.206 0.7777777910
70779  -23.206  7.797  -30.320 0.8888888955
70780  -23.803  7.755  -30.771 0.8888888955
70801  -25.027  7.615  -31.529 1.0000000000
71690  -23.807  8.540  -30.973 1.0000000000
114855  -24.305  8.754  -31.378 1.0000000000
71692  -25.004  8.524  -31.739 1.0000000000
72455  -25.789  9.697  -32.360 0.8888888955
114787  -27.108  10.125  -32.535 0.7777777910
125570  -29.109  10.380  -31.676 0.5555555820
110955  -27.788  10.332  -32.452 0.7777777910
73238  -28.053  11.176  -32.432 0.6666666865
71647  -21.200  8.958  -28.702 0.6666666865
71659  -22.322  8.632  -29.680 0.7777777910
72418  -22.031  9.328  -29.494 0.7777777910
71674  -23.274  9.045  -30.599 0.8888888955
72419  -22.620  9.181  -30.052 1.0000000000
72439  -23.894  9.383  -31.233 1.0000000000
121792  -24.393  10.061  -31.697 1.0000000000
72440  -24.634  9.308  -31.694 0.8888888955
73235  -25.602  10.530  -32.365 0.8888888955
73976  -26.229  11.207  -32.492 0.8888888955
73236  -26.424  10.332  -32.504 0.7777777910
73234  -24.848  10.681  -32.112 0.8888888955
73239  -28.616  11.355  -32.181 0.6666666865
72407  -20.789  9.422  -28.432 0.6666666865
71646  -20.630  8.650  -28.292 0.5555555820
72408  -21.438  9.444  -28.942 0.7777777910
123907  -22.351  9.917  -29.820 0.8888888955
73196  -23.249  10.293  -30.694 1.0000000000
72428  -23.422  9.752  -30.818 1.0000000000
128394  -24.294  10.763  -31.708 1.0000000000
73977  -26.802  11.938  -32.544 0.7777777910
74747  -26.492  12.744  -32.560 0.7777777910
74748  -28.027  12.599  -32.451 0.6666666865
74749  -28.614  12.548  -32.197 0.5555555820
73158  -20.352  10.084  -28.134 0.7777777910
73179  -21.723  10.014  -29.249 0.8888888955
73195  -22.719  10.662  -30.240 1.0000000000
73953  -23.353  10.999  -30.868 1.0000000000
123903  -24.166  12.064  -31.605 0.8888888955
73962  -24.619  11.505  -31.976 0.8888888955
123908  -24.672  12.284  -32.020 0.8888888955
73975  -25.391  11.356  -32.343 0.8888888955
75524  -26.966  13.409  -32.572 0.7777777910
75526  -28.371  13.191  -32.312 0.5555555820
75522  -25.407  13.523  -32.402 0.7777777910
116134  -28.720  13.685  -32.110 0.5555555820
120158  -27.445  14.045  -32.516 0.6666666865
73123  -18.996  10.813  -27.056 0.4444444478
123522  -19.961  10.771  -27.754 0.5555555820
73928  -20.659  11.750  -28.334 0.7777777910
73940  -21.709  11.279  -29.324 1.0000000000
123905  -21.415  10.724  -28.986 0.8888888955
73941  -22.285  11.464  -29.801 1.0000000000
123904  -23.550  11.860  -31.086 0.8888888955
74738  -23.794  12.679  -31.329 0.8888888955
74739  -24.405  12.814  -31.824 0.8888888955
74745  -24.985  12.862  -32.269 0.8888888955
75523  -26.182  13.477  -32.550 0.6666666865
75481  -20.230  13.435  -27.674 0.6666666865
74705  -20.311  12.472  -27.947 0.6666666865
75491  -21.447  13.010  -29.057 0.7777777910
74730  -22.468  12.489  -30.031 0.8888888955
75501  -22.333  13.403  -29.874 0.7777777910
75509  -22.888  13.309  -30.452 0.7777777910
75510  -23.493  13.339  -31.004 0.8888888955
76300  -23.734  14.087  -31.240 0.7777777910
75516  -24.086  13.440  -31.559 0.8888888955
76301  -24.382  14.163  -31.770 0.7777777910
75517  -24.711  13.514  -32.079 0.7777777910
76308  -25.056  14.205  -32.259 0.6666666865
77080  -24.626  14.968  -31.916 0.6666666865
77087  -25.487  14.836  -32.318 0.6666666865
76309  -25.841  14.161  -32.486 0.6666666865
121639  -25.977  15.832  -32.389 0.6666666865
118540  -25.943  15.299  -32.383 0.5555555820
77089  -27.723  15.503  -32.793 0.5555555820
116479  -27.919  14.672  -32.568 0.4444444478
77088  -26.732  15.504  -32.592 0.5555555820
77049  -21.274  15.057  -28.379 0.3333333433
77048  -20.644  15.547  -26.958 0.3333333433
76273  -21.273  14.776  -28.508 0.5555555820
122769  -21.424  13.966  -28.894 0.6666666865
77062  -22.216  15.780  -29.509 0.5555555820
122423  -22.077  14.136  -29.614 0.7777777910
76293  -22.679  14.106  -30.264 0.7777777910
77072  -22.735  15.830  -30.223 0.6666666865
77073  -23.275  14.882  -30.756 0.6666666865
77079  -23.908  15.430  -31.371 0.6666666865
122548  -24.444  15.763  -31.690 0.6666666865
77900  -25.536  16.421  -32.148 0.6666666865
77906  -26.530  16.380  -32.607 0.5555555820
77865  -21.539  16.716  -28.120 0.4444444478
77849  -21.454  16.821  -27.396 0.4444444478
78704  -22.335  17.652  -28.882 0.5555555820
77061  -21.697  15.520  -28.909 0.5555555820
77898  -23.888  16.249  -31.295 0.6666666865
77899  -24.596  16.548  -31.659 0.6666666865
78736  -25.889  17.020  -32.245 0.6666666865
78737  -26.582  17.296  -32.704 0.5555555820
78686  -21.580  17.496  -27.705 0.4444444478
78717  -22.707  17.396  -29.705 0.6666666865
77890  -22.961  16.677  -30.295 0.6666666865
119438  -23.352  15.971  -30.820 0.6666666865
77891  -23.443  16.688  -30.786 0.6666666865
78730  -25.126  17.236  -31.807 0.6666666865
109955  -25.375  0.672  -30.316 0.8888888955
64776  -23.959  0.781  -29.306 1.0000000000
117703  -24.626  2.033  -30.008 1.0000000000
66472  -25.294  3.011  -30.629 1.0000000000
67289  -26.464  3.523  -31.471 1.0000000000
70736  -20.636  7.728  -28.209 0.5555555820
72454  -25.052  9.914  -32.107 0.8888888955
73141  -19.688  10.057  -27.650 0.5555555820
73912  -19.280  11.533  -27.207 0.5555555820
73952  -22.913  11.659  -30.478 1.0000000000
74746  -25.707  12.819  -32.465 0.8888888955
74675  -17.578  12.674  -24.953 0.2222222239
120682  -26.656  14.113  -32.530 0.6666666865
118064  -27.162  14.767  -32.544 0.4444444478
77881  -22.500  16.632  -29.692 0.6666666865
70735  -19.988  8.162  -27.668 0.4444444478
71635  -19.980  9.216  -27.792 0.4444444478
78738  -27.486  16.708  -33.494 0.5555555820
77913  -27.987  16.747  -34.177 0.5555555820
77838  -21.626  16.960  -27.035 0.2222222239
61457  -25.127  -3.452  -29.701 0.5555555820
124866  -25.745  -2.869  -30.091 0.5555555820
62253  -25.591  -2.138  -30.091 0.6666666865
63080  -26.257  -1.151  -30.456 0.5555555820
63081  -26.796  -1.532  -30.548 0.5555555820
64808  -27.825  0.538  -30.837 0.7777777910
65660  -27.602  1.268  -31.205 0.8888888955
61445  -24.220  -3.553  -28.734 0.5555555820
125866  -26.778  -0.868  -30.615 0.6666666865
63950  -26.988  -0.263  -30.785 0.6666666865
64807  -27.207  0.551  -31.024 0.8888888955
121943  -27.678  1.988  -31.418 0.7777777910
66487  -28.031  2.571  -31.371 0.7777777910
68095  -28.243  4.140  -31.408 0.8888888955
62230  -23.394  -2.263  -27.877 0.4444444478
63903  -23.617  -0.689  -28.693 0.5555555820
68094  -27.680  4.159  -31.751 1.0000000000
64758  -22.632  0.739  -28.106 0.2222222239
65626  -23.399  1.535  -28.906 0.6666666865
68900  -27.807  5.453  -31.789 0.8888888955
69846  -27.939  6.202  -31.826 0.6666666865
70820  -27.870  7.115  -32.034 0.7777777910
70802  -28.413  7.725  -31.752 0.6666666865
66447  -22.538  2.877  -28.406 0.5555555820
71694  -29.037  8.182  -31.362 0.6666666865
68056  -22.102  4.399  -28.339 0.4444444478
72442  -29.241  9.022  -31.371 0.5555555820
73197  -29.518  10.657  -31.199 0.5555555820
68843  -20.878  5.855  -27.825 0.2222222239
120717  -29.103  11.168  -31.774 0.5555555820
70723  -20.051  7.204  -27.560 0.4444444478
73980  -28.878  11.921  -32.032 0.5555555820
71625  -19.180  8.312  -26.788 0.3333333433
74740  -29.083  12.551  -31.850 0.5555555820
73140  -19.266  10.625  -27.288 0.4444444478
75518  -29.240  13.279  -31.674 0.4444444478
73108  -17.775  10.476  -24.385 0.3333333433
113641  -28.565  14.548  -32.276 0.5555555820
77035  -20.517  15.255  -26.506 0.3333333433
76263  -20.005  15.077  -26.692 0.3333333433
120226  -20.408  14.055  -27.688 0.4444444478
77908  -27.918  16.275  -33.517 0.4444444478
78669  -21.609  17.454  -27.208 0.3333333433
78718  -23.230  17.454  -30.360 0.6666666865
78728  -23.826  17.048  -31.073 0.6666666865
78729  -24.319  17.524  -31.297 0.6666666865
79550  -24.833  18.152  -31.479 0.6666666865
79551  -25.760  17.809  -31.991 0.6666666865
78743  -27.242  17.584  -33.671 0.4444444478
78744  -27.890  17.171  -34.454 0.3333333433
78706  -22.875  18.052  -29.657 0.5555555820
62252  -25.044  -2.465  -29.764 0.5555555820
63919  -24.922  -0.579  -29.809 0.6666666865
63934  -25.593  -0.921  -30.192 0.7777777910
63935  -25.969  -0.506  -30.458 0.7777777910
64792  -25.995  0.160  -30.591 0.8888888955
119011  -25.714  2.089  -30.778 1.0000000000
66471  -25.112  2.295  -30.398 1.0000000000
65650  -26.034  1.095  -30.802 0.8888888955
132812  -27.168  1.153  -31.269 0.8888888955
62243  -24.505  -2.772  -29.225 0.5555555820
62242  -23.888  -2.498  -28.575 0.4444444478
63042  -23.547  -1.601  -28.337 0.5555555820
131264  -23.937  -1.296  -28.893 0.5555555820
65639  -24.681  1.170  -29.899 0.8888888955
65659  -26.781  1.101  -31.189 0.8888888955
66484  -26.073  2.780  -31.145 1.0000000000
67291  -27.891  3.344  -31.585 1.0000000000
68093  -26.910  4.379  -31.770 1.0000000000
63902  -22.920  0.006  -28.198 0.5555555820
64759  -23.191  0.779  -28.601 0.6666666865
125092  -23.518  2.226  -29.149 0.8888888955
66448  -23.241  3.012  -29.040 0.8888888955
125909  -23.737  3.405  -29.563 1.0000000000
67275  -24.615  3.598  -30.317 1.0000000000
118464  -23.962  4.097  -29.910 1.0000000000
121658  -23.915  5.050  -30.144 1.0000000000
68898  -26.952  5.198  -31.890 1.0000000000
119823  -26.640  5.754  -31.876 1.0000000000
69845  -27.422  6.589  -32.089 0.7777777910
68057  -22.722  4.606  -28.951 0.5555555820
67252  -22.655  3.727  -28.650 0.5555555820
68875  -23.891  5.838  -30.362 1.0000000000
69824  -24.449  6.612  -30.922 1.0000000000
69833  -25.056  6.776  -31.346 1.0000000000
116072  -26.946  8.069  -32.383 0.8888888955
71693  -28.512  8.747  -31.934 0.6666666865
69773  -21.530  5.818  -28.365 0.6666666865
69774  -22.215  6.103  -28.961 0.6666666865
68863  -22.775  5.470  -29.296 0.7777777910
70755  -21.947  8.051  -29.268 0.6666666865
70756  -22.615  7.885  -29.829 0.8888888955
117272  -23.015  7.156  -29.969 0.8888888955
68864  -23.398  5.687  -29.874 0.8888888955
69803  -23.446  6.472  -30.173 1.0000000000
72456  -26.647  9.411  -32.483 0.8888888955
71711  -27.238  8.771  -32.433 0.7777777910
128033  -27.871  8.942  -32.330 0.7777777910
116905  -29.410  9.848  -31.237 0.5555555820
73215  -28.569  10.534  -32.144 0.6666666865
115653  -21.408  7.413  -28.709 0.5555555820
69748  -20.258  6.370  -27.359 0.3333333433
131207  -21.116  6.208  -28.186 0.3333333433
126830  -21.540  6.553  -28.606 0.4444444478
71658  -21.695  8.805  -29.177 0.6666666865
119819  -23.389  8.316  -30.570 0.8888888955
71691  -24.355  8.074  -31.253 1.0000000000
73237  -27.160  11.005  -32.538 0.7777777910
73214  -23.754  10.344  -31.245 1.0000000000
73978  -27.633  11.893  -32.504 0.7777777910
73979  -28.344  11.924  -32.343 0.6666666865
73961  -23.924  11.247  -31.447 0.8888888955
122177  -25.976  12.050  -32.483 0.7777777910
121596  -27.286  12.664  -32.555 0.6666666865
75527  -28.816  13.049  -32.048 0.5555555820
123906  -20.707  10.918  -28.346 0.6666666865
73180  -22.041  10.654  -29.558 0.8888888955
123444  -25.207  12.154  -32.304 0.8888888955
75525  -27.727  13.318  -32.498 0.6666666865
121128  -28.156  13.917  -32.411 0.5555555820
73920  -20.146  11.557  -27.850 0.5555555820
73929  -21.218  11.509  -28.813 1.0000000000
74718  -21.704  12.140  -29.346 0.7777777910
74731  -23.201  12.551  -30.719 0.8888888955
74696  -19.832  12.801  -27.441 0.5555555820
75490  -20.769  14.086  -28.150 0.4444444478
115702  -20.833  13.240  -28.391 0.6666666865
74706  -21.027  12.345  -28.641 0.7777777910
123487  -19.702  12.075  -27.462 0.7777777910
74695  -19.523  12.490  -27.242 0.6666666865
74719  -21.980  12.901  -29.526 0.7777777910
122819  -23.977  14.712  -31.447 0.6666666865
77081  -25.201  15.654  -32.138 0.6666666865
76310  -26.319  14.774  -32.463 0.5555555820
77090  -28.273  15.235  -32.632 0.4444444478
77907  -27.351  16.054  -32.950 0.5555555820
76272  -20.843  14.599  -28.056 0.4444444478
76283  -21.796  14.895  -29.241 0.6666666865
122768  -22.450  14.945  -29.947 0.7777777910
77880  -22.175  16.638  -29.198 0.5555555820
122967  -22.403  17.319  -29.244 0.6666666865
123145  -19.179  9.493  -27.209 0.4444444478
74686  -18.196  12.812  -25.792 0.3333333433
71634  -19.363  8.563  -27.200 0.4444444478
129522  -28.135  1.166  -30.879 0.6666666865
128600  -23.592  -2.905  -28.034 0.4444444478
68102  -28.010  4.835  -31.674 0.7777777910
63889  -22.962  -0.858  -27.884 0.4444444478
69835  -28.417  6.850  -31.593 0.6666666865
68844  -21.487  5.098  -28.055 0.3333333433
68817  -21.151  5.295  -27.756 0.1111111119
68816  -20.527  5.916  -27.464 0.1111111119
70722  -19.545  7.716  -27.068 0.4444444478
72385  -18.932  9.131  -26.799 0.3333333433
72384  -18.923  10.048  -26.988 0.3333333433
76249  -19.361  14.633  -26.180 0.3333333433
114699  -28.408  -2.420  -28.916 0.4444444478
62233  -29.968  -1.936  -27.091 0.2222222239
60638  -26.309  -4.283  -29.875 0.4444444478
60639  -26.839  -3.924  -29.860 0.4444444478
61478  -26.389  -2.978  -30.260 0.4444444478
61479  -26.853  -2.950  -30.331 0.4444444478
62255  -28.126  -2.057  -29.773 0.4444444478
63056  -28.675  -1.574  -29.089 0.4444444478
63890  -29.859  -0.688  -27.951 0.2222222239
109870  -27.314  -1.618  -30.494 0.4444444478
62271  -27.872  -1.536  -30.305 0.4444444478
63070  -28.361  -1.328  -29.815 0.4444444478
63905  -30.273  -0.109  -27.831 0.1111111119
64746  -30.760  0.463  -27.593 0.1111111119
109559  -28.246  -0.775  -30.208 0.4444444478
111682  -29.156  0.220  -29.331 0.3333333433
63082  -27.228  -0.913  -30.621 0.4444444478
63937  -27.711  -0.879  -30.533 0.4444444478
63920  -28.574  0.055  -30.005 0.3333333433
64760  -29.648  0.829  -28.883 0.3333333433
119126  -30.207  0.592  -28.190 0.2222222239
63938  -28.039  -0.117  -30.526 0.4444444478
63951  -27.516  -0.193  -30.701 0.4444444478
65640  -29.683  1.813  -29.144 0.2222222239
66449  -30.482  2.374  -28.507 0.1111111119
67254  -30.996  3.194  -28.285 0.1111111119
116231  -29.142  1.859  -29.819 0.3333333433
66461  -29.425  2.389  -29.605 0.3333333433
66473  -28.489  2.489  -30.815 0.4444444478
67277  -28.367  3.292  -31.113 0.5555555820
68081  -28.775  4.048  -30.733 0.6666666865
68071  -29.810  4.553  -29.743 0.4444444478
68878  -30.150  6.098  -29.849 0.3333333433
116497  -28.417  4.903  -31.266 0.6666666865
68891  -28.831  5.656  -30.957 0.5555555820
68890  -28.226  5.518  -31.521 0.6666666865
69836  -28.959  6.564  -31.080 0.5555555820
69825  -29.530  6.279  -30.495 0.5555555820
116571  -29.518  7.110  -30.702 0.3333333433
125806  -28.458  6.151  -31.412 0.5555555820
71675  -29.604  8.451  -30.837 0.4444444478
70782  -29.428  7.777  -30.891 0.4444444478
78719  -23.707  17.773  -30.775 0.5555555820
80315  -25.473  18.792  -31.720 0.5555555820
126372  -28.068  -3.239  -28.787 0.4444444478
63043  -29.763  -1.435  -27.643 0.2222222239
67266  -29.423  3.062  -29.777 0.4444444478
67267  -30.019  3.701  -29.337 0.3333333433
66474  -28.986  2.439  -30.150 0.4444444478
68096  -28.872  4.827  -30.747 0.6666666865
68082  -29.270  4.525  -30.291 0.4444444478
70783  -30.033  7.808  -30.361 0.3333333433
72429  -29.803  9.247  -30.714 0.4444444478
125475  -29.549  11.343  -31.245 0.4444444478
79534  -24.009  18.378  -30.907 0.5555555820
80307  -23.708  19.168  -30.413 0.5555555820
68072  -30.424  4.570  -29.126 0.2222222239
79565  -26.443  18.412  -32.590 0.5555555820
130105  -26.949  -5.106  -28.676 0.4444444478
60623  -27.689  -4.007  -28.592 0.4444444478
133147  -28.231  -3.546  -28.055 0.4444444478
61438  -29.204  -2.992  -27.112 0.2222222239
62225  -29.815  -2.536  -26.813 0.2222222239
128058  -30.556  -2.077  -26.599 0.1111111119
60636  -25.018  -4.439  -29.467 0.4444444478
59790  -26.078  -5.065  -29.588 0.4444444478
63891  -30.432  -0.780  -27.349 0.1111111119
116687  -30.772  -0.139  -27.351 0.1111111119
65595  -31.991  0.734  -26.847 0.1111111119
65628  -30.906  1.739  -27.914 0.1111111119
66437  -31.872  2.456  -27.426 0.1111111119
67239  -31.654  3.189  -27.737 0.1111111119
117635  -30.706  3.904  -28.688 0.1111111119
68846  -30.744  5.236  -28.946 0.2222222239
69804  -30.588  6.709  -29.574 0.1111111119
68866  -30.259  5.306  -29.511 0.2222222239
71662  -30.603  8.366  -29.824 0.2222222239
71676  -30.146  8.641  -30.354 0.3333333433
73198  -30.044  11.072  -30.644 0.3333333433
73963  -29.332  11.914  -31.577 0.4444444478
73954  -29.775  11.876  -30.950 0.3333333433
75480  -19.790  13.214  -27.324 0.4444444478
129614  -28.308  16.011  -33.069 0.3333333433
78705  -22.545  18.075  -29.002 0.4444444478
79533  -23.289  18.422  -30.165 0.5555555820
80314  -24.519  19.141  -31.113 0.5555555820
80328  -25.933  19.481  -32.087 0.5555555820
132382  -25.504  -4.077  -29.810 0.4444444478
61458  -25.932  -3.747  -30.052 0.4444444478
61459  -26.556  -3.553  -30.107 0.4444444478
65661  -28.122  1.828  -31.120 0.6666666865
70803  -28.976  7.361  -31.251 0.5555555820
62269  -26.238  -2.132  -30.350 0.4444444478
65651  -28.615  1.635  -30.462 0.3333333433
64794  -28.367  0.692  -30.477 0.3333333433
61461  -27.791  -2.890  -29.657 0.4444444478
62244  -29.067  -1.941  -28.259 0.4444444478
62231  -28.707  -2.835  -27.971 0.3333333433
62232  -29.432  -2.280  -27.476 0.3333333433
63044  -30.344  -1.472  -27.065 0.1111111119
60637  -25.743  -4.523  -29.797 0.4444444478
60622  -26.910  -4.616  -29.296 0.4444444478
61446  -27.423  -3.699  -29.464 0.4444444478
62270  -26.837  -2.317  -30.453 0.4444444478
61460  -27.152  -3.299  -30.109 0.4444444478
62254  -27.416  -2.416  -30.279 0.4444444478
63057  -29.320  -1.070  -28.482 0.4444444478
63921  -28.852  -0.658  -29.379 0.4444444478
63904  -29.611  -0.122  -28.570 0.2222222239
65612  -30.678  1.079  -27.873 0.1111111119
64747  -31.352  0.171  -27.045 0.1111111119
64778  -29.038  1.010  -29.755 0.3333333433
65627  -30.277  1.411  -28.414 0.2222222239
66462  -29.897  2.762  -29.173 0.2222222239
67253  -30.407  3.192  -28.780 0.1111111119
67278  -28.886  3.200  -30.438 0.4444444478
124061  -29.359  3.853  -30.042 0.4444444478
69780  -30.801  6.038  -29.138 0.1111111119
68865  -29.533  5.327  -30.220 0.4444444478
69826  -30.124  6.906  -30.148 0.3333333433
123236  -29.957  10.116  -30.608 0.4444444478
66436  -31.232  2.479  -27.889 0.1111111119
120252  -24.141  19.887  -30.630 0.5555555820
111630  -27.368  -4.734  -28.266 0.4444444478
61437  -28.631  -3.537  -27.375 0.4444444478
61429  -29.630  -3.151  -26.546 0.2222222239
59789  -25.420  -5.155  -29.431 0.4444444478
59788  -24.872  -5.143  -29.092 0.4444444478
63876  -31.021  -0.483  -26.988 0.1111111119
63030  -31.006  -1.193  -26.719 0.1111111119
65613  -31.329  1.115  -27.407 0.1111111119
118046  -28.154  -9.450  -23.236 0.1111111119
112064  -24.600  -8.344  -25.800 0.3333333433
56972  -26.535  -8.376  -24.455 0.2222222239
56012  -27.082  -8.872  -23.870 0.2222222239
55995  -28.848  -9.168  -23.260 0.1111111119
56958  -28.031  -8.745  -23.656 0.1111111119
57941  -23.201  -7.500  -26.435 0.3333333433
56999  -23.581  -8.065  -26.256 0.3333333433
56987  -23.965  -8.538  -25.911 0.3333333433
57932  -25.677  -7.554  -25.912 0.3333333433
57933  -26.392  -7.297  -25.488 0.3333333433
56973  -27.386  -8.173  -24.237 0.2222222239
57934  -27.102  -6.990  -25.137 0.2222222239
56959  -29.021  -8.351  -23.713 0.1111111119
57919  -27.619  -7.448  -24.574 0.2222222239
59746  -22.976  -5.911  -26.699 0.2222222239
58813  -23.435  -6.795  -26.886 0.2222222239
58812  -22.779  -6.780  -26.338 0.2222222239
57942  -23.851  -7.436  -26.787 0.3333333433
57000  -24.224  -7.940  -26.380 0.3333333433
57001  -24.948  -7.796  -26.301 0.3333333433
124006  -28.404  -7.246  -24.438 0.1111111119
59758  -23.437  -5.227  -27.281 0.2222222239
118476  -23.618  -6.129  -27.277 0.3333333433
59759  -24.048  -5.832  -27.867 0.3333333433
58827  -24.177  -6.685  -27.428 0.3333333433
59773  -24.519  -5.450  -28.509 0.3333333433
58828  -24.739  -6.168  -28.235 0.3333333433
58814  -25.648  -6.608  -27.686 0.3333333433
58815  -26.284  -6.571  -26.880 0.3333333433
58830  -26.286  -6.183  -27.810 0.3333333433
58816  -27.044  -6.107  -26.376 0.3333333433
113029  -27.341  -5.492  -26.878 0.3333333433
59736  -27.793  -5.609  -25.923 0.3333333433
132401  -28.610  -5.971  -24.943 0.1111111119
59737  -28.594  -5.515  -25.338 0.2222222239
60608  -23.518  -4.296  -27.505 0.2222222239
59772  -23.944  -4.959  -28.034 0.2222222239
119167  -23.900  -4.185  -28.157 0.3333333433
59774  -25.048  -5.697  -28.928 0.3333333433
59775  -25.718  -5.722  -29.044 0.3333333433
58841  -25.730  -6.219  -28.379 0.3333333433
109748  -26.905  -5.495  -27.977 0.3333333433
59747  -28.378  -5.074  -25.928 0.3333333433
60587  -28.894  -4.925  -25.651 0.1111111119
61436  -23.037  -3.639  -27.079 0.3333333433
119796  -23.564  -3.528  -27.763 0.3333333433
59776  -26.467  -5.365  -28.932 0.3333333433
60609  -27.622  -4.879  -27.357 0.3333333433
60610  -28.027  -4.163  -27.634 0.3333333433
110731  -28.529  -4.057  -26.959 0.3333333433
72430  -30.574  9.397  -29.991 0.2222222239
73185  -30.575  10.475  -30.075 0.2222222239
74732  -29.540  12.555  -31.308 0.2222222239
56971  -25.712  -8.579  -24.767 0.3333333433
132918  -28.889  -7.696  -24.132 0.1111111119
57944  -25.434  -7.165  -26.873 0.3333333433
57945  -26.084  -7.061  -26.214 0.3333333433
58804  -26.689  -6.691  -25.900 0.3333333433
58805  -27.420  -6.351  -25.538 0.3333333433
60621  -24.413  -4.640  -28.680 0.3333333433
111648  -28.170  -4.489  -26.941 0.3333333433
55124  -26.816  -10.133  -23.153 0.1111111119
55974  -27.707  -10.014  -23.003 0.1111111119
56985  -22.610  -8.708  -25.641 0.3333333433
56026  -23.798  -9.144  -25.451 0.3333333433
56009  -24.462  -9.442  -24.890 0.3333333433
56010  -25.315  -9.252  -24.489 0.3333333433
56011  -26.192  -9.134  -24.052 0.3333333433
55975  -28.656  -9.932  -22.873 0.1111111119
55996  -29.560  -8.886  -23.304 0.1111111119
120656  -22.376  -6.036  -25.982 0.2222222239
57905  -29.586  -7.756  -24.050 0.1111111119
59757  -22.903  -5.047  -26.646 0.2222222239
58793  -29.524  -6.490  -24.524 0.1111111119
59738  -29.376  -5.233  -25.159 0.1111111119
60607  -22.985  -4.398  -26.886 0.2222222239
60600  -29.106  -3.693  -26.614 0.1111111119
62224  -22.748  -3.175  -26.598 0.1111111119
125558  -29.559  13.858  -31.233 0.2222222239
75511  -29.767  13.185  -30.943 0.2222222239
74733  -30.068  12.491  -30.653 0.2222222239
55994  -27.510  -9.386  -23.422 0.1111111119
129121  -24.341  -8.857  -25.459 0.3333333433
56027  -24.949  -8.777  -25.156 0.3333333433
56998  -22.919  -8.158  -26.072 0.2222222239
56986  -23.333  -8.691  -25.819 0.3333333433
56988  -25.307  -8.158  -25.511 0.3333333433
56989  -26.053  -7.909  -25.118 0.3333333433
57918  -26.828  -7.674  -24.799 0.2222222239
58791  -27.859  -6.733  -24.860 0.2222222239
57943  -24.562  -7.369  -26.994 0.3333333433
57920  -29.173  -7.135  -24.327 0.1111111119
58792  -28.672  -6.490  -24.675 0.1111111119
57956  -24.932  -6.806  -27.665 0.3333333433
58840  -25.238  -6.114  -28.657 0.3333333433
58831  -26.770  -5.976  -27.189 0.3333333433
60598  -27.986  -4.975  -26.532 0.3333333433
59723  -29.111  -5.879  -24.806 0.1111111119
61428  -22.695  -3.770  -26.398 0.2222222239
125656  -26.241  -5.870  -28.497 0.3333333433
131301  -29.282  -4.066  -26.130 0.1111111119
55102  -27.341  -10.821  -22.699 0.1111111119
128459  -26.849  -9.496  -23.542 0.2222222239
56025  -23.072  -9.321  -25.402 0.2222222239
56008  -23.621  -9.818  -24.971 0.3333333433
55138  -24.939  -9.824  -24.244 0.3333333433
55992  -25.618  -9.761  -23.877 0.3333333433
57931  -22.560  -7.511  -26.027 0.2222222239
57930  -21.958  -7.545  -25.525 0.2222222239
72423  -31.170  10.110  -29.533 0.1111111119
73947  -31.444  11.549  -29.232 0.1111111119
73186  -31.047  10.958  -29.619 0.1111111119
73946  -30.874  11.726  -29.772 0.1111111119
74725  -31.249  12.438  -29.426 0.1111111119
119286  -30.832  12.966  -29.793 0.1111111119
75512  -30.375  13.083  -30.327 0.1111111119
75506  -30.735  13.614  -29.874 0.1111111119
113791  -29.026  14.804  -31.932 0.2222222239
77909  -28.987  16.177  -32.520 0.1111111119
77091  -28.713  15.373  -32.370 0.1111111119
77914  -28.139  16.644  -33.968 0.1111111119
132709  -22.779  19.065  -28.599 0.4444444478
79521  -22.844  18.738  -29.175 0.4444444478
133222  -28.378  17.022  -34.099 0.1111111119
79573  -27.031  18.531  -33.831 0.3333333433
79574  -27.665  17.849  -34.690 0.2222222239
78749  -27.996  17.615  -34.894 0.1111111119
78745  -28.064  17.190  -34.548 0.1111111119
79581  -28.124  17.890  -35.023 0.1111111119
132138  -24.605  19.833  -31.087 0.4444444478
81078  -24.693  20.566  -31.096 0.4444444478
115210  -25.141  19.710  -31.488 0.4444444478
81079  -25.525  20.366  -31.865 0.4444444478
81081  -26.087  20.122  -32.463 0.4444444478
80329  -26.488  19.398  -32.966 0.4444444478
80346  -26.846  19.460  -34.011 0.2222222239
79579  -27.426  18.666  -34.852 0.2222222239
80363  -27.753  18.973  -35.398 0.2222222239
79580  -27.919  18.160  -35.176 0.2222222239
82565  -26.092  22.710  -36.739 0.1111111119
81110  -26.946  21.393  -36.504 0.1111111119
80376  -27.911  19.538  -35.681 0.1111111119
80302  -23.100  19.390  -29.086 0.4444444478
128530  -23.565  19.887  -29.777 0.4444444478
81075  -24.052  20.640  -30.246 0.3333333433
81789  -25.239  21.278  -31.716 0.4444444478
81798  -25.904  21.024  -32.523 0.4444444478
81082  -26.414  20.283  -33.225 0.4444444478
81808  -25.887  21.945  -32.948 0.3333333433
81809  -26.329  21.190  -33.493 0.3333333433
81818  -26.522  21.195  -34.446 0.1111111119
81093  -26.900  20.421  -35.105 0.1111111119
80362  -27.180  19.568  -34.964 0.2222222239
80375  -27.474  19.848  -35.591 0.1111111119
81102  -27.095  20.718  -35.872 0.1111111119
81063  -23.537  20.026  -29.079 0.2222222239
113181  -24.363  21.196  -30.555 0.3333333433
81788  -24.713  21.579  -31.015 0.3333333433
121863  -25.514  21.829  -32.233 0.3333333433
82552  -26.178  22.143  -33.914 0.2222222239
131373  -26.674  21.131  -35.231 0.1111111119
126847  -25.875  23.034  -33.952 0.1111111119
82556  -26.049  22.781  -34.696 0.1111111119
81828  -26.627  21.576  -35.783 0.1111111119
82560  -26.180  22.518  -35.700 0.1111111119
82536  -24.439  22.209  -29.733 0.3333333433
82541  -24.668  22.361  -30.632 0.3333333433
82542  -25.099  22.284  -31.555 0.3333333433
82548  -25.485  22.590  -32.401 0.2222222239
82551  -25.746  22.802  -33.216 0.2222222239
83285  -25.826  23.298  -35.336 0.1111111119
83304  -25.534  24.305  -36.714 0.1111111119
83250  -25.161  22.571  -28.463 0.1111111119
83261  -24.869  22.826  -29.232 0.1111111119
83266  -24.825  23.018  -30.044 0.2222222239
83267  -25.283  23.696  -30.350 0.2222222239
83269  -25.029  23.104  -30.930 0.3333333433
110903  -25.331  23.869  -31.155 0.2222222239
115188  -25.296  23.240  -31.784 0.3333333433
84030  -25.440  24.158  -31.989 0.2222222239
122595  -25.531  24.274  -32.854 0.1111111119
84041  -25.483  24.631  -33.820 0.1111111119
83284  -25.682  23.765  -34.546 0.1111111119
83293  -25.560  24.100  -35.657 0.1111111119
83294  -25.758  23.393  -36.211 0.1111111119
82570  -26.083  22.938  -37.719 0.1111111119
83262  -25.310  23.466  -29.575 0.1111111119
84002  -25.959  23.824  -29.145 0.1111111119
84017  -25.768  24.131  -29.904 0.1111111119
84777  -25.972  25.733  -31.364 0.1111111119
84772  -25.738  25.098  -30.969 0.1111111119
84776  -25.597  25.055  -31.834 0.1111111119
85492  -25.692  26.070  -33.071 0.1111111119
84792  -25.453  25.546  -33.788 0.1111111119
130465  -25.386  25.233  -34.341 0.1111111119
128717  -26.840  25.046  -29.656 0.1111111119
84019  -27.187  24.728  -29.055 0.1111111119
84759  -26.936  25.677  -30.144 0.1111111119
84773  -26.241  25.551  -30.728 0.1111111119
85461  -26.678  26.221  -30.969 0.1111111119
85481  -26.305  26.372  -31.698 0.1111111119
85493  -26.135  26.596  -32.468 0.1111111119
85462  -27.429  26.469  -30.400 0.1111111119
85445  -27.837  26.026  -29.727 0.1111111119
73166  -31.581  10.706  -29.047 0.1111111119
125378  -30.586  11.207  -30.084 0.1111111119
74712  -31.804  12.154  -28.765 0.1111111119
130595  -29.753  14.214  -30.934 0.1111111119
76296  -30.123  13.853  -30.558 0.1111111119
76295  -29.500  14.607  -31.338 0.1111111119
77915  -28.616  16.706  -33.359 0.1111111119
80306  -23.250  19.144  -29.687 0.4444444478
126827  -28.507  17.555  -34.377 0.1111111119
128191  -27.474  20.962  -36.365 0.1111111119
121663  -26.493  22.023  -36.385 0.1111111119
132800  -25.529  24.658  -32.374 0.1111111119
84028  -26.148  24.939  -30.209 0.1111111119
85503  -25.418  26.383  -34.007 0.1111111119
85482  -27.258  26.967  -31.115 0.1111111119
86255  -27.827  27.024  -30.586 0.1111111119
120848  -32.341  11.928  -28.231 0.1111111119
73935  -31.954  11.344  -28.608 0.1111111119
76302  -29.113  14.115  -31.819 0.2222222239
84018  -26.428  24.464  -29.460 0.1111111119
74701  -32.689  12.404  -27.755 0.1111111119
132912  -32.692  11.753  -27.763 0.1111111119
132594  -32.189  13.659  -28.339 0.1111111119
75507  -31.266  13.298  -29.378 0.1111111119
76289  -31.264  14.051  -29.358 0.1111111119
115474  -30.042  14.617  -30.650 0.1111111119
76288  -30.683  14.502  -29.916 0.1111111119
77074  -29.837  15.333  -30.916 0.1111111119
77901  -29.527  16.504  -31.684 0.1111111119
78731  -29.311  17.183  -32.477 0.1111111119
78746  -28.891  17.384  -33.543 0.1111111119
130018  -28.355  18.436  -35.100 0.1111111119
79575  -29.072  18.084  -33.714 0.1111111119
80364  -28.342  19.676  -35.492 0.1111111119
81104  -28.124  20.234  -36.022 0.1111111119
81071  -23.872  20.767  -29.464 0.3333333433
81782  -24.139  21.389  -29.912 0.2222222239
81839  -27.438  21.438  -37.103 0.1111111119
82523  -24.619  22.141  -28.897 0.1111111119
81838  -26.627  22.038  -37.252 0.1111111119
132965  -26.547  22.464  -38.124 0.1111111119
81768  -24.925  21.991  -28.270 0.1111111119
82518  -25.556  22.389  -27.806 0.1111111119
84003  -26.724  24.137  -28.686 0.1111111119
83318  -25.734  23.926  -38.227 0.1111111119
84004  -27.614  24.319  -28.360 0.1111111119
84748  -28.054  24.857  -28.830 0.1111111119
85508  -25.026  26.778  -34.964 0.1111111119
85516  -24.996  26.473  -35.729 0.1111111119
84054  -25.397  25.044  -36.258 0.1111111119
84060  -25.549  25.203  -37.257 0.1111111119
116234  -28.412  25.425  -29.261 0.1111111119
86271  -26.789  27.011  -31.928 0.1111111119
86305  -25.991  27.712  -33.472 0.1111111119
86272  -27.917  27.508  -31.067 0.1111111119
73955  -30.361  11.801  -30.380 0.1111111119
74724  -30.633  12.417  -30.053 0.1111111119
119293  -31.702  12.988  -28.827 0.1111111119
77082  -29.324  15.510  -31.721 0.1111111119
79582  -28.778  18.482  -34.440 0.1111111119
81086  -26.682  20.359  -34.189 0.2222222239
79588  -28.077  18.682  -35.392 0.1111111119
81103  -27.708  20.291  -36.016 0.2222222239
119449  -26.386  21.893  -34.929 0.1111111119
131052  -24.398  21.772  -30.388 0.3333333433
83274  -25.497  23.446  -32.629 0.2222222239
83278  -25.649  23.655  -33.493 0.1111111119
83305  -25.710  23.604  -37.222 0.1111111119
83251  -25.498  23.209  -28.794 0.1111111119
84787  -25.547  25.155  -32.827 0.1111111119
84047  -25.380  24.912  -35.032 0.1111111119
84027  -25.582  24.416  -30.616 0.1111111119
118393  -25.506  24.543  -31.287 0.1111111119
85480  -25.785  25.865  -32.170 0.1111111119
86291  -25.899  26.870  -33.328 0.1111111119
84797  -25.176  25.867  -34.814 0.1111111119
84760  -27.540  25.338  -29.414 0.1111111119
131667  -26.766  26.643  -31.427 0.1111111119
81111  -27.895  20.857  -36.497 0.1111111119
86304  -25.382  27.230  -34.178 0.1111111119
124605  -27.425  27.577  -31.739 0.1111111119
74713  -32.256  12.724  -28.293 0.1111111119
125504  -29.755  16.013  -31.131 0.1111111119
125612  -28.636  19.160  -34.928 0.1111111119
81829  -28.597  20.942  -36.348 0.1111111119
82571  -27.097  21.935  -38.001 0.1111111119
83243  -25.826  22.951  -27.989 0.1111111119
84804  -25.153  25.815  -35.945 0.1111111119
86292  -26.468  27.307  -32.731 0.1111111119
86967  -26.157  28.609  -33.505 0.1111111119
55137  -24.253  -10.284  -24.320 0.2222222239
66446  -22.158  2.683  -27.965 0.2222222239
67251  -22.099  3.506  -28.108 0.2222222239
113472  -22.974  2.214  -28.625 0.3333333433
79509  -22.558  18.709  -28.480 0.3333333433
79499  -22.551  18.610  -28.285 0.2222222239
80297  -23.021  19.313  -28.650 0.1111111119
76250  -19.763  15.115  -25.922 0.2222222239
75470  -18.691  13.878  -25.726 0.1111111119
65625  -22.691  1.460  -28.294 0.2222222239
76238  -19.137  14.702  -25.392 0.1111111119
111038  -21.643  16.297  -27.024 0.1111111119
79500  -22.829  18.515  -26.905 0.1111111119
113535  -23.461  19.252  -27.011 0.1111111119
80292  -24.003  19.818  -27.347 0.1111111119
81060  -23.882  20.192  -27.983 0.1111111119
78687  -22.392  18.361  -28.505 0.2222222239
77839  -22.073  17.061  -26.925 0.1111111119
64744  -22.356  1.205  -27.794 0.2222222239
70710  -19.849  6.949  -27.114 0.2222222239
78670  -21.697  18.091  -27.231 0.1111111119
127053  -22.423  2.133  -28.153 0.2222222239
79491  -22.163  18.201  -26.843 0.1111111119
79510  -22.736  18.888  -28.380 0.1111111119
77840  -22.446  17.748  -26.832 0.1111111119
78671  -23.202  17.683  -27.171 0.1111111119
68058  -31.027  4.690  -28.588 0.1111111119
55136  -23.308  -10.492  -24.478 0.1111111119
55122  -25.052  -10.432  -23.742 0.1111111119
128295  -21.672  -10.452  -24.484 0.1111111119
113696  -21.921  -9.940  -24.827 0.1111111119
56024  -22.231  -9.316  -25.260 0.1111111119
124343  -22.373  -8.094  -25.725 0.1111111119
110257  -22.537  -0.841  -27.184 0.1111111119
124574  -21.642  3.821  -26.924 0.1111111119
67234  -22.004  3.234  -27.899 0.1111111119
72372  -18.668  8.961  -24.710 0.2222222239
72371  -18.113  9.702  -25.108 0.2222222239
72355  -18.336  9.666  -24.162 0.2222222239
73091  -18.483  10.633  -23.503 0.2222222239
68031  -21.756  4.287  -27.957 0.1111111119
55119  -21.935  -11.059  -24.201 0.1111111119
55121  -23.871  -11.072  -23.881 0.1111111119
131646  -24.459  -10.746  -23.852 0.1111111119
55133  -20.575  -9.999  -24.204 0.1111111119
56970  -20.864  -8.364  -24.575 0.1111111119
56984  -21.772  -8.418  -25.292 0.1111111119
58802  -21.639  -6.831  -25.213 0.1111111119
59745  -22.528  -5.227  -26.075 0.1111111119
63029  -22.479  -1.357  -26.762 0.1111111119
110441  -22.381  -0.142  -27.186 0.1111111119
132711  -22.359  1.674  -27.979 0.1111111119
67211  -21.921  3.173  -26.830 0.1111111119
71605  -19.144  8.569  -24.725 0.2222222239
73893  -19.151  11.394  -23.804 0.2222222239
74668  -19.282  12.637  -24.233 0.1111111119
55993  -26.281  -9.751  -23.575 0.1111111119
55120  -22.870  -11.143  -24.092 0.1111111119
73887  -18.319  11.517  -23.475 0.2222222239
75456  -17.940  13.149  -24.467 0.1111111119
64745  -22.454  0.370  -27.664 0.1111111119
132475  -18.928  8.343  -25.161 0.2222222239
127526  -22.890  -1.656  -27.373 0.1111111119
58803  -22.175  -6.810  -25.781 0.1111111119
56007  -22.765  -9.948  -24.963 0.1111111119
125423  -22.587  -0.298  -27.583 0.1111111119
66435  -22.258  1.947  -27.805 0.1111111119
55135  -22.409  -10.526  -24.527 0.1111111119
55134  -21.186  -9.959  -24.534 0.1111111119
56006  -21.385  -9.249  -24.906 0.1111111119
72357  -19.520  9.126  -24.558 0.1111111119
57916  -20.755  -7.361  -24.292 0.1111111119
118173  -22.581  -2.040  -26.616 0.1111111119
63021  -22.440  -1.602  -26.402 0.1111111119
73894  -20.045  11.902  -24.667 0.1111111119
74676  -20.139  13.030  -24.886 0.1111111119
71615  -19.400  7.991  -25.316 0.1111111119
76239  -19.764  14.872  -25.418 0.1111111119
77036  -21.248  15.984  -27.067 0.1111111119
56974  -28.234  -7.956  -24.137 0.2222222239
58806  -28.127  -6.085  -25.170 0.1111111119
58829  -25.238  -6.430  -28.187 0.3333333433
60599  -28.723  -4.453  -26.286 0.3333333433
68889  -26.324  5.164  -31.624 1.0000000000
72356  -18.901  9.278  -24.156 0.2222222239
72427  -22.926  9.787  -30.381 0.8888888955
73099  -18.140  10.299  -23.754 0.2222222239
73100  -19.243  10.045  -23.896 0.2222222239
73122  -17.808  10.784  -25.514 0.2222222239
73159  -21.103  10.095  -28.648 0.8888888955
73892  -17.789  11.234  -23.746 0.2222222239
73911  -17.845  11.844  -25.728 0.2222222239
73919  -19.598  11.343  -27.464 0.5555555820
74661  -17.906  12.096  -23.617 0.2222222239
74666  -17.575  12.350  -24.118 0.2222222239
74667  -18.492  12.305  -23.795 0.1111111119
75448  -17.970  12.731  -23.926 0.1111111119
75457  -18.508  14.054  -24.766 0.1111111119
75469  -18.035  13.424  -25.070 0.1111111119
75500  -21.839  13.482  -29.411 0.7777777910
76262  -20.048  13.688  -27.424 0.4444444478
76294  -23.246  13.949  -30.723 0.7777777910
77016  -20.319  15.168  -25.949 0.1111111119
77850  -22.271  16.316  -27.052 0.1111111119
78662  -21.861  17.659  -26.831 0.1111111119
114707  -18.608  9.912  -23.774 0.2222222239
116360  -19.898  10.896  -24.498 0.2222222239
118646  -17.467  11.587  -24.695 0.2222222239
119971  -19.039  8.823  -26.887 0.3333333433
125778  -25.261  9.244  -32.051 0.8888888955
129093  -19.286  14.516  -24.909 0.1111111119
132119  -27.219  -9.751  -23.268 0.1111111119
133149  -28.550  4.481  -31.062 0.6666666865
