#!ascii label  , from subject sub-v2s7x29675_ses-1 vox2ras=TkReg
1442
30661  7.863  -36.158  49.967 0.0000000000
54509  39.892  -9.788  25.798 0.0000000000
37341  26.649  -29.095  40.495 0.0000000000
39831  34.520  -25.205  43.892 0.0000000000
38265  18.437  -27.580  41.265 0.0000000000
32569  15.493  -33.203  49.689 0.0000000000
123357  46.654  -1.353  18.508 0.0000000000
58986  48.036  -4.736  26.469 0.0000000000
47368  33.499  -17.455  36.000 0.0000000000
64391  49.402  0.806  10.679 0.0000000000
38207  25.312  -27.505  45.303 0.0000000000
32562  11.259  -33.886  49.964 0.0000000000
61599  46.635  -1.600  23.094 0.0000000000
115580  42.807  -4.066  22.403 0.0000000000
109925  38.889  -8.884  30.400 0.0000000000
55324  44.531  -8.876  30.661 0.0000000000
51711  36.705  -12.229  30.597 0.0000000000
39888  32.151  -24.955  37.581 0.0000000000
37326  31.679  -29.146  41.435 0.0000000000
37279  21.463  -28.228  45.677 0.0000000000
34503  19.565  -31.354  50.096 0.0000000000
35510  16.758  -30.708  45.281 0.0000000000
34579  11.942  -31.540  44.380 0.0000000000
39040  22.265  -25.924  41.338 0.0000000000
62567  52.399  -0.014  18.306 0.0000000000
64312  51.814  2.215  23.735 0.0000000000
56234  44.499  -7.453  25.586 0.0000000000
48281  38.043  -16.076  35.202 0.0000000000
43542  33.946  -20.970  40.293 0.0000000000
61701  48.393  -1.405  14.435 0.0000000000
61715  53.450  -0.924  13.584 0.0000000000
61773  55.718  -1.026  9.762 0.0000000000
38149  24.153  -27.801  48.410 0.0000000000
122462  9.536  -34.421  49.687 0.0000000000
31558  11.318  -34.371  52.970 0.0000000000
31561  9.051  -34.856  52.990 0.0000000000
110281  42.386  -2.626  21.317 0.0000000000
54378  39.862  -9.437  33.111 0.0000000000
55290  41.398  -8.571  33.640 0.0000000000
29018  2.948  -37.601  52.563 0.0000000000
54451  34.908  -9.608  28.370 0.0000000000
37368  27.241  -28.494  38.363 0.0000000000
37365  29.850  -28.113  38.867 0.0000000000
36483  29.093  -29.725  40.685 0.0000000000
38240  19.856  -27.644  43.058 0.0000000000
36426  19.195  -29.374  44.675 0.0000000000
37307  17.847  -28.976  43.015 0.0000000000
117193  20.301  -26.121  41.741 0.0000000000
39017  21.944  -26.374  43.347 0.0000000000
108893  17.217  -32.264  49.142 0.0000000000
62570  49.575  -0.615  18.714 0.0000000000
113617  51.743  1.575  20.658 0.0000000000
63512  49.212  0.867  20.861 0.0000000000
60764  47.685  -2.647  24.393 0.0000000000
61584  49.380  -0.853  25.078 0.0000000000
56257  38.874  -8.023  23.369 0.0000000000
56253  41.921  -7.222  23.876 0.0000000000
114123  41.835  -8.664  25.345 0.0000000000
48304  33.975  -17.220  33.120 0.0000000000
49131  35.837  -16.061  33.102 0.0000000000
47365  36.387  -17.416  35.914 0.0000000000
40713  34.019  -25.055  39.969 0.0000000000
42625  33.675  -22.488  38.374 0.0000000000
41639  34.478  -23.301  41.462 0.0000000000
61665  45.388  -1.754  16.924 0.0000000000
61703  46.053  -0.806  14.312 0.0000000000
61675  48.064  -1.478  16.785 0.0000000000
111864  50.494  -1.344  16.109 0.0000000000
62665  52.780  -0.378  8.064 0.0000000000
61776  51.748  -1.035  9.612 0.0000000000
123729  54.890  -0.617  11.915 0.0000000000
110672  50.921  -1.351  11.731 0.0000000000
37303  25.646  -27.953  43.196 0.0000000000
36441  27.880  -29.632  43.073 0.0000000000
37264  27.906  -28.355  46.290 0.0000000000
32571  13.717  -33.619  49.593 0.0000000000
31568  15.334  -34.171  52.379 0.0000000000
31570  13.404  -34.132  52.205 0.0000000000
123685  44.006  -1.885  18.772 0.0000000000
62549  46.355  -0.538  20.714 0.0000000000
61620  44.605  -1.507  21.240 0.0000000000
59934  44.996  -2.876  22.631 0.0000000000
59024  46.182  -4.394  24.218 0.0000000000
54468  39.481  -9.685  27.618 0.0000000000
111259  41.949  -9.620  28.090 0.0000000000
54414  41.590  -9.299  30.674 0.0000000000
47354  30.991  -17.976  36.152 0.0000000000
41596  35.838  -23.245  44.724 0.0000000000
120666  6.025  -37.155  49.960 0.0000000000
30644  7.165  -36.084  53.342 0.0000000000
29009  5.413  -37.239  52.703 0.0000000000
53579  36.547  -10.354  25.722 0.0000000000
54470  37.113  -9.441  28.060 0.0000000000
53510  37.507  -9.916  30.714 0.0000000000
51690  39.298  -12.057  32.647 0.0000000000
39098  30.165  -26.045  36.759 0.0000000000
39062  32.499  -26.725  39.121 0.0000000000
38245  33.370  -27.033  42.667 0.0000000000
110729  30.679  -30.050  43.839 0.0000000000
37285  32.673  -28.731  44.800 0.0000000000
37255  22.609  -28.263  47.665 0.0000000000
36371  21.050  -30.041  49.788 0.0000000000
36389  19.911  -29.890  47.170 0.0000000000
35497  18.496  -30.627  46.824 0.0000000000
34531  16.222  -31.876  47.070 0.0000000000
36458  15.429  -29.618  42.321 0.0000000000
35524  14.462  -30.929  44.285 0.0000000000
33555  13.914  -32.485  46.859 0.0000000000
33542  11.570  -32.827  47.330 0.0000000000
128523  9.419  -33.660  47.402 0.0000000000
31612  8.078  -34.687  46.855 0.0000000000
126706  24.599  -27.862  38.243 0.0000000000
39076  22.608  -26.541  38.175 0.0000000000
120857  24.439  -27.719  40.784 0.0000000000
39014  23.818  -26.988  43.204 0.0000000000
38209  23.342  -27.245  45.867 0.0000000000
62524  53.999  0.764  22.823 0.0000000000
63480  49.084  0.695  23.361 0.0000000000
58082  40.916  -5.484  22.362 0.0000000000
57139  43.682  -6.115  23.865 0.0000000000
57118  46.264  -6.315  25.834 0.0000000000
109536  44.989  -8.575  28.124 0.0000000000
129557  46.510  -7.209  28.432 0.0000000000
49940  35.407  -14.213  30.633 0.0000000000
49918  38.038  -14.200  32.796 0.0000000000
49896  40.316  -14.285  35.893 0.0000000000
44584  32.021  -20.023  37.144 0.0000000000
46437  32.872  -18.380  38.546 0.0000000000
44515  34.655  -20.863  43.568 0.0000000000
46424  34.132  -18.350  41.293 0.0000000000
47318  35.399  -17.504  38.631 0.0000000000
48257  37.706  -17.045  38.435 0.0000000000
49873  39.892  -14.865  38.758 0.0000000000
62620  48.311  -0.490  12.080 0.0000000000
109468  50.859  -1.433  13.691 0.0000000000
62597  53.061  -0.650  16.092 0.0000000000
37224  25.176  -28.587  49.955 0.0000000000
30668  8.331  -35.592  49.384 0.0000000000
31586  9.184  -34.850  51.128 0.0000000000
30653  8.571  -35.442  51.477 0.0000000000
53488  40.522  -10.243  34.265 0.0000000000
54368  40.901  -9.376  34.598 0.0000000000
29038  1.665  -36.485  50.696 0.0000000000
37356  26.564  -28.685  38.929 0.0000000000
36495  27.855  -29.269  39.820 0.0000000000
36485  27.419  -29.374  40.458 0.0000000000
38251  18.750  -27.800  42.013 0.0000000000
37306  18.631  -28.721  43.236 0.0000000000
37329  18.034  -28.213  41.737 0.0000000000
39054  19.451  -25.954  40.417 0.0000000000
38264  19.134  -27.098  41.563 0.0000000000
39030  19.749  -26.691  41.891 0.0000000000
33510  16.678  -32.673  49.513 0.0000000000
32556  16.559  -33.305  50.945 0.0000000000
62572  47.905  -0.871  18.899 0.0000000000
62557  49.179  -0.271  19.438 0.0000000000
62559  47.517  -0.566  19.654 0.0000000000
59902  47.969  -3.810  25.366 0.0000000000
59901  48.686  -3.212  25.953 0.0000000000
55387  39.079  -9.074  24.261 0.0000000000
117492  40.685  -8.608  24.686 0.0000000000
54508  40.834  -9.461  25.870 0.0000000000
112933  31.794  -17.505  35.246 0.0000000000
47388  33.483  -17.491  35.059 0.0000000000
47386  35.201  -17.430  34.994 0.0000000000
131449  34.915  -17.521  35.714 0.0000000000
115229  34.260  -25.240  41.649 0.0000000000
111991  34.429  -24.094  41.233 0.0000000000
40689  34.581  -24.104  42.576 0.0000000000
109099  45.864  -1.692  17.528 0.0000000000
61664  46.385  -1.643  16.857 0.0000000000
61663  47.275  -1.517  17.308 0.0000000000
61662  48.710  -1.337  17.475 0.0000000000
62657  51.220  -0.270  9.290 0.0000000000
62658  50.272  -0.123  10.045 0.0000000000
61765  51.655  -1.317  10.579 0.0000000000
131195  49.734  -0.262  10.636 0.0000000000
38221  25.187  -27.532  44.462 0.0000000000
37288  26.573  -28.283  44.196 0.0000000000
38206  25.969  -27.698  45.644 0.0000000000
32572  12.761  -33.716  49.560 0.0000000000
32559  13.342  -33.882  50.728 0.0000000000
32546  12.144  -33.997  50.949 0.0000000000
31542  11.021  -34.596  54.829 0.0000000000
31540  12.667  -34.980  55.158 0.0000000000
60816  43.281  -1.935  19.281 0.0000000000
61640  44.132  -1.669  19.735 0.0000000000
61629  43.382  -1.875  20.309 0.0000000000
127030  42.761  -3.236  21.959 0.0000000000
59946  43.666  -2.777  22.064 0.0000000000
59935  44.275  -3.268  22.549 0.0000000000
115271  45.544  -4.092  23.644 0.0000000000
59026  44.759  -4.661  23.573 0.0000000000
109394  39.221  -9.231  28.701 0.0000000000
54428  40.950  -9.397  29.294 0.0000000000
54415  40.732  -9.078  30.288 0.0000000000
60833  43.761  -1.886  17.498 0.0000000000
29024  6.037  -37.246  50.733 0.0000000000
29035  4.623  -37.388  50.825 0.0000000000
53580  35.623  -10.296  25.612 0.0000000000
53566  36.797  -10.232  26.555 0.0000000000
54489  34.973  -9.825  27.140 0.0000000000
120778  35.573  -10.653  29.684 0.0000000000
53518  36.426  -9.778  29.706 0.0000000000
52638  37.109  -10.711  30.674 0.0000000000
52629  38.258  -11.102  31.663 0.0000000000
51700  37.822  -11.918  31.352 0.0000000000
39100  28.702  -26.723  36.260 0.0000000000
37351  31.099  -28.635  39.766 0.0000000000
38302  30.725  -27.472  38.639 0.0000000000
38275  31.952  -28.300  39.955 0.0000000000
38273  33.191  -27.322  40.878 0.0000000000
38260  32.793  -27.880  41.271 0.0000000000
36412  28.909  -29.266  45.202 0.0000000000
111865  29.352  -29.987  43.824 0.0000000000
36422  30.544  -29.780  44.921 0.0000000000
36408  32.731  -29.467  46.566 0.0000000000
38205  33.395  -28.201  45.252 0.0000000000
37267  21.678  -28.451  46.490 0.0000000000
36387  21.391  -29.213  47.967 0.0000000000
36399  20.463  -29.389  46.635 0.0000000000
36416  18.011  -29.907  44.756 0.0000000000
35508  18.607  -30.196  45.857 0.0000000000
114493  17.869  -30.616  46.001 0.0000000000
34530  17.111  -31.608  47.427 0.0000000000
34558  16.339  -31.185  45.803 0.0000000000
36471  15.957  -29.199  41.760 0.0000000000
34596  12.740  -31.289  44.076 0.0000000000
35525  13.528  -30.938  43.788 0.0000000000
34577  13.496  -31.356  44.581 0.0000000000
115606  14.106  -31.835  45.731 0.0000000000
34547  12.800  -32.128  46.085 0.0000000000
33541  12.545  -32.816  47.384 0.0000000000
33570  11.989  -32.067  45.948 0.0000000000
111555  8.599  -34.042  46.624 0.0000000000
38332  24.650  -27.575  36.892 0.0000000000
39090  23.853  -27.300  36.901 0.0000000000
39865  21.341  -25.401  39.953 0.0000000000
39864  22.070  -25.894  39.670 0.0000000000
39051  23.180  -26.826  40.067 0.0000000000
39039  23.148  -26.610  41.050 0.0000000000
38249  24.021  -27.179  42.278 0.0000000000
108784  22.803  -26.316  41.999 0.0000000000
38225  21.744  -27.259  44.481 0.0000000000
38224  22.535  -27.020  44.767 0.0000000000
38211  21.974  -27.542  45.256 0.0000000000
37266  22.396  -28.076  46.817 0.0000000000
35470  20.342  -30.684  49.930 0.0000000000
29780  6.195  -36.319  54.627 0.0000000000
30635  7.653  -35.619  55.368 0.0000000000
63520  52.972  1.094  19.553 0.0000000000
120319  51.387  2.277  22.302 0.0000000000
64332  53.277  2.108  22.061 0.0000000000
64311  52.881  1.931  23.612 0.0000000000
63476  52.809  1.169  24.473 0.0000000000
62528  46.509  -0.523  22.121 0.0000000000
62527  47.307  0.019  22.304 0.0000000000
62519  47.652  -0.361  23.118 0.0000000000
62500  50.243  -0.369  25.631 0.0000000000
56242  43.459  -7.252  24.719 0.0000000000
57129  43.159  -6.721  24.109 0.0000000000
56241  44.201  -7.088  24.973 0.0000000000
57126  45.191  -6.245  24.905 0.0000000000
56225  45.875  -6.959  26.243 0.0000000000
54425  43.264  -9.493  29.476 0.0000000000
54464  43.533  -9.297  27.726 0.0000000000
55335  44.649  -8.783  29.824 0.0000000000
49168  34.316  -15.283  30.637 0.0000000000
49122  36.901  -16.098  34.196 0.0000000000
49138  36.990  -15.098  32.984 0.0000000000
49128  38.080  -15.066  33.948 0.0000000000
49911  39.186  -14.124  33.819 0.0000000000
49113  39.438  -15.255  35.821 0.0000000000
40771  31.498  -24.225  36.225 0.0000000000
40770  32.142  -23.841  36.671 0.0000000000
116811  33.795  -21.924  38.752 0.0000000000
43592  33.031  -21.925  37.352 0.0000000000
124925  33.001  -20.619  38.173 0.0000000000
45543  32.025  -19.118  37.642 0.0000000000
45536  33.027  -19.368  39.170 0.0000000000
42556  35.243  -22.139  44.541 0.0000000000
47287  35.081  -17.542  41.696 0.0000000000
47308  34.429  -17.776  40.126 0.0000000000
47297  36.092  -17.207  40.365 0.0000000000
47317  36.233  -17.399  38.938 0.0000000000
47296  36.938  -16.996  39.979 0.0000000000
108882  46.722  -1.199  14.538 0.0000000000
61742  48.213  -0.893  12.908 0.0000000000
109067  49.760  -1.288  12.622 0.0000000000
111300  49.117  -1.408  14.031 0.0000000000
61659  51.165  -0.938  17.381 0.0000000000
61672  51.286  -1.109  16.637 0.0000000000
62579  52.753  -0.300  17.617 0.0000000000
62578  53.974  0.001  17.414 0.0000000000
62656  54.895  -0.560  9.185 0.0000000000
61738  54.043  -0.866  12.363 0.0000000000
110423  55.222  -0.637  13.401 0.0000000000
62608  54.472  -0.610  14.100 0.0000000000
125016  25.063  -27.348  46.856 0.0000000000
38184  26.405  -27.770  47.169 0.0000000000
38147  25.793  -27.785  48.390 0.0000000000
31594  10.430  -34.064  49.920 0.0000000000
31583  11.452  -34.135  51.293 0.0000000000
31573  9.859  -34.555  51.709 0.0000000000
31560  9.777  -34.620  52.623 0.0000000000
31536  9.816  -34.898  55.436 0.0000000000
131311  41.320  -2.966  21.227 0.0000000000
59045  41.331  -4.089  21.872 0.0000000000
54403  39.220  -9.063  31.587 0.0000000000
127649  40.373  -8.632  31.645 0.0000000000
54388  40.307  -8.742  32.993 0.0000000000
55262  42.200  -8.629  35.273 0.0000000000
29036  3.710  -37.360  50.934 0.0000000000
29037  2.646  -37.022  50.723 0.0000000000
123960  2.077  -37.575  52.177 0.0000000000
54473  34.548  -9.602  27.750 0.0000000000
52648  34.522  -11.389  29.306 0.0000000000
112539  28.800  -27.491  37.539 0.0000000000
37367  28.031  -28.497  38.573 0.0000000000
37353  29.286  -28.839  39.388 0.0000000000
36482  30.002  -29.736  40.864 0.0000000000
37291  20.471  -28.384  44.556 0.0000000000
37281  19.949  -29.043  45.014 0.0000000000
37292  19.698  -28.757  44.238 0.0000000000
36442  18.167  -29.274  43.710 0.0000000000
36429  16.911  -29.950  44.050 0.0000000000
34563  11.129  -31.791  44.739 0.0000000000
34598  10.311  -31.445  43.392 0.0000000000
39866  20.565  -25.235  40.141 0.0000000000
39849  20.927  -25.637  41.519 0.0000000000
39028  21.723  -26.067  42.623 0.0000000000
108778  20.973  -26.004  42.286 0.0000000000
38239  20.674  -27.236  43.388 0.0000000000
34504  18.577  -31.651  49.501 0.0000000000
62569  50.493  -0.527  18.493 0.0000000000
63521  51.643  0.967  19.837 0.0000000000
63522  50.512  0.576  19.857 0.0000000000
114066  50.054  0.867  20.478 0.0000000000
63500  49.561  1.343  21.761 0.0000000000
60776  47.163  -2.180  23.701 0.0000000000
61597  48.154  -0.868  23.815 0.0000000000
60763  48.409  -2.179  24.813 0.0000000000
60756  49.643  -1.835  26.253 0.0000000000
56271  39.958  -7.071  22.952 0.0000000000
56255  40.435  -7.533  23.518 0.0000000000
55385  42.198  -8.128  24.937 0.0000000000
55377  43.540  -8.283  25.802 0.0000000000
55323  45.155  -8.391  30.445 0.0000000000
48345  34.104  -16.358  31.787 0.0000000000
49141  34.864  -15.994  32.082 0.0000000000
116089  34.746  -16.909  33.262 0.0000000000
48290  36.523  -16.798  34.677 0.0000000000
48282  37.634  -16.730  35.694 0.0000000000
39873  33.154  -25.038  38.610 0.0000000000
40756  32.924  -23.997  37.668 0.0000000000
41662  33.905  -23.725  38.993 0.0000000000
42611  34.232  -22.678  39.921 0.0000000000
43541  34.227  -21.604  40.982 0.0000000000
61692  44.546  -1.131  15.581 0.0000000000
62605  44.823  -0.723  15.022 0.0000000000
61691  45.257  -1.350  15.539 0.0000000000
61677  46.670  -1.558  15.913 0.0000000000
110598  48.035  -1.471  15.113 0.0000000000
61687  49.070  -1.444  15.060 0.0000000000
61674  49.059  -1.424  16.700 0.0000000000
61661  49.653  -1.256  17.396 0.0000000000
62666  51.875  -0.006  8.501 0.0000000000
61783  52.970  -1.000  8.602 0.0000000000
110757  54.476  -0.700  9.746 0.0000000000
124639  55.315  -0.705  11.251 0.0000000000
110089  53.945  -0.969  10.548 0.0000000000
110830  53.084  -1.366  12.000 0.0000000000
61716  52.450  -1.381  12.808 0.0000000000
116755  25.907  -28.464  41.696 0.0000000000
36455  27.138  -29.372  41.752 0.0000000000
131197  26.806  -28.848  42.905 0.0000000000
37286  28.145  -29.039  44.879 0.0000000000
37263  28.763  -28.577  46.621 0.0000000000
32584  14.209  -33.335  48.892 0.0000000000
32557  15.636  -33.440  50.591 0.0000000000
32558  14.041  -33.762  50.536 0.0000000000
31569  14.388  -34.151  52.334 0.0000000000
109570  12.269  -34.380  53.134 0.0000000000
31546  13.686  -34.716  53.980 0.0000000000
61652  45.854  -1.560  18.377 0.0000000000
62560  46.686  -0.723  19.817 0.0000000000
61626  45.801  -0.977  20.044 0.0000000000
61627  45.122  -1.125  20.719 0.0000000000
61607  45.567  -1.579  22.223 0.0000000000
123988  43.430  -1.937  21.058 0.0000000000
61608  44.834  -1.783  21.807 0.0000000000
60783  46.051  -1.828  22.764 0.0000000000
60777  46.316  -2.553  23.310 0.0000000000
59913  46.824  -3.932  24.374 0.0000000000
59001  46.990  -4.962  25.186 0.0000000000
54488  39.811  -9.895  26.693 0.0000000000
54486  41.221  -9.613  26.604 0.0000000000
54445  41.033  -9.597  28.281 0.0000000000
54427  41.806  -9.599  28.879 0.0000000000
54412  43.312  -9.479  30.364 0.0000000000
54387  41.680  -8.767  32.315 0.0000000000
118159  42.907  -9.316  32.149 0.0000000000
54398  43.965  -9.276  31.957 0.0000000000
47370  31.546  -17.709  35.948 0.0000000000
40666  35.439  -24.294  44.834 0.0000000000
62591  43.184  -0.423  16.165 0.0000000000
60839  43.975  -1.651  16.742 0.0000000000
60824  45.120  -1.815  17.769 0.0000000000
65173  50.732  2.065  11.697 0.0000000000
65174  49.824  2.101  11.771 0.0000000000
29817  7.203  -36.713  49.581 0.0000000000
29797  7.405  -36.516  51.445 0.0000000000
29798  6.765  -36.956  51.099 0.0000000000
29793  6.057  -36.952  52.906 0.0000000000
29781  5.442  -36.636  55.012 0.0000000000
29017  4.019  -37.560  52.510 0.0000000000
54533  38.357  -9.264  24.144 0.0000000000
54524  36.928  -9.738  24.260 0.0000000000
53591  38.085  -10.154  25.202 0.0000000000
53564  38.457  -10.089  26.745 0.0000000000
54469  37.958  -9.398  28.121 0.0000000000
54447  38.166  -9.099  28.861 0.0000000000
54450  35.689  -9.519  28.544 0.0000000000
54432  36.785  -9.384  29.377 0.0000000000
54418  38.020  -9.204  30.369 0.0000000000
54404  38.622  -9.560  31.465 0.0000000000
52621  39.452  -11.205  32.830 0.0000000000
51671  40.649  -12.092  34.282 0.0000000000
39889  31.528  -25.272  37.293 0.0000000000
38316  30.287  -26.910  37.951 0.0000000000
39074  31.093  -26.625  38.178 0.0000000000
39073  31.984  -26.188  38.358 0.0000000000
39061  33.205  -26.417  39.581 0.0000000000
39847  33.973  -25.952  41.288 0.0000000000
39832  34.128  -25.796  43.094 0.0000000000
111508  28.772  -30.115  41.991 0.0000000000
36452  29.519  -30.207  42.379 0.0000000000
36465  31.094  -29.764  42.088 0.0000000000
36421  31.505  -29.590  45.114 0.0000000000
36437  31.933  -29.332  44.268 0.0000000000
121831  32.385  -28.557  42.731 0.0000000000
38235  32.888  -27.833  43.216 0.0000000000
38234  33.433  -27.155  43.757 0.0000000000
119059  34.300  -26.507  44.823 0.0000000000
37226  22.788  -28.831  49.217 0.0000000000
36378  21.588  -29.448  49.065 0.0000000000
36379  20.855  -29.699  48.562 0.0000000000
35487  19.703  -30.328  48.044 0.0000000000
36400  19.838  -29.656  46.316 0.0000000000
108721  19.257  -30.362  47.282 0.0000000000
35479  18.903  -30.817  48.018 0.0000000000
34519  17.661  -31.568  48.127 0.0000000000
33522  17.103  -31.952  48.316 0.0000000000
130228  16.043  -32.373  48.047 0.0000000000
37320  16.771  -28.992  42.022 0.0000000000
36457  16.261  -29.434  42.565 0.0000000000
35536  16.060  -30.179  43.852 0.0000000000
35553  14.067  -30.197  42.572 0.0000000000
35537  15.162  -30.400  43.642 0.0000000000
35511  15.953  -30.941  45.124 0.0000000000
34559  15.560  -31.420  45.669 0.0000000000
33554  15.329  -32.115  46.845 0.0000000000
111005  14.650  -32.946  48.202 0.0000000000
33525  13.792  -33.111  48.131 0.0000000000
32586  12.412  -33.462  48.712 0.0000000000
32587  11.576  -33.449  48.589 0.0000000000
33559  10.476  -32.482  46.103 0.0000000000
33543  10.652  -32.796  46.956 0.0000000000
119997  10.261  -33.426  48.035 0.0000000000
31604  9.512  -34.147  48.795 0.0000000000
31605  8.799  -34.845  48.870 0.0000000000
30678  8.056  -35.599  48.403 0.0000000000
30679  7.319  -36.059  48.141 0.0000000000
30680  6.561  -36.171  48.125 0.0000000000
38320  26.092  -28.083  37.513 0.0000000000
38306  25.853  -28.321  38.329 0.0000000000
38290  25.041  -28.181  39.464 0.0000000000
39075  23.295  -27.094  38.377 0.0000000000
38277  24.395  -27.754  39.876 0.0000000000
38276  25.049  -28.151  40.312 0.0000000000
38261  25.258  -28.011  41.920 0.0000000000
38248  24.520  -27.396  42.960 0.0000000000
111067  24.539  -27.322  44.177 0.0000000000
39016  22.539  -26.502  43.580 0.0000000000
39005  22.945  -26.696  44.192 0.0000000000
38208  24.013  -27.204  45.871 0.0000000000
38186  23.600  -27.385  46.537 0.0000000000
37254  23.309  -27.945  47.975 0.0000000000
116812  7.848  -35.774  52.813 0.0000000000
30634  8.426  -35.391  55.605 0.0000000000
63509  53.655  1.435  20.453 0.0000000000
63514  47.544  0.116  20.942 0.0000000000
63501  48.592  0.858  21.740 0.0000000000
64314  50.256  1.631  23.330 0.0000000000
62508  48.915  -0.467  24.290 0.0000000000
63467  50.189  0.757  24.515 0.0000000000
63466  51.142  1.186  24.919 0.0000000000
59046  40.592  -4.200  21.695 0.0000000000
59038  41.584  -4.773  22.288 0.0000000000
57151  41.315  -6.201  22.864 0.0000000000
57150  42.123  -6.110  23.237 0.0000000000
58074  43.469  -5.456  23.411 0.0000000000
58073  44.940  -5.301  24.091 0.0000000000
58056  46.605  -5.623  25.487 0.0000000000
58055  47.325  -5.267  25.897 0.0000000000
123977  41.959  -9.510  26.759 0.0000000000
55354  43.755  -9.006  26.965 0.0000000000
55365  44.803  -8.237  26.812 0.0000000000
55334  45.315  -8.293  29.609 0.0000000000
113083  45.541  -8.135  28.027 0.0000000000
127397  45.419  -7.671  26.710 0.0000000000
57100  46.813  -6.710  27.441 0.0000000000
57111  47.232  -6.120  27.039 0.0000000000
50786  34.486  -13.217  29.508 0.0000000000
50775  35.717  -13.389  30.363 0.0000000000
49921  36.045  -15.063  31.980 0.0000000000
49927  36.583  -14.318  31.653 0.0000000000
51701  37.207  -12.733  31.072 0.0000000000
119811  38.433  -13.119  32.231 0.0000000000
51672  40.290  -12.855  33.952 0.0000000000
51664  41.043  -12.645  35.584 0.0000000000
42643  32.915  -22.809  37.192 0.0000000000
45544  31.509  -19.182  36.906 0.0000000000
46442  31.780  -18.501  37.141 0.0000000000
47337  32.716  -17.738  37.367 0.0000000000
42568  34.884  -22.783  44.040 0.0000000000
42578  34.572  -21.698  42.811 0.0000000000
44547  34.070  -20.741  41.244 0.0000000000
45506  34.114  -19.559  42.160 0.0000000000
45520  33.619  -19.117  40.405 0.0000000000
46431  33.613  -18.461  39.776 0.0000000000
47320  33.646  -17.810  38.750 0.0000000000
47335  34.615  -17.531  37.093 0.0000000000
47334  35.513  -17.526  37.641 0.0000000000
47347  37.240  -17.341  36.923 0.0000000000
48266  38.628  -16.458  36.990 0.0000000000
48230  38.469  -16.136  39.977 0.0000000000
49086  39.026  -15.867  39.120 0.0000000000
130366  39.204  -15.848  37.019 0.0000000000
49878  40.389  -14.341  37.367 0.0000000000
65175  48.935  1.970  11.884 0.0000000000
62648  49.191  -0.187  10.992 0.0000000000
61756  49.655  -1.044  11.914 0.0000000000
110597  50.935  -1.480  12.989 0.0000000000
121758  52.541  -1.175  13.753 0.0000000000
127487  50.848  -1.310  15.366 0.0000000000
111882  51.547  -1.180  15.030 0.0000000000
61683  53.230  -0.702  15.282 0.0000000000
62596  54.040  -0.422  15.923 0.0000000000
36368  23.520  -28.940  49.839 0.0000000000
37225  24.374  -28.711  49.891 0.0000000000
30660  8.577  -35.416  50.435 0.0000000000
30654  7.946  -36.025  50.954 0.0000000000
52601  41.113  -11.240  35.295 0.0000000000
53481  40.919  -10.349  34.983 0.0000000000
113061  26.205  -28.795  39.800 0.0000000000
37340  27.018  -29.087  39.736 0.0000000000
39043  18.796  -26.831  40.667 0.0000000000
33511  15.903  -32.883  49.147 0.0000000000
32568  16.200  -33.061  50.028 0.0000000000
61637  47.088  -1.034  19.036 0.0000000000
58999  48.424  -3.999  26.209 0.0000000000
54522  39.503  -9.494  24.941 0.0000000000
54521  40.354  -9.223  25.157 0.0000000000
47369  32.536  -17.476  35.785 0.0000000000
47389  32.623  -17.460  34.741 0.0000000000
47367  34.312  -17.515  35.403 0.0000000000
124260  34.333  -17.491  36.223 0.0000000000
39839  34.436  -25.021  42.668 0.0000000000
112545  34.444  -24.529  41.851 0.0000000000
111110  34.691  -24.306  43.524 0.0000000000
61651  46.584  -1.554  17.799 0.0000000000
61650  47.414  -1.333  18.211 0.0000000000
63573  50.056  0.586  10.193 0.0000000000
63574  49.558  0.186  10.535 0.0000000000
38220  25.941  -27.824  44.790 0.0000000000
32573  11.822  -33.693  49.335 0.0000000000
32561  12.038  -33.867  50.123 0.0000000000
126756  11.542  -33.995  50.593 0.0000000000
60827  42.756  -1.901  18.599 0.0000000000
60817  42.415  -1.998  19.491 0.0000000000
59936  43.493  -3.684  22.463 0.0000000000
59035  44.110  -4.146  22.995 0.0000000000
54429  39.423  -8.957  29.635 0.0000000000
54416  39.747  -8.842  30.385 0.0000000000
29808  5.254  -37.220  50.273 0.0000000000
53581  34.732  -10.204  25.442 0.0000000000
53568  34.905  -10.119  26.350 0.0000000000
53567  35.804  -10.137  26.619 0.0000000000
52640  35.781  -11.326  29.996 0.0000000000
53519  36.115  -10.435  29.970 0.0000000000
52639  36.537  -11.231  30.365 0.0000000000
51710  37.179  -11.605  30.848 0.0000000000
37337  31.446  -28.952  40.546 0.0000000000
37336  32.223  -28.498  40.835 0.0000000000
37312  32.323  -28.548  41.789 0.0000000000
36411  29.733  -29.345  45.632 0.0000000000
36423  29.534  -29.739  44.675 0.0000000000
37268  20.937  -28.833  46.146 0.0000000000
35521  17.325  -30.241  44.788 0.0000000000
35509  17.981  -30.237  45.310 0.0000000000
115033  17.411  -30.545  45.461 0.0000000000
35498  17.102  -30.908  45.967 0.0000000000
34578  12.671  -31.612  44.851 0.0000000000
117070  13.353  -31.779  45.428 0.0000000000
34561  12.546  -31.871  45.499 0.0000000000
34562  11.910  -31.801  45.184 0.0000000000
39856  21.837  -25.669  40.558 0.0000000000
39052  22.552  -26.246  40.324 0.0000000000
115956  23.430  -26.772  41.861 0.0000000000
37290  21.213  -27.938  44.916 0.0000000000
38188  22.188  -27.836  46.024 0.0000000000
29773  6.241  -36.406  55.719 0.0000000000
63529  53.812  0.764  19.076 0.0000000000
63530  52.936  0.550  18.804 0.0000000000
64321  52.085  2.450  22.976 0.0000000000
63477  52.289  1.782  24.291 0.0000000000
61606  46.251  -1.186  22.476 0.0000000000
61605  46.917  -0.758  22.776 0.0000000000
56235  43.824  -7.659  25.347 0.0000000000
57120  44.858  -6.848  25.270 0.0000000000
56233  45.174  -7.256  25.901 0.0000000000
54424  43.964  -9.233  30.087 0.0000000000
54442  44.112  -9.146  29.213 0.0000000000
49121  37.668  -15.732  34.454 0.0000000000
49120  38.432  -15.395  34.706 0.0000000000
49119  39.196  -15.034  34.995 0.0000000000
49114  38.756  -15.666  35.510 0.0000000000
40758  31.819  -24.585  36.956 0.0000000000
43560  33.776  -21.129  39.329 0.0000000000
43578  33.462  -21.233  38.490 0.0000000000
44575  33.305  -20.351  38.906 0.0000000000
129130  32.860  -19.834  38.538 0.0000000000
125330  33.528  -19.926  39.824 0.0000000000
47277  35.892  -17.105  42.517 0.0000000000
47298  35.162  -17.489  40.715 0.0000000000
47286  35.924  -17.085  41.339 0.0000000000
48232  36.783  -16.760  40.890 0.0000000000
61702  47.538  -1.279  14.290 0.0000000000
61722  46.859  -0.866  13.870 0.0000000000
61721  47.544  -0.876  13.420 0.0000000000
61720  48.253  -1.236  13.712 0.0000000000
131202  48.807  -1.223  13.276 0.0000000000
62580  51.791  -0.560  17.817 0.0000000000
111320  55.243  -0.670  9.825 0.0000000000
61782  55.453  -0.833  8.966 0.0000000000
61772  56.065  -1.593  10.085 0.0000000000
113993  53.333  -1.102  12.858 0.0000000000
109130  54.211  -0.734  13.165 0.0000000000
38165  24.694  -27.443  47.549 0.0000000000
38164  25.583  -27.550  47.545 0.0000000000
38148  25.086  -27.645  48.417 0.0000000000
31585  9.941  -34.390  50.716 0.0000000000
31574  9.155  -34.924  52.048 0.0000000000
31550  9.688  -34.637  53.554 0.0000000000
31543  9.665  -34.696  54.511 0.0000000000
59963  40.702  -2.872  21.019 0.0000000000
59947  40.993  -3.510  21.450 0.0000000000
54389  39.675  -8.984  32.364 0.0000000000
29811  2.645  -36.348  50.161 0.0000000000
112041  1.689  -37.253  51.468 0.0000000000
29019  1.032  -37.741  52.489 0.0000000000
38319  27.089  -28.073  37.534 0.0000000000
38305  27.760  -28.177  38.004 0.0000000000
36494  28.741  -29.334  39.948 0.0000000000
37354  28.371  -28.905  39.243 0.0000000000
37339  29.661  -29.333  40.101 0.0000000000
37304  20.181  -28.029  43.815 0.0000000000
37305  19.415  -28.423  43.491 0.0000000000
36428  17.704  -29.723  44.207 0.0000000000
36443  17.380  -29.474  43.519 0.0000000000
39858  19.931  -25.399  40.178 0.0000000000
39053  20.241  -25.622  40.901 0.0000000000
39857  21.088  -25.390  40.756 0.0000000000
39029  20.317  -26.755  42.534 0.0000000000
34505  17.799  -31.815  48.882 0.0000000000
33509  17.966  -32.177  49.799 0.0000000000
62555  51.015  0.161  19.140 0.0000000000
62556  50.059  -0.105  19.293 0.0000000000
62546  48.728  0.154  20.158 0.0000000000
63523  49.600  0.353  19.995 0.0000000000
63499  50.202  1.379  21.172 0.0000000000
61586  47.899  -1.767  24.112 0.0000000000
60757  48.887  -2.422  25.658 0.0000000000
56256  39.598  -7.741  23.380 0.0000000000
55386  41.405  -8.347  24.783 0.0000000000
54506  42.633  -8.655  25.711 0.0000000000
48327  33.596  -16.974  32.338 0.0000000000
48326  34.415  -16.644  32.548 0.0000000000
113900  35.822  -17.102  34.538 0.0000000000
47385  36.092  -17.276  35.192 0.0000000000
48283  36.883  -17.055  35.398 0.0000000000
111429  33.529  -25.541  39.391 0.0000000000
40726  33.764  -24.624  39.133 0.0000000000
41649  34.354  -23.535  40.490 0.0000000000
42599  34.367  -22.503  40.912 0.0000000000
61678  44.780  -1.590  16.295 0.0000000000
111301  45.742  -1.601  16.081 0.0000000000
124099  47.199  -1.550  16.546 0.0000000000
61676  47.600  -1.510  15.894 0.0000000000
61689  47.092  -1.435  15.120 0.0000000000
61688  48.561  -1.476  15.926 0.0000000000
61648  49.151  -1.054  18.120 0.0000000000
61647  49.858  -0.905  18.081 0.0000000000
115435  52.122  -0.685  8.800 0.0000000000
61775  52.533  -1.178  9.285 0.0000000000
110242  53.395  -1.128  9.490 0.0000000000
115475  52.678  -1.391  10.244 0.0000000000
61766  50.899  -1.135  10.974 0.0000000000
61754  52.399  -1.494  11.255 0.0000000000
61755  51.580  -1.446  11.501 0.0000000000
111769  52.203  -1.513  12.009 0.0000000000
37316  25.817  -28.214  42.516 0.0000000000
37315  26.527  -28.798  42.287 0.0000000000
37302  26.338  -28.399  43.217 0.0000000000
37278  26.764  -28.111  45.256 0.0000000000
37287  27.375  -28.680  44.538 0.0000000000
37277  27.634  -28.490  45.443 0.0000000000
37276  28.399  -28.743  45.710 0.0000000000
32570  14.713  -33.468  49.834 0.0000000000
32544  13.770  -33.951  51.410 0.0000000000
31556  14.092  -34.447  53.162 0.0000000000
109397  11.315  -34.254  52.092 0.0000000000
128829  11.769  -34.289  52.539 0.0000000000
61653  44.848  -1.682  18.778 0.0000000000
130237  45.563  -1.367  19.213 0.0000000000
61639  45.009  -1.404  19.827 0.0000000000
110019  44.542  -1.436  20.487 0.0000000000
61619  45.381  -1.171  21.550 0.0000000000
60805  42.144  -2.259  20.505 0.0000000000
128384  42.841  -2.108  20.845 0.0000000000
60785  44.452  -2.436  22.144 0.0000000000
109767  45.089  -2.176  22.269 0.0000000000
60784  45.604  -2.357  22.713 0.0000000000
59927  45.599  -3.200  23.186 0.0000000000
59926  46.250  -3.571  23.771 0.0000000000
59012  47.301  -4.280  24.939 0.0000000000
59013  46.709  -4.579  24.681 0.0000000000
127590  39.133  -9.968  26.935 0.0000000000
54467  40.559  -9.725  27.295 0.0000000000
110159  40.112  -9.534  28.151 0.0000000000
111956  41.671  -9.488  29.783 0.0000000000
54413  42.498  -9.553  30.237 0.0000000000
55303  40.993  -8.509  32.834 0.0000000000
55314  40.923  -8.587  31.972 0.0000000000
54386  42.511  -8.985  32.611 0.0000000000
54385  43.393  -9.240  32.482 0.0000000000
55301  44.609  -8.843  32.469 0.0000000000
47371  30.784  -17.751  35.460 0.0000000000
62592  42.788  -0.886  16.725 0.0000000000
61679  43.494  -1.183  16.404 0.0000000000
61666  43.249  -1.550  17.070 0.0000000000
60825  44.294  -1.995  18.020 0.0000000000
29818  6.459  -36.894  49.403 0.0000000000
29807  6.665  -37.004  50.190 0.0000000000
109548  5.236  -37.437  51.942 0.0000000000
29025  6.083  -37.183  51.878 0.0000000000
113450  5.556  -36.798  53.799 0.0000000000
29027  3.615  -37.535  51.791 0.0000000000
54534  37.611  -9.038  23.737 0.0000000000
53593  36.293  -10.191  24.865 0.0000000000
54525  35.979  -9.663  24.155 0.0000000000
53592  37.217  -10.242  25.001 0.0000000000
53577  38.311  -10.272  25.964 0.0000000000
53578  37.456  -10.343  25.806 0.0000000000
53551  36.996  -9.892  27.305 0.0000000000
53550  37.814  -9.808  27.388 0.0000000000
54448  37.286  -9.192  28.840 0.0000000000
54433  36.020  -9.568  29.160 0.0000000000
54419  37.135  -9.495  30.042 0.0000000000
54431  37.571  -9.142  29.601 0.0000000000
54405  38.150  -9.510  30.969 0.0000000000
53509  38.096  -10.150  31.315 0.0000000000
52622  38.909  -11.221  32.289 0.0000000000
52615  39.886  -11.170  33.367 0.0000000000
118899  39.739  -11.870  33.113 0.0000000000
39901  30.456  -25.396  36.290 0.0000000000
39890  30.851  -25.632  37.057 0.0000000000
38303  29.260  -27.761  38.193 0.0000000000
38317  29.556  -27.188  37.705 0.0000000000
120859  29.945  -27.478  38.268 0.0000000000
38301  31.680  -27.078  38.830 0.0000000000
39072  32.808  -25.882  38.871 0.0000000000
38259  33.269  -27.220  41.644 0.0000000000
39038  33.600  -26.699  41.012 0.0000000000
39025  33.698  -26.512  41.890 0.0000000000
123049  33.810  -26.322  42.630 0.0000000000
37314  27.223  -29.277  42.603 0.0000000000
36454  27.932  -29.848  42.093 0.0000000000
36453  28.639  -30.046  42.692 0.0000000000
112781  30.018  -30.061  44.094 0.0000000000
36439  30.001  -30.234  43.245 0.0000000000
127894  30.358  -30.111  42.465 0.0000000000
36451  30.841  -29.983  42.975 0.0000000000
37274  33.098  -28.924  45.868 0.0000000000
36420  32.303  -29.281  45.457 0.0000000000
37300  31.899  -29.203  43.209 0.0000000000
37299  32.471  -28.641  43.716 0.0000000000
38218  33.754  -27.249  44.803 0.0000000000
39003  33.918  -26.513  44.230 0.0000000000
124081  22.843  -28.417  48.414 0.0000000000
36377  22.223  -29.254  49.403 0.0000000000
37244  22.170  -28.845  48.430 0.0000000000
36388  20.667  -29.524  47.540 0.0000000000
35486  20.277  -29.930  48.021 0.0000000000
35477  20.297  -30.227  48.901 0.0000000000
36413  20.229  -29.251  45.804 0.0000000000
36414  19.386  -29.655  45.582 0.0000000000
35496  19.245  -30.068  46.486 0.0000000000
34518  18.318  -31.359  48.500 0.0000000000
34529  18.012  -31.182  47.578 0.0000000000
34543  16.719  -31.408  46.528 0.0000000000
33537  16.444  -32.088  47.822 0.0000000000
33538  15.770  -32.300  47.579 0.0000000000
36445  15.724  -29.873  43.112 0.0000000000
36444  16.568  -29.677  43.325 0.0000000000
36460  13.898  -29.888  41.907 0.0000000000
35539  13.451  -30.585  43.007 0.0000000000
35538  14.265  -30.550  43.359 0.0000000000
35523  15.531  -30.693  44.411 0.0000000000
34576  15.089  -31.187  45.033 0.0000000000
34545  14.517  -32.074  46.338 0.0000000000
124814  14.608  -32.417  47.008 0.0000000000
33539  15.035  -32.578  47.544 0.0000000000
123583  14.238  -32.753  47.515 0.0000000000
33540  13.415  -32.817  47.448 0.0000000000
33527  12.067  -33.114  48.028 0.0000000000
32601  11.374  -33.181  48.007 0.0000000000
33572  10.223  -32.196  45.103 0.0000000000
33571  11.172  -32.071  45.621 0.0000000000
33544  9.860  -32.932  46.559 0.0000000000
32603  9.953  -33.263  47.385 0.0000000000
32575  10.174  -33.679  48.629 0.0000000000
32589  9.580  -33.777  47.999 0.0000000000
32604  8.888  -34.125  47.394 0.0000000000
110506  8.437  -34.905  47.829 0.0000000000
30688  7.678  -35.415  47.528 0.0000000000
30689  6.916  -35.675  47.457 0.0000000000
30690  6.093  -35.605  47.627 0.0000000000
38321  25.143  -27.976  37.691 0.0000000000
38307  25.123  -28.165  38.620 0.0000000000
37357  25.715  -28.484  39.155 0.0000000000
38278  23.772  -27.261  40.406 0.0000000000
38292  23.662  -27.326  39.331 0.0000000000
124679  25.084  -28.101  41.132 0.0000000000
38262  24.565  -27.647  41.628 0.0000000000
38237  24.327  -27.257  43.622 0.0000000000
39027  22.508  -26.276  42.857 0.0000000000
38223  23.409  -27.040  45.064 0.0000000000
38167  23.097  -27.742  47.113 0.0000000000
36370  21.919  -29.754  50.037 0.0000000000
123542  15.500  -33.760  51.530 0.0000000000
32542  16.196  -33.646  51.468 0.0000000000
31567  16.304  -34.163  52.269 0.0000000000
29791  7.334  -36.348  52.324 0.0000000000
30649  7.917  -35.900  51.894 0.0000000000
30629  7.912  -35.734  56.073 0.0000000000
30638  8.228  -35.295  54.494 0.0000000000
30633  9.227  -35.316  55.935 0.0000000000
29767  8.968  -36.203  56.575 0.0000000000
63510  52.616  1.563  20.434 0.0000000000
64320  53.694  1.574  22.769 0.0000000000
62548  47.136  -0.285  20.455 0.0000000000
62526  47.972  0.242  22.748 0.0000000000
63490  48.003  0.500  22.203 0.0000000000
63489  48.614  0.749  22.681 0.0000000000
109467  49.185  1.189  22.320 0.0000000000
61585  48.613  -1.322  24.566 0.0000000000
62507  49.752  -0.032  24.821 0.0000000000
62506  50.684  0.440  25.340 0.0000000000
63460  51.695  0.666  25.587 0.0000000000
63465  52.039  1.349  24.926 0.0000000000
58090  40.282  -4.953  21.933 0.0000000000
59047  39.805  -4.314  21.600 0.0000000000
59039  40.943  -4.727  22.016 0.0000000000
57142  40.857  -6.897  23.117 0.0000000000
57152  40.438  -6.341  22.629 0.0000000000
57141  41.650  -6.766  23.390 0.0000000000
58075  42.932  -6.114  23.539 0.0000000000
58081  42.669  -5.428  23.063 0.0000000000
59027  44.275  -5.500  23.804 0.0000000000
58065  44.772  -5.881  24.353 0.0000000000
58057  45.882  -5.939  25.166 0.0000000000
58047  46.940  -5.930  26.224 0.0000000000
54466  41.557  -9.639  27.404 0.0000000000
54465  42.523  -9.510  27.414 0.0000000000
54463  44.282  -9.049  28.327 0.0000000000
55353  44.424  -8.762  27.379 0.0000000000
115923  44.130  -8.466  26.466 0.0000000000
56193  46.598  -7.091  29.149 0.0000000000
56202  46.071  -7.671  28.423 0.0000000000
56212  45.830  -7.733  27.547 0.0000000000
56201  46.423  -7.260  27.843 0.0000000000
56211  46.193  -7.207  27.023 0.0000000000
49954  34.325  -14.072  29.726 0.0000000000
50776  34.996  -13.735  30.060 0.0000000000
50785  35.256  -12.888  29.899 0.0000000000
49140  35.580  -15.691  32.382 0.0000000000
49153  35.330  -15.345  31.653 0.0000000000
49139  36.283  -15.423  32.700 0.0000000000
49913  37.718  -14.756  33.217 0.0000000000
49920  36.646  -14.857  32.345 0.0000000000
49919  37.346  -14.399  32.400 0.0000000000
50767  36.746  -13.561  31.152 0.0000000000
50766  37.319  -13.641  31.656 0.0000000000
51692  37.918  -12.912  31.708 0.0000000000
50756  38.539  -13.676  32.744 0.0000000000
49903  39.653  -14.262  34.502 0.0000000000
50746  39.738  -13.560  33.818 0.0000000000
50734  40.210  -13.546  34.405 0.0000000000
50733  40.720  -12.988  34.808 0.0000000000
50718  40.738  -13.505  35.691 0.0000000000
41695  33.190  -23.389  37.718 0.0000000000
42642  33.371  -22.626  37.804 0.0000000000
44583  32.665  -20.908  37.381 0.0000000000
128820  32.527  -21.555  36.826 0.0000000000
44596  32.138  -20.906  36.573 0.0000000000
44597  31.469  -20.124  36.281 0.0000000000
45537  32.612  -19.010  38.452 0.0000000000
46441  32.388  -18.355  37.828 0.0000000000
47338  32.056  -17.980  37.185 0.0000000000
47321  32.944  -17.922  38.301 0.0000000000
41597  35.597  -23.459  44.709 0.0000000000
117307  34.943  -23.598  44.222 0.0000000000
41608  35.339  -23.014  44.602 0.0000000000
110778  34.820  -21.886  43.827 0.0000000000
43518  34.400  -20.929  42.624 0.0000000000
113627  34.345  -21.426  41.862 0.0000000000
108954  34.179  -20.466  42.043 0.0000000000
47288  34.513  -18.042  41.924 0.0000000000
46418  34.293  -18.672  42.214 0.0000000000
45507  33.887  -19.086  41.305 0.0000000000
46425  33.861  -18.520  40.568 0.0000000000
130134  33.613  -18.728  40.106 0.0000000000
47319  34.466  -17.668  39.193 0.0000000000
47309  33.789  -17.993  39.590 0.0000000000
47336  33.581  -17.635  37.813 0.0000000000
117522  34.499  -17.571  38.212 0.0000000000
123563  36.896  -17.350  38.477 0.0000000000
47332  37.126  -17.378  37.765 0.0000000000
48267  37.919  -17.070  37.422 0.0000000000
48256  38.482  -16.592  37.953 0.0000000000
112493  38.156  -16.085  40.943 0.0000000000
49081  38.806  -15.574  41.049 0.0000000000
49080  39.292  -15.347  40.107 0.0000000000
49085  39.495  -15.303  39.180 0.0000000000
49099  39.044  -16.026  37.678 0.0000000000
49091  39.408  -15.537  38.331 0.0000000000
49879  39.912  -14.935  37.183 0.0000000000
116446  39.898  -14.922  37.880 0.0000000000
61704  45.403  -1.052  14.930 0.0000000000
62604  45.257  -0.381  14.471 0.0000000000
62637  47.915  0.205  11.846 0.0000000000
63560  48.412  0.633  11.393 0.0000000000
62636  48.561  -0.055  11.396 0.0000000000
62635  49.645  -0.637  11.174 0.0000000000
62619  49.017  -0.608  11.629 0.0000000000
61718  50.255  -1.447  13.137 0.0000000000
61717  51.641  -1.414  13.316 0.0000000000
61698  51.610  -1.288  14.182 0.0000000000
111277  49.513  -1.454  15.962 0.0000000000
61686  50.067  -1.429  15.285 0.0000000000
61671  52.166  -0.888  16.351 0.0000000000
61685  51.442  -1.151  15.835 0.0000000000
61684  52.301  -0.928  15.542 0.0000000000
61697  52.421  -1.005  14.697 0.0000000000
62587  54.830  -0.163  16.765 0.0000000000
63594  52.474  0.469  7.957 0.0000000000
62675  53.304  0.249  7.595 0.0000000000
62664  53.819  -0.267  7.741 0.0000000000
127795  54.644  -0.695  11.165 0.0000000000
37243  24.724  -28.086  49.254 0.0000000000
31596  8.849  -34.955  49.767 0.0000000000
128057  9.190  -34.755  50.363 0.0000000000
30648  8.514  -35.384  52.428 0.0000000000
53495  40.046  -10.214  33.610 0.0000000000
54377  40.440  -9.228  33.779 0.0000000000
37355  27.491  -28.869  39.102 0.0000000000
36484  28.211  -29.597  40.564 0.0000000000
37317  19.095  -28.098  42.739 0.0000000000
37318  18.333  -28.455  42.485 0.0000000000
37319  17.555  -28.744  42.263 0.0000000000
39042  19.599  -26.353  41.216 0.0000000000
38250  19.484  -27.347  42.296 0.0000000000
114612  17.361  -32.537  49.903 0.0000000000
33497  17.018  -32.893  50.409 0.0000000000
32555  17.426  -33.274  51.274 0.0000000000
62571  48.744  -0.740  18.819 0.0000000000
62558  48.340  -0.421  19.545 0.0000000000
62547  47.916  -0.103  20.278 0.0000000000
59912  47.499  -3.499  24.674 0.0000000000
59911  48.190  -3.000  25.103 0.0000000000
55394  39.368  -8.404  23.817 0.0000000000
55393  40.106  -8.148  23.903 0.0000000000
114294  39.941  -8.775  24.417 0.0000000000
55378  41.145  -8.912  25.322 0.0000000000
47407  33.499  -17.486  33.987 0.0000000000
48292  34.359  -17.307  33.768 0.0000000000
47387  34.359  -17.463  34.513 0.0000000000
47366  35.591  -17.495  35.761 0.0000000000
39854  34.156  -25.280  40.810 0.0000000000
40712  34.283  -24.501  40.568 0.0000000000
125833  34.347  -24.748  41.206 0.0000000000
125859  34.512  -23.877  41.879 0.0000000000
41631  34.579  -23.306  42.353 0.0000000000
120753  47.963  -1.401  17.613 0.0000000000
61649  48.322  -1.175  18.204 0.0000000000
108755  50.905  -0.776  10.073 0.0000000000
127270  50.235  -0.657  10.665 0.0000000000
37289  25.813  -27.884  43.900 0.0000000000
121519  27.246  -28.126  46.016 0.0000000000
113321  13.311  -33.794  50.136 0.0000000000
32560  12.742  -33.888  50.435 0.0000000000
32545  12.923  -33.990  51.276 0.0000000000
31571  12.270  -34.144  52.052 0.0000000000
110062  11.133  -34.444  53.896 0.0000000000
31548  11.852  -34.444  53.734 0.0000000000
61628  43.966  -1.656  20.778 0.0000000000
60794  43.177  -2.416  21.477 0.0000000000
59928  44.886  -3.715  23.094 0.0000000000
54446  40.168  -9.294  28.939 0.0000000000
120577  40.206  -9.083  29.691 0.0000000000
55302  41.804  -8.574  33.099 0.0000000000
60826  43.517  -1.973  18.286 0.0000000000
29819  5.571  -36.866  49.420 0.0000000000
29034  5.303  -37.423  51.185 0.0000000000
53594  35.380  -10.077  24.746 0.0000000000
53552  36.273  -9.922  27.235 0.0000000000
54471  36.309  -9.549  27.953 0.0000000000
53527  34.986  -10.447  29.313 0.0000000000
53538  35.260  -9.746  28.998 0.0000000000
53526  35.725  -10.005  29.484 0.0000000000
121088  36.785  -10.160  30.259 0.0000000000
52630  37.614  -10.868  31.125 0.0000000000
51691  38.548  -12.203  32.041 0.0000000000
39099  29.442  -26.411  36.506 0.0000000000
37352  30.204  -28.769  39.580 0.0000000000
38289  30.680  -28.183  39.216 0.0000000000
38288  31.439  -27.897  39.290 0.0000000000
38287  32.265  -27.538  39.483 0.0000000000
131439  32.877  -27.123  39.728 0.0000000000
38274  32.732  -27.720  40.304 0.0000000000
38246  32.828  -27.832  42.217 0.0000000000
36424  28.723  -29.593  44.360 0.0000000000
36440  28.608  -29.844  43.514 0.0000000000
37256  21.888  -28.634  47.378 0.0000000000
36398  21.165  -29.016  47.005 0.0000000000
36415  18.608  -29.830  45.083 0.0000000000
34542  17.559  -31.073  46.703 0.0000000000
34544  15.905  -31.642  46.334 0.0000000000
36459  14.601  -29.770  42.076 0.0000000000
35540  12.775  -30.911  43.343 0.0000000000
110463  14.216  -31.464  45.109 0.0000000000
34546  13.631  -32.139  46.195 0.0000000000
33556  13.087  -32.505  46.760 0.0000000000
33557  12.222  -32.469  46.663 0.0000000000
32616  9.241  -33.521  46.811 0.0000000000
31627  8.105  -34.119  46.074 0.0000000000
38322  24.316  -27.631  37.625 0.0000000000
39063  22.777  -26.621  39.248 0.0000000000
38263  23.885  -27.213  41.335 0.0000000000
39026  23.285  -26.627  42.627 0.0000000000
38238  21.479  -26.917  43.736 0.0000000000
39006  22.229  -26.699  44.025 0.0000000000
38210  22.733  -27.312  45.560 0.0000000000
38187  22.889  -27.545  46.324 0.0000000000
30640  6.778  -36.035  54.224 0.0000000000
30639  7.409  -35.722  54.378 0.0000000000
30636  6.860  -35.902  55.176 0.0000000000
126027  7.154  -35.929  56.017 0.0000000000
64343  51.312  1.873  21.411 0.0000000000
64342  52.442  2.017  21.273 0.0000000000
64333  52.284  2.338  22.133 0.0000000000
121801  52.972  2.216  22.790 0.0000000000
63487  53.447  1.089  23.567 0.0000000000
62539  46.098  -0.669  21.525 0.0000000000
62538  46.910  -0.147  21.411 0.0000000000
61577  49.874  -1.117  25.916 0.0000000000
58083  39.955  -5.721  22.234 0.0000000000
56243  42.556  -7.392  24.401 0.0000000000
57140  42.402  -6.745  23.737 0.0000000000
57128  43.891  -6.648  24.411 0.0000000000
57127  44.536  -6.487  24.675 0.0000000000
57119  45.553  -6.606  25.538 0.0000000000
54444  42.748  -9.567  28.502 0.0000000000
54443  43.606  -9.358  28.639 0.0000000000
55345  44.804  -8.689  28.969 0.0000000000
57087  46.956  -6.718  28.422 0.0000000000
49941  34.694  -14.524  30.327 0.0000000000
49130  36.565  -15.754  33.454 0.0000000000
49129  37.315  -15.401  33.724 0.0000000000
49912  38.523  -14.337  33.406 0.0000000000
49904  38.841  -14.717  34.219 0.0000000000
49897  39.838  -14.626  35.400 0.0000000000
117865  33.480  -21.929  38.068 0.0000000000
43591  33.157  -21.343  37.872 0.0000000000
44576  32.538  -19.910  37.885 0.0000000000
45532  33.099  -18.643  39.154 0.0000000000
42544  35.577  -22.470  44.634 0.0000000000
43485  35.438  -21.632  44.608 0.0000000000
43495  35.116  -21.268  44.461 0.0000000000
44510  34.966  -20.327  44.375 0.0000000000
125469  34.354  -17.920  41.017 0.0000000000
47299  33.983  -18.157  40.342 0.0000000000
47307  35.426  -17.474  39.662 0.0000000000
47306  36.344  -17.285  39.615 0.0000000000
47316  36.999  -17.203  39.150 0.0000000000
47305  37.715  -16.764  39.461 0.0000000000
61741  49.004  -1.043  12.497 0.0000000000
61719  49.490  -1.361  13.247 0.0000000000
61700  50.035  -1.466  13.887 0.0000000000
61673  50.482  -1.263  16.993 0.0000000000
62590  52.013  -0.792  17.131 0.0000000000
62589  52.935  -0.527  16.871 0.0000000000
62588  53.768  -0.333  16.591 0.0000000000
130552  53.556  -0.662  8.185 0.0000000000
62663  54.668  -0.572  8.327 0.0000000000
61737  54.804  -0.620  12.681 0.0000000000
61714  55.920  -0.958  13.957 0.0000000000
126122  24.895  -27.368  46.021 0.0000000000
128201  25.711  -27.552  46.469 0.0000000000
37242  25.559  -28.063  49.158 0.0000000000
31584  10.871  -34.118  50.660 0.0000000000
31572  10.653  -34.301  51.461 0.0000000000
31559  10.547  -34.408  52.329 0.0000000000
31549  10.459  -34.477  53.230 0.0000000000
113856  10.367  -34.541  54.144 0.0000000000
126582  10.309  -34.665  54.942 0.0000000000
31535  10.756  -34.940  55.726 0.0000000000
59962  41.386  -2.494  20.753 0.0000000000
60795  41.782  -2.688  21.150 0.0000000000
112473  41.809  -3.310  21.595 0.0000000000
59937  42.099  -4.018  22.151 0.0000000000
55316  39.393  -8.845  31.045 0.0000000000
55305  39.831  -8.725  31.662 0.0000000000
55304  40.344  -8.631  32.239 0.0000000000
55291  40.817  -8.643  33.484 0.0000000000
55279  41.073  -8.730  34.187 0.0000000000
55278  41.783  -8.616  34.453 0.0000000000
29809  4.332  -37.095  50.254 0.0000000000
29810  3.451  -36.808  50.176 0.0000000000
29028  2.806  -37.435  51.543 0.0000000000
114598  1.823  -37.768  53.117 0.0000000000
52647  35.169  -11.363  29.635 0.0000000000
38304  28.457  -28.001  38.086 0.0000000000
37366  28.881  -28.383  38.704 0.0000000000
37338  30.579  -29.240  40.303 0.0000000000
36481  30.882  -29.552  41.131 0.0000000000
37280  20.708  -28.637  45.338 0.0000000000
37293  18.928  -29.037  43.954 0.0000000000
36427  18.444  -29.544  44.389 0.0000000000
35541  12.114  -30.802  42.837 0.0000000000
34597  11.986  -31.201  43.573 0.0000000000
111961  11.153  -31.479  43.871 0.0000000000
34580  10.355  -31.790  44.191 0.0000000000
39848  21.546  -25.606  41.233 0.0000000000
123912  22.181  -25.985  42.162 0.0000000000
39041  21.595  -25.769  41.895 0.0000000000
39018  21.189  -26.485  43.013 0.0000000000
38226  20.958  -27.620  44.157 0.0000000000
62568  51.458  -0.260  18.461 0.0000000000
63531  52.040  0.424  18.982 0.0000000000
63511  50.865  1.235  20.533 0.0000000000
64334  50.511  1.855  22.031 0.0000000000
64322  50.934  2.209  22.975 0.0000000000
61598  47.396  -1.249  23.442 0.0000000000
61578  49.103  -1.644  25.356 0.0000000000
56254  41.242  -7.365  23.702 0.0000000000
56245  40.847  -8.001  24.172 0.0000000000
56244  41.692  -7.730  24.313 0.0000000000
56236  43.030  -7.881  25.169 0.0000000000
127121  44.156  -7.961  25.869 0.0000000000
118650  45.010  -8.502  31.130 0.0000000000
49154  34.596  -15.659  31.348 0.0000000000
48325  35.143  -16.322  32.788 0.0000000000
48303  35.394  -16.624  33.401 0.0000000000
48291  35.155  -17.153  34.025 0.0000000000
48302  36.054  -16.571  33.890 0.0000000000
48289  37.300  -16.450  34.915 0.0000000000
40738  32.757  -24.624  37.940 0.0000000000
40757  32.440  -24.271  37.314 0.0000000000
40737  33.388  -24.098  38.300 0.0000000000
40725  34.156  -24.168  39.769 0.0000000000
41661  34.170  -23.390  39.625 0.0000000000
114663  33.973  -22.771  39.029 0.0000000000
114591  34.024  -21.985  39.471 0.0000000000
130297  33.979  -21.508  39.801 0.0000000000
61705  45.002  -1.116  15.255 0.0000000000
61690  46.112  -1.377  15.166 0.0000000000
129874  49.840  -1.401  16.641 0.0000000000
61660  50.444  -0.969  17.720 0.0000000000
62581  51.066  -0.716  17.992 0.0000000000
63595  51.885  0.781  8.628 0.0000000000
63583  51.346  0.390  9.012 0.0000000000
61774  54.015  -0.775  8.875 0.0000000000
61763  55.656  -0.937  10.563 0.0000000000
61764  54.956  -0.610  10.536 0.0000000000
61753  53.960  -0.954  11.528 0.0000000000
119228  53.198  -1.352  11.123 0.0000000000
129063  52.921  -1.186  13.251 0.0000000000
37328  25.792  -28.584  40.747 0.0000000000
37327  26.496  -28.984  41.326 0.0000000000
37301  27.159  -28.925  43.503 0.0000000000
36425  27.955  -29.333  43.987 0.0000000000
37275  29.076  -28.919  45.903 0.0000000000
112029  26.575  -27.852  46.235 0.0000000000
37265  27.290  -28.083  46.934 0.0000000000
37252  27.824  -28.289  47.861 0.0000000000
122760  28.095  -28.329  47.079 0.0000000000
38266  17.729  -27.968  40.998 0.0000000000
33524  15.082  -33.111  48.980 0.0000000000
127054  14.889  -33.643  50.777 0.0000000000
32543  14.639  -33.855  51.498 0.0000000000
31555  15.036  -34.580  53.151 0.0000000000
31557  13.110  -34.362  53.023 0.0000000000
31547  12.722  -34.624  54.185 0.0000000000
131267  12.965  -34.487  53.605 0.0000000000
61638  46.281  -1.179  19.151 0.0000000000
62540  45.691  -0.792  20.950 0.0000000000
61618  45.912  -0.947  22.023 0.0000000000
131454  42.789  -2.034  20.047 0.0000000000
60793  43.999  -2.039  21.526 0.0000000000
59925  46.961  -3.089  24.029 0.0000000000
59000  47.671  -4.560  25.627 0.0000000000
54487  40.485  -9.722  26.439 0.0000000000
54426  42.412  -9.595  29.366 0.0000000000
54411  43.809  -9.317  31.037 0.0000000000
55315  40.113  -8.712  31.066 0.0000000000
54402  40.859  -8.826  31.204 0.0000000000
54401  41.609  -9.045  31.501 0.0000000000
54400  42.447  -9.290  31.770 0.0000000000
111862  42.221  -9.424  31.038 0.0000000000
116637  42.936  -9.553  31.032 0.0000000000
55313  44.545  -8.901  31.511 0.0000000000
39821  34.944  -25.099  44.834 0.0000000000
40678  34.970  -24.351  44.474 0.0000000000
40654  35.789  -24.209  44.911 0.0000000000
62599  43.804  -0.790  15.811 0.0000000000
60838  44.106  -1.353  16.134 0.0000000000
60832  44.536  -1.843  17.189 0.0000000000
64378  50.108  1.781  11.143 0.0000000000
64379  49.324  1.473  11.164 0.0000000000
29806  7.352  -36.649  50.527 0.0000000000
130736  6.885  -36.804  51.876 0.0000000000
29792  6.677  -36.696  52.637 0.0000000000
29785  6.404  -36.488  53.572 0.0000000000
29026  4.482  -37.515  51.628 0.0000000000
29016  4.773  -37.460  52.413 0.0000000000
29010  4.613  -37.294  53.389 0.0000000000
29786  4.835  -36.928  54.409 0.0000000000
29782  4.641  -36.944  55.271 0.0000000000
55395  38.554  -8.655  23.716 0.0000000000
54523  38.641  -9.678  24.732 0.0000000000
111548  37.824  -9.749  24.481 0.0000000000
54510  38.934  -9.986  25.462 0.0000000000
53576  39.110  -10.107  26.231 0.0000000000
53549  38.620  -9.742  27.480 0.0000000000
53565  37.653  -10.185  26.620 0.0000000000
108837  38.705  -9.415  28.146 0.0000000000
54430  38.478  -8.940  29.646 0.0000000000
54472  35.465  -9.655  27.708 0.0000000000
54449  36.477  -9.363  28.717 0.0000000000
54417  38.707  -9.110  30.960 0.0000000000
54390  39.062  -9.568  32.130 0.0000000000
53502  39.175  -10.385  32.511 0.0000000000
53496  39.606  -10.342  33.041 0.0000000000
52614  40.357  -11.189  33.938 0.0000000000
114754  41.026  -12.062  34.978 0.0000000000
40772  30.786  -24.672  35.845 0.0000000000
39900  31.151  -24.961  36.625 0.0000000000
39089  29.120  -26.938  37.021 0.0000000000
39088  29.866  -26.620  37.249 0.0000000000
39087  30.598  -26.286  37.496 0.0000000000
39086  31.311  -25.912  37.720 0.0000000000
39875  31.884  -25.547  37.826 0.0000000000
39874  32.464  -25.385  38.182 0.0000000000
39855  33.771  -26.028  40.301 0.0000000000
39050  33.291  -26.928  40.273 0.0000000000
39840  34.064  -25.812  42.185 0.0000000000
36470  27.064  -29.348  41.034 0.0000000000
36469  27.695  -29.637  41.203 0.0000000000
36468  28.499  -29.898  41.332 0.0000000000
36467  29.370  -29.994  41.481 0.0000000000
36466  30.238  -29.969  41.714 0.0000000000
36410  31.156  -29.499  45.774 0.0000000000
125100  31.245  -29.812  44.308 0.0000000000
36438  31.383  -29.746  43.536 0.0000000000
37313  31.829  -29.184  42.326 0.0000000000
38219  33.033  -27.935  44.258 0.0000000000
39013  33.785  -26.461  43.370 0.0000000000
122502  34.127  -25.968  43.849 0.0000000000
39822  34.450  -25.884  44.523 0.0000000000
35478  19.600  -30.719  49.030 0.0000000000
34517  18.976  -31.159  49.032 0.0000000000
33523  16.425  -32.436  48.580 0.0000000000
111951  15.557  -32.680  48.272 0.0000000000
36456  17.068  -29.225  42.791 0.0000000000
35522  16.432  -30.470  44.570 0.0000000000
35552  14.883  -30.079  42.849 0.0000000000
34560  14.795  -31.648  45.652 0.0000000000
108902  15.224  -31.789  46.158 0.0000000000
32585  13.304  -33.450  48.798 0.0000000000
33526  12.920  -33.142  48.078 0.0000000000
33558  11.345  -32.437  46.455 0.0000000000
32602  10.778  -33.131  47.698 0.0000000000
32588  10.851  -33.431  48.356 0.0000000000
32574  10.885  -33.717  49.156 0.0000000000
31595  10.076  -33.928  49.273 0.0000000000
32590  9.018  -34.339  48.195 0.0000000000
30669  7.656  -36.245  48.976 0.0000000000
29828  6.937  -36.599  48.744 0.0000000000
29829  6.150  -36.581  48.752 0.0000000000
30681  5.706  -36.040  48.274 0.0000000000
29830  5.392  -36.407  48.807 0.0000000000
38331  25.519  -27.681  36.780 0.0000000000
37374  26.553  -28.374  38.125 0.0000000000
117902  25.554  -28.473  39.887 0.0000000000
127769  23.712  -27.328  37.734 0.0000000000
38308  23.996  -27.535  38.374 0.0000000000
38291  24.455  -27.836  38.978 0.0000000000
130578  25.505  -28.303  41.379 0.0000000000
38247  25.181  -27.771  42.749 0.0000000000
127922  24.713  -27.602  42.310 0.0000000000
38236  25.041  -27.578  43.580 0.0000000000
38222  24.421  -27.243  45.029 0.0000000000
39015  23.120  -26.606  43.464 0.0000000000
39004  23.756  -26.991  44.144 0.0000000000
38185  24.372  -27.321  46.694 0.0000000000
38166  23.865  -27.541  47.376 0.0000000000
113837  23.427  -28.330  48.882 0.0000000000
32541  16.933  -33.737  51.789 0.0000000000
30643  8.409  -35.285  53.381 0.0000000000
123791  7.811  -35.622  53.656 0.0000000000
31551  8.960  -34.820  53.991 0.0000000000
31537  9.000  -34.927  55.034 0.0000000000
30632  10.121  -35.413  56.198 0.0000000000
63513  48.232  0.451  20.920 0.0000000000
63502  47.737  0.348  21.592 0.0000000000
64335  49.957  1.605  22.545 0.0000000000
62518  48.482  0.075  23.453 0.0000000000
62517  49.343  0.322  24.017 0.0000000000
63479  49.767  1.046  23.720 0.0000000000
63478  50.614  1.465  24.135 0.0000000000
64304  51.516  1.749  24.352 0.0000000000
59948  40.221  -3.583  21.347 0.0000000000
59037  42.384  -4.754  22.575 0.0000000000
120697  41.837  -5.476  22.714 0.0000000000
59036  43.274  -4.648  22.887 0.0000000000
129510  43.973  -4.891  23.335 0.0000000000
59025  45.515  -4.882  24.136 0.0000000000
58064  45.429  -5.586  24.557 0.0000000000
58063  46.209  -5.171  24.747 0.0000000000
54507  41.779  -9.241  25.979 0.0000000000
54485  42.591  -9.241  26.516 0.0000000000
54484  43.179  -9.281  26.984 0.0000000000
55366  43.320  -8.849  26.400 0.0000000000
56226  44.703  -7.846  26.219 0.0000000000
55344  45.459  -8.209  28.746 0.0000000000
56194  45.948  -7.721  29.393 0.0000000000
55352  45.193  -8.226  27.411 0.0000000000
57112  46.563  -6.573  26.598 0.0000000000
58046  47.602  -5.438  26.729 0.0000000000
51719  34.832  -12.264  29.567 0.0000000000
51718  35.409  -12.089  29.858 0.0000000000
51712  35.988  -12.357  30.225 0.0000000000
49929  35.047  -14.967  30.954 0.0000000000
49928  35.757  -14.639  31.296 0.0000000000
50768  36.106  -13.882  30.948 0.0000000000
50774  36.452  -13.077  30.641 0.0000000000
51682  39.003  -12.911  32.652 0.0000000000
50747  39.139  -13.590  33.252 0.0000000000
51681  39.696  -12.724  33.233 0.0000000000
41696  32.692  -23.563  37.178 0.0000000000
112091  32.410  -23.057  36.576 0.0000000000
118197  32.548  -22.265  36.680 0.0000000000
46448  31.262  -18.504  36.542 0.0000000000
47353  31.598  -18.007  36.642 0.0000000000
47352  32.175  -17.710  36.629 0.0000000000
111558  32.854  -17.525  36.569 0.0000000000
41619  34.725  -23.465  43.289 0.0000000000
114698  34.686  -22.602  43.043 0.0000000000
42589  34.497  -22.421  41.968 0.0000000000
129796  34.377  -22.008  41.425 0.0000000000
45491  34.612  -19.853  43.650 0.0000000000
46410  34.620  -18.626  43.180 0.0000000000
45497  34.348  -19.286  42.961 0.0000000000
44523  34.328  -20.138  42.849 0.0000000000
44532  33.968  -19.951  41.516 0.0000000000
44533  33.797  -19.945  40.781 0.0000000000
45531  33.323  -18.944  39.785 0.0000000000
46436  33.279  -18.186  39.031 0.0000000000
47351  33.565  -17.502  36.871 0.0000000000
47350  35.059  -17.539  36.268 0.0000000000
47349  35.769  -17.551  36.617 0.0000000000
113716  36.285  -17.464  38.112 0.0000000000
47333  36.451  -17.500  37.249 0.0000000000
47348  36.626  -17.443  36.549 0.0000000000
47364  37.150  -17.225  36.145 0.0000000000
48275  37.879  -16.942  36.523 0.0000000000
48274  38.383  -16.354  36.030 0.0000000000
48218  37.515  -16.321  41.423 0.0000000000
48231  37.620  -16.543  40.430 0.0000000000
48243  38.415  -16.457  38.870 0.0000000000
49107  39.028  -15.832  36.345 0.0000000000
49106  39.616  -15.275  36.648 0.0000000000
111746  39.894  -14.832  36.084 0.0000000000
49888  40.142  -14.625  36.612 0.0000000000
49887  40.617  -13.928  36.519 0.0000000000
131463  48.861  0.940  11.053 0.0000000000
62649  48.968  0.387  10.967 0.0000000000
62634  50.266  -1.063  11.432 0.0000000000
61740  50.455  -1.361  12.321 0.0000000000
61739  51.457  -1.482  12.401 0.0000000000
109442  49.795  -1.452  14.578 0.0000000000
61699  50.680  -1.383  14.578 0.0000000000
61696  53.383  -0.805  14.409 0.0000000000
62603  54.262  -0.488  15.054 0.0000000000
30628  8.643  -35.755  56.288 0.0000000000
36450  31.437  -29.637  42.802 0.0000000000
41677  33.631  -23.190  38.330 0.0000000000
43559  34.157  -21.884  40.203 0.0000000000
49092  38.889  -16.121  38.377 0.0000000000
49098  39.526  -15.444  37.448 0.0000000000
50719  40.330  -13.923  35.093 0.0000000000
50757  37.933  -13.681  32.255 0.0000000000
51680  40.171  -12.016  33.594 0.0000000000
52607  40.792  -11.241  34.617 0.0000000000
53480  41.285  -10.381  35.682 0.0000000000
53503  38.632  -10.286  31.951 0.0000000000
54399  43.255  -9.413  31.730 0.0000000000
55289  42.252  -8.589  33.794 0.0000000000
57138  44.242  -6.134  24.188 0.0000000000
63488  49.420  1.219  22.980 0.0000000000
64313  50.986  1.987  23.739 0.0000000000
116493  42.364  -8.706  33.193 0.0000000000
121487  39.451  -9.694  32.651 0.0000000000
125237  40.396  -8.378  24.287 0.0000000000
128588  31.268  -17.604  35.405 0.0000000000
128742  34.075  -18.210  40.804 0.0000000000
129251  25.469  -27.516  45.857 0.0000000000
129806  35.365  -23.713  44.679 0.0000000000
130038  29.220  -30.169  43.127 0.0000000000
