#Insight Transform File V1.0
#Transform 0
Transform: AffineTransform_float_3_3
Parameters: 1 0.000310707 0.000310293 -0.000311292 0.999999 0.000942903 -0.000309706 -0.000943095 0.999999 -0.0231887 -0.0476393 0.0136371
FixedParameters: 0 0 0

#Transform 1
Transform: AffineTransform_float_3_3
Parameters: 1 0.000284807 0.000276198 -0.000285192 0.999999 0.000696921 -0.000275801 -0.000697078 0.999999 -0.0164823 -0.0442774 0.00292899
FixedParameters: 0 0 0

#Transform 2
Transform: AffineTransform_float_3_3
Parameters: 1 0.000349909 0.0003171 -0.000350091 1 0.000285889 -0.0003169 -0.000286111 1 -0.0203204 -0.0841467 0.000765791
FixedParameters: 0 0 0

#Transform 3
Transform: AffineTransform_float_3_3
Parameters: 1 0.000451925 0.000262129 -0.000452075 1 0.000285881 -0.000261871 -0.000286118 1 -0.0273766 -0.0504064 0.000861203
FixedParameters: 0 0 0

#Transform 4
Transform: AffineTransform_float_3_3
Parameters: 1 0.000400902 0.000163239 -0.000401097 0.999999 0.000596934 -0.000162761 -0.000597065 1 -0.034045 -0.0366715 0.0133643
FixedParameters: 0 0 0

#Transform 5
Transform: AffineTransform_float_3_3
Parameters: 1 0.000388983 0.00013405 -0.000389017 1 0.000127948 -0.00013395 -0.000128052 1 -0.0228007 -0.0276649 0.000295835
FixedParameters: 0 0 0

#Transform 6
Transform: AffineTransform_float_3_3
Parameters: 1 0.000448038 0.000249931 -0.000448962 1 -0.000153112 -0.000250069 0.000152888 1 -0.0206335 -0.0142646 -0.00129662
FixedParameters: 0 0 0

#Transform 7
Transform: AffineTransform_float_3_3
Parameters: 1 0.00025 -3.625e-08 -0.00025 1 -0.000145 -3.625e-08 0.000145 1 -0.0202693 -0.00324568 -0.000777326
FixedParameters: 0 0 0

#Transform 8
Transform: AffineTransform_float_3_3
Parameters: 1 0.000399057 0.000391942 -0.000398943 1 -0.000145156 -0.000392058 0.000144844 1 -0.00731846 0.00196441 -0.00727546
FixedParameters: 0 0 0

#Transform 9
Transform: AffineTransform_float_3_3
Parameters: 1 0.000327151 0.000437887 -0.000326848 1 -0.000346143 -0.000438113 0.000345857 1 -0.00521094 -0.0962459 -0.00267865
FixedParameters: 0 0 0

#Transform 10
Transform: AffineTransform_float_3_3
Parameters: 1 0.000287274 0.000612871 -0.000286725 1 -0.000448176 -0.000613128 0.000447824 0.999999 -0.00162558 -0.0283836 -0.00363546
FixedParameters: 0 0 0

#Transform 11
Transform: AffineTransform_float_3_3
Parameters: 0.999999 5.06964e-07 0.000996 -4.93035e-07 1 -0.000509001 -0.000996 0.000509 1 -0.0079794 -0.0141631 -0.0045686
FixedParameters: 0 0 0

#Transform 12
Transform: AffineTransform_float_3_3
Parameters: 1 0.00017423 0.00050192 -0.00017377 1 -0.000458087 -0.00050208 0.000458912 1 0.00365306 -0.0279745 0.0109066
FixedParameters: 0 0 0

#Transform 13
Transform: AffineTransform_float_3_3
Parameters: 1 3.2319e-07 0.000567 3.2319e-07 1 -0.00057 -0.000567 0.00057 0.999999 0.00169067 -0.0565686 -0.00407114
FixedParameters: 0 0 0

#Transform 14
Transform: AffineTransform_float_3_3
Parameters: 1 7.02419e-05 0.00056397 -6.9758e-05 1 -0.000429039 -0.00056403 0.00042896 0.999999 -0.00484455 -0.0511008 -0.00336877
FixedParameters: 0 0 0

#Transform 15
Transform: AffineTransform_float_3_3
Parameters: 1 4.2021e-08 0.000261 4.2021e-08 1 -0.000161 -0.000261 0.000161 1 -0.00208251 -0.104198 -0.00138334
FixedParameters: 0 0 0

#Transform 16
Transform: AffineTransform_float_3_3
Parameters: 1 8.9112e-08 0.000237 8.9112e-08 1 -0.000376 -0.000237 0.000376 1 -0.00185 -0.00109215 -0.00941209
FixedParameters: 0 0 0

#Transform 17
Transform: AffineTransform_float_3_3
Parameters: 1 -5.30316e-05 0.000203992 5.29684e-05 1 0.000155011 -0.000204008 -0.000154989 1 -0.00131715 -0.0173462 0.000395086
FixedParameters: 0 0 0

#Transform 18
Transform: AffineTransform_float_3_3
Parameters: 1 -2.993e-09 7.3e-05 -2.993e-09 1 4.1e-05 -7.3e-05 -4.1e-05 1 -0.000596489 -0.0188613 7.85092e-05
FixedParameters: 0 0 0

#Transform 19
Transform: AffineTransform_float_3_3
Parameters: 1 0 0 0 1 -0.000489 0 0.000489 1 0.005431 0.0197447 -0.0120155
FixedParameters: 0 0 0

#Transform 20
Transform: AffineTransform_float_3_3
Parameters: 1 -1.12e-10 5.6e-05 -1.12e-10 1 2e-06 -5.6e-05 -2e-06 1 -0.00260256 -0.0031597 -0.000107325
FixedParameters: 0 0 0

#Transform 21
Transform: AffineTransform_float_3_3
Parameters: 1 1.3284e-08 -8.2e-05 1.3284e-08 1 0.000162 8.2e-05 -0.000162 1 0.000681075 -0.0323155 0.00685905
FixedParameters: 0 0 0

#Transform 22
Transform: AffineTransform_float_3_3
Parameters: 1 0 0 0 1 -0.000493 0 0.000493 1 -3e-06 0.00673291 -0.00960299
FixedParameters: 0 0 0

#Transform 23
Transform: AffineTransform_float_3_3
Parameters: 1 0 0 0 1 9.8e-05 0 -9.8e-05 1 -0.002251 -0.0156482 0.000493477
FixedParameters: 0 0 0

#Transform 24
Transform: AffineTransform_float_3_3
Parameters: 1 0 0 0 1 0.000259 0 -0.000259 1 1.42109e-14 0.00107635 0.010812
FixedParameters: 0 0 0

#Transform 25
Transform: AffineTransform_float_3_3
Parameters: 1 0 0 0 1 -0.00057 0 0.00057 1 -0.002134 -0.0218861 -0.0084316
FixedParameters: 0 0 0

#Transform 26
Transform: AffineTransform_float_3_3
Parameters: 1 0 0 0 1 -7.4e-05 0 7.4e-05 1 1.42109e-14 0.0625179 -0.000372596
FixedParameters: 0 0 0

#Transform 27
Transform: AffineTransform_float_3_3
Parameters: 1 1.254e-09 0.000114 1.254e-09 1 -1.1e-05 -0.000114 1.1e-05 1 -0.000880295 -0.0407334 0.0220983
FixedParameters: 0 0 0

#Transform 28
Transform: AffineTransform_float_3_3
Parameters: 1 0 0 0 1 -0.000434 0 0.000434 1 1.42109e-14 -0.0147938 -0.00614846
FixedParameters: 0 0 0

#Transform 29
Transform: AffineTransform_float_3_3
Parameters: 1 -4.0376e-08 -0.000196 -4.0376e-08 1 -0.000206 0.000196 0.000206 1 -0.000809304 -0.0611477 -0.00634856
FixedParameters: 0 0 0

#Transform 30
Transform: AffineTransform_float_3_3
Parameters: 1 -2.9682e-08 -0.000291 -2.9682e-08 1 -0.000102 0.000291 0.000102 1 2.30042e-05 -0.0452199 0.00558628
FixedParameters: 0 0 0

#Transform 31
Transform: AffineTransform_float_3_3
Parameters: 1 -1.7955e-07 -0.000315 -1.7955e-07 1 -0.00057 0.000315 0.00057 1 0.00453325 0.00978431 -0.00393822
FixedParameters: 0 0 0

#Transform 32
Transform: AffineTransform_float_3_3
Parameters: 1 -3.38e-09 -0.000338 -3.38e-09 1 -1e-05 0.000338 1e-05 1 0.00270171 -0.0242696 0.006893
FixedParameters: 0 0 0

#Transform 33
Transform: AffineTransform_float_3_3
Parameters: 1 -2.2578e-08 -0.000426 -2.2578e-08 1 -5.3e-05 0.000426 5.3e-05 1 0.00336792 -0.047015 0.00905961
FixedParameters: 0 0 0

#Transform 34
Transform: AffineTransform_float_3_3
Parameters: 1 -1.26492e-07 -0.000332 -1.26492e-07 1 -0.000381 0.000332 0.000381 1 -0.00276866 0.0411368 -0.00720879
FixedParameters: 0 0 0

#Transform 35
Transform: AffineTransform_float_3_3
Parameters: 1 -4.99566e-05 -0.000347006 5.00434e-05 1 0.000124983 0.000346994 -0.000125017 1 -0.00117667 -0.0612025 0.00696598
FixedParameters: 0 0 0

#Transform 36
Transform: AffineTransform_float_3_3
Parameters: 1 -1.47554e-07 -0.000353 -1.47554e-07 1 -0.000418 0.000353 0.000418 1 0.00279619 -0.0246673 0.00310384
FixedParameters: 0 0 0

#Transform 37
Transform: AffineTransform_float_3_3
Parameters: 1 -1.34994e-07 -0.000302 -1.34994e-07 1 -0.000447 0.000302 0.000447 1 -0.000936654 0.00345637 -0.00951745
FixedParameters: 0 0 0

#Transform 38
Transform: AffineTransform_float_3_3
Parameters: 1 -4.1322e-08 -0.000426 -4.1322e-08 1 -9.7e-05 0.000426 9.7e-05 1 -0.00234939 0.00931293 0.00977625
FixedParameters: 0 0 0

#Transform 39
Transform: AffineTransform_float_3_3
Parameters: 1 0.000111779 -0.000426058 -0.000112221 1 -0.000518952 0.000425942 0.000519047 1 -0.00124202 0.0256509 0.0124555
FixedParameters: 0 0 0

#Transform 40
Transform: AffineTransform_float_3_3
Parameters: 1 -3.8175e-07 -0.000375 -3.8175e-07 0.999999 -0.001018 0.000375 0.001018 1 0.0029409 0.0505695 -0.0078151
FixedParameters: 0 0 0

#Transform 41
Transform: AffineTransform_float_3_3
Parameters: 1 -2.80308e-07 -0.000426 -2.80308e-07 1 -0.000658 0.000426 0.000658 0.999999 -0.00449877 -0.000317135 0.00598287
FixedParameters: 0 0 0

#Transform 42
Transform: AffineTransform_float_3_3
Parameters: 1 -8.3496e-08 -0.000426 -8.3496e-08 1 -0.000196 0.000426 0.000196 1 -0.00397181 0.0427326 0.0248566
FixedParameters: 0 0 0

#Transform 43
Transform: AffineTransform_float_3_3
Parameters: 1 0.000180585 -0.000426176 -0.000180415 0.999999 -0.000973923 0.000425825 0.000974077 1 -0.0031396 0.0406411 -0.000484596
FixedParameters: 0 0 0

#Transform 44
Transform: AffineTransform_float_3_3
Parameters: 1 -4.51134e-07 -0.000426 -4.51134e-07 1 -0.001059 0.000426 0.001059 1 0.00337325 0.00552049 -0.00110161
FixedParameters: 0 0 0

#Transform 45
Transform: AffineTransform_float_3_3
Parameters: 1 -2.08314e-07 -0.000326 -2.08314e-07 1 -0.000639 0.000326 0.000639 0.999999 -0.0041177 -0.00027675 0.0139539
FixedParameters: 0 0 0

#Transform 46
Transform: AffineTransform_float_3_3
Parameters: 1 -4.36224e-07 -0.000426 -4.36224e-07 1 -0.001024 0.000426 0.001024 1 -2.43124e-05 0.0511193 0.009601
FixedParameters: 0 0 0

#Transform 47
Transform: AffineTransform_float_3_3
Parameters: 1 -4.58802e-07 -0.000426 -4.58802e-07 1 -0.001077 0.000426 0.001077 1 0.0033648 -0.027171 0.0116887
FixedParameters: 0 0 0

#Transform 48
Transform: AffineTransform_float_3_3
Parameters: 1 -2.0235e-07 -0.000426 -2.0235e-07 1 -0.000475 0.000426 0.000475 1 0.00336537 -0.0685203 0.0150439
FixedParameters: 0 0 0

#Transform 49
Transform: AffineTransform_float_3_3
Parameters: 1 -5.59104e-07 -0.000546 4.40895e-07 1 -0.001024 0.000546001 0.001024 1 -0.0163456 -0.070028 0.0188008
FixedParameters: 0 0 0

#Transform 50
Transform: AffineTransform_float_3_3
Parameters: 1 -6.1773e-07 -0.000349 3.82268e-07 0.999999 -0.00177 0.000349001 0.00177 0.999999 -0.0139729 0.017681 0.0137665
FixedParameters: 0 0 0

#Transform 51
Transform: AffineTransform_float_3_3
Parameters: 1 -2.96455e-07 -0.000211 -2.96455e-07 0.999999 -0.001405 0.000211 0.001405 0.999999 -0.0146677 -0.00750391 0.0114278
FixedParameters: 0 0 0

#Transform 52
Transform: AffineTransform_float_3_3
Parameters: 1 -6.13918e-05 -0.000258907 6.06081e-05 0.999999 -0.00151302 0.000259092 0.00151298 0.999999 -0.0166747 -0.0298046 0.0205157
FixedParameters: 0 0 0

#Transform 53
Transform: AffineTransform_float_3_3
Parameters: 1 -0.000170462 -0.000394801 0.000170538 1 -0.00116907 0.0003952 0.00116893 0.999999 -0.00910353 0.0621259 0.0304425
FixedParameters: 0 0 0

#Transform 54
Transform: AffineTransform_float_3_3
Parameters: 1 0.000120521 -0.000291199 -0.000121479 0.999998 -0.00164696 0.0002908 0.00164703 0.999998 -0.00964297 0.0258543 0.0192224
FixedParameters: 0 0 0

#Transform 55
Transform: AffineTransform_float_3_3
Parameters: 1 -3.97035e-07 -0.000255 -3.97035e-07 0.999999 -0.001557 0.000255 0.001557 0.999999 -0.00807097 -0.0361203 0.0118586
FixedParameters: 0 0 0

#Transform 56
Transform: AffineTransform_float_3_3
Parameters: 1 -4.19356e-07 -0.000476 -4.19356e-07 0.999999 -0.000881 0.000476 0.000881 1 -0.014708 0.0486426 0.0341706
FixedParameters: 0 0 0

#Transform 57
Transform: AffineTransform_float_3_3
Parameters: 1 0.000125184 -0.000475216 -0.000125816 0.999998 -0.00171794 0.000474785 0.00171806 0.999999 -0.0059636 -0.0298352 0.00619848
FixedParameters: 0 0 0

#Transform 58
Transform: AffineTransform_float_3_3
Parameters: 1 -6.46272e-07 -0.000458999 3.53727e-07 0.999999 -0.001408 0.000459001 0.001408 0.999999 -0.0151498 0.0268786 0.0154938
FixedParameters: 0 0 0

#Transform 59
Transform: AffineTransform_float_3_3
Parameters: 1 -7.51872e-07 -0.000533999 2.48127e-07 0.999999 -0.001408 0.000534001 0.001408 0.999999 -0.0146455 -0.0145205 0.0318491
FixedParameters: 0 0 0

#Transform 60
Transform: AffineTransform_float_3_3
Parameters: 1 0.000208124 -0.000456401 -0.000208876 0.999998 -0.00192191 0.0004556 0.0019211 0.999998 -0.0146854 0.032781 0.0257384
FixedParameters: 0 0 0

#Transform 61
Transform: AffineTransform_float_3_3
Parameters: 1 0.000210141 -0.000447405 -0.000210859 0.999998 -0.00192191 0.000446596 0.00192109 0.999998 -0.0179802 -0.0407436 0.0199079
FixedParameters: 0 0 0

#Transform 62
Transform: AffineTransform_float_3_3
Parameters: 1 0.000138371 -0.000444196 -0.000138629 0.999999 -0.00141594 0.000443804 0.00141606 0.999999 -0.0111183 -0.0143252 0.0263464
FixedParameters: 0 0 0

#Transform 63
Transform: AffineTransform_float_3_3
Parameters: 1 0.000169554 -0.00030325 -0.000169445 0.999999 -0.00146995 0.000302751 0.00147005 0.999999 -0.0178485 0.0162746 0.00645044
FixedParameters: 0 0 0

#Transform 64
Transform: AffineTransform_float_3_3
Parameters: 1 -5.95404e-07 -0.000444 4.04595e-07 0.999999 -0.001341 0.000444001 0.001341 0.999999 -0.017722 0.0452699 -0.00216482
FixedParameters: 0 0 0

#Transform 65
Transform: AffineTransform_float_3_3
Parameters: 1 0.000215506 -0.000478223 -0.000216494 1 -0.0010339 0.000477776 0.0010341 1 -0.019821 -0.0102863 0.015104
FixedParameters: 0 0 0

#Transform 66
Transform: AffineTransform_float_3_3
Parameters: 1 0.000246315 -0.000446378 -0.000247686 0.999999 -0.00153489 0.00044662 0.00153511 0.999998 -0.0155222 0.00319069 0.00183909
FixedParameters: 0 0 0

#Transform 67
Transform: AffineTransform_float_3_3
Parameters: 1 -4.27836e-07 -0.000303 -4.27836e-07 0.999999 -0.001412 0.000303 0.001412 0.999999 -0.0193133 0.0394608 0.0168555
FixedParameters: 0 0 0

#Transform 68
Transform: AffineTransform_float_3_3
Parameters: 1 0.000119385 -0.000429172 -0.000119615 0.999999 -0.00143395 0.000428829 0.00143405 0.999999 -0.0202186 0.0698491 0.0238275
FixedParameters: 0 0 0

#Transform 69
Transform: AffineTransform_float_3_3
Parameters: 1 -5.00556e-07 -0.000302999 4.99443e-07 0.999998 -0.001652 0.000303001 0.001652 0.999998 -0.0213492 0.0270619 -0.00317531
FixedParameters: 0 0 0

#Transform 70
Transform: AffineTransform_float_3_3
Parameters: 1 -3.48753e-07 -0.000303 -3.48753e-07 1 -0.001151 0.000303 0.001151 1 -0.0211334 0.0235303 0.0105437
FixedParameters: 0 0 0

#Transform 71
Transform: AffineTransform_float_3_3
Parameters: 1 0.000113315 -0.000446174 -0.000113686 0.999999 -0.00153495 0.000446826 0.00153505 0.999998 -0.0128231 -0.029101 0.00697874
FixedParameters: 0 0 0

#Transform 72
Transform: AffineTransform_float_3_3
Parameters: 0.999999 0.000448182 -0.000720134 -0.000450817 0.999996 -0.00252567 0.000718863 0.00252632 0.999996 -0.00457927 0.0997776 -0.0281579
FixedParameters: 0 0 0

#Transform 73
Transform: AffineTransform_float_3_3
Parameters: 1 -6.25308e-07 -0.000320999 3.7469e-07 0.999998 -0.001948 0.000321001 0.001948 0.999998 -0.0158454 0.0331639 -0.0109726
FixedParameters: 0 0 0

#Transform 74
Transform: AffineTransform_float_3_3
Parameters: 1 -6.29377e-07 -0.000328999 3.70621e-07 0.999998 -0.001913 0.000329001 0.001913 0.999998 -0.0170619 0.052275 0.00852753
FixedParameters: 0 0 0

#Transform 75
Transform: AffineTransform_float_3_3
Parameters: 1 0.000249296 -0.000333527 -0.000249704 0.999997 -0.00211092 0.000333473 0.00211108 0.999997 0.00129313 0.0371733 -0.0121689
FixedParameters: 0 0 0

#Transform 76
Transform: AffineTransform_float_3_3
Parameters: 1 -7.4347e-07 -0.000300999 2.56527e-07 0.999997 -0.00247 0.000301002 0.00247 0.999997 -0.00856166 0.0258809 -0.0140159
FixedParameters: 0 0 0

#Transform 77
Transform: AffineTransform_float_3_3
Parameters: 1 -8.55056e-07 -0.000398999 1.44941e-07 0.999997 -0.002143 0.000399001 0.002143 0.999997 0.00313256 0.0157307 0.0270366
FixedParameters: 0 0 0

#Transform 78
Transform: AffineTransform_float_3_3
Parameters: 1 0.000193779 -0.000399594 -0.000194222 0.999996 -0.00305792 0.000399408 0.00305808 0.999995 -0.00437759 0.0911914 -0.0041011
FixedParameters: 0 0 0

#Transform 79
Transform: AffineTransform_float_3_3
Parameters: 1 -1.01266e-06 -0.000398999 -1.2665e-08 0.999997 -0.002538 0.000399001 0.002538 0.999996 -0.0185244 0.0548416 -0.0131933
FixedParameters: 0 0 0

#Transform 80
Transform: AffineTransform_float_3_3
Parameters: 1 -5.79326e-07 -0.000342999 4.20672e-07 0.999998 -0.001689 0.000343001 0.001689 0.999998 -0.0139478 0.0813535 -0.0129753
FixedParameters: 0 0 0

#Transform 81
Transform: AffineTransform_float_3_3
Parameters: 1 -9.08125e-07 -0.000398999 9.18731e-08 0.999998 -0.002276 0.000399001 0.002276 0.999998 -0.0132922 0.0137152 -0.0011773
FixedParameters: 0 0 0

#Transform 82
Transform: AffineTransform_float_3_3
Parameters: 1 -1.29396e-06 -0.000398998 -2.93962e-07 0.999994 -0.003243 0.000399001 0.003243 0.999994 -0.00914912 0.0383049 -0.0264
FixedParameters: 0 0 0

#Transform 83
Transform: AffineTransform_float_3_3
Parameters: 1 0.000101868 -0.000469247 -0.000103131 0.999997 -0.00241195 0.000468753 0.00241205 0.999997 -0.0159658 0.0825761 -0.0117892
FixedParameters: 0 0 0

#Transform 84
Transform: AffineTransform_float_3_3
Parameters: 1 0.000239497 -0.000513703 -0.0002405 0.999995 -0.00292687 0.000512298 0.00292712 0.999995 -0.0146078 0.0781853 -0.0408799
FixedParameters: 0 0 0

#Transform 85
Transform: AffineTransform_float_3_3
Parameters: 1 0.000172782 -0.000399529 -0.00017422 0.999996 -0.00305093 0.00039947 0.00305107 0.999996 -0.0145381 0.0295564 -0.0417873
FixedParameters: 0 0 0

#Transform 86
Transform: AffineTransform_float_3_3
Parameters: 1 -1.53975e-06 -0.000507998 4.60242e-07 0.999995 -0.003031 0.000508004 0.003031 0.999996 -0.0171379 0.0739388 -0.0150613
FixedParameters: 0 0 0

#Transform 87
Transform: AffineTransform_float_3_3
Parameters: 1 0.000239367 5.74939e-05 -0.00023863 0.99998 -0.00629702 -5.95038e-05 0.00629699 0.99998 0.00534813 -0.131439 -0.0367843
FixedParameters: 0 0 0

#Transform 88
Transform: AffineTransform_float_3_3
Parameters: 0.999996 0.000305995 0.00259381 -0.000248001 0.99975 -0.0223297 -0.00260019 0.0223293 0.999748 0.024308 0.0559189 0.023056
FixedParameters: 0 0 0

#Transform 89
Transform: AffineTransform_float_3_3
Parameters: 0.999998 2.53134e-05 0.0016008 3.16561e-07 0.999875 -0.015811 -0.00160119 0.015811 0.999873 0.0336365 -0.0215289 0.0489467
FixedParameters: 0 0 0

#Transform 90
Transform: AffineTransform_float_3_3
Parameters: 1 1.45115e-05 0.000998895 -4.86936e-07 0.999895 -0.014526 -0.000999113 0.014526 0.999894 0.0214444 -0.00253636 -0.00890836
FixedParameters: 0 0 0

#Transform 91
Transform: AffineTransform_float_3_3
Parameters: 0.999999 0.000127167 0.000814334 -0.000115837 0.999906 -0.0136991 -0.000815663 0.0136989 0.999906 0.0220278 -0.0561803 -0.00514853
FixedParameters: 0 0 0

#Transform 92
Transform: AffineTransform_float_3_3
Parameters: 0.999999 0.000194518 0.000684366 -0.000185473 0.999903 -0.0138811 -0.000687641 0.0138809 0.999904 0.0232002 0.0253655 0.00801154
FixedParameters: 0 0 0

#Transform 93
Transform: AffineTransform_float_3_3
Parameters: 1 0.000230077 0.000507853 -0.000222921 0.999904 -0.0138921 -0.000511146 0.0138919 0.999904 0.0267853 -0.0417836 -0.00530839
FixedParameters: 0 0 0

#Transform 94
Transform: AffineTransform_float_3_3
Parameters: 1 0.000146237 0.000594033 -0.00013775 0.999904 -0.0138421 -0.000596964 0.0138429 0.999904 0.0217075 0.0352229 -0.0186005
FixedParameters: 0 0 0

#Transform 95
Transform: AffineTransform_float_3_3
Parameters: 1 0.000212437 0.000621178 -0.000203565 0.999908 -0.0135511 -0.000623816 0.0135509 0.999908 0.0329701 0.0322864 0.00403981
FixedParameters: 0 0 0

#Transform 96
Transform: AffineTransform_float_3_3
Parameters: 0.999999 1.06291e-05 0.000774927 -3.69841e-07 0.999906 -0.013715 -0.000775077 0.013715 0.999905 0.033784 0.0202032 -0.0365925
FixedParameters: 0 0 0

#Transform 97
Transform: AffineTransform_float_3_3
Parameters: 1 8.5268e-06 0.000658945 -4.72443e-07 0.999917 -0.012939 -0.000659061 0.012939 0.999916 0.0410759 -0.000969222 0.00465653
FixedParameters: 0 0 0

#Transform 98
Transform: AffineTransform_float_3_3
Parameters: 0.999999 -0.000152689 0.000777097 0.00016331 0.999911 -0.0132869 -0.000774899 0.0132861 0.999912 0.0473749 0.049072 -0.0165705
FixedParameters: 0 0 0

#Transform 99
Transform: AffineTransform_float_3_3
Parameters: 0.999999 -0.000130232 0.000840906 0.000141769 0.999902 -0.0140089 -0.000839096 0.0140091 0.999901 0.035818 -0.0383627 -0.0436896
FixedParameters: 0 0 0

#Transform 100
Transform: AffineTransform_float_3_3
Parameters: 0.999999 -0.000393756 0.000780254 0.00040324 0.999913 -0.0131717 -0.000774755 0.0131723 0.999913 0.0421651 -0.0152029 -0.00453526
FixedParameters: 0 0 0

#Transform 101
Transform: AffineTransform_float_3_3
Parameters: 1 -8.4643e-06 0.000537172 1.55473e-05 0.999901 -0.01403 -0.000537835 0.01403 0.999902 0.0489046 0.0151955 -0.0336433
FixedParameters: 0 0 0

#Transform 102
Transform: AffineTransform_float_3_3
Parameters: 1 -0.000127283 0.000625836 0.000135706 0.999902 -0.0139489 -0.000623167 0.0139491 0.999902 0.0420285 0.0612871 -0.0229767
FixedParameters: 0 0 0

#Transform 103
Transform: AffineTransform_float_3_3
Parameters: 1 -0.000297557 0.000467167 0.000303441 0.999904 -0.0138529 -0.000462841 0.0138521 0.999904 0.0441221 0.0199284 -0.0135747
FixedParameters: 0 0 0

#Transform 104
Transform: AffineTransform_float_3_3
Parameters: 1 -5.84662e-05 0.000177853 6.05359e-05 0.999898 -0.01428 -0.000177154 0.01428 0.999898 0.045246 0.0537915 -0.0465939
FixedParameters: 0 0 0

#Transform 105
Transform: AffineTransform_float_3_3
Parameters: 1 -0.000283402 0.000550975 0.000291599 0.999904 -0.0138398 -0.000547017 0.0138402 0.999904 0.0433171 0.025459 -0.0323074
FixedParameters: 0 0 0

#Transform 106
Transform: AffineTransform_float_3_3
Parameters: 0.999999 -5.41196e-05 0.000706826 6.38828e-05 0.999902 -0.013986 -0.000706175 0.013986 0.999902 0.0532107 0.120194 -0.0268002
FixedParameters: 0 0 0

#Transform 107
Transform: AffineTransform_float_3_3
Parameters: 1 -6.9251e-05 0.000673074 7.87478e-05 0.999895 -0.0144949 -0.000671929 0.014495 0.999894 0.047525 0.069695 -0.0322573
FixedParameters: 0 0 0

#Transform 108
Transform: AffineTransform_float_3_3
Parameters: 0.999999 -8.65764e-05 0.000734304 9.64192e-05 0.999899 -0.0142069 -0.000732704 0.0142071 0.999899 0.0409535 0.0604399 -0.0369098
FixedParameters: 0 0 0

#Transform 109
Transform: AffineTransform_float_3_3
Parameters: 0.999999 8.02486e-05 0.00100577 -6.27474e-05 0.999853 -0.0171381 -0.00100722 0.0171379 0.999852 0.0552243 -0.0020477 -0.027313
FixedParameters: 0 0 0

#Transform 110
Transform: AffineTransform_float_3_3
Parameters: 0.999999 -9.28538e-05 0.000721813 0.000106131 0.999833 -0.0182339 -0.000719184 0.0182341 0.999833 0.0554267 0.104302 -0.0749978
FixedParameters: 0 0 0

#Transform 111
Transform: AffineTransform_float_3_3
Parameters: 0.999999 -0.000254907 0.000938519 0.000271102 0.999852 -0.0171878 -0.000934478 0.0171872 0.999852 0.0555621 0.0367965 -0.0389204
FixedParameters: 0 0 0

#Transform 112
Transform: AffineTransform_float_3_3
Parameters: 1 -0.00025258 0.00104264 0.00027141 0.999843 -0.0177057 -0.00103736 0.0177053 0.999842 0.039387 0.0512458 -0.0630404
FixedParameters: 0 0 0

#Transform 113
Transform: AffineTransform_float_3_3
Parameters: 1 -0.00025104 0.00109776 0.000270965 0.999834 -0.0182207 -0.00109325 0.0182203 0.999834 0.049314 0.117672 -0.0679653
FixedParameters: 0 0 0

#Transform 114
Transform: AffineTransform_float_3_3
Parameters: 1 -0.000250937 0.00114857 0.000271054 0.999847 -0.0175017 -0.00114343 0.0175013 0.999846 0.0479468 0.119522 -0.0438305
FixedParameters: 0 0 0

#Transform 115
Transform: AffineTransform_float_3_3
Parameters: 0.999999 -0.000138914 0.00123608 0.000164086 0.999794 -0.0203188 -0.00123292 0.0203182 0.999793 0.0459514 0.0073903 -0.128904
FixedParameters: 0 0 0

#Transform 116
Transform: AffineTransform_float_3_3
Parameters: 1 -0.000102666 0.0011501 0.000124332 0.999827 -0.0185649 -0.00114789 0.0185651 0.999827 0.0376924 0.104839 -0.0737552
FixedParameters: 0 0 0

#Transform 117
Transform: AffineTransform_float_3_3
Parameters: 0.999999 -0.000248265 0.00130055 0.000271726 0.999846 -0.0175107 -0.00129544 0.0175103 0.999846 0.050606 0.0789837 -0.0492979
FixedParameters: 0 0 0

#Transform 118
Transform: AffineTransform_float_3_3
Parameters: 0.999999 -0.000296892 0.00138532 0.000325123 0.999793 -0.0203346 -0.00137967 0.0203344 0.999793 0.0455212 0.141059 -0.159427
FixedParameters: 0 0 0

#Transform 119
Transform: AffineTransform_float_3_3
Parameters: 0.999999 -0.0002468 0.0013347 0.000271189 0.999835 -0.0181627 -0.00132929 0.0181623 0.999834 0.0532348 0.0856895 -0.0852572
FixedParameters: 0 0 0

#Transform 120
Transform: AffineTransform_float_3_3
Parameters: 0.999999 -0.000244685 0.00146265 0.000271304 0.999837 -0.0180186 -0.00145735 0.0180184 0.999836 0.0426883 0.0873498 -0.0629111
FixedParameters: 0 0 0

#Transform 121
Transform: AffineTransform_float_3_3
Parameters: 0.999999 -0.000293384 0.0017392 0.000328632 0.999801 -0.0199365 -0.00173379 0.0199375 0.999799 0.0338307 0.0986891 -0.137911
FixedParameters: 0 0 0

#Transform 122
Transform: AffineTransform_float_3_3
Parameters: 0.999999 -0.000279713 0.00180864 0.000314293 0.999819 -0.0189845 -0.00180336 0.0189855 0.999818 0.0431887 0.0701744 -0.0984488
FixedParameters: 0 0 0

#Transform 123
Transform: AffineTransform_float_3_3
Parameters: 0.999999 -0.000225123 0.00179287 0.000260879 0.999799 -0.0200356 -0.00178813 0.0200364 0.999797 0.0449457 0.0161214 -0.0981642
FixedParameters: 0 0 0

#Transform 124
Transform: AffineTransform_float_3_3
Parameters: 0.999999 -0.000165981 0.00183074 0.000203023 0.999795 -0.0202387 -0.00182727 0.0202394 0.999794 0.0403375 0.122468 -0.1432
FixedParameters: 0 0 0

#Transform 125
Transform: AffineTransform_float_3_3
Parameters: 0.999998 -2.29245e-05 0.00209185 6.40782e-05 0.999807 -0.0196379 -0.00209114 0.0196381 0.999805 0.0370802 0.115233 -0.144213
FixedParameters: 0 0 0

#Transform 126
Transform: AffineTransform_float_3_3
Parameters: 0.999999 -0.000269951 0.0017918 0.000306034 0.999797 -0.0201495 -0.0017852 0.0201495 0.999796 0.0384959 0.0676561 -0.179338
FixedParameters: 0 0 0

#Transform 127
Transform: AffineTransform_float_3_3
Parameters: 0.999997 -0.000229912 0.00217985 0.000272091 0.999813 -0.0193275 -0.00217515 0.0193275 0.999811 0.0388078 0.0610781 -0.138678
FixedParameters: 0 0 0

#Transform 128
Transform: AffineTransform_float_3_3
Parameters: 0.999997 -2.7158e-06 0.00217446 4.52944e-05 0.999811 -0.0194459 -0.00217453 0.019446 0.999808 0.0464359 0.108266 -0.12755
FixedParameters: 0 0 0

#Transform 129
Transform: AffineTransform_float_3_3
Parameters: 0.999998 -5.03788e-05 0.00189742 8.86125e-05 0.999792 -0.0203599 -0.00189559 0.0203601 0.999791 0.0405429 0.0975381 -0.181909
FixedParameters: 0 0 0

#Transform 130
Transform: AffineTransform_float_3_3
Parameters: 0.999999 -0.000192996 0.00182704 0.000228002 0.999816 -0.0191776 -0.00182296 0.0191784 0.999815 0.0523113 0.0937588 -0.155776
FixedParameters: 0 0 0

#Transform 131
Transform: AffineTransform_float_3_3
Parameters: 0.999998 -0.00018184 0.00223473 0.000223164 0.99983 -0.0184315 -0.00223127 0.0184324 0.999827 0.0509105 0.0933291 -0.10912
FixedParameters: 0 0 0

#Transform 132
Transform: AffineTransform_float_3_3
Parameters: 0.999998 -0.000138164 0.00195196 0.000174837 0.999821 -0.0188837 -0.00194905 0.0188843 0.99982 0.053222 0.188148 -0.117304
FixedParameters: 0 0 0

#Transform 133
Transform: AffineTransform_float_3_3
Parameters: 0.999998 -0.000350921 0.00168102 0.000383079 0.999817 -0.0191214 -0.00167398 0.0191216 0.999816 0.047154 0.0610805 -0.102301
FixedParameters: 0 0 0

#Transform 134
Transform: AffineTransform_float_3_3
Parameters: 0.999998 -0.000214036 0.00186834 0.000248957 0.999824 -0.0187336 -0.00186366 0.0187344 0.999823 0.0437825 0.0995828 -0.0939962
FixedParameters: 0 0 0

#Transform 135
Transform: AffineTransform_float_3_3
Parameters: 0.999999 -0.000289253 0.00183101 0.000324746 0.999809 -0.0195524 -0.001825 0.0195536 0.999807 0.0466981 0.0889865 -0.108676
FixedParameters: 0 0 0

#Transform 136
Transform: AffineTransform_float_3_3
Parameters: 0.999998 -0.000195189 0.00221441 0.000240802 0.999795 -0.0202535 -0.00220958 0.0202545 0.999793 0.0385377 0.15607 -0.146122
FixedParameters: 0 0 0

#Transform 137
Transform: AffineTransform_float_3_3
Parameters: 0.999998 -0.000283827 0.00228749 0.000325165 0.999838 -0.0180193 -0.00228151 0.0180197 0.999835 0.036015 0.0579234 -0.0702128
FixedParameters: 0 0 0

#Transform 138
Transform: AffineTransform_float_3_3
Parameters: 0.999998 -0.000760919 0.00190962 0.000799088 0.999799 -0.0200205 -0.00189438 0.0200225 0.999797 0.0534419 0.162464 -0.135623
FixedParameters: 0 0 0

#Transform 139
Transform: AffineTransform_float_3_3
Parameters: 0.999996 -0.000806848 0.00242853 0.00085416 0.999802 -0.019892 -0.00241249 0.019894 0.999799 0.054587 0.0803415 -0.111877
FixedParameters: 0 0 0

#Transform 140
Transform: AffineTransform_float_3_3
Parameters: 0.999995 -0.000970491 0.00277183 0.00101951 0.999839 -0.0179162 -0.00275417 0.0179187 0.999835 0.0468224 0.0930719 -0.0459213
FixedParameters: 0 0 0

#Transform 141
Transform: AffineTransform_float_3_3
Parameters: 0.999996 -0.000760443 0.00265271 0.000810563 0.999824 -0.0187309 -0.00263828 0.0187331 0.999821 0.0356695 0.11268 -0.0577006
FixedParameters: 0 0 0

#Transform 142
Transform: AffineTransform_float_3_3
Parameters: 0.999996 -0.00032599 0.00288402 0.000383009 0.999804 -0.019789 -0.00287698 0.01979 0.9998 0.0392741 0.13678 -0.106621
FixedParameters: 0 0 0

#Transform 143
Transform: AffineTransform_float_3_3
Parameters: 0.999995 -0.000564649 0.00290267 0.000616354 0.999836 -0.0180653 -0.00289233 0.0180677 0.999832 0.056773 0.0537876 -0.0155107
FixedParameters: 0 0 0

#Transform 144
Transform: AffineTransform_float_3_3
Parameters: 0.999997 -0.00047269 0.00264987 0.000525313 0.999805 -0.0197747 -0.00264013 0.0197763 0.999801 0.0522885 0.120784 -0.0664462
FixedParameters: 0 0 0

#Transform 145
Transform: AffineTransform_float_3_3
Parameters: 0.999997 -0.000407986 0.00263394 0.000461015 0.999789 -0.0205388 -0.00262508 0.0205401 0.999785 0.0506673 0.0566212 -0.0882732
FixedParameters: 0 0 0

#Transform 146
Transform: AffineTransform_float_3_3
Parameters: 0.999996 -0.000637847 0.00282104 0.000693152 0.999808 -0.0195931 -0.00280796 0.0195949 0.999804 0.0516935 0.0367001 -0.0401643
FixedParameters: 0 0 0

#Transform 147
Transform: AffineTransform_float_3_3
Parameters: 0.999996 -0.000560765 0.00281933 0.00061523 0.999814 -0.0192734 -0.00280766 0.0192747 0.999811 0.0569748 0.129409 -0.0847301
FixedParameters: 0 0 0

#Transform 148
Transform: AffineTransform_float_3_3
Parameters: 0.999996 -0.000583793 0.00282068 0.00064219 0.999786 -0.0206783 -0.00280732 0.0206807 0.999782 0.0569666 0.122796 -0.176377
FixedParameters: 0 0 0

#Transform 149
Transform: AffineTransform_float_3_3
Parameters: 0.999995 -0.000572317 0.00288162 0.000628689 0.999813 -0.0193593 -0.00287037 0.0193617 0.999809 0.0565129 0.0381405 -0.159847
FixedParameters: 0 0 0

#Transform 150
Transform: AffineTransform_float_3_3
Parameters: 0.999996 -0.000470239 0.00274575 0.000523765 0.999807 -0.0196116 -0.00273625 0.0196134 0.999804 0.0571982 0.0717269 -0.120405
FixedParameters: 0 0 0

#Transform 151
Transform: AffineTransform_float_3_3
Parameters: 0.999996 -0.000432894 0.00273067 0.000490113 0.999781 -0.0209467 -0.00272133 0.0209483 0.999777 0.0638607 0.049696 -0.172518
FixedParameters: 0 0 0

#Transform 152
Transform: AffineTransform_float_3_3
Parameters: 0.999995 -0.00046768 0.00289503 0.000525318 0.999797 -0.0201766 -0.00288499 0.0201784 0.999792 0.0501652 0.0652178 -0.14273
FixedParameters: 0 0 0

#Transform 153
Transform: AffineTransform_float_3_3
Parameters: 0.999996 -0.000641808 0.00298956 0.000702182 0.999796 -0.020177 -0.00297544 0.020179 0.999792 0.0476935 0.103337 -0.117587
FixedParameters: 0 0 0

#Transform 154
Transform: AffineTransform_float_3_3
Parameters: 0.999996 -0.000547199 0.00281642 0.000602793 0.999803 -0.0198504 -0.00280459 0.0198516 0.999799 0.0528921 0.137775 -0.134698
FixedParameters: 0 0 0

#Transform 155
Transform: AffineTransform_float_3_3
Parameters: 0.999995 -0.000741468 0.00283952 0.00079554 0.999821 -0.0188978 -0.00282547 0.0189002 0.999818 0.0577665 0.12498 -0.0877599
FixedParameters: 0 0 0

#Transform 156
Transform: AffineTransform_float_3_3
Parameters: 0.999996 -0.000839383 0.00295139 0.000895631 0.999821 -0.0188944 -0.0029356 0.0188966 0.999817 0.0499864 0.110587 -0.0515512
FixedParameters: 0 0 0

#Transform 157
Transform: AffineTransform_float_3_3
Parameters: 0.999996 -0.00103851 0.00271786 0.00109347 0.99979 -0.0204941 -0.00269516 0.0204969 0.999787 0.0529842 0.0659193 -0.121674
FixedParameters: 0 0 0

#Transform 158
Transform: AffineTransform_float_3_3
Parameters: 0.999995 -0.000769357 0.00289551 0.000828652 0.999787 -0.0206537 -0.0028795 0.0206563 0.999783 0.0574792 0.0904345 -0.112458
FixedParameters: 0 0 0

#Transform 159
Transform: AffineTransform_float_3_3
Parameters: 0.999995 -0.000750851 0.00285024 0.000810143 0.999783 -0.0208078 -0.00283376 0.0208102 0.99978 0.0577274 0.109875 -0.0995966
FixedParameters: 0 0 0

#Transform 160
Transform: AffineTransform_float_3_3
Parameters: 0.999996 -0.000849072 0.0027095 0.000905938 0.999778 -0.0210786 -0.0026915 0.0210814 0.999774 0.0565068 0.180897 -0.117351
FixedParameters: 0 0 0

#Transform 161
Transform: AffineTransform_float_3_3
Parameters: 0.999995 -0.0011144 0.00298673 0.00117061 0.999819 -0.0190166 -0.00296527 0.0190194 0.999814 0.0566454 0.0567744 -0.0315606
FixedParameters: 0 0 0
