#!ascii label  , from subject sub-v2s7x29657_ses-1 vox2ras=TkReg
1445
84215  -43.122  16.013  2.338 0.0000000000
87112  -50.878  19.425  -18.002 0.0000000000
90963  -51.789  23.278  5.099 0.0000000000
85216  -50.209  16.737  -6.193 0.0000000000
128166  -51.523  14.979  4.878 0.0000000000
88736  -47.244  20.577  -8.633 0.0000000000
91781  -42.955  23.729  -4.785 0.0000000000
95507  -43.450  29.385  -12.838 0.0000000000
85948  -41.261  18.559  9.546 0.0000000000
83306  -44.558  14.573  -2.392 0.0000000000
85246  -46.024  16.387  -8.769 0.0000000000
87831  -43.637  18.951  -3.375 0.0000000000
93937  -53.346  27.085  0.192 0.0000000000
91751  -47.252  24.702  -0.292 0.0000000000
94687  -48.923  28.599  -4.562 0.0000000000
93997  -44.280  27.778  -7.551 0.0000000000
95498  -49.846  29.158  -12.258 0.0000000000
130060  -46.429  20.387  -18.103 0.0000000000
89469  -41.555  21.605  2.641 0.0000000000
86908  -46.996  18.553  3.122 0.0000000000
88701  -55.270  21.225  -4.960 0.0000000000
84230  -50.799  15.145  -0.781 0.0000000000
81312  -45.017  12.054  2.310 0.0000000000
82266  -43.545  13.090  8.061 0.0000000000
87943  -47.842  19.853  -14.872 0.0000000000
90337  -47.813  23.772  -13.358 0.0000000000
88677  -48.644  20.533  -2.647 0.0000000000
91029  -47.813  24.419  -6.744 0.0000000000
90312  -43.794  21.825  -11.310 0.0000000000
90302  -40.721  22.259  -10.982 0.0000000000
92537  -41.383  25.935  -10.533 0.0000000000
84229  -42.812  14.794  -0.819 0.0000000000
85172  -43.376  16.386  -3.350 0.0000000000
86045  -43.324  17.514  -0.163 0.0000000000
136721  -54.653  27.850  -3.494 0.0000000000
134793  -51.134  28.146  -2.252 0.0000000000
94705  -52.261  27.777  -5.897 0.0000000000
95446  -49.290  28.794  -8.534 0.0000000000
141047  -48.814  19.889  -18.588 0.0000000000
90937  -40.457  23.944  6.054 0.0000000000
90960  -43.894  23.383  3.945 0.0000000000
84216  -51.665  14.872  1.859 0.0000000000
82329  -48.216  13.432  0.649 0.0000000000
82293  -47.937  13.296  4.139 0.0000000000
84146  -42.238  16.189  8.591 0.0000000000
84187  -38.017  14.953  4.369 0.0000000000
86903  -37.495  18.344  3.079 0.0000000000
132953  -35.366  17.981  4.338 0.0000000000
87021  -50.574  18.427  -9.659 0.0000000000
87010  -45.350  18.202  -8.715 0.0000000000
86165  -46.763  18.159  -12.168 0.0000000000
87911  -46.813  19.700  -11.963 0.0000000000
89583  -47.755  22.264  -13.847 0.0000000000
89552  -48.704  22.496  -10.677 0.0000000000
88650  -49.610  20.492  3.484 0.0000000000
87808  -47.649  19.617  -0.328 0.0000000000
89477  -50.412  21.370  0.172 0.0000000000
91767  -44.656  24.346  -2.798 0.0000000000
91000  -47.047  23.729  -3.829 0.0000000000
133345  -45.410  23.712  -5.469 0.0000000000
90296  -45.709  23.414  -9.245 0.0000000000
90277  -43.584  22.163  -8.164 0.0000000000
89549  -41.259  21.085  -10.847 0.0000000000
90275  -41.843  22.135  -7.542 0.0000000000
94773  -45.190  28.095  -11.207 0.0000000000
93274  -43.353  26.184  -9.971 0.0000000000
94763  -42.885  28.460  -10.928 0.0000000000
93999  -41.078  27.414  -8.718 0.0000000000
95491  -41.869  29.689  -11.089 0.0000000000
84254  -47.430  15.250  -4.037 0.0000000000
85231  -48.398  16.503  -7.747 0.0000000000
84285  -45.706  15.828  -5.580 0.0000000000
86086  -44.210  17.436  -6.085 0.0000000000
87849  -45.226  19.506  -6.074 0.0000000000
93198  -53.544  26.029  3.538 0.0000000000
91749  -49.241  24.256  1.456 0.0000000000
93216  -50.238  26.801  0.110 0.0000000000
129513  -48.108  27.531  -1.915 0.0000000000
93949  -44.998  27.414  -3.320 0.0000000000
93251  -42.893  26.011  -5.357 0.0000000000
122641  -46.373  28.753  -6.339 0.0000000000
95482  -47.216  29.335  -10.490 0.0000000000
118619  -46.661  29.370  -13.958 0.0000000000
88825  -45.289  20.999  -17.367 0.0000000000
86917  -42.724  18.227  2.784 0.0000000000
86011  -45.238  17.477  2.996 0.0000000000
88640  -44.599  20.425  3.218 0.0000000000
90202  -46.745  22.480  4.245 0.0000000000
128785  -49.542  24.294  5.702 0.0000000000
93192  -48.026  26.661  4.648 0.0000000000
93159  -52.267  25.757  6.234 0.0000000000
124838  -52.730  18.532  -5.758 0.0000000000
86057  -52.881  17.247  -2.903 0.0000000000
85173  -50.756  16.196  -3.463 0.0000000000
136230  -47.824  14.370  -1.817 0.0000000000
82337  -45.380  13.118  -0.498 0.0000000000
84149  -50.327  15.551  8.273 0.0000000000
85952  -44.795  17.390  9.932 0.0000000000
83204  -45.910  14.702  9.410 0.0000000000
133027  -47.642  13.896  6.933 0.0000000000
121099  -45.013  12.364  5.415 0.0000000000
132823  -42.167  15.663  2.802 0.0000000000
88791  -51.438  21.380  -15.998 0.0000000000
86156  -48.693  17.757  -11.297 0.0000000000
127271  -49.133  19.268  -14.090 0.0000000000
88804  -49.828  21.164  -16.978 0.0000000000
89615  -48.733  22.476  -18.032 0.0000000000
91114  -47.614  24.152  -17.214 0.0000000000
91097  -45.213  23.679  -15.793 0.0000000000
86940  -45.251  18.780  0.026 0.0000000000
88675  -46.007  20.004  -2.729 0.0000000000
88711  -46.942  20.576  -5.335 0.0000000000
90228  -48.956  23.052  -1.062 0.0000000000
90260  -49.570  23.343  -5.109 0.0000000000
89523  -48.963  22.523  -7.943 0.0000000000
91062  -48.115  24.320  -10.362 0.0000000000
124498  -45.840  23.257  -11.921 0.0000000000
90347  -43.291  22.756  -14.957 0.0000000000
91801  -42.521  24.940  -9.126 0.0000000000
91819  -41.417  24.639  -11.382 0.0000000000
91812  -39.185  24.431  -10.669 0.0000000000
91806  -39.594  24.922  -8.921 0.0000000000
92522  -39.507  25.617  -7.265 0.0000000000
84221  -42.758  15.242  1.030 0.0000000000
84228  -42.628  15.860  -0.692 0.0000000000
85144  -43.531  16.458  1.433 0.0000000000
94706  -53.490  27.652  -5.162 0.0000000000
94733  -52.755  27.381  -7.950 0.0000000000
87111  -50.044  19.192  -18.270 0.0000000000
140070  -51.450  14.711  3.180 0.0000000000
120525  -49.607  13.856  2.957 0.0000000000
83253  -49.875  14.281  4.570 0.0000000000
84178  -36.893  15.542  5.451 0.0000000000
85109  -36.348  16.269  4.354 0.0000000000
86111  -51.043  17.660  -7.184 0.0000000000
128729  -50.460  17.527  -7.720 0.0000000000
87879  -45.769  19.191  -8.446 0.0000000000
87020  -45.959  18.641  -10.289 0.0000000000
88753  -47.154  20.418  -10.428 0.0000000000
130983  -47.942  21.355  -10.827 0.0000000000
88754  -48.040  21.369  -10.058 0.0000000000
90206  -50.795  22.018  4.374 0.0000000000
89472  -50.139  20.825  2.870 0.0000000000
90223  -50.609  22.023  2.936 0.0000000000
90998  -44.227  24.081  -3.460 0.0000000000
120669  -44.898  23.544  -4.540 0.0000000000
91017  -44.238  23.388  -5.288 0.0000000000
90269  -44.045  22.908  -6.703 0.0000000000
90268  -43.071  22.452  -6.485 0.0000000000
89522  -42.595  21.774  -7.905 0.0000000000
90267  -42.549  22.508  -6.493 0.0000000000
94772  -44.682  28.078  -11.862 0.0000000000
135010  -43.640  27.881  -11.352 0.0000000000
95479  -43.110  28.773  -11.436 0.0000000000
141802  -42.565  29.222  -11.042 0.0000000000
95492  -42.566  29.428  -11.614 0.0000000000
83317  -46.056  14.877  -3.164 0.0000000000
140661  -46.720  15.406  -4.557 0.0000000000
84252  -45.565  15.279  -3.779 0.0000000000
86952  -43.156  18.245  -2.899 0.0000000000
85196  -43.841  16.776  -4.683 0.0000000000
86973  -43.597  18.075  -4.652 0.0000000000
86983  -44.242  18.248  -5.933 0.0000000000
87839  -44.313  19.278  -4.760 0.0000000000
93923  -53.672  26.578  1.883 0.0000000000
93202  -51.311  26.166  1.703 0.0000000000
93928  -51.284  26.980  0.086 0.0000000000
94672  -50.127  28.479  -3.815 0.0000000000
134557  -49.431  27.857  -1.967 0.0000000000
94656  -48.642  28.248  -3.043 0.0000000000
93961  -46.993  27.686  -2.616 0.0000000000
126710  -46.998  28.437  -3.979 0.0000000000
139969  -45.895  28.431  -4.953 0.0000000000
94701  -47.706  28.736  -5.318 0.0000000000
129060  -49.830  28.824  -10.200 0.0000000000
95470  -48.648  29.086  -9.315 0.0000000000
95497  -49.062  29.236  -11.566 0.0000000000
95496  -47.421  29.349  -12.117 0.0000000000
118621  -48.134  29.401  -13.036 0.0000000000
88826  -46.232  21.315  -17.925 0.0000000000
134840  -42.457  19.917  2.582 0.0000000000
138672  -43.373  19.758  2.821 0.0000000000
89471  -43.301  21.391  2.802 0.0000000000
91737  -44.807  24.495  5.381 0.0000000000
90961  -44.812  23.168  3.916 0.0000000000
90954  -46.216  23.579  4.577 0.0000000000
90956  -48.267  23.189  4.979 0.0000000000
90939  -47.688  24.228  5.236 0.0000000000
93911  -47.555  27.591  3.005 0.0000000000
93179  -50.212  26.507  5.567 0.0000000000
93883  -50.795  27.267  4.896 0.0000000000
93900  -53.207  27.342  4.733 0.0000000000
94624  -52.559  28.502  3.574 0.0000000000
127079  -53.685  19.959  -6.077 0.0000000000
87850  -53.572  19.301  -5.440 0.0000000000
85161  -53.440  16.849  -1.404 0.0000000000
85159  -51.895  16.235  -1.904 0.0000000000
85175  -52.168  16.901  -3.177 0.0000000000
84239  -50.484  15.421  -1.858 0.0000000000
84245  -49.178  15.153  -2.671 0.0000000000
83301  -49.202  14.589  -1.411 0.0000000000
81322  -47.040  12.753  1.552 0.0000000000
118815  -46.807  13.088  0.104 0.0000000000
81320  -45.225  12.402  0.975 0.0000000000
132126  -42.412  18.669  9.533 0.0000000000
83202  -44.346  15.059  9.338 0.0000000000
82257  -44.937  13.574  8.604 0.0000000000
132045  -46.577  13.761  8.025 0.0000000000
128361  -45.929  13.317  7.578 0.0000000000
81274  -46.018  12.756  5.916 0.0000000000
81271  -43.669  12.505  6.543 0.0000000000
125998  -41.009  17.645  2.443 0.0000000000
86019  -39.456  17.467  2.439 0.0000000000
88792  -52.167  21.505  -15.791 0.0000000000
85230  -47.387  16.342  -8.184 0.0000000000
86120  -48.791  17.151  -9.030 0.0000000000
86131  -47.586  17.000  -10.182 0.0000000000
87064  -47.280  19.201  -13.720 0.0000000000
87054  -47.869  18.255  -13.074 0.0000000000
87944  -48.229  19.497  -14.776 0.0000000000
87961  -49.370  20.578  -15.918 0.0000000000
88803  -48.790  20.850  -16.234 0.0000000000
88818  -49.121  21.589  -17.441 0.0000000000
89596  -48.372  21.421  -16.320 0.0000000000
90338  -47.856  23.370  -14.041 0.0000000000
90362  -47.854  23.982  -16.144 0.0000000000
91099  -47.369  24.072  -14.846 0.0000000000
91105  -46.118  24.103  -16.309 0.0000000000
91090  -46.649  23.871  -14.286 0.0000000000
86919  -46.041  17.770  2.944 0.0000000000
86925  -45.334  17.785  1.681 0.0000000000
86934  -46.559  18.759  1.117 0.0000000000
88661  -48.401  19.965  -0.976 0.0000000000
88660  -47.319  19.730  -1.090 0.0000000000
88676  -47.201  20.096  -2.517 0.0000000000
88699  -46.818  20.465  -4.452 0.0000000000
88700  -47.860  20.733  -4.083 0.0000000000
133739  -48.303  24.722  0.599 0.0000000000
90973  -48.898  23.478  0.479 0.0000000000
90977  -47.372  23.865  -0.560 0.0000000000
121484  -48.112  24.232  -5.331 0.0000000000
91011  -49.359  23.788  -4.657 0.0000000000
91020  -48.591  24.194  -6.138 0.0000000000
89511  -49.113  22.428  -6.113 0.0000000000
90279  -49.224  23.597  -7.597 0.0000000000
90297  -49.155  23.613  -9.456 0.0000000000
91047  -48.054  24.461  -8.616 0.0000000000
90305  -44.752  22.521  -10.333 0.0000000000
118838  -45.845  23.296  -10.953 0.0000000000
131875  -44.564  22.432  -11.817 0.0000000000
90335  -44.529  22.741  -13.476 0.0000000000
90334  -43.648  22.113  -13.058 0.0000000000
90346  -42.304  22.407  -14.757 0.0000000000
89582  -42.663  21.645  -13.047 0.0000000000
90303  -41.045  21.512  -10.331 0.0000000000
89559  -40.534  21.614  -12.128 0.0000000000
93261  -43.269  26.658  -6.690 0.0000000000
137979  -42.478  25.409  -6.867 0.0000000000
93269  -43.505  26.614  -7.888 0.0000000000
93280  -42.846  26.149  -10.443 0.0000000000
91808  -42.598  25.395  -10.380 0.0000000000
92542  -41.550  25.366  -11.257 0.0000000000
91818  -40.867  25.047  -11.576 0.0000000000
92536  -40.739  25.368  -10.977 0.0000000000
91813  -39.820  25.014  -10.296 0.0000000000
92531  -40.397  25.557  -9.853 0.0000000000
131778  -40.790  28.098  -8.383 0.0000000000
93267  -40.434  26.733  -8.206 0.0000000000
134281  -39.721  27.133  -7.474 0.0000000000
93265  -39.040  26.815  -6.905 0.0000000000
141697  -43.942  14.456  -2.043 0.0000000000
84243  -44.181  15.239  -3.060 0.0000000000
121636  -42.922  15.905  -2.219 0.0000000000
85166  -42.711  16.740  -1.943 0.0000000000
120056  -43.063  18.207  -1.965 0.0000000000
93945  -52.088  27.679  -1.209 0.0000000000
94660  -52.967  27.910  -2.640 0.0000000000
94689  -52.006  28.160  -4.336 0.0000000000
94704  -50.088  28.484  -5.838 0.0000000000
94717  -49.804  28.539  -6.667 0.0000000000
118625  -50.552  28.311  -7.377 0.0000000000
94746  -51.293  28.062  -9.515 0.0000000000
87988  -47.584  19.642  -18.462 0.0000000000
90209  -41.288  23.162  4.075 0.0000000000
90210  -42.574  22.930  3.345 0.0000000000
127424  -41.718  23.734  5.194 0.0000000000
83284  -50.962  14.733  0.711 0.0000000000
82341  -49.556  14.166  0.225 0.0000000000
124449  -50.027  14.053  1.821 0.0000000000
82309  -48.107  13.197  2.635 0.0000000000
81305  -47.026  12.704  3.219 0.0000000000
85069  -41.812  17.560  8.663 0.0000000000
84158  -40.913  15.743  7.725 0.0000000000
84194  -38.348  15.202  3.575 0.0000000000
85125  -38.740  16.626  2.678 0.0000000000
85117  -37.493  16.338  3.462 0.0000000000
86898  -36.103  18.183  3.935 0.0000000000
86130  -45.510  17.383  -9.162 0.0000000000
125295  -46.477  17.385  -10.862 0.0000000000
87030  -45.985  17.703  -10.532 0.0000000000
87042  -46.476  18.686  -11.709 0.0000000000
87922  -47.215  20.004  -13.559 0.0000000000
88779  -47.509  20.917  -14.129 0.0000000000
88770  -47.600  21.368  -13.204 0.0000000000
126486  -48.142  22.353  -12.431 0.0000000000
89563  -48.458  23.337  -12.069 0.0000000000
87774  -48.241  19.464  3.379 0.0000000000
87791  -47.390  19.080  1.252 0.0000000000
88652  -49.305  19.966  1.934 0.0000000000
88656  -49.178  20.161  0.264 0.0000000000
141629  -50.073  21.266  -1.237 0.0000000000
92486  -46.030  25.184  -1.281 0.0000000000
142201  -46.625  23.402  -2.120 0.0000000000
90999  -45.792  23.501  -3.203 0.0000000000
91018  -46.076  23.830  -4.954 0.0000000000
91028  -46.651  24.263  -6.819 0.0000000000
91046  -46.893  24.283  -8.259 0.0000000000
90287  -45.751  23.580  -8.399 0.0000000000
90286  -44.663  22.730  -8.651 0.0000000000
90294  -43.794  21.877  -9.768 0.0000000000
89550  -42.093  20.950  -10.725 0.0000000000
89540  -42.290  21.275  -9.168 0.0000000000
89539  -41.868  21.396  -9.042 0.0000000000
90284  -41.580  22.144  -8.464 0.0000000000
94744  -44.841  28.011  -9.031 0.0000000000
93275  -43.689  26.542  -9.255 0.0000000000
94009  -44.462  27.385  -9.798 0.0000000000
93281  -43.427  26.740  -10.377 0.0000000000
138198  -42.782  26.931  -10.520 0.0000000000
93272  -41.344  26.712  -9.472 0.0000000000
94006  -42.268  27.866  -9.943 0.0000000000
94752  -41.676  28.701  -9.382 0.0000000000
95465  -41.023  29.323  -9.145 0.0000000000
84289  -48.956  15.811  -5.178 0.0000000000
85215  -49.475  16.470  -6.555 0.0000000000
84308  -47.959  15.921  -6.348 0.0000000000
84307  -47.081  15.916  -6.648 0.0000000000
84318  -46.107  16.148  -7.645 0.0000000000
85182  -44.177  16.108  -4.307 0.0000000000
127210  -44.441  16.695  -6.022 0.0000000000
85229  -44.897  16.710  -7.272 0.0000000000
86998  -44.920  17.969  -7.824 0.0000000000
87866  -44.988  18.689  -7.263 0.0000000000
88720  -46.018  19.871  -6.600 0.0000000000
92464  -52.213  24.832  4.072 0.0000000000
90965  -50.397  23.565  2.598 0.0000000000
92476  -50.710  25.647  2.119 0.0000000000
92481  -49.201  25.741  0.989 0.0000000000
133792  -48.564  26.442  -0.168 0.0000000000
127140  -50.513  27.629  -1.305 0.0000000000
93934  -49.368  27.189  -0.888 0.0000000000
93212  -47.116  26.241  -0.753 0.0000000000
93218  -45.992  26.196  -1.608 0.0000000000
92492  -44.845  25.920  -2.455 0.0000000000
92502  -43.656  25.682  -3.760 0.0000000000
91787  -42.457  24.328  -5.294 0.0000000000
93233  -43.641  26.554  -4.271 0.0000000000
93981  -44.341  27.789  -5.511 0.0000000000
94713  -44.790  28.269  -7.027 0.0000000000
95445  -48.546  28.904  -7.660 0.0000000000
95443  -46.705  29.104  -7.862 0.0000000000
95455  -45.943  28.860  -9.039 0.0000000000
95480  -45.838  28.625  -10.723 0.0000000000
136836  -45.595  28.795  -12.638 0.0000000000
95509  -45.169  29.074  -13.416 0.0000000000
86022  -43.353  16.885  2.854 0.0000000000
86024  -44.365  17.030  2.734 0.0000000000
86904  -44.236  17.787  3.229 0.0000000000
87770  -44.687  18.580  3.354 0.0000000000
87771  -45.956  19.310  3.587 0.0000000000
90212  -44.285  22.353  3.379 0.0000000000
89463  -45.821  21.242  3.664 0.0000000000
137971  -46.546  20.215  3.743 0.0000000000
89451  -48.374  20.929  4.213 0.0000000000
90205  -49.870  22.019  4.921 0.0000000000
90942  -51.008  23.314  5.680 0.0000000000
92438  -47.351  25.729  5.369 0.0000000000
92439  -49.077  25.604  5.690 0.0000000000
131202  -50.919  24.751  6.245 0.0000000000
91729  -52.850  24.786  5.903 0.0000000000
92466  -53.750  25.811  5.224 0.0000000000
93199  -54.169  26.522  4.236 0.0000000000
93925  -55.223  27.457  2.441 0.0000000000
86989  -52.446  18.660  -6.489 0.0000000000
86088  -51.506  17.442  -5.560 0.0000000000
86059  -54.440  17.997  -2.372 0.0000000000
86962  -53.969  18.495  -3.811 0.0000000000
86077  -53.219  18.038  -4.166 0.0000000000
86075  -51.684  17.259  -4.766 0.0000000000
127219  -50.484  16.485  -4.718 0.0000000000
84270  -49.053  15.633  -4.324 0.0000000000
83319  -47.853  15.015  -3.177 0.0000000000
83308  -46.548  14.515  -2.508 0.0000000000
83289  -48.058  13.827  -0.684 0.0000000000
82348  -46.693  13.727  -1.189 0.0000000000
83298  -45.221  14.028  -1.806 0.0000000000
82345  -43.869  13.688  -1.052 0.0000000000
85034  -47.084  16.754  10.381 0.0000000000
131732  -43.231  16.967  9.251 0.0000000000
85048  -45.960  16.164  10.037 0.0000000000
84112  -47.622  16.040  10.100 0.0000000000
83207  -48.535  15.063  8.762 0.0000000000
122306  -48.750  14.564  7.415 0.0000000000
83240  -49.101  14.277  6.017 0.0000000000
82286  -47.495  13.458  5.716 0.0000000000
81294  -46.614  12.670  4.515 0.0000000000
81292  -44.882  12.066  3.665 0.0000000000
85129  -42.890  16.272  2.683 0.0000000000
86021  -41.898  17.210  2.668 0.0000000000
128703  -40.737  18.675  2.385 0.0000000000
88647  -40.807  20.309  2.423 0.0000000000
89460  -40.242  21.892  2.943 0.0000000000
87964  -53.021  20.433  -16.830 0.0000000000
87963  -52.114  20.062  -17.364 0.0000000000
88821  -51.575  20.905  -17.489 0.0000000000
86121  -49.569  17.423  -8.706 0.0000000000
86146  -49.855  18.061  -9.985 0.0000000000
86155  -47.607  17.527  -11.655 0.0000000000
87055  -48.972  18.490  -12.771 0.0000000000
87933  -49.716  19.211  -13.383 0.0000000000
119342  -49.922  19.950  -14.312 0.0000000000
88805  -51.209  21.384  -16.780 0.0000000000
88820  -50.899  20.764  -17.789 0.0000000000
88828  -49.791  21.059  -18.239 0.0000000000
122081  -49.208  21.427  -18.287 0.0000000000
89620  -48.118  21.865  -18.521 0.0000000000
89595  -48.062  22.295  -16.236 0.0000000000
90373  -47.953  23.989  -17.112 0.0000000000
90386  -47.740  23.215  -18.156 0.0000000000
90380  -46.081  23.413  -17.404 0.0000000000
90379  -44.847  22.947  -17.225 0.0000000000
90371  -44.163  23.271  -16.960 0.0000000000
86037  -43.801  17.194  0.939 0.0000000000
86938  -43.825  18.331  -0.532 0.0000000000
87813  -44.450  19.323  -1.866 0.0000000000
87800  -47.057  19.254  0.360 0.0000000000
87814  -45.387  19.513  -1.457 0.0000000000
87821  -44.414  19.527  -2.891 0.0000000000
141144  -45.427  19.981  -4.623 0.0000000000
88710  -46.057  20.083  -5.727 0.0000000000
88721  -47.114  20.660  -6.353 0.0000000000
90974  -49.748  23.003  1.007 0.0000000000
90230  -50.458  22.051  -0.376 0.0000000000
123936  -50.144  22.591  -2.289 0.0000000000
90991  -47.780  23.405  -2.466 0.0000000000
90247  -50.011  23.125  -3.585 0.0000000000
130029  -49.904  21.981  -3.394 0.0000000000
129185  -48.949  21.786  -5.338 0.0000000000
89515  -48.310  21.541  -6.547 0.0000000000
88737  -48.117  21.424  -8.286 0.0000000000
89542  -48.860  22.547  -9.788 0.0000000000
90315  -48.363  24.059  -11.736 0.0000000000
91061  -46.908  24.075  -9.829 0.0000000000
90314  -47.266  24.020  -11.516 0.0000000000
91081  -47.158  23.933  -13.466 0.0000000000
90349  -45.438  23.488  -14.669 0.0000000000
90348  -44.305  23.169  -15.142 0.0000000000
89572  -41.107  21.274  -12.540 0.0000000000
133118  -42.014  23.806  -6.042 0.0000000000
91036  -41.648  22.914  -7.804 0.0000000000
91045  -41.618  23.387  -9.088 0.0000000000
92533  -43.031  25.685  -9.740 0.0000000000
91807  -42.180  24.544  -9.915 0.0000000000
141875  -41.063  24.129  -11.540 0.0000000000
91071  -40.774  24.488  -11.637 0.0000000000
91817  -39.397  24.243  -11.491 0.0000000000
91067  -37.808  23.352  -11.516 0.0000000000
92532  -40.669  26.109  -9.086 0.0000000000
91799  -39.677  25.199  -7.915 0.0000000000
95532  -44.484  29.592  -15.452 0.0000000000
95530  -42.349  29.732  -14.825 0.0000000000
96283  -41.429  29.737  -13.214 0.0000000000
96260  -40.342  29.902  -10.750 0.0000000000
95464  -40.098  29.708  -9.276 0.0000000000
84222  -43.166  15.816  1.734 0.0000000000
85143  -42.853  15.995  0.538 0.0000000000
85136  -43.720  16.465  2.285 0.0000000000
84188  -52.020  15.122  4.333 0.0000000000
84198  -52.060  15.052  3.462 0.0000000000
83255  -51.308  14.699  4.045 0.0000000000
122367  -50.505  14.420  4.110 0.0000000000
83254  -50.664  14.629  4.934 0.0000000000
84177  -36.073  15.831  5.478 0.0000000000
86097  -50.731  17.195  -6.534 0.0000000000
85233  -50.171  17.038  -7.081 0.0000000000
87868  -46.509  19.986  -8.100 0.0000000000
87880  -46.427  19.784  -8.984 0.0000000000
88745  -47.181  20.485  -9.511 0.0000000000
90220  -50.798  22.091  3.789 0.0000000000
90966  -50.875  22.796  3.381 0.0000000000
91007  -43.537  23.911  -4.234 0.0000000000
127216  -43.868  23.495  -4.614 0.0000000000
91016  -43.298  23.238  -5.159 0.0000000000
90258  -43.631  23.016  -5.924 0.0000000000
90257  -42.868  22.770  -5.864 0.0000000000
95494  -44.111  28.619  -12.341 0.0000000000
135331  -43.877  28.184  -11.758 0.0000000000
95493  -43.326  29.075  -12.008 0.0000000000
83316  -45.128  14.999  -3.103 0.0000000000
86961  -43.370  18.181  -3.822 0.0000000000
87838  -43.739  18.814  -4.295 0.0000000000
87832  -44.216  19.460  -3.888 0.0000000000
139852  -53.743  26.799  1.039 0.0000000000
93929  -52.644  26.899  0.629 0.0000000000
119708  -49.616  28.551  -4.499 0.0000000000
126708  -49.217  28.420  -3.506 0.0000000000
94671  -48.544  28.477  -3.858 0.0000000000
94670  -47.170  28.166  -3.299 0.0000000000
94686  -48.122  28.623  -4.580 0.0000000000
94685  -47.281  28.591  -4.592 0.0000000000
94702  -48.595  28.697  -5.261 0.0000000000
120670  -50.168  28.944  -11.602 0.0000000000
95484  -49.550  29.015  -10.807 0.0000000000
135959  -48.301  29.353  -12.066 0.0000000000
118620  -49.102  29.353  -12.591 0.0000000000
129224  -46.793  19.068  -18.202 0.0000000000
87982  -46.237  19.507  -17.993 0.0000000000
129202  -45.780  20.153  -17.698 0.0000000000
88648  -42.040  20.779  2.518 0.0000000000
129125  -42.899  20.658  2.656 0.0000000000
89470  -42.465  21.506  2.666 0.0000000000
91738  -45.686  24.442  5.153 0.0000000000
90953  -45.286  23.773  4.573 0.0000000000
91739  -46.637  24.316  5.105 0.0000000000
125520  -46.969  25.038  5.423 0.0000000000
130934  -50.557  27.865  3.938 0.0000000000
93899  -51.770  27.692  4.448 0.0000000000
87851  -54.357  20.477  -5.563 0.0000000000
87841  -54.476  19.940  -4.803 0.0000000000
84247  -51.200  15.951  -2.269 0.0000000000
84240  -51.346  15.695  -1.434 0.0000000000
83302  -49.938  14.853  -1.164 0.0000000000
81313  -45.890  12.226  2.324 0.0000000000
81321  -46.204  12.475  1.423 0.0000000000
139948  -45.401  12.220  1.714 0.0000000000
81319  -44.575  12.188  1.580 0.0000000000
82256  -44.030  13.697  8.666 0.0000000000
82268  -45.269  13.246  7.971 0.0000000000
82267  -44.519  13.091  8.027 0.0000000000
81264  -45.098  12.862  7.251 0.0000000000
81263  -44.080  12.717  7.335 0.0000000000
84206  -40.517  15.633  2.828 0.0000000000
85126  -39.712  16.296  2.628 0.0000000000
87935  -51.336  20.389  -13.565 0.0000000000
85247  -46.634  16.442  -9.024 0.0000000000
126216  -47.472  16.577  -8.967 0.0000000000
85260  -47.115  16.653  -9.646 0.0000000000
87077  -47.771  19.319  -14.285 0.0000000000
87960  -48.447  20.067  -15.327 0.0000000000
88802  -48.065  20.554  -15.489 0.0000000000
91092  -47.720  23.840  -14.464 0.0000000000
91091  -47.535  23.967  -14.068 0.0000000000
86907  -46.420  18.208  3.216 0.0000000000
86926  -46.154  18.088  2.057 0.0000000000
86920  -46.645  18.215  2.789 0.0000000000
88667  -48.140  20.079  -1.833 0.0000000000
88690  -48.077  20.549  -3.284 0.0000000000
92479  -47.841  25.084  0.234 0.0000000000
90972  -47.981  24.111  0.197 0.0000000000
90270  -49.259  23.531  -6.659 0.0000000000
91030  -48.688  24.180  -7.180 0.0000000000
91040  -48.810  24.215  -8.145 0.0000000000
91039  -47.707  24.433  -7.641 0.0000000000
90313  -44.737  22.489  -11.141 0.0000000000
90322  -43.738  21.954  -12.099 0.0000000000
89574  -42.754  21.442  -12.323 0.0000000000
131146  -40.990  22.141  -10.168 0.0000000000
89548  -40.788  21.538  -11.252 0.0000000000
91060  -40.623  23.518  -11.554 0.0000000000
93989  -43.758  27.265  -7.096 0.0000000000
93279  -42.255  26.360  -10.469 0.0000000000
92538  -42.208  25.650  -10.813 0.0000000000
141520  -40.449  28.693  -8.346 0.0000000000
93995  -40.312  27.575  -7.993 0.0000000000
83305  -43.577  15.029  -2.316 0.0000000000
84237  -42.877  15.317  -1.573 0.0000000000
85150  -42.821  16.738  -0.336 0.0000000000
85157  -42.666  16.741  -1.163 0.0000000000
140071  -42.855  17.315  -0.879 0.0000000000
86044  -42.801  17.444  -1.577 0.0000000000
86050  -43.159  17.975  -1.090 0.0000000000
94651  -53.971  27.550  -2.049 0.0000000000
94661  -54.235  27.670  -2.896 0.0000000000
139004  -53.197  27.588  -5.667 0.0000000000
118627  -52.592  27.863  -5.079 0.0000000000
118628  -51.552  28.198  -5.064 0.0000000000
118626  -51.090  28.230  -5.791 0.0000000000
94718  -50.759  28.262  -6.557 0.0000000000
118624  -51.565  27.886  -7.217 0.0000000000
94747  -52.245  27.538  -9.030 0.0000000000
94756  -51.509  28.142  -10.405 0.0000000000
87110  -48.915  18.658  -18.276 0.0000000000
87115  -48.309  19.273  -18.494 0.0000000000
87989  -48.413  20.192  -18.600 0.0000000000
90949  -40.896  23.517  5.224 0.0000000000
131699  -41.249  24.058  5.879 0.0000000000
83277  -51.094  14.646  1.529 0.0000000000
83276  -50.459  14.379  1.252 0.0000000000
124070  -50.595  14.346  1.933 0.0000000000
82302  -49.170  13.754  3.525 0.0000000000
82310  -48.960  13.593  2.615 0.0000000000
82301  -48.437  13.422  3.429 0.0000000000
82308  -47.459  12.883  2.715 0.0000000000
82300  -47.713  13.053  3.361 0.0000000000
83246  -38.554  14.533  4.857 0.0000000000
83251  -38.693  14.535  3.983 0.0000000000
84193  -37.657  15.535  3.834 0.0000000000
85118  -38.150  16.012  3.170 0.0000000000
141748  -36.218  16.881  4.067 0.0000000000
86001  -35.823  17.372  4.188 0.0000000000
86142  -45.775  17.345  -9.815 0.0000000000
87019  -45.619  17.983  -9.698 0.0000000000
87901  -46.491  19.403  -10.962 0.0000000000
87052  -46.750  18.967  -12.529 0.0000000000
87921  -47.035  19.959  -12.810 0.0000000000
88769  -47.512  20.984  -12.275 0.0000000000
133136  -48.307  22.191  -11.579 0.0000000000
90316  -48.785  23.426  -11.236 0.0000000000
88643  -48.866  20.114  3.564 0.0000000000
87793  -48.453  19.430  2.324 0.0000000000
88649  -49.184  19.973  2.882 0.0000000000
89475  -50.349  20.987  1.774 0.0000000000
88657  -49.949  20.543  1.001 0.0000000000
88663  -49.999  20.778  -0.038 0.0000000000
88662  -49.464  20.514  -0.666 0.0000000000
89479  -50.266  21.371  -0.620 0.0000000000
91757  -45.334  24.296  -2.110 0.0000000000
132526  -45.821  23.576  -2.380 0.0000000000
90989  -44.974  23.819  -2.811 0.0000000000
91019  -46.987  24.248  -5.824 0.0000000000
142588  -45.784  23.901  -6.212 0.0000000000
91038  -46.106  23.955  -7.604 0.0000000000
91037  -45.277  23.560  -6.851 0.0000000000
90278  -44.621  22.967  -7.649 0.0000000000
90285  -43.749  22.033  -8.996 0.0000000000
89541  -43.040  21.477  -9.282 0.0000000000
89551  -42.736  21.215  -9.976 0.0000000000
89532  -42.825  21.577  -8.631 0.0000000000
89521  -42.008  21.707  -7.945 0.0000000000
89531  -42.134  21.466  -8.498 0.0000000000
89530  -41.798  21.585  -8.604 0.0000000000
90293  -41.398  21.685  -9.369 0.0000000000
94765  -45.294  28.150  -10.374 0.0000000000
94754  -44.871  27.755  -10.069 0.0000000000
94012  -43.500  27.568  -11.087 0.0000000000
94007  -43.034  27.524  -10.775 0.0000000000
95478  -42.202  29.279  -10.448 0.0000000000
95466  -41.646  29.303  -9.773 0.0000000000
84269  -48.230  15.521  -4.635 0.0000000000
84288  -48.813  16.017  -6.037 0.0000000000
127976  -48.119  15.703  -5.500 0.0000000000
84267  -46.553  15.629  -5.269 0.0000000000
84287  -47.265  15.722  -5.805 0.0000000000
84286  -46.409  15.855  -6.107 0.0000000000
84306  -46.234  16.004  -6.948 0.0000000000
84305  -45.555  16.063  -6.432 0.0000000000
84242  -43.449  15.783  -2.923 0.0000000000
84250  -43.869  15.885  -3.596 0.0000000000
131595  -43.988  17.047  -5.404 0.0000000000
123962  -44.878  16.426  -6.657 0.0000000000
85212  -44.539  17.016  -6.780 0.0000000000
86109  -44.813  17.230  -7.531 0.0000000000
86096  -44.536  17.880  -6.876 0.0000000000
87848  -44.513  19.035  -5.611 0.0000000000
87857  -44.723  18.775  -6.449 0.0000000000
87858  -45.302  19.276  -6.780 0.0000000000
87867  -45.760  19.446  -7.486 0.0000000000
92471  -52.701  25.449  3.828 0.0000000000
92470  -51.338  25.124  3.046 0.0000000000
93197  -51.993  25.770  2.711 0.0000000000
93209  -50.729  26.531  0.810 0.0000000000
93201  -50.143  26.046  1.341 0.0000000000
93208  -49.707  26.392  0.586 0.0000000000
93207  -48.854  26.169  0.367 0.0000000000
93215  -49.362  26.748  -0.201 0.0000000000
94649  -51.973  28.045  -2.008 0.0000000000
93944  -51.168  27.864  -1.607 0.0000000000
93952  -48.734  27.904  -2.283 0.0000000000
122408  -48.834  27.449  -1.470 0.0000000000
93214  -48.644  26.874  -0.738 0.0000000000
93220  -47.801  26.977  -1.218 0.0000000000
93219  -46.792  26.688  -1.421 0.0000000000
93950  -45.533  27.274  -2.801 0.0000000000
93223  -45.415  26.494  -2.244 0.0000000000
93222  -44.740  26.733  -2.921 0.0000000000
124567  -44.306  25.819  -3.003 0.0000000000
93234  -44.096  26.579  -3.587 0.0000000000
92512  -43.220  25.196  -4.289 0.0000000000
138823  -44.516  27.183  -3.599 0.0000000000
94700  -45.700  28.521  -5.709 0.0000000000
94682  -45.061  28.183  -5.016 0.0000000000
94699  -44.893  28.268  -6.042 0.0000000000
94714  -45.511  28.569  -6.638 0.0000000000
94730  -49.547  28.636  -7.534 0.0000000000
94716  -48.861  28.776  -6.782 0.0000000000
118405  -48.068  29.263  -10.086 0.0000000000
128074  -47.844  29.258  -9.235 0.0000000000
95469  -47.153  29.312  -9.648 0.0000000000
95456  -46.476  29.121  -8.539 0.0000000000
133155  -46.615  29.188  -9.136 0.0000000000
95468  -46.362  29.056  -9.870 0.0000000000
95481  -46.554  29.148  -10.635 0.0000000000
118622  -47.025  29.319  -13.041 0.0000000000
95510  -46.389  29.071  -12.205 0.0000000000
118623  -46.105  29.117  -13.210 0.0000000000
95520  -45.810  29.344  -14.127 0.0000000000
87980  -45.053  19.877  -17.056 0.0000000000
89612  -44.517  21.840  -17.171 0.0000000000
86918  -43.491  17.522  3.016 0.0000000000
134538  -43.478  18.231  3.038 0.0000000000
130650  -44.227  19.584  3.164 0.0000000000
128774  -45.089  19.433  3.408 0.0000000000
133180  -45.509  18.518  3.456 0.0000000000
90959  -43.019  23.492  4.045 0.0000000000
90211  -43.373  22.801  3.336 0.0000000000
90214  -46.042  22.047  3.874 0.0000000000
90213  -45.258  22.177  3.669 0.0000000000
89464  -46.707  21.356  3.948 0.0000000000
89465  -47.513  20.602  3.999 0.0000000000
89450  -47.572  21.562  4.269 0.0000000000
90204  -48.828  22.234  4.792 0.0000000000
90192  -49.384  22.878  5.208 0.0000000000
90193  -50.443  22.666  5.309 0.0000000000
90941  -49.968  23.493  5.577 0.0000000000
93897  -47.785  27.169  3.745 0.0000000000
92459  -46.617  26.146  5.066 0.0000000000
93177  -47.420  26.271  5.020 0.0000000000
122156  -48.225  25.539  5.532 0.0000000000
93156  -48.303  26.107  5.338 0.0000000000
93158  -51.153  26.024  6.121 0.0000000000
92440  -50.243  25.690  6.040 0.0000000000
92441  -51.514  25.300  6.331 0.0000000000
138771  -51.859  24.559  6.293 0.0000000000
92442  -52.489  24.918  6.238 0.0000000000
92461  -53.347  25.369  5.609 0.0000000000
93182  -53.731  25.903  5.540 0.0000000000
94615  -53.784  27.643  4.182 0.0000000000
93901  -54.095  26.808  4.549 0.0000000000
93914  -54.604  27.220  3.827 0.0000000000
93924  -54.809  27.125  2.841 0.0000000000
93915  -55.008  27.886  3.156 0.0000000000
88723  -54.092  21.198  -7.142 0.0000000000
86990  -53.099  19.250  -6.248 0.0000000000
86099  -51.998  18.028  -6.039 0.0000000000
85169  -53.155  17.022  -2.162 0.0000000000
86051  -53.945  17.357  -1.922 0.0000000000
86058  -53.645  17.573  -2.645 0.0000000000
86066  -54.165  18.216  -3.085 0.0000000000
86065  -53.411  17.797  -3.388 0.0000000000
85174  -51.465  16.559  -3.414 0.0000000000
85186  -51.929  17.041  -3.970 0.0000000000
85185  -51.066  16.681  -4.214 0.0000000000
85200  -50.959  16.951  -5.074 0.0000000000
85184  -50.295  16.158  -4.097 0.0000000000
85183  -49.788  16.058  -4.791 0.0000000000
84271  -49.673  15.797  -4.015 0.0000000000
83311  -48.988  14.780  -2.038 0.0000000000
84244  -48.589  15.158  -3.108 0.0000000000
83310  -48.344  14.789  -2.427 0.0000000000
83309  -47.425  14.630  -2.497 0.0000000000
122692  -47.032  14.187  -1.856 0.0000000000
82330  -49.033  13.704  0.854 0.0000000000
82340  -48.721  13.835  -0.099 0.0000000000
82327  -45.989  12.764  0.327 0.0000000000
82339  -47.271  13.498  -0.456 0.0000000000
82338  -46.339  13.268  -0.491 0.0000000000
82347  -45.784  13.580  -1.188 0.0000000000
82346  -44.802  13.557  -1.154 0.0000000000
82336  -44.343  13.145  -0.495 0.0000000000
121704  -50.711  15.420  7.397 0.0000000000
85934  -44.946  18.207  10.179 0.0000000000
128718  -45.676  18.263  10.404 0.0000000000
85935  -46.502  17.704  10.501 0.0000000000
85033  -45.626  17.226  10.197 0.0000000000
135112  -42.567  16.921  8.907 0.0000000000
84147  -43.004  15.913  9.029 0.0000000000
83203  -45.056  14.842  9.439 0.0000000000
84127  -44.669  15.758  9.565 0.0000000000
84129  -46.377  15.352  9.739 0.0000000000
84111  -46.786  16.012  10.080 0.0000000000
84130  -47.248  15.339  9.663 0.0000000000
124393  -48.137  15.454  9.532 0.0000000000
83206  -47.677  14.834  9.005 0.0000000000
82259  -47.391  14.030  7.680 0.0000000000
135418  -48.064  14.529  8.128 0.0000000000
82270  -48.058  14.231  7.363 0.0000000000
117989  -49.121  14.490  6.730 0.0000000000
82271  -48.416  14.157  6.658 0.0000000000
118044  -48.356  13.869  5.798 0.0000000000
137753  -47.851  13.795  6.320 0.0000000000
139663  -45.527  12.555  5.673 0.0000000000
81284  -46.689  12.931  5.393 0.0000000000
81283  -45.834  12.483  5.083 0.0000000000
81293  -45.831  12.294  3.974 0.0000000000
118641  -45.005  12.208  4.545 0.0000000000
83267  -42.127  14.728  3.008 0.0000000000
84208  -42.576  15.410  2.542 0.0000000000
134661  -42.649  16.805  2.800 0.0000000000
85128  -42.117  16.455  2.774 0.0000000000
125999  -40.244  17.878  2.383 0.0000000000
86017  -37.763  17.625  2.909 0.0000000000
86018  -38.500  17.546  2.606 0.0000000000
86913  -38.205  18.349  2.671 0.0000000000
88638  -39.256  20.725  2.778 0.0000000000
89467  -39.942  21.214  2.705 0.0000000000
89459  -39.530  21.634  3.209 0.0000000000
90207  -39.950  22.331  3.781 0.0000000000
87965  -53.619  20.242  -16.366 0.0000000000
88807  -53.486  21.007  -16.293 0.0000000000
117950  -52.974  21.373  -16.572 0.0000000000
88806  -52.276  21.304  -17.035 0.0000000000
85232  -49.281  16.705  -7.408 0.0000000000
86110  -49.814  17.214  -7.923 0.0000000000
85249  -49.028  16.946  -8.229 0.0000000000
86145  -49.062  17.679  -10.361 0.0000000000
86133  -49.337  17.589  -9.509 0.0000000000
86154  -46.824  17.617  -11.661 0.0000000000
86143  -47.127  17.194  -11.002 0.0000000000
86166  -47.247  17.888  -12.416 0.0000000000
87066  -48.613  18.738  -13.598 0.0000000000
134543  -50.303  21.111  -16.528 0.0000000000
119593  -50.803  21.235  -17.362 0.0000000000
88829  -50.391  20.763  -18.126 0.0000000000
88819  -50.068  21.081  -17.813 0.0000000000
88827  -49.261  21.647  -18.118 0.0000000000
89621  -48.698  22.193  -18.223 0.0000000000
137595  -48.408  23.032  -18.057 0.0000000000
89590  -47.696  22.025  -14.761 0.0000000000
121898  -47.846  21.395  -15.536 0.0000000000
128867  -47.841  22.448  -15.507 0.0000000000
91107  -47.676  24.203  -16.481 0.0000000000
90382  -48.066  23.613  -17.804 0.0000000000
90381  -47.321  23.670  -17.665 0.0000000000
89614  -46.772  22.645  -17.984 0.0000000000
91118  -46.831  24.073  -17.261 0.0000000000
91112  -46.018  24.027  -17.026 0.0000000000
91111  -45.152  23.676  -16.718 0.0000000000
86029  -44.275  16.803  1.991 0.0000000000
86030  -44.932  17.247  2.364 0.0000000000
126785  -45.696  18.493  0.955 0.0000000000
86933  -44.885  18.193  0.715 0.0000000000
124016  -44.519  18.479  -0.071 0.0000000000
86939  -44.648  19.007  -0.841 0.0000000000
87801  -48.096  19.564  0.538 0.0000000000
88665  -46.142  19.844  -1.965 0.0000000000
87815  -46.322  19.627  -1.212 0.0000000000
87822  -45.244  19.718  -2.290 0.0000000000
88674  -45.238  19.864  -2.944 0.0000000000
88688  -44.971  19.856  -3.576 0.0000000000
88689  -45.707  20.050  -3.341 0.0000000000
124221  -45.981  20.212  -4.893 0.0000000000
91745  -49.893  24.321  2.142 0.0000000000
90969  -49.780  23.420  1.779 0.0000000000
90978  -48.424  23.395  -0.310 0.0000000000
142346  -49.161  23.132  -0.027 0.0000000000
90229  -49.811  22.749  -0.705 0.0000000000
90234  -50.423  22.008  -1.193 0.0000000000
90990  -46.805  23.466  -2.877 0.0000000000
90981  -47.197  23.381  -1.616 0.0000000000
91001  -48.141  23.704  -3.443 0.0000000000
91002  -49.261  23.714  -3.930 0.0000000000
90252  -49.783  23.199  -4.402 0.0000000000
89496  -49.784  22.205  -4.149 0.0000000000
89504  -48.936  21.410  -4.583 0.0000000000
89505  -49.611  22.455  -4.884 0.0000000000
89516  -48.988  22.552  -7.036 0.0000000000
88722  -47.966  21.306  -7.325 0.0000000000
133777  -48.927  22.548  -8.865 0.0000000000
91055  -48.828  24.106  -9.967 0.0000000000
91063  -48.695  24.091  -10.846 0.0000000000
135648  -48.046  24.263  -11.081 0.0000000000
91053  -46.882  24.182  -8.990 0.0000000000
90324  -46.262  23.539  -12.840 0.0000000000
90336  -45.642  23.336  -13.621 0.0000000000
120688  -43.892  22.635  -14.053 0.0000000000
119077  -43.512  23.324  -16.025 0.0000000000
90360  -43.112  23.442  -16.925 0.0000000000
119219  -42.674  23.209  -16.055 0.0000000000
89561  -41.728  21.011  -11.688 0.0000000000
89571  -40.337  21.849  -13.136 0.0000000000
92511  -42.772  25.228  -4.888 0.0000000000
92518  -42.462  25.345  -5.785 0.0000000000
128014  -42.134  24.635  -7.480 0.0000000000
91800  -41.880  24.031  -8.386 0.0000000000
141101  -43.311  26.031  -8.833 0.0000000000
91814  -42.133  25.019  -10.951 0.0000000000
126855  -41.690  23.988  -10.447 0.0000000000
129033  -40.095  24.865  -11.255 0.0000000000
91059  -38.485  23.880  -11.085 0.0000000000
123361  -38.992  24.380  -9.566 0.0000000000
91805  -38.879  24.268  -8.563 0.0000000000
93266  -39.665  26.354  -7.390 0.0000000000
92526  -40.081  25.896  -7.971 0.0000000000
91792  -39.301  24.942  -7.244 0.0000000000
96293  -41.250  29.725  -14.477 0.0000000000
96292  -40.292  29.756  -14.042 0.0000000000
96270  -40.134  29.938  -11.811 0.0000000000
95476  -40.732  29.716  -9.828 0.0000000000
83287  -42.650  15.082  0.096 0.0000000000
85151  -43.224  16.790  0.461 0.0000000000
94675  -54.223  27.739  -4.033 0.0000000000
120141  -52.543  27.536  -6.869 0.0000000000
94734  -53.798  27.198  -7.317 0.0000000000
94748  -53.784  27.222  -8.944 0.0000000000
94758  -53.528  27.446  -9.886 0.0000000000
87116  -49.254  19.616  -18.506 0.0000000000
91719  -40.403  24.569  6.376 0.0000000000
90938  -41.083  24.604  6.193 0.0000000000
134087  -52.300  15.215  2.948 0.0000000000
83269  -50.255  14.140  2.640 0.0000000000
123685  -50.764  14.422  3.344 0.0000000000
83262  -49.930  14.119  3.629 0.0000000000
82294  -48.692  13.661  4.234 0.0000000000
84186  -37.296  15.379  4.640 0.0000000000
85110  -36.989  15.912  4.091 0.0000000000
122990  -36.533  15.732  4.804 0.0000000000
87012  -51.630  18.413  -7.633 0.0000000000
86123  -50.928  18.053  -8.034 0.0000000000
87011  -50.757  18.277  -8.832 0.0000000000
87890  -45.800  18.912  -9.368 0.0000000000
87891  -46.407  19.603  -9.921 0.0000000000
88761  -47.339  20.592  -11.357 0.0000000000
88644  -50.149  20.982  3.706 0.0000000000
140029  -49.727  20.378  2.892 0.0000000000
89473  -50.470  21.499  3.522 0.0000000000
138400  -50.443  21.454  2.424 0.0000000000
90222  -50.519  21.682  1.510 0.0000000000
119393  -44.882  23.591  -3.601 0.0000000000
91008  -44.185  23.625  -4.007 0.0000000000
91027  -44.686  23.384  -6.081 0.0000000000
125906  -43.310  22.285  -7.287 0.0000000000
90276  -42.441  22.125  -7.195 0.0000000000
90266  -41.965  22.520  -6.883 0.0000000000
94764  -44.623  27.670  -11.151 0.0000000000
84268  -47.395  15.523  -4.964 0.0000000000
84253  -46.429  15.205  -3.889 0.0000000000
84266  -45.767  15.539  -4.621 0.0000000000
86063  -43.175  17.285  -3.367 0.0000000000
85181  -43.618  16.592  -3.949 0.0000000000
86074  -43.504  17.394  -4.240 0.0000000000
140670  -43.715  17.430  -4.885 0.0000000000
86085  -43.861  17.821  -5.374 0.0000000000
86974  -43.946  18.569  -5.127 0.0000000000
93203  -52.812  26.214  2.323 0.0000000000
93210  -52.006  26.564  1.187 0.0000000000
94658  -50.667  28.302  -2.867 0.0000000000
93953  -50.299  27.972  -2.013 0.0000000000
94657  -49.570  28.225  -2.764 0.0000000000
93951  -47.853  27.912  -2.626 0.0000000000
93942  -47.310  27.336  -1.988 0.0000000000
93960  -46.325  27.751  -3.001 0.0000000000
93959  -45.612  27.793  -3.512 0.0000000000
93971  -44.865  27.737  -4.069 0.0000000000
94684  -46.481  28.447  -4.465 0.0000000000
121438  -46.671  28.643  -5.353 0.0000000000
94715  -47.315  28.829  -6.149 0.0000000000
95471  -49.576  28.806  -9.499 0.0000000000
121626  -49.044  29.073  -10.087 0.0000000000
95483  -48.712  29.213  -10.724 0.0000000000
118568  -47.933  29.323  -11.177 0.0000000000
119015  -46.927  29.305  -11.314 0.0000000000
118618  -47.561  29.430  -13.906 0.0000000000
87784  -42.974  19.015  2.773 0.0000000000
88639  -43.761  20.535  2.902 0.0000000000
90952  -44.407  23.881  4.751 0.0000000000
90201  -45.722  22.906  4.057 0.0000000000
90203  -47.803  22.427  4.581 0.0000000000
90955  -47.213  23.388  4.739 0.0000000000
140805  -48.239  24.551  5.458 0.0000000000
138970  -48.808  27.186  4.089 0.0000000000
93178  -49.018  26.594  5.047 0.0000000000
93882  -49.659  27.055  4.771 0.0000000000
93180  -51.651  26.532  5.802 0.0000000000
93884  -52.415  27.038  5.275 0.0000000000
94614  -52.572  27.984  4.192 0.0000000000
87861  -54.226  20.892  -6.317 0.0000000000
85160  -52.660  16.523  -1.631 0.0000000000
85168  -52.408  16.715  -2.416 0.0000000000
123810  -51.714  16.417  -2.689 0.0000000000
85167  -51.153  16.169  -2.928 0.0000000000
84246  -50.575  15.839  -2.745 0.0000000000
84257  -49.985  15.788  -3.340 0.0000000000
131677  -49.899  15.454  -2.604 0.0000000000
84238  -49.632  15.005  -1.976 0.0000000000
83300  -48.532  14.467  -1.658 0.0000000000
119056  -47.623  13.062  1.175 0.0000000000
82328  -47.470  13.229  0.372 0.0000000000
81327  -46.879  12.850  0.815 0.0000000000
82326  -44.861  12.733  0.175 0.0000000000
81326  -44.204  12.490  0.792 0.0000000000
83220  -42.627  14.999  8.667 0.0000000000
83221  -43.615  14.765  9.051 0.0000000000
83222  -44.557  14.280  9.093 0.0000000000
83223  -45.419  14.108  9.031 0.0000000000
83224  -46.293  14.104  8.828 0.0000000000
82258  -45.763  13.607  8.366 0.0000000000
82269  -46.797  13.553  7.094 0.0000000000
82279  -46.719  13.224  6.226 0.0000000000
82278  -45.985  13.015  6.735 0.0000000000
81273  -45.224  12.599  6.244 0.0000000000
81272  -44.305  12.393  5.912 0.0000000000
84197  -41.346  14.271  3.364 0.0000000000
84207  -41.405  15.150  3.029 0.0000000000
120839  -41.361  16.017  2.762 0.0000000000
137708  -41.204  16.816  2.593 0.0000000000
85127  -40.602  16.386  2.617 0.0000000000
86020  -40.344  17.097  2.460 0.0000000000
86915  -39.811  18.424  2.382 0.0000000000
88793  -53.004  21.646  -15.701 0.0000000000
87946  -51.077  20.829  -14.682 0.0000000000
85248  -48.200  16.716  -8.585 0.0000000000
85261  -47.969  16.876  -9.376 0.0000000000
86144  -48.107  17.342  -10.756 0.0000000000
87053  -47.165  18.577  -13.011 0.0000000000
87065  -47.747  18.740  -13.746 0.0000000000
87078  -48.398  19.095  -14.279 0.0000000000
87945  -49.058  19.756  -14.907 0.0000000000
89606  -48.485  22.468  -17.227 0.0000000000
90350  -47.844  23.601  -15.123 0.0000000000
91100  -47.716  23.997  -15.493 0.0000000000
91113  -46.983  24.325  -16.768 0.0000000000
91106  -47.147  24.224  -15.854 0.0000000000
91098  -46.313  23.945  -15.257 0.0000000000
86031  -45.557  17.609  2.515 0.0000000000
88655  -48.550  19.911  -0.259 0.0000000000
88666  -46.977  19.858  -1.715 0.0000000000
135602  -46.734  20.276  -3.478 0.0000000000
89503  -47.864  20.981  -4.925 0.0000000000
92474  -48.811  24.926  1.102 0.0000000000
90968  -49.177  23.650  1.136 0.0000000000
91748  -48.666  24.157  0.832 0.0000000000
126047  -47.780  23.355  -1.004 0.0000000000
91009  -47.141  24.013  -4.794 0.0000000000
91010  -48.421  24.039  -4.485 0.0000000000
91021  -49.051  23.997  -5.277 0.0000000000
90259  -49.416  23.477  -5.830 0.0000000000
137940  -49.508  22.710  -5.492 0.0000000000
90288  -49.220  23.637  -8.530 0.0000000000
91048  -48.877  24.162  -9.060 0.0000000000
91054  -48.133  24.386  -9.498 0.0000000000
90306  -45.756  23.334  -10.094 0.0000000000
90323  -44.868  22.723  -12.674 0.0000000000
90333  -42.972  22.106  -13.865 0.0000000000
89560  -40.968  21.144  -11.624 0.0000000000
93252  -43.162  26.557  -5.818 0.0000000000
93260  -42.786  26.061  -6.278 0.0000000000
93268  -42.994  26.050  -7.415 0.0000000000
92527  -42.752  25.454  -8.239 0.0000000000
93259  -39.211  26.056  -6.849 0.0000000000
122403  -39.036  27.572  -7.224 0.0000000000
85158  -42.671  16.140  -1.521 0.0000000000
118565  -42.993  16.589  -2.734 0.0000000000
86056  -42.867  17.465  -2.421 0.0000000000
87820  -43.625  18.915  -2.399 0.0000000000
93946  -53.273  27.431  -0.723 0.0000000000
142125  -53.933  27.433  -1.335 0.0000000000
94650  -52.989  27.732  -1.654 0.0000000000
94659  -51.723  28.232  -2.812 0.0000000000
120320  -53.579  27.776  -3.512 0.0000000000
94674  -52.441  28.105  -3.545 0.0000000000
94673  -51.323  28.354  -3.621 0.0000000000
119156  -51.073  28.405  -4.356 0.0000000000
94688  -50.413  28.478  -4.931 0.0000000000
94703  -49.448  28.598  -5.166 0.0000000000
118422  -49.163  28.689  -5.951 0.0000000000
94731  -50.349  28.404  -8.219 0.0000000000
94732  -51.394  27.929  -8.088 0.0000000000
141070  -51.091  28.092  -8.768 0.0000000000
95459  -50.324  28.465  -9.057 0.0000000000
95472  -50.491  28.496  -9.893 0.0000000000
95485  -50.629  28.599  -10.840 0.0000000000
87987  -46.936  20.028  -18.367 0.0000000000
90217  -41.390  22.487  3.097 0.0000000000
90218  -42.120  22.329  2.881 0.0000000000
131519  -41.892  22.921  3.411 0.0000000000
90958  -42.172  23.447  4.133 0.0000000000
91734  -42.026  24.512  5.968 0.0000000000
90950  -42.615  23.881  5.192 0.0000000000
90951  -43.518  23.932  5.036 0.0000000000
134226  -51.957  15.604  -0.325 0.0000000000
84231  -51.416  15.178  0.030 0.0000000000
83291  -50.117  14.621  -0.312 0.0000000000
83283  -50.274  14.455  0.487 0.0000000000
83275  -49.791  14.059  1.054 0.0000000000
83268  -49.644  13.855  2.351 0.0000000000
82317  -49.326  13.740  1.720 0.0000000000
137154  -48.423  13.353  1.661 0.0000000000
82316  -47.597  12.937  2.012 0.0000000000
81314  -46.803  12.586  2.339 0.0000000000
81304  -46.291  12.346  3.114 0.0000000000
85965  -41.057  18.359  8.908 0.0000000000
85964  -40.415  18.008  8.693 0.0000000000
124193  -41.038  17.695  8.408 0.0000000000
84145  -41.428  16.611  8.226 0.0000000000
83219  -41.798  15.325  8.221 0.0000000000
84205  -38.883  15.670  2.955 0.0000000000
86009  -37.968  16.851  2.901 0.0000000000
86008  -37.144  17.613  3.370 0.0000000000
135321  -36.850  16.775  3.716 0.0000000000
86902  -36.813  18.302  3.525 0.0000000000
85245  -45.628  16.769  -8.771 0.0000000000
134152  -46.450  16.680  -9.728 0.0000000000
85270  -46.091  17.019  -10.068 0.0000000000
86153  -46.411  17.901  -11.372 0.0000000000
87031  -46.164  18.404  -11.023 0.0000000000
130778  -46.973  19.255  -13.165 0.0000000000
87932  -47.464  19.874  -14.267 0.0000000000
88790  -47.668  20.609  -14.878 0.0000000000
89575  -48.168  23.157  -13.008 0.0000000000
90326  -48.240  23.841  -12.477 0.0000000000
87785  -47.704  18.884  2.959 0.0000000000
86921  -47.186  18.605  2.689 0.0000000000
87792  -47.639  18.967  2.159 0.0000000000
134367  -48.074  19.369  1.480 0.0000000000
130517  -48.862  19.790  1.230 0.0000000000
88653  -49.826  20.410  2.216 0.0000000000
88668  -49.280  20.605  -1.517 0.0000000000
88678  -49.257  20.791  -2.183 0.0000000000
92483  -46.737  25.356  -0.692 0.0000000000
91754  -46.558  24.375  -0.911 0.0000000000
91758  -45.961  24.318  -1.473 0.0000000000
119141  -45.923  23.651  -4.127 0.0000000000
90295  -44.718  22.597  -9.510 0.0000000000
90304  -43.804  21.801  -10.548 0.0000000000
128983  -43.035  21.303  -10.794 0.0000000000
89562  -42.841  21.289  -11.480 0.0000000000
130087  -41.700  21.171  -9.871 0.0000000000
93996  -43.935  27.161  -8.297 0.0000000000
94002  -44.396  27.612  -8.660 0.0000000000
94001  -44.050  26.987  -9.580 0.0000000000
94013  -44.280  27.329  -10.819 0.0000000000
94008  -43.892  26.989  -10.637 0.0000000000
93273  -41.899  27.265  -9.813 0.0000000000
94000  -41.494  28.024  -9.058 0.0000000000
94753  -42.339  28.616  -10.141 0.0000000000
94743  -41.056  28.710  -8.691 0.0000000000
85198  -49.611  16.242  -5.701 0.0000000000
85214  -48.631  16.270  -6.882 0.0000000000
84320  -47.725  16.164  -7.207 0.0000000000
84319  -46.819  16.096  -7.478 0.0000000000
84328  -45.769  16.371  -8.140 0.0000000000
84251  -44.693  15.540  -3.795 0.0000000000
84284  -45.075  15.859  -5.179 0.0000000000
85197  -44.435  16.315  -5.161 0.0000000000
85213  -44.924  16.114  -5.877 0.0000000000
84317  -45.475  16.313  -7.315 0.0000000000
120959  -45.217  16.744  -7.932 0.0000000000
86119  -45.187  17.340  -8.348 0.0000000000
122303  -45.310  18.685  -7.956 0.0000000000
120279  -52.337  24.136  4.892 0.0000000000
90962  -51.466  23.344  4.251 0.0000000000
91743  -51.498  24.257  3.705 0.0000000000
91746  -50.658  24.379  2.834 0.0000000000
92469  -50.348  25.000  2.353 0.0000000000
92475  -49.661  25.189  1.681 0.0000000000
92480  -48.469  25.450  0.603 0.0000000000
92484  -47.447  25.639  -0.256 0.0000000000
93936  -52.242  27.295  -0.344 0.0000000000
119620  -51.213  27.467  -0.852 0.0000000000
93935  -50.231  27.230  -0.636 0.0000000000
93943  -49.772  27.564  -1.382 0.0000000000
93213  -47.917  26.388  -0.459 0.0000000000
122231  -46.479  25.963  -1.097 0.0000000000
141019  -45.619  24.757  -1.671 0.0000000000
139040  -45.358  25.409  -1.928 0.0000000000
93224  -46.306  27.119  -2.181 0.0000000000
130652  -44.719  25.074  -2.529 0.0000000000
92503  -44.143  24.889  -3.180 0.0000000000
91775  -43.589  24.639  -3.850 0.0000000000
91782  -43.047  24.438  -4.496 0.0000000000
123788  -43.210  25.931  -4.573 0.0000000000
93243  -43.392  26.696  -5.040 0.0000000000
118491  -44.110  27.207  -4.235 0.0000000000
93969  -43.900  27.305  -4.984 0.0000000000
93980  -43.657  27.219  -5.912 0.0000000000
93990  -44.250  27.818  -6.493 0.0000000000
117967  -48.255  28.820  -6.045 0.0000000000
95435  -47.915  28.917  -6.891 0.0000000000
95434  -46.989  28.955  -7.023 0.0000000000
95458  -48.174  29.103  -8.513 0.0000000000
95444  -47.580  29.077  -7.753 0.0000000000
94729  -46.134  28.831  -7.238 0.0000000000
94728  -45.381  28.570  -7.567 0.0000000000
94727  -44.778  28.195  -8.018 0.0000000000
94755  -45.321  28.344  -9.434 0.0000000000
95467  -45.742  28.620  -9.859 0.0000000000
137624  -46.250  28.943  -11.340 0.0000000000
95495  -45.534  28.494  -11.821 0.0000000000
118414  -44.883  28.545  -12.556 0.0000000000
95508  -44.309  29.151  -13.145 0.0000000000
85130  -43.636  16.681  2.674 0.0000000000
86023  -44.056  17.090  3.034 0.0000000000
86010  -44.625  17.352  3.112 0.0000000000
87769  -43.843  18.796  3.127 0.0000000000
86905  -45.068  17.826  3.283 0.0000000000
86906  -45.810  17.944  3.308 0.0000000000
128950  -46.211  18.571  3.468 0.0000000000
87772  -46.724  19.181  3.610 0.0000000000
90219  -42.912  22.198  2.906 0.0000000000
132819  -43.601  22.032  3.029 0.0000000000
89461  -44.093  21.341  3.059 0.0000000000
89462  -44.926  21.300  3.376 0.0000000000
88641  -45.492  20.322  3.492 0.0000000000
88642  -47.460  19.700  3.737 0.0000000000
88632  -48.283  20.142  3.906 0.0000000000
88633  -49.087  20.569  4.030 0.0000000000
136220  -48.358  21.678  4.490 0.0000000000
89452  -49.259  21.346  4.474 0.0000000000
89453  -49.836  20.989  4.122 0.0000000000
137438  -50.077  21.544  4.522 0.0000000000
132394  -50.625  22.135  4.807 0.0000000000
90194  -51.248  22.641  5.009 0.0000000000
134270  -47.832  25.045  5.516 0.0000000000
91725  -48.750  24.888  5.645 0.0000000000
93157  -49.336  26.123  5.576 0.0000000000
128880  -49.803  24.929  5.924 0.0000000000
91726  -50.497  24.105  5.907 0.0000000000
91727  -51.528  23.968  6.080 0.0000000000
90943  -51.680  23.490  5.539 0.0000000000
91740  -52.379  24.089  5.654 0.0000000000
92460  -52.883  24.753  5.563 0.0000000000
92465  -53.174  25.181  4.965 0.0000000000
93193  -53.814  25.902  4.566 0.0000000000
93885  -53.674  26.541  5.240 0.0000000000
93204  -54.181  26.636  3.225 0.0000000000
117942  -54.736  26.905  1.815 0.0000000000
87860  -53.389  20.049  -6.805 0.0000000000
87859  -52.788  19.250  -6.837 0.0000000000
87000  -52.291  18.840  -7.218 0.0000000000
86999  -51.796  18.177  -6.818 0.0000000000
86098  -51.332  17.569  -6.339 0.0000000000
86087  -50.844  17.070  -5.851 0.0000000000
86975  -53.796  18.867  -4.569 0.0000000000
86984  -52.999  18.330  -4.964 0.0000000000
86064  -52.670  17.421  -3.683 0.0000000000
86076  -52.458  17.621  -4.482 0.0000000000
86089  -52.234  17.834  -5.274 0.0000000000
85199  -50.322  16.576  -5.393 0.0000000000
84255  -48.391  15.341  -3.790 0.0000000000
84256  -49.205  15.472  -3.470 0.0000000000
83318  -46.960  14.887  -3.221 0.0000000000
83307  -45.625  14.483  -2.480 0.0000000000
83290  -49.379  14.355  -0.627 0.0000000000
124419  -48.687  14.167  -0.969 0.0000000000
142677  -48.127  14.145  -1.272 0.0000000000
121224  -47.959  13.539  -0.047 0.0000000000
82349  -47.507  13.938  -1.222 0.0000000000
83299  -46.162  14.053  -1.853 0.0000000000
83297  -44.285  14.056  -1.714 0.0000000000
124972  -43.215  14.031  -0.820 0.0000000000
83288  -42.807  14.173  -0.144 0.0000000000
83243  -51.143  15.021  5.622 0.0000000000
86840  -47.205  18.592  10.883 0.0000000000
85937  -47.966  17.713  10.763 0.0000000000
85035  -47.843  16.834  10.464 0.0000000000
85045  -42.489  17.934  9.121 0.0000000000
85046  -44.155  16.967  9.608 0.0000000000
84126  -43.839  15.871  9.335 0.0000000000
85047  -45.116  16.473  9.839 0.0000000000
133473  -46.395  16.727  10.272 0.0000000000
84113  -48.567  16.237  10.111 0.0000000000
120315  -49.050  15.607  9.330 0.0000000000
84148  -49.416  15.239  8.437 0.0000000000
83225  -47.154  14.275  8.509 0.0000000000
83226  -48.809  14.856  8.098 0.0000000000
83227  -49.276  14.905  7.760 0.0000000000
83233  -49.508  14.777  7.171 0.0000000000
83241  -49.835  14.688  6.383 0.0000000000
118296  -49.818  14.453  5.457 0.0000000000
82287  -49.047  14.022  5.043 0.0000000000
124732  -48.154  13.580  4.966 0.0000000000
81285  -47.364  13.136  4.797 0.0000000000
124526  -46.610  12.551  3.768 0.0000000000
81303  -45.452  12.113  3.052 0.0000000000
81270  -42.750  12.533  6.413 0.0000000000
81281  -43.284  12.353  5.603 0.0000000000
81280  -42.567  12.408  4.972 0.0000000000
81282  -44.104  12.215  4.932 0.0000000000
140198  -44.305  12.070  4.123 0.0000000000
81302  -43.978  11.973  3.333 0.0000000000
118640  -44.675  11.992  2.932 0.0000000000
84214  -42.811  15.042  1.905 0.0000000000
126271  -42.677  17.427  2.817 0.0000000000
86916  -41.802  18.067  2.539 0.0000000000
87783  -41.893  19.103  2.495 0.0000000000
127356  -41.581  20.097  2.458 0.0000000000
89468  -40.679  21.200  2.591 0.0000000000
88646  -40.061  20.502  2.490 0.0000000000
135125  -40.897  21.986  2.835 0.0000000000
90208  -40.686  22.512  3.457 0.0000000000
90200  -40.449  22.941  4.444 0.0000000000
90948  -40.214  23.305  5.315 0.0000000000
122556  -38.931  22.515  5.043 0.0000000000
90936  -39.538  23.367  5.721 0.0000000000
87091  -52.543  19.132  -16.694 0.0000000000
87101  -51.370  19.141  -17.571 0.0000000000
87976  -51.372  20.167  -17.859 0.0000000000
86122  -50.279  17.726  -8.396 0.0000000000
86134  -50.075  17.912  -9.179 0.0000000000
85271  -46.729  16.914  -10.312 0.0000000000
87044  -49.442  18.353  -11.757 0.0000000000
87056  -50.013  18.925  -12.401 0.0000000000
87934  -50.532  19.976  -13.698 0.0000000000
87962  -50.277  20.783  -15.544 0.0000000000
87984  -50.696  20.171  -18.156 0.0000000000
87983  -49.994  20.290  -18.372 0.0000000000
87990  -49.237  20.575  -18.504 0.0000000000
88836  -48.661  21.224  -18.516 0.0000000000
88835  -47.801  20.674  -18.569 0.0000000000
88834  -47.113  21.182  -18.365 0.0000000000
126413  -47.917  23.297  -15.944 0.0000000000
89605  -48.130  23.435  -16.796 0.0000000000
90374  -48.277  23.341  -17.695 0.0000000000
90383  -48.231  22.887  -18.262 0.0000000000
89619  -47.549  22.350  -18.341 0.0000000000
89613  -45.592  22.219  -17.529 0.0000000000
86038  -44.571  17.486  1.365 0.0000000000
86932  -44.080  17.931  0.380 0.0000000000
86945  -43.704  18.696  -1.441 0.0000000000
86927  -46.942  18.592  2.035 0.0000000000
87799  -46.134  19.020  0.198 0.0000000000
87807  -46.658  19.434  -0.457 0.0000000000
87806  -45.699  19.281  -0.626 0.0000000000
88697  -44.906  19.800  -4.351 0.0000000000
87840  -45.143  19.738  -5.164 0.0000000000
88698  -45.745  20.154  -4.089 0.0000000000
124298  -46.736  20.308  -7.270 0.0000000000
127454  -47.296  20.662  -7.898 0.0000000000
90970  -50.439  22.725  2.370 0.0000000000
90226  -50.469  22.054  0.616 0.0000000000
90225  -49.868  22.715  0.144 0.0000000000
89482  -50.039  21.703  -1.909 0.0000000000
89491  -49.771  21.661  -2.683 0.0000000000
90976  -46.797  23.721  -1.130 0.0000000000
90232  -48.959  23.156  -1.987 0.0000000000
90992  -49.144  23.484  -3.008 0.0000000000
90241  -50.063  22.907  -2.784 0.0000000000
89490  -49.222  21.031  -3.186 0.0000000000
89495  -49.054  21.149  -3.826 0.0000000000
89510  -48.058  21.220  -5.782 0.0000000000
88746  -48.123  21.394  -9.172 0.0000000000
90325  -47.540  23.998  -12.505 0.0000000000
91072  -47.010  24.042  -10.670 0.0000000000
123385  -44.724  23.047  -14.148 0.0000000000
90361  -44.213  23.426  -16.433 0.0000000000
89573  -41.999  21.261  -12.605 0.0000000000
89580  -40.977  21.660  -13.513 0.0000000000
91015  -42.586  23.359  -5.455 0.0000000000
91026  -42.189  22.932  -6.150 0.0000000000
140749  -41.924  24.177  -6.656 0.0000000000
91793  -41.803  23.565  -6.984 0.0000000000
127776  -41.320  22.689  -9.675 0.0000000000
91052  -41.095  23.308  -10.885 0.0000000000
91070  -40.156  23.860  -11.951 0.0000000000
91069  -39.430  23.854  -12.016 0.0000000000
91823  -40.177  24.527  -11.700 0.0000000000
91068  -38.601  23.666  -12.014 0.0000000000
91051  -38.315  23.893  -10.083 0.0000000000
128539  -40.109  25.534  -8.694 0.0000000000
95499  -51.005  28.934  -12.631 0.0000000000
95534  -47.211  29.499  -14.826 0.0000000000
119705  -46.362  29.477  -14.938 0.0000000000
118945  -45.087  29.429  -14.414 0.0000000000
95519  -44.367  29.494  -14.193 0.0000000000
95545  -43.463  29.664  -16.365 0.0000000000
95531  -43.419  29.666  -15.130 0.0000000000
95518  -43.446  29.626  -13.910 0.0000000000
95517  -42.453  29.722  -13.570 0.0000000000
96272  -41.715  29.770  -12.066 0.0000000000
96282  -40.403  29.792  -12.775 0.0000000000
96271  -40.983  29.792  -11.715 0.0000000000
95477  -41.362  29.653  -10.396 0.0000000000
137041  -40.385  29.237  -8.685 0.0000000000
81262  -43.114  12.712  7.268 0.0000000000
81295  -47.238  12.855  3.982 0.0000000000
82280  -47.305  13.596  6.462 0.0000000000
82295  -49.351  13.953  4.214 0.0000000000
83205  -46.794  14.696  9.252 0.0000000000
83234  -50.141  15.002  7.027 0.0000000000
83249  -50.433  14.773  5.778 0.0000000000
83258  -38.977  14.936  3.371 0.0000000000
83270  -51.116  14.567  2.439 0.0000000000
83292  -50.734  14.789  0.011 0.0000000000
83296  -43.471  14.421  -1.532 0.0000000000
84128  -45.512  15.510  9.714 0.0000000000
84159  -49.903  15.124  7.683 0.0000000000
84265  -44.854  15.772  -4.552 0.0000000000
84329  -46.416  16.252  -8.227 0.0000000000
85258  -45.779  16.949  -9.476 0.0000000000
85259  -46.000  16.612  -9.376 0.0000000000
85933  -44.369  18.907  10.209 0.0000000000
85936  -47.325  17.493  10.615 0.0000000000
85949  -41.779  18.506  9.239 0.0000000000
85950  -43.268  18.261  9.519 0.0000000000
86002  -36.478  17.525  3.759 0.0000000000
86132  -48.507  17.277  -9.855 0.0000000000
87100  -50.499  18.479  -17.673 0.0000000000
87773  -47.337  18.994  3.452 0.0000000000
89454  -50.372  21.485  4.230 0.0000000000
90215  -51.176  22.580  4.437 0.0000000000
90233  -50.029  22.738  -1.610 0.0000000000
90372  -45.232  23.503  -17.051 0.0000000000
90940  -48.806  23.938  5.417 0.0000000000
90980  -46.204  23.764  -1.677 0.0000000000
91728  -52.283  24.228  6.054 0.0000000000
91794  -42.134  24.652  -6.309 0.0000000000
92443  -53.153  25.428  5.972 0.0000000000
93181  -53.011  26.214  5.844 0.0000000000
93194  -54.024  26.237  4.965 0.0000000000
93206  -48.121  25.910  0.122 0.0000000000
93970  -44.433  27.680  -4.747 0.0000000000
94637  -55.405  28.086  2.398 0.0000000000
94655  -47.976  28.293  -3.345 0.0000000000
94662  -54.954  27.881  -2.692 0.0000000000
94669  -46.375  28.174  -3.738 0.0000000000
94683  -45.683  28.182  -4.275 0.0000000000
94690  -53.209  27.810  -4.364 0.0000000000
94745  -45.334  28.511  -8.501 0.0000000000
95442  -45.963  28.892  -8.102 0.0000000000
95457  -47.214  29.243  -8.652 0.0000000000
95506  -42.571  29.620  -12.465 0.0000000000
96261  -40.932  29.805  -11.086 0.0000000000
118270  -47.685  28.467  -3.933 0.0000000000
122675  -50.249  22.444  1.566 0.0000000000
123767  -43.232  12.252  4.745 0.0000000000
129407  -50.952  23.677  3.327 0.0000000000
130860  -50.487  21.326  0.933 0.0000000000
132423  -41.323  20.808  2.488 0.0000000000
134382  -46.810  29.270  -10.148 0.0000000000
134514  -52.003  15.229  4.860 0.0000000000
134666  -46.330  23.994  -1.275 0.0000000000
135401  -51.102  22.790  5.284 0.0000000000
135847  -43.355  23.580  -4.662 0.0000000000
136020  -49.272  28.527  -4.046 0.0000000000
137514  -44.485  12.584  6.669 0.0000000000
139779  -46.887  21.858  -18.217 0.0000000000
140245  -46.734  18.672  3.394 0.0000000000
140934  -49.557  15.486  -3.017 0.0000000000
140937  -45.228  15.514  -4.177 0.0000000000
141115  -43.745  26.960  -4.622 0.0000000000
141133  -48.466  17.053  10.566 0.0000000000
141471  -51.605  27.933  -6.464 0.0000000000
141699  -54.236  27.708  -3.505 0.0000000000
141736  -37.438  17.045  3.246 0.0000000000
142216  -50.522  22.029  2.128 0.0000000000
