#!ascii label  , from subject sub-v2s7x29657_ses-1 vox2ras=TkReg
846
22770  -42.414  -50.482  -34.709 0.5000000000
21893  -40.838  -51.584  -34.102 0.8000000119
21863  -39.671  -51.276  -32.723 0.8000000119
21879  -39.932  -51.758  -33.427 0.8000000119
21881  -41.084  -51.016  -33.804 0.8000000119
21901  -43.231  -51.326  -35.811 0.5000000000
21894  -41.357  -51.459  -34.454 0.5000000000
22769  -41.691  -50.569  -34.172 0.6000000238
131950  -38.967  -49.814  -31.851 0.6999999881
22741  -39.361  -50.515  -32.215 0.6999999881
22757  -40.580  -50.525  -33.328 0.8000000119
23656  -41.416  -49.605  -33.840 0.6999999881
22780  -43.742  -50.495  -35.692 0.6000000238
22779  -43.064  -50.482  -35.197 0.5000000000
23666  -42.721  -49.584  -34.837 0.6000000238
23619  -37.107  -49.874  -30.016 0.6999999881
23657  -42.040  -49.608  -34.358 0.6000000238
24587  -42.236  -48.780  -34.722 0.6000000238
141043  -38.236  -49.555  -31.081 0.6999999881
22727  -38.055  -50.880  -30.925 0.6999999881
22742  -40.001  -50.307  -32.791 0.6999999881
24586  -41.571  -48.812  -34.222 0.6000000238
25522  -41.614  -48.172  -34.874 0.6000000238
142594  -40.371  -49.961  -33.079 0.8000000119
24570  -41.064  -48.898  -33.714 0.8000000119
23668  -44.128  -49.585  -35.733 0.4000000060
24592  -42.913  -48.762  -35.188 0.6000000238
24540  -37.019  -48.362  -29.889 0.6999999881
25532  -42.153  -47.936  -35.741 0.6000000238
24546  -37.659  -48.380  -30.615 0.6999999881
23626  -38.542  -49.172  -31.527 0.6999999881
130805  -39.508  -49.451  -32.469 0.6999999881
24568  -39.747  -48.648  -32.964 0.6999999881
25507  -39.801  -48.088  -33.475 0.6000000238
25521  -40.713  -47.966  -34.770 0.6999999881
132843  -40.163  -47.910  -35.869 0.5000000000
25495  -39.274  -47.977  -33.156 0.6000000238
134094  -39.804  -47.834  -34.961 0.6000000238
25530  -39.139  -47.832  -35.902 0.6000000238
130734  -43.981  -47.801  -35.803 0.4000000060
24593  -43.643  -48.689  -35.558 0.5000000000
25452  -36.269  -47.910  -29.492 0.6999999881
25533  -43.010  -47.975  -35.707 0.6000000238
24547  -38.187  -48.359  -31.378 0.6999999881
25531  -41.144  -47.954  -35.664 0.6000000238
25494  -38.705  -47.876  -32.706 0.6999999881
25541  -40.822  -47.922  -36.680 0.5000000000
25506  -38.595  -47.587  -33.517 0.6999999881
127185  -39.243  -47.739  -34.070 0.6000000238
25540  -39.646  -47.968  -36.749 0.5000000000
25555  -40.354  -47.890  -37.578 0.5000000000
25529  -38.324  -47.712  -35.905 0.5000000000
25468  -32.915  -47.854  -30.032 0.6000000238
26282  -33.249  -46.902  -29.876 0.6000000238
132514  -43.897  -47.064  -35.904 0.5000000000
25450  -34.503  -47.473  -29.269 0.6999999881
24528  -34.927  -48.130  -29.291 0.6999999881
125034  -43.334  -47.255  -35.972 0.5000000000
25543  -42.775  -47.484  -36.308 0.5000000000
26351  -42.729  -47.028  -36.948 0.4000000060
25469  -36.792  -47.443  -29.910 0.6999999881
25480  -37.713  -47.650  -31.101 0.6999999881
25481  -38.136  -47.618  -32.050 0.6999999881
140571  -42.203  -47.502  -37.269 0.5000000000
25505  -38.099  -47.363  -32.995 0.6999999881
25556  -41.525  -47.680  -37.415 0.5000000000
25520  -38.326  -47.462  -34.393 0.6000000238
26362  -41.168  -47.401  -38.293 0.5000000000
135736  -37.851  -47.398  -35.306 0.5000000000
25538  -37.715  -47.691  -37.180 0.5000000000
133880  -38.017  -47.973  -37.807 0.5000000000
26361  -39.724  -47.772  -38.448 0.5000000000
25563  -38.506  -47.864  -38.499 0.5000000000
26381  -40.621  -46.648  -39.714 0.3000000119
27137  -42.798  -45.721  -36.306 0.3000000119
24555  -31.989  -48.224  -32.537 0.6000000238
135118  -32.473  -47.812  -30.783 0.6000000238
26342  -43.601  -46.607  -35.917 0.4000000060
26341  -43.128  -46.703  -36.290 0.4000000060
126159  -34.944  -46.615  -29.276 0.6000000238
138096  -36.646  -46.762  -30.085 0.6999999881
26284  -37.186  -46.995  -30.646 0.6999999881
132904  -37.598  -46.914  -33.313 0.5000000000
25519  -37.709  -47.135  -34.507 0.5000000000
26373  -41.414  -46.819  -39.075 0.4000000060
26372  -40.256  -47.262  -39.121 0.3000000119
133097  -41.596  -46.237  -39.702 0.4000000060
26370  -38.092  -47.476  -39.059 0.5000000000
26380  -39.484  -46.893  -39.647 0.4000000060
133558  -32.219  -47.619  -32.211 0.6000000238
25479  -32.428  -47.343  -31.476 0.6000000238
25467  -32.737  -47.109  -30.629 0.6000000238
27051  -34.286  -46.049  -29.443 0.6000000238
27052  -34.836  -45.703  -29.486 0.6000000238
27147  -42.197  -45.698  -37.417 0.3000000119
26350  -42.367  -47.144  -37.735 0.4000000060
26283  -36.278  -46.146  -30.040 0.6000000238
27985  -41.914  -45.312  -37.832 0.3000000119
26297  -37.030  -46.264  -31.230 0.6000000238
26298  -37.511  -46.947  -31.610 0.6999999881
27992  -41.876  -44.719  -38.430 0.3000000119
27158  -42.271  -46.627  -38.373 0.3000000119
27099  -37.197  -46.244  -32.123 0.6000000238
125365  -42.411  -44.599  -39.443 0.3000000119
27166  -42.240  -46.012  -38.874 0.3000000119
130779  -36.938  -45.945  -33.772 0.5000000000
26321  -37.324  -46.630  -34.005 0.5000000000
26333  -37.273  -46.733  -34.944 0.5000000000
27997  -42.459  -45.185  -40.181 0.3000000119
127319  -42.312  -45.573  -39.522 0.3000000119
26340  -37.240  -46.916  -35.885 0.5000000000
25553  -37.429  -47.405  -37.874 0.5000000000
136184  -40.968  -46.135  -40.216 0.3000000119
27146  -36.856  -46.155  -36.458 0.5000000000
27172  -38.781  -46.363  -39.905 0.4000000060
27173  -39.882  -46.205  -40.199 0.3000000119
25493  -32.170  -47.559  -33.096 0.5000000000
26310  -32.345  -46.823  -32.363 0.6000000238
26296  -32.623  -46.489  -31.330 0.5000000000
27066  -35.829  -45.417  -30.140 0.6000000238
27893  -35.936  -44.927  -30.650 0.5000000000
28874  -42.513  -43.706  -39.610 0.3000000119
27081  -36.729  -45.551  -31.741 0.6000000238
27098  -36.870  -45.658  -32.520 0.6000000238
27135  -36.834  -46.101  -35.395 0.5000000000
27157  -37.172  -46.479  -38.203 0.5000000000
27165  -37.884  -46.660  -39.464 0.4000000060
135208  -38.135  -45.861  -39.886 0.4000000060
27080  -32.852  -45.647  -31.055 0.5000000000
141981  -33.269  -45.554  -30.414 0.5000000000
27064  -33.619  -45.952  -29.805 0.5000000000
27891  -34.407  -44.535  -30.097 0.5000000000
29797  -41.694  -42.091  -38.844 0.3000000119
29800  -42.525  -42.715  -39.639 0.3000000119
27908  -36.239  -44.823  -31.363 0.6000000238
27113  -36.762  -45.442  -33.207 0.6000000238
27126  -36.687  -45.309  -34.011 0.5000000000
27177  -40.733  -45.610  -40.747 0.4000000060
27998  -38.898  -44.872  -40.554 0.4000000060
27097  -32.391  -45.710  -31.933 0.5000000000
129317  -32.715  -44.902  -31.400 0.5000000000
27890  -33.763  -44.259  -30.559 0.5000000000
135051  -41.098  -41.794  -38.223 0.4000000060
30736  -41.377  -41.218  -38.584 0.4000000060
27907  -35.624  -44.322  -30.913 0.5000000000
30739  -42.316  -41.390  -39.515 0.4000000060
29801  -43.412  -42.562  -40.545 0.3000000119
27926  -35.859  -44.019  -31.797 0.4000000060
28875  -43.223  -43.567  -40.543 0.3000000119
27940  -36.447  -44.645  -33.414 0.5000000000
27951  -36.452  -44.523  -34.313 0.4000000060
133726  -36.640  -45.242  -35.741 0.4000000060
27996  -38.007  -44.950  -40.157 0.4000000060
27096  -31.901  -45.104  -32.515 0.5000000000
131016  -32.289  -44.830  -31.939 0.5000000000
27906  -33.190  -44.175  -31.151 0.5000000000
28774  -34.922  -44.021  -30.576 0.5000000000
28785  -34.630  -43.556  -31.125 0.4000000060
130564  -43.472  -41.507  -40.546 0.4000000060
119267  -35.181  -43.419  -31.770 0.4000000060
28806  -36.092  -43.987  -32.810 0.4000000060
27960  -36.525  -44.363  -36.050 0.4000000060
27972  -36.648  -44.337  -36.975 0.4000000060
27983  -37.140  -45.296  -38.464 0.4000000060
27982  -36.884  -44.633  -37.732 0.4000000060
28876  -38.234  -44.055  -40.468 0.4000000060
28877  -40.356  -44.176  -41.253 0.4000000060
130681  -39.224  -44.046  -40.838 0.4000000060
27111  -31.427  -45.277  -33.388 0.5000000000
27925  -32.030  -44.248  -32.240 0.4000000060
31598  -40.946  -39.910  -38.225 0.4000000060
31599  -41.492  -40.450  -38.796 0.4000000060
28783  -33.109  -43.608  -31.611 0.5000000000
28804  -34.348  -43.103  -31.908 0.4000000060
28822  -36.161  -43.856  -33.742 0.4000000060
28833  -36.233  -43.731  -34.643 0.4000000060
28853  -36.438  -43.512  -36.351 0.4000000060
28882  -42.196  -43.726  -41.870 0.3000000119
128844  -37.584  -44.505  -39.723 0.4000000060
132740  -31.753  -43.666  -32.577 0.4000000060
28802  -32.477  -43.401  -32.173 0.5000000000
134590  -33.938  -42.801  -32.315 0.4000000060
123178  -42.069  -40.107  -39.444 0.4000000060
29737  -34.396  -42.690  -32.753 0.4000000060
29738  -35.076  -43.091  -32.581 0.4000000060
29753  -35.114  -42.662  -33.535 0.4000000060
28821  -35.822  -43.122  -34.105 0.4000000060
29767  -36.010  -42.963  -34.984 0.4000000060
130677  -36.783  -43.933  -37.599 0.4000000060
135202  -37.010  -44.151  -38.244 0.4000000060
28881  -40.791  -43.436  -41.484 0.4000000060
139660  -37.710  -44.083  -40.097 0.4000000060
28880  -39.615  -43.225  -41.111 0.4000000060
29735  -32.738  -42.549  -32.718 0.4000000060
29736  -33.656  -42.486  -32.709 0.4000000060
131934  -35.496  -42.372  -34.514 0.4000000060
29783  -36.390  -42.654  -36.594 0.4000000060
123961  -42.237  -42.685  -42.098 0.4000000060
29789  -36.650  -42.431  -37.468 0.4000000060
28869  -36.841  -43.297  -37.926 0.4000000060
29794  -36.980  -42.627  -38.365 0.4000000060
29798  -37.488  -42.654  -39.586 0.4000000060
135349  -37.769  -43.296  -40.165 0.4000000060
29751  -33.368  -41.984  -33.179 0.4000000060
29752  -34.257  -42.151  -33.408 0.4000000060
30709  -35.304  -41.574  -34.524 0.4000000060
30714  -35.841  -41.548  -35.326 0.4000000060
29766  -35.840  -42.271  -35.288 0.4000000060
136154  -36.275  -41.372  -36.112 0.4000000060
30719  -36.398  -41.876  -36.726 0.4000000060
30733  -36.938  -41.816  -38.069 0.4000000060
29806  -40.044  -42.458  -41.333 0.3000000119
29799  -37.918  -42.396  -40.147 0.4000000060
29802  -38.551  -43.047  -40.612 0.4000000060
29750  -32.616  -41.856  -33.313 0.4000000060
120193  -33.877  -41.602  -33.505 0.4000000060
118359  -33.969  -41.096  -33.636 0.4000000060
31575  -35.673  -40.753  -34.829 0.4000000060
31576  -36.156  -40.728  -35.573 0.4000000060
124192  -36.683  -41.541  -37.319 0.4000000060
30726  -37.352  -41.157  -38.468 0.4000000060
29810  -43.162  -42.518  -42.448 0.4000000060
29807  -41.109  -42.639  -41.664 0.3000000119
30737  -37.670  -41.819  -39.533 0.4000000060
29803  -39.159  -42.282  -40.882 0.5000000000
30743  -40.412  -41.830  -41.482 0.4000000060
30738  -38.228  -41.573  -40.018 0.5000000000
31557  -33.709  -40.493  -33.520 0.4000000060
31559  -34.972  -39.892  -33.839 0.4000000060
30708  -35.092  -40.714  -34.209 0.4000000060
31569  -36.116  -39.969  -35.037 0.4000000060
31600  -37.976  -40.880  -39.246 0.4000000060
30740  -38.929  -41.480  -40.534 0.5000000000
32406  -34.254  -39.806  -33.484 0.4000000060
136432  -35.471  -39.160  -33.924 0.4000000060
32414  -36.057  -39.183  -34.546 0.4000000060
31602  -38.751  -40.777  -39.990 0.4000000060
31603  -39.459  -40.661  -40.674 0.5000000000
122638  -34.004  -39.017  -33.076 0.4000000060
138583  -34.791  -39.110  -33.432 0.4000000060
33264  -35.912  -38.371  -34.130 0.4000000060
32446  -39.282  -39.989  -40.055 0.5000000000
34099  -33.975  -37.165  -32.571 0.4000000060
33241  -33.726  -38.106  -32.677 0.4000000060
137508  -34.409  -37.637  -32.855 0.4000000060
33253  -34.554  -38.324  -33.088 0.4000000060
34113  -35.684  -37.562  -33.777 0.4000000060
34114  -36.254  -37.483  -34.475 0.5000000000
124395  -37.082  -46.623  -37.382 0.5000000000
27164  -37.386  -46.318  -38.960 0.5000000000
27176  -39.533  -45.557  -40.526 0.4000000060
140985  -42.646  -51.104  -35.205 0.5000000000
21012  -39.197  -52.296  -32.972 0.8000000119
21862  -39.009  -51.562  -32.098 0.8000000119
21847  -38.289  -51.702  -31.396 0.6999999881
22785  -44.450  -50.482  -36.263 0.5000000000
22716  -37.227  -50.863  -30.368 0.6999999881
23676  -44.868  -49.623  -36.281 0.5000000000
22715  -36.519  -50.343  -29.945 0.6999999881
24594  -44.463  -48.704  -35.912 0.4000000060
24529  -36.389  -48.786  -29.560 0.6999999881
25449  -33.658  -47.572  -29.529 0.6999999881
24600  -44.907  -47.955  -36.100 0.4000000060
26343  -44.275  -46.543  -35.884 0.4000000060
24545  -32.142  -48.223  -31.467 0.6000000238
27138  -43.403  -45.906  -35.873 0.4000000060
134673  -31.922  -48.440  -34.216 0.6000000238
24584  -32.144  -48.124  -34.548 0.5000000000
25504  -32.229  -47.623  -34.073 0.5000000000
27112  -32.043  -46.055  -32.908 0.5000000000
26320  -31.833  -46.316  -33.836 0.4000000060
134216  -30.965  -44.385  -33.441 0.4000000060
27939  -30.604  -43.838  -33.962 0.4000000060
28820  -31.147  -43.509  -33.195 0.4000000060
29749  -31.394  -42.598  -33.446 0.4000000060
29734  -32.076  -42.341  -33.176 0.4000000060
30694  -33.255  -41.256  -33.492 0.4000000060
31556  -32.783  -40.470  -33.519 0.4000000060
32405  -33.423  -39.723  -33.302 0.4000000060
33252  -33.105  -38.935  -32.884 0.4000000060
34098  -33.181  -37.366  -32.344 0.4000000060
21031  -40.319  -51.944  -34.106 0.8000000119
21864  -40.180  -51.064  -33.120 0.8000000119
23667  -43.388  -49.576  -35.310 0.5000000000
22728  -38.730  -50.756  -31.585 0.6999999881
23634  -38.990  -49.065  -32.116 0.6999999881
25523  -42.379  -48.282  -35.252 0.6000000238
25508  -40.204  -47.926  -34.056 0.6999999881
25542  -41.981  -47.759  -36.634 0.6000000238
140140  -40.460  -47.919  -35.275 0.6000000238
121531  -36.027  -46.913  -29.551 0.6999999881
26265  -33.975  -46.735  -29.385 0.6000000238
27148  -42.460  -45.876  -36.957 0.3000000119
134455  -37.809  -47.710  -38.472 0.5000000000
27879  -34.790  -45.070  -29.735 0.6000000238
27127  -36.875  -46.026  -34.506 0.5000000000
26369  -37.525  -47.162  -38.762 0.5000000000
27171  -37.571  -45.478  -39.472 0.4000000060
27145  -36.676  -45.119  -36.527 0.4000000060
27999  -39.951  -44.920  -40.959 0.4000000060
28873  -37.415  -43.596  -39.523 0.4000000060
28862  -36.598  -43.346  -37.155 0.4000000060
28801  -31.873  -42.963  -32.794 0.4000000060
33254  -35.281  -38.375  -33.535 0.4000000060
142364  -30.344  -60.633  -39.165 0.4000000060
14598  -32.091  -60.586  -39.658 0.4000000060
15435  -32.950  -59.319  -39.613 0.4000000060
123405  -34.521  -59.143  -39.804 0.4000000060
16257  -32.101  -58.824  -39.266 0.4000000060
135073  -32.829  -58.394  -39.373 0.4000000060
130737  -33.741  -58.031  -39.534 0.4000000060
17088  -34.347  -57.296  -39.416 0.4000000060
17081  -36.590  -57.733  -39.334 0.5000000000
16258  -32.105  -58.021  -38.857 0.4000000060
17086  -32.885  -57.541  -39.075 0.4000000060
17912  -34.128  -56.498  -39.180 0.5000000000
17913  -34.780  -56.601  -39.206 0.5000000000
17897  -35.489  -56.093  -38.573 0.6000000238
16253  -32.006  -57.671  -38.166 0.4000000060
17079  -32.479  -57.281  -38.459 0.4000000060
17896  -33.665  -56.126  -38.819 0.4000000060
17906  -36.132  -57.003  -38.705 0.5000000000
125080  -45.325  -48.833  -36.400 0.3000000119
25544  -45.425  -47.241  -36.336 0.4000000060
27149  -44.784  -45.751  -35.934 0.3000000119
17076  -36.831  -57.163  -38.623 0.5000000000
21065  -42.992  -52.017  -37.674 0.5000000000
22786  -45.187  -50.453  -36.864 0.4000000060
18708  -32.729  -55.939  -36.751 0.4000000060
18732  -34.412  -55.742  -38.958 0.5000000000
17904  -34.985  -55.801  -38.919 0.5000000000
17891  -32.547  -56.546  -37.177 0.4000000060
17895  -32.782  -56.517  -38.101 0.4000000060
17899  -37.124  -56.751  -37.933 0.6000000238
18721  -38.382  -55.613  -37.757 0.6000000238
19498  -38.738  -54.642  -37.467 0.6999999881
21908  -43.641  -51.678  -36.814 0.5000000000
18722  -39.122  -54.875  -38.298 0.6999999881
20270  -39.895  -53.579  -38.716 0.6999999881
21064  -42.120  -52.219  -37.438 0.6999999881
19499  -39.406  -53.836  -38.128 0.6999999881
20264  -39.874  -53.152  -38.283 0.6999999881
18727  -34.686  -54.976  -38.725 0.5000000000
18719  -35.283  -55.059  -38.285 0.6000000238
17892  -35.919  -55.979  -37.601 0.6000000238
18712  -37.029  -55.893  -36.412 0.6000000238
18709  -33.088  -55.123  -36.966 0.4000000060
19495  -34.057  -54.132  -38.249 0.5000000000
18710  -35.613  -55.051  -37.300 0.6000000238
17893  -36.654  -56.299  -37.251 0.6000000238
18713  -37.937  -55.441  -36.892 0.6000000238
19491  -38.944  -53.698  -37.184 0.6000000238
126976  -44.004  -46.044  -35.796 0.3000000119
18720  -37.455  -56.154  -37.343 0.6000000238
120865  -39.461  -53.218  -37.615 0.6999999881
21907  -42.754  -51.921  -36.537 0.6000000238
19476  -33.658  -53.447  -36.617 0.6000000238
20250  -34.214  -53.114  -37.195 0.6000000238
20252  -35.136  -52.964  -36.679 0.6999999881
19488  -35.332  -53.880  -37.105 0.6000000238
18702  -36.550  -55.463  -35.802 0.6000000238
19489  -37.547  -55.315  -36.179 0.6000000238
19496  -34.645  -53.914  -38.214 0.6000000238
20253  -38.682  -53.607  -36.407 0.6000000238
20254  -39.174  -53.006  -36.740 0.6999999881
21062  -40.368  -52.429  -36.871 0.6999999881
20255  -39.859  -52.780  -37.501 0.6999999881
21054  -41.839  -52.101  -36.389 0.6000000238
20235  -34.256  -52.744  -36.239 0.6000000238
20237  -35.264  -52.818  -35.739 0.6999999881
19460  -35.752  -53.969  -34.931 0.6999999881
19477  -35.531  -53.977  -35.961 0.6999999881
18684  -36.840  -55.057  -35.046 0.6000000238
134820  -41.433  -51.928  -35.382 0.5000000000
20238  -38.760  -53.239  -35.842 0.6999999881
21051  -39.689  -52.592  -36.385 0.6999999881
21053  -41.014  -52.209  -36.331 0.6000000238
20207  -37.212  -53.869  -33.034 0.6999999881
21029  -38.747  -52.976  -33.791 0.6999999881
19448  -35.991  -53.848  -33.997 0.6999999881
19450  -37.386  -54.091  -33.873 0.6000000238
118111  -38.174  -53.583  -34.312 0.5000000000
19461  -36.433  -54.544  -34.508 0.6999999881
19462  -37.602  -54.281  -34.821 0.6000000238
20223  -38.915  -52.977  -34.970 0.6999999881
21045  -40.783  -51.968  -34.709 0.5000000000
19480  -38.196  -53.995  -35.704 0.6000000238
20224  -39.608  -52.545  -35.354 0.6999999881
21052  -40.411  -52.284  -35.676 0.6000000238
20193  -37.765  -53.335  -32.488 0.6999999881
125448  -38.461  -52.998  -32.893 0.6999999881
21011  -38.349  -52.575  -32.028 0.6999999881
140779  -40.137  -52.257  -34.791 0.6000000238
21030  -39.581  -52.437  -34.188 0.6999999881
21909  -44.626  -51.238  -37.204 0.5000000000
15434  -32.185  -59.708  -39.516 0.4000000060
17089  -35.182  -57.627  -39.460 0.4000000060
17075  -32.285  -57.180  -37.705 0.4000000060
17080  -33.052  -56.794  -38.713 0.4000000060
134091  -33.337  -55.775  -38.281 0.4000000060
18717  -32.970  -55.809  -37.541 0.4000000060
21073  -40.966  -52.539  -38.359 0.6999999881
21063  -41.147  -52.323  -37.373 0.6999999881
18711  -36.273  -55.743  -36.664 0.6000000238
18703  -37.060  -55.488  -35.712 0.6000000238
20262  -34.263  -53.539  -37.839 0.6999999881
20263  -34.817  -53.323  -37.518 0.6000000238
19478  -36.118  -54.901  -35.278 0.6000000238
19449  -36.734  -54.186  -33.753 0.6999999881
19463  -38.345  -53.577  -35.136 0.6000000238
20208  -37.973  -53.539  -33.360 0.6000000238
20222  -35.354  -52.609  -34.761 0.5000000000
19475  -32.678  -54.800  -35.305 0.4000000060
19459  -33.321  -53.594  -35.568 0.5000000000
20205  -35.621  -52.806  -33.719 0.6000000238
17874  -32.260  -55.861  -35.022 0.4000000060
18683  -32.208  -55.048  -34.426 0.5000000000
21048  -33.928  -52.618  -35.214 0.5000000000
21028  -35.146  -52.066  -34.293 0.5000000000
21008  -35.308  -51.996  -32.603 0.5000000000
21049  -34.711  -52.252  -35.487 0.5000000000
20206  -36.439  -53.611  -33.040 0.6000000238
20191  -36.489  -53.222  -32.285 0.5000000000
20190  -35.821  -52.741  -32.840 0.5000000000
20175  -36.789  -53.020  -31.651 0.6999999881
20991  -36.450  -52.385  -31.272 0.6000000238
21829  -36.896  -51.769  -30.621 0.6000000238
18682  -31.805  -55.878  -34.142 0.5000000000
18670  -32.178  -54.281  -33.769 0.5000000000
20220  -32.892  -53.473  -33.977 0.5000000000
126378  -34.666  -51.911  -33.015 0.5000000000
20221  -33.658  -52.692  -34.283 0.5000000000
20993  -37.763  -52.371  -31.332 0.6000000238
21861  -34.888  -51.577  -32.008 0.6000000238
21828  -36.184  -51.738  -30.862 0.5000000000
125427  -36.396  -51.105  -30.347 0.6000000238
18669  -31.695  -55.164  -33.673 0.5000000000
20203  -32.390  -53.515  -33.220 0.5000000000
20189  -32.775  -52.901  -32.731 0.5000000000
20204  -33.259  -52.856  -33.395 0.5000000000
21846  -37.557  -51.743  -30.860 0.6000000238
21845  -35.293  -51.335  -31.234 0.5000000000
21827  -35.706  -51.137  -30.625 0.6000000238
18661  -31.228  -55.371  -32.989 0.5000000000
19440  -31.556  -54.505  -33.107 0.5000000000
129829  -31.242  -54.086  -32.558 0.5000000000
21005  -31.690  -52.751  -31.896 0.5000000000
20987  -31.177  -52.161  -31.602 0.6000000238
21006  -32.562  -52.585  -32.052 0.4000000060
21840  -30.588  -51.459  -31.651 0.4000000060
20988  -32.071  -52.071  -31.547 0.5000000000
20989  -33.024  -51.961  -31.606 0.5000000000
21007  -33.595  -52.315  -32.591 0.4000000060
142062  -30.757  -50.761  -31.769 0.4000000060
126252  -31.974  -50.656  -31.087 0.5000000000
22724  -33.633  -50.726  -30.694 0.5000000000
22739  -30.572  -50.035  -32.408 0.4000000060
22725  -34.341  -50.645  -30.632 0.6000000238
22726  -35.019  -50.804  -30.750 0.6000000238
22704  -35.959  -49.940  -29.708 0.6000000238
23610  -35.778  -49.264  -29.535 0.6000000238
21842  -32.441  -51.383  -31.200 0.5000000000
22722  -31.724  -49.796  -31.338 0.5000000000
23615  -32.718  -49.393  -30.365 0.5000000000
22711  -33.101  -50.160  -30.374 0.5000000000
22756  -30.315  -49.758  -33.402 0.4000000060
22740  -31.273  -49.525  -32.165 0.5000000000
23616  -33.467  -49.546  -30.031 0.6000000238
22712  -33.913  -50.189  -30.279 0.6000000238
23609  -34.844  -48.927  -29.539 0.6000000238
131827  -32.096  -49.157  -30.968 0.5000000000
140529  -31.203  -49.185  -34.968 0.3000000119
23655  -30.989  -49.298  -34.221 0.4000000060
23644  -31.045  -49.339  -33.114 0.4000000060
24566  -31.616  -48.838  -32.849 0.5000000000
24539  -33.085  -48.780  -29.959 0.5000000000
24527  -34.186  -48.231  -29.413 0.6000000238
126954  -31.325  -45.699  -34.242 0.3000000119
26331  -31.779  -46.407  -34.786 0.3000000119
26332  -32.183  -47.080  -34.427 0.4000000060
25518  -32.268  -47.644  -34.998 0.4000000060
27125  -30.624  -44.719  -35.077 0.3000000119
28819  -30.705  -42.943  -33.935 0.3000000119
27949  -30.496  -44.159  -34.670 0.3000000119
29748  -31.080  -42.105  -34.138 0.3000000119
118314  -31.839  -41.725  -33.663 0.3000000119
30692  -31.960  -40.875  -33.828 0.3000000119
31555  -31.911  -40.190  -33.740 0.3000000119
32403  -31.647  -39.499  -33.452 0.3000000119
33251  -32.150  -38.870  -32.862 0.3000000119
124594  -31.609  -48.800  -33.813 0.5000000000
124532  -31.072  -45.537  -35.170 0.3000000119
20192  -37.026  -53.506  -32.261 0.5000000000
139028  -33.278  -53.289  -34.703 0.5000000000
21844  -34.387  -51.147  -31.210 0.5000000000
22713  -34.743  -50.261  -30.269 0.6000000238
20266  -40.885  -52.760  -38.833 0.6000000238
21074  -42.307  -52.244  -38.503 0.6000000238
26363  -47.698  -46.338  -38.018 0.3000000119
25546  -47.271  -47.209  -37.671 0.3000000119
24602  -46.795  -48.123  -37.364 0.3000000119
24601  -45.865  -48.088  -36.558 0.3000000119
23686  -46.897  -48.936  -38.483 0.3000000119
23678  -46.258  -48.952  -37.086 0.3000000119
21078  -41.673  -52.509  -38.951 0.6000000238
21917  -43.877  -51.795  -38.009 0.5000000000
27986  -48.007  -44.398  -37.746 0.3000000119
26354  -46.875  -46.316  -37.330 0.3000000119
25545  -46.384  -47.271  -36.855 0.3000000119
26353  -46.004  -46.399  -36.575 0.3000000119
23685  -46.306  -49.618  -37.749 0.3000000119
22793  -45.788  -50.342  -37.812 0.3000000119
21918  -44.572  -51.375  -38.604 0.4000000060
18699  -32.652  -55.576  -35.989 0.4000000060
27987  -48.540  -44.257  -37.554 0.3000000119
127237  -47.187  -44.405  -37.335 0.3000000119
131712  -46.319  -44.667  -36.723 0.3000000119
15438  -36.406  -60.480  -39.917 0.5000000000
16267  -37.636  -59.848  -39.978 0.5000000000
14599  -33.170  -60.263  -39.755 0.4000000060
15436  -34.137  -60.071  -39.848 0.4000000060
15437  -35.376  -60.322  -39.885 0.4000000060
14602  -36.063  -61.156  -39.707 0.5000000000
17914  -39.469  -57.029  -39.572 0.5000000000
16260  -38.181  -58.252  -39.750 0.5000000000
16266  -36.510  -59.416  -39.938 0.5000000000
16259  -37.510  -58.568  -39.806 0.5000000000
16265  -35.557  -59.371  -39.850 0.4000000060
18734  -40.378  -55.422  -39.483 0.6000000238
18733  -39.740  -55.212  -39.121 0.6000000238
17908  -38.541  -56.717  -39.052 0.5000000000
17083  -38.095  -57.383  -39.335 0.5000000000
125516  -34.815  -58.287  -39.677 0.3000000119
17090  -36.044  -58.160  -39.591 0.4000000060
17082  -37.438  -57.622  -39.276 0.5000000000
19507  -40.872  -53.653  -39.430 0.6000000238
18730  -39.381  -55.199  -38.791 0.6000000238
18729  -38.811  -55.830  -38.519 0.6000000238
17907  -37.642  -56.951  -38.761 0.5000000000
140318  -42.229  -52.518  -39.175 0.6000000238
22794  -46.299  -49.769  -38.949 0.3000000119
21075  -43.868  -51.692  -39.105 0.4000000060
20271  -40.404  -53.146  -38.914 0.6000000238
17900  -37.947  -56.359  -38.225 0.4000000060
24608  -47.582  -48.008  -38.376 0.3000000119
21919  -45.258  -50.937  -38.200 0.3000000119
129308  -43.107  -51.995  -38.767 0.5000000000
19505  -39.674  -54.360  -38.818 0.6000000238
20272  -41.200  -52.958  -39.229 0.6000000238
19510  -40.059  -54.596  -39.206 0.6000000238
21923  -45.100  -50.886  -39.209 0.3000000119
19512  -41.568  -54.559  -39.667 0.5000000000
20278  -42.549  -53.366  -39.638 0.5000000000
20277  -41.728  -53.529  -39.590 0.5000000000
133055  -43.245  -53.223  -39.683 0.4000000060
19513  -42.491  -54.430  -39.630 0.5000000000
18735  -41.367  -55.660  -39.599 0.5000000000
19514  -43.308  -54.183  -39.630 0.4000000060
21083  -44.467  -52.323  -39.792 0.4000000060
21927  -44.764  -51.731  -39.840 0.4000000060
21079  -43.291  -52.085  -39.334 0.5000000000
17915  -39.978  -56.232  -39.488 0.5000000000
21922  -44.533  -51.379  -39.406 0.4000000060
12151  -31.598  -63.862  -35.319 0.3000000119
139003  -31.130  -63.746  -33.941 0.3000000119
12136  -31.641  -63.535  -34.458 0.3000000119
12917  -33.238  -62.274  -34.992 0.3000000119
13729  -33.749  -61.763  -34.636 0.4000000060
12152  -32.218  -63.320  -35.348 0.3000000119
12916  -32.983  -62.798  -36.014 0.3000000119
14558  -34.628  -60.599  -34.158 0.4000000060
138835  -33.890  -61.546  -35.527 0.4000000060
13739  -33.497  -62.057  -35.787 0.3000000119
12166  -33.291  -63.324  -37.506 0.3000000119
15393  -34.998  -59.893  -34.529 0.4000000060
15408  -35.613  -59.307  -35.003 0.4000000060
13740  -34.282  -61.132  -35.918 0.4000000060
13753  -33.967  -61.767  -36.511 0.4000000060
12937  -33.941  -62.964  -38.327 0.4000000060
13761  -34.266  -62.173  -37.751 0.4000000060
17887  -39.312  -56.921  -34.926 0.3000000119
15409  -36.325  -58.769  -34.838 0.4000000060
119754  -36.980  -58.710  -35.601 0.4000000060
15417  -36.335  -59.219  -35.877 0.4000000060
136625  -36.444  -59.773  -36.829 0.4000000060
142632  -35.631  -60.723  -37.491 0.4000000060
13762  -35.005  -61.849  -38.458 0.4000000060
17890  -41.378  -56.554  -36.649 0.3000000119
16247  -38.368  -58.129  -35.796 0.4000000060
118309  -38.690  -59.017  -37.063 0.4000000060
16250  -37.786  -58.807  -36.282 0.4000000060
135563  -38.011  -59.467  -37.267 0.4000000060
15425  -38.615  -59.901  -38.144 0.4000000060
15423  -36.959  -60.251  -37.859 0.4000000060
15424  -37.823  -60.153  -38.072 0.4000000060
14590  -35.889  -61.194  -38.406 0.4000000060
13763  -35.637  -61.757  -39.223 0.4000000060
17073  -40.539  -57.778  -37.169 0.4000000060
17077  -40.260  -58.502  -37.599 0.4000000060
15431  -39.233  -60.209  -38.973 0.4000000060
15430  -38.364  -60.590  -38.995 0.4000000060
14595  -36.210  -61.378  -39.458 0.4000000060
14591  -36.729  -61.026  -38.801 0.4000000060
13768  -35.060  -62.087  -39.539 0.4000000060
16256  -41.102  -58.590  -38.317 0.4000000060
16255  -40.286  -59.264  -38.409 0.4000000060
15432  -39.880  -59.873  -39.223 0.4000000060
15440  -38.477  -60.301  -39.443 0.4000000060
14596  -36.986  -61.064  -39.640 0.4000000060
15439  -37.785  -60.741  -39.580 0.4000000060
17084  -41.520  -58.569  -39.013 0.4000000060
16270  -40.408  -59.330  -39.282 0.4000000060
17091  -38.954  -57.909  -39.770 0.4000000060
18736  -42.473  -55.740  -39.408 0.4000000060
17094  -41.489  -57.877  -39.313 0.4000000060
17916  -41.002  -56.644  -39.593 0.4000000060
20279  -44.680  -53.202  -39.635 0.3000000119
21084  -45.325  -52.549  -39.672 0.3000000119
16268  -38.392  -59.449  -39.886 0.4000000060
17910  -42.061  -56.990  -39.321 0.4000000060
21085  -45.459  -51.727  -39.925 0.3000000119
125765  -40.537  -57.497  -39.619 0.4000000060
14572  -34.594  -60.499  -35.205 0.4000000060
14573  -35.120  -59.990  -35.656 0.4000000060
15416  -35.784  -59.769  -36.241 0.4000000060
14585  -35.407  -60.378  -36.749 0.4000000060
17888  -39.964  -57.056  -36.002 0.4000000060
140508  -38.009  -57.823  -35.028 0.4000000060
17889  -40.692  -56.417  -35.768 0.3000000119
16249  -37.157  -59.422  -36.830 0.4000000060
18723  -42.142  -56.887  -37.596 0.3000000119
17894  -40.764  -57.019  -36.648 0.4000000060
17072  -39.745  -57.990  -36.713 0.4000000060
16254  -39.400  -59.556  -38.183 0.4000000060
17902  -42.211  -57.619  -38.481 0.4000000060
16262  -40.363  -59.644  -38.979 0.4000000060
16269  -39.634  -59.199  -39.675 0.4000000060
118217  -36.810  -58.820  -33.699 0.3000000119
119177  -35.208  -61.576  -33.378 0.3000000119
13718  -34.645  -61.644  -33.532 0.3000000119
14548  -34.905  -60.956  -33.530 0.3000000119
16225  -36.123  -59.122  -33.774 0.3000000119
13730  -34.354  -61.329  -33.944 0.3000000119
14559  -35.183  -60.173  -33.720 0.3000000119
16237  -37.230  -58.284  -33.970 0.3000000119
16236  -36.518  -58.661  -34.127 0.3000000119
17066  -37.819  -57.895  -34.399 0.3000000119
122786  -42.699  -57.039  -38.429 0.3000000119
17911  -42.755  -56.739  -39.026 0.3000000119
18737  -43.286  -55.230  -39.304 0.3000000119
17058  -38.426  -57.502  -34.125 0.3000000119
17078  -41.784  -58.180  -38.615 0.3000000119
11429  -31.094  -64.064  -34.796 0.3000000119
12889  -34.500  -62.405  -33.399 0.3000000119
12926  -33.616  -62.488  -36.987 0.4000000060
13717  -34.066  -61.985  -33.733 0.3000000119
13754  -34.526  -61.380  -37.076 0.4000000060
14549  -35.557  -60.634  -33.437 0.3000000119
14584  -34.786  -60.657  -36.343 0.4000000060
14589  -35.193  -61.042  -37.534 0.4000000060
15383  -35.825  -59.818  -33.562 0.3000000119
15394  -35.532  -59.447  -34.012 0.3000000119
15422  -36.104  -60.418  -37.476 0.4000000060
15429  -37.584  -60.864  -38.986 0.4000000060
15433  -31.306  -59.831  -39.286 0.4000000060
15441  -39.188  -59.897  -39.514 0.4000000060
16226  -37.559  -58.557  -33.676 0.3000000119
16235  -35.957  -58.977  -34.265 0.3000000119
16246  -37.601  -58.198  -35.267 0.4000000060
16251  -39.556  -58.758  -37.412 0.4000000060
16252  -31.611  -58.227  -38.176 0.4000000060
16261  -39.901  -59.825  -38.850 0.4000000060
16263  -40.938  -59.236  -38.968 0.4000000060
16264  -33.596  -58.952  -39.677 0.4000000060
17067  -38.509  -57.459  -34.809 0.3000000119
17068  -39.123  -57.584  -35.778 0.4000000060
17070  -32.216  -57.295  -36.782 0.4000000060
17071  -39.079  -58.283  -36.528 0.4000000060
17074  -31.906  -57.855  -37.425 0.4000000060
17085  -42.060  -57.918  -39.045 0.4000000060
17087  -33.584  -57.011  -39.166 0.4000000060
17092  -40.061  -58.334  -39.695 0.4000000060
17093  -40.970  -58.673  -39.312 0.4000000060
17875  -38.958  -57.087  -34.184 0.3000000119
17898  -36.348  -56.641  -38.032 0.6000000238
17901  -41.486  -57.598  -37.675 0.4000000060
17903  -43.098  -56.554  -38.487 0.3000000119
17905  -35.540  -57.037  -39.090 0.5000000000
17909  -39.285  -55.990  -39.050 0.6000000238
18700  -33.137  -54.431  -36.295 0.6000000238
18701  -35.856  -55.038  -36.221 0.6000000238
18718  -33.479  -54.922  -37.896 0.5000000000
18726  -34.048  -55.037  -38.580 0.4000000060
18728  -35.012  -55.114  -38.741 0.6000000238
18731  -43.257  -56.114  -38.968 0.3000000119
19441  -31.741  -53.799  -32.847 0.5000000000
19458  -32.728  -54.105  -34.611 0.5000000000
19479  -37.507  -54.870  -35.607 0.6000000238
19487  -33.611  -53.950  -37.420 0.6999999881
19490  -38.254  -54.511  -36.483 0.6000000238
19497  -35.104  -54.113  -38.010 0.6000000238
19503  -34.524  -54.427  -38.519 0.6000000238
19504  -34.882  -54.479  -38.535 0.5000000000
19506  -40.179  -53.872  -39.140 0.6000000238
19511  -40.652  -54.554  -39.504 0.6000000238
19515  -44.029  -53.755  -39.597 0.4000000060
20187  -31.366  -53.454  -32.259 0.5000000000
20188  -32.089  -53.187  -32.488 0.5000000000
20236  -34.913  -52.481  -36.142 0.6000000238
20239  -39.196  -52.812  -35.910 0.6999999881
20251  -34.726  -52.781  -36.828 0.6000000238
20265  -40.372  -52.810  -38.354 0.6999999881
20273  -42.770  -52.617  -39.406 0.5000000000
20274  -43.740  -52.606  -39.712 0.4000000060
20972  -36.706  -52.152  -30.872 0.6000000238
20990  -35.652  -51.905  -31.659 0.6000000238
20992  -37.104  -52.470  -31.047 0.6999999881
21009  -36.075  -52.628  -31.997 0.6999999881
21010  -37.455  -52.999  -31.700 0.6000000238
21026  -34.192  -52.230  -33.737 0.5000000000
21027  -34.879  -51.929  -34.143 0.5000000000
21043  -34.517  -52.177  -34.690 0.5000000000
21044  -35.004  -51.954  -34.895 0.5000000000
21050  -35.050  -52.219  -35.466 0.5000000000
21072  -40.478  -52.567  -37.763 0.6999999881
21080  -44.034  -51.846  -39.626 0.4000000060
21841  -31.488  -51.342  -31.425 0.4000000060
21843  -33.373  -51.327  -31.147 0.5000000000
21860  -34.069  -51.701  -31.895 0.5000000000
21880  -40.515  -51.351  -33.602 0.8000000119
21895  -42.044  -51.293  -34.845 0.5000000000
21900  -42.357  -51.677  -35.640 0.5000000000
21910  -45.237  -50.788  -37.448 0.3000000119
21929  -45.874  -51.164  -40.060 0.3000000119
22705  -36.471  -49.579  -29.708 0.6999999881
22714  -35.663  -50.518  -30.138 0.6000000238
22723  -32.777  -50.764  -30.761 0.5000000000
22758  -41.128  -50.288  -33.655 0.6999999881
22784  -43.964  -51.129  -36.291 0.5000000000
22800  -45.667  -50.368  -39.093 0.3000000119
23608  -33.859  -48.929  -29.676 0.6000000238
23611  -36.909  -49.161  -29.816 0.6999999881
23617  -34.319  -49.640  -29.885 0.6000000238
23618  -35.220  -49.775  -29.827 0.6000000238
23623  -31.780  -48.957  -31.871 0.6000000238
23624  -32.349  -50.020  -30.730 0.5000000000
23625  -37.807  -49.942  -30.646 0.6999999881
23645  -40.137  -49.422  -32.983 0.6999999881
23646  -40.738  -49.605  -33.385 0.8000000119
23677  -45.702  -49.702  -36.908 0.3000000119
24538  -32.497  -48.540  -30.542 0.6000000238
24556  -38.655  -48.412  -32.073 0.6999999881
24557  -39.178  -48.544  -32.566 0.6999999881
24567  -32.015  -48.230  -33.621 0.6000000238
24569  -40.405  -48.617  -33.454 0.6999999881
24583  -31.728  -48.693  -34.865 0.3000000119
24585  -40.970  -48.275  -34.101 0.6999999881
25451  -35.415  -47.571  -29.303 0.6999999881
25470  -37.324  -47.750  -30.375 0.6999999881
25528  -37.748  -47.542  -36.342 0.5000000000
25534  -44.543  -47.169  -36.012 0.4000000060
25539  -38.432  -47.900  -36.807 0.5000000000
25554  -39.065  -48.001  -37.668 0.5000000000
26266  -35.554  -46.004  -29.608 0.6000000238
26281  -33.015  -46.270  -30.477 0.5000000000
26311  -37.620  -46.923  -32.536 0.6999999881
26349  -37.305  -47.140  -36.877 0.5000000000
26371  -39.026  -47.509  -39.131 0.4000000060
26379  -38.562  -47.068  -39.505 0.5000000000
27053  -35.273  -45.336  -29.765 0.6000000238
27063  -33.233  -44.911  -30.760 0.5000000000
27065  -34.238  -45.344  -29.680 0.6000000238
27067  -36.454  -45.597  -30.802 0.6000000238
27114  -37.190  -46.248  -33.082 0.5000000000
27134  -36.652  -45.267  -34.859 0.4000000060
27151  -46.568  -45.417  -37.040 0.3000000119
27156  -36.880  -45.531  -37.401 0.4000000060
27159  -47.643  -45.296  -37.849 0.3000000119
27174  -41.815  -45.700  -40.410 0.3000000119
27175  -38.717  -45.616  -40.219 0.4000000060
27892  -35.289  -44.723  -30.180 0.5000000000
27905  -32.601  -44.166  -31.712 0.5000000000
27924  -31.463  -44.381  -32.828 0.4000000060
27927  -36.463  -44.848  -32.401 0.5000000000
27950  -30.784  -44.823  -34.207 0.3000000119
27991  -37.281  -44.406  -39.061 0.4000000060
28773  -34.312  -43.927  -30.651 0.5000000000
28784  -33.829  -43.582  -31.207 0.5000000000
28786  -35.276  -43.779  -31.170 0.5000000000
28803  -33.423  -43.049  -32.048 0.4000000060
28805  -35.610  -43.536  -32.411 0.4000000060
28845  -36.322  -43.623  -35.508 0.4000000060
28870  -37.104  -43.462  -38.709 0.4000000060
29777  -36.183  -42.827  -35.803 0.4000000060
29795  -37.192  -42.853  -39.049 0.4000000060
30693  -32.511  -41.228  -33.605 0.3000000119
30695  -34.543  -41.446  -33.898 0.4000000060
30696  -34.917  -42.076  -34.032 0.4000000060
30715  -36.148  -42.077  -35.989 0.4000000060
30734  -37.252  -42.043  -38.905 0.4000000060
30748  -43.401  -41.787  -42.647 0.4000000060
31558  -34.441  -40.591  -33.778 0.4000000060
31604  -43.631  -40.578  -40.720 0.4000000060
32404  -32.532  -39.619  -33.309 0.4000000060
34106  -34.686  -36.927  -32.953 0.4000000060
118475  -35.200  -52.054  -33.545 0.5000000000
119208  -35.460  -61.510  -38.435 0.4000000060
119332  -37.030  -58.365  -34.615 0.3000000119
119898  -41.601  -52.374  -38.222 0.6999999881
119920  -42.536  -52.281  -39.097 0.5000000000
120576  -36.478  -44.439  -35.187 0.4000000060
122468  -33.713  -45.040  -30.124 0.5000000000
122530  -35.028  -37.614  -33.226 0.4000000060
124956  -41.985  -52.825  -39.353 0.6000000238
125139  -35.691  -43.335  -33.192 0.4000000060
125551  -32.211  -47.102  -35.390 0.3000000119
126158  -37.427  -49.145  -30.270 0.6999999881
128286  -32.183  -48.110  -35.542 0.4000000060
128766  -35.567  -39.940  -34.386 0.4000000060
130499  -37.008  -41.160  -37.742 0.4000000060
130512  -37.176  -60.504  -39.925 0.5000000000
130530  -38.483  -42.130  -40.474 0.4000000060
131421  -31.233  -50.354  -31.632 0.5000000000
131474  -34.204  -61.133  -34.846 0.4000000060
131527  -32.206  -46.952  -33.468 0.5000000000
131899  -38.728  -47.696  -35.104 0.5000000000
132455  -38.420  -50.022  -31.258 0.6999999881
132582  -36.740  -46.355  -30.559 0.6000000238
132631  -36.949  -54.578  -34.321 0.6999999881
132856  -38.046  -49.087  -30.884 0.6999999881
133508  -37.915  -47.230  -33.801 0.5000000000
133740  -35.641  -48.429  -29.379 0.6000000238
134256  -41.571  -44.320  -41.545 0.3000000119
134739  -35.620  -58.544  -39.713 0.4000000060
134764  -36.857  -58.725  -39.854 0.5000000000
135593  -41.009  -40.606  -38.228 0.4000000060
135634  -33.490  -48.282  -29.666 0.6000000238
135672  -38.911  -59.030  -39.860 0.4000000060
136177  -42.458  -57.384  -38.961 0.3000000119
138898  -36.511  -41.244  -36.728 0.4000000060
140035  -39.188  -45.951  -40.227 0.4000000060
140492  -37.529  -41.473  -39.056 0.4000000060
141036  -35.566  -41.946  -34.945 0.4000000060
141608  -32.605  -60.363  -39.684 0.4000000060
141847  -33.171  -56.316  -38.493 0.4000000060
142108  -31.924  -54.016  -33.281 0.5000000000
