#!ascii label  , from subject sub-v2s7x29669_ses-1 vox2ras=TkReg
1128
43475  -40.167  -10.177  33.174 0.0000000000
35029  -32.261  -20.323  40.117 0.0000000000
49348  -40.112  -3.007  18.858 0.0000000000
43624  -35.723  -9.929  24.587 0.0000000000
46763  -42.739  -5.781  27.802 0.0000000000
36958  -39.265  -17.245  36.787 0.0000000000
36049  -28.064  -18.092  29.131 0.0000000000
39507  -32.029  -13.923  25.803 0.0000000000
34199  -25.409  -20.326  41.812 0.0000000000
52954  -47.230  3.005  20.731 0.0000000000
34293  -22.754  -19.998  31.251 0.0000000000
42624  -38.391  -10.217  28.853 0.0000000000
43620  -39.929  -8.920  26.116 0.0000000000
43549  -43.387  -9.751  29.994 0.0000000000
40259  -39.343  -13.220  34.794 0.0000000000
111182  -35.855  -15.593  31.604 0.0000000000
41053  -36.264  -12.368  29.607 0.0000000000
41791  -33.544  -11.401  25.223 0.0000000000
51576  -48.832  0.177  19.160 0.0000000000
35921  -28.460  -18.574  40.483 0.0000000000
35969  -24.082  -18.660  36.352 0.0000000000
35089  -27.616  -19.483  35.334 0.0000000000
93184  -42.111  -4.573  23.730 0.0000000000
35042  -36.060  -20.028  38.234 0.0000000000
107015  -30.904  -19.746  34.351 0.0000000000
36031  -33.420  -18.312  32.754 0.0000000000
37881  -30.482  -16.472  27.598 0.0000000000
33458  -22.358  -22.117  42.606 0.0000000000
47575  -47.778  -4.281  27.718 0.0000000000
50074  -45.829  -1.760  24.282 0.0000000000
52180  -47.984  2.718  24.624 0.0000000000
51558  -43.516  0.208  19.623 0.0000000000
50176  -45.130  -1.705  16.835 0.0000000000
97750  -21.385  -21.854  37.138 0.0000000000
35157  -25.369  -19.736  29.958 0.0000000000
42607  -39.220  -10.306  30.482 0.0000000000
43546  -40.924  -9.724  29.123 0.0000000000
43511  -41.730  -9.899  31.288 0.0000000000
41731  -39.913  -11.010  34.319 0.0000000000
41033  -38.299  -12.559  32.605 0.0000000000
41757  -38.302  -11.452  31.452 0.0000000000
41774  -37.322  -11.236  29.596 0.0000000000
47660  -39.300  -4.319  16.487 0.0000000000
48496  -40.539  -3.232  16.426 0.0000000000
35940  -29.901  -19.270  40.223 0.0000000000
35962  -28.149  -19.099  37.814 0.0000000000
35055  -30.147  -20.189  37.808 0.0000000000
42646  -36.884  -9.710  23.236 0.0000000000
45253  -41.633  -7.859  27.198 0.0000000000
44485  -39.846  -7.837  24.750 0.0000000000
46786  -41.383  -5.814  25.850 0.0000000000
46804  -40.028  -5.739  23.312 0.0000000000
93165  -42.809  -4.855  25.676 0.0000000000
35963  -37.954  -19.273  37.223 0.0000000000
35097  -35.102  -19.310  35.883 0.0000000000
36964  -36.468  -17.883  34.420 0.0000000000
111688  -33.770  -15.303  28.533 0.0000000000
94171  -32.946  -16.791  28.959 0.0000000000
38664  -31.375  -15.469  26.517 0.0000000000
42635  -34.643  -10.617  25.245 0.0000000000
48435  -47.333  -3.383  26.048 0.0000000000
51532  -45.313  0.448  22.049 0.0000000000
52219  -44.904  1.374  20.122 0.0000000000
50889  -43.802  -0.664  17.644 0.0000000000
51573  -45.411  1.035  18.384 0.0000000000
50179  -48.325  -1.889  16.772 0.0000000000
33460  -23.902  -22.004  42.500 0.0000000000
32752  -22.216  -22.432  40.084 0.0000000000
33483  -23.059  -21.203  38.972 0.0000000000
36013  -22.761  -18.670  33.546 0.0000000000
35106  -21.609  -19.846  34.261 0.0000000000
101608  -22.438  -21.574  31.656 0.0000000000
36027  -29.863  -18.809  32.058 0.0000000000
107333  -27.866  -20.052  31.903 0.0000000000
35167  -26.664  -19.171  29.117 0.0000000000
43606  -37.176  -9.951  26.670 0.0000000000
95860  -37.996  -9.449  25.097 0.0000000000
43590  -39.017  -9.619  27.434 0.0000000000
44438  -41.862  -9.166  28.051 0.0000000000
45236  -43.551  -7.580  29.231 0.0000000000
38621  -39.475  -14.995  35.861 0.0000000000
37850  -37.128  -16.067  33.833 0.0000000000
39465  -37.895  -14.539  33.708 0.0000000000
39481  -36.017  -14.290  30.763 0.0000000000
39498  -34.096  -13.728  27.867 0.0000000000
40307  -32.907  -12.823  25.799 0.0000000000
41058  -35.217  -11.988  27.854 0.0000000000
42627  -35.966  -10.724  27.006 0.0000000000
52248  -47.212  1.804  18.919 0.0000000000
52967  -49.087  3.338  20.214 0.0000000000
35013  -26.516  -19.175  40.251 0.0000000000
35024  -24.970  -19.853  39.145 0.0000000000
35948  -26.026  -18.868  38.073 0.0000000000
35981  -25.353  -18.443  35.562 0.0000000000
35123  -24.798  -18.554  33.103 0.0000000000
43634  -38.637  -8.988  24.043 0.0000000000
47625  -39.762  -4.800  21.267 0.0000000000
48459  -40.800  -3.822  21.229 0.0000000000
98977  -34.142  -20.422  39.011 0.0000000000
34235  -31.554  -20.462  37.467 0.0000000000
35074  -33.592  -19.703  36.423 0.0000000000
35999  -32.154  -18.943  34.087 0.0000000000
36989  -31.139  -17.738  31.137 0.0000000000
36993  -34.439  -17.440  31.618 0.0000000000
37016  -31.922  -17.330  29.784 0.0000000000
37870  -29.174  -16.860  28.115 0.0000000000
43478  -42.378  -9.382  33.138 0.0000000000
35003  -34.143  -20.106  42.406 0.0000000000
35031  -38.835  -19.893  39.998 0.0000000000
36942  -40.328  -18.342  38.439 0.0000000000
43495  -45.201  -10.334  32.795 0.0000000000
44412  -46.162  -9.363  31.821 0.0000000000
46739  -44.809  -5.751  30.172 0.0000000000
101165  -47.764  -4.477  31.033 0.0000000000
47562  -45.516  -4.743  28.314 0.0000000000
92932  -44.734  -4.437  26.147 0.0000000000
48452  -44.178  -3.174  23.931 0.0000000000
49326  -43.108  -2.186  21.946 0.0000000000
50816  -46.304  -0.358  23.881 0.0000000000
50110  -44.053  -0.882  21.656 0.0000000000
50135  -41.658  -1.581  19.296 0.0000000000
50160  -42.458  -1.458  17.598 0.0000000000
94451  -47.169  -1.036  17.757 0.0000000000
32742  -21.057  -22.379  40.329 0.0000000000
32014  -20.141  -23.284  35.526 0.0000000000
34248  -22.410  -20.140  36.664 0.0000000000
33511  -20.640  -21.629  34.724 0.0000000000
34267  -29.557  -20.458  35.257 0.0000000000
35136  -26.389  -19.766  32.319 0.0000000000
35155  -23.860  -19.694  30.320 0.0000000000
32809  -24.101  -22.486  27.742 0.0000000000
43509  -39.934  -10.171  31.712 0.0000000000
43529  -40.069  -10.067  30.887 0.0000000000
43492  -41.470  -9.738  32.185 0.0000000000
42583  -39.756  -10.754  33.453 0.0000000000
41752  -39.277  -11.139  32.737 0.0000000000
42594  -39.543  -10.561  32.155 0.0000000000
42600  -38.701  -10.842  31.057 0.0000000000
48472  -39.681  -3.599  19.294 0.0000000000
102264  -39.450  -3.596  17.516 0.0000000000
48495  -39.880  -3.726  16.390 0.0000000000
49373  -39.980  -2.986  17.943 0.0000000000
35015  -31.742  -20.002  40.802 0.0000000000
103421  -30.561  -19.788  39.594 0.0000000000
35040  -31.142  -20.235  38.961 0.0000000000
94810  -35.166  -10.270  22.935 0.0000000000
43631  -36.272  -9.749  23.887 0.0000000000
46001  -41.836  -6.817  27.143 0.0000000000
46008  -41.349  -6.626  26.385 0.0000000000
46777  -41.819  -5.957  26.725 0.0000000000
110230  -41.334  -5.520  25.267 0.0000000000
46770  -42.459  -5.503  27.053 0.0000000000
36952  -39.032  -18.184  37.126 0.0000000000
35987  -37.117  -18.379  35.587 0.0000000000
36960  -37.461  -17.608  35.352 0.0000000000
39496  -32.861  -14.748  27.160 0.0000000000
38659  -32.525  -15.593  27.461 0.0000000000
39501  -31.764  -14.742  26.113 0.0000000000
38679  -29.856  -14.834  24.571 0.0000000000
42640  -34.753  -10.305  24.491 0.0000000000
42643  -33.717  -10.666  23.339 0.0000000000
42644  -34.512  -10.350  23.561 0.0000000000
52220  -45.647  1.808  20.512 0.0000000000
52234  -45.499  1.834  19.635 0.0000000000
94782  -44.827  1.270  18.782 0.0000000000
52965  -46.197  2.108  19.346 0.0000000000
34191  -24.657  -21.246  42.325 0.0000000000
33476  -23.729  -21.653  41.104 0.0000000000
34205  -23.964  -21.051  40.239 0.0000000000
35133  -22.517  -19.248  32.263 0.0000000000
35132  -21.965  -19.741  32.826 0.0000000000
33519  -22.353  -20.673  31.740 0.0000000000
104881  -22.819  -21.795  31.143 0.0000000000
104054  -23.084  -21.632  30.480 0.0000000000
36042  -28.589  -18.463  30.321 0.0000000000
35160  -28.170  -19.107  30.717 0.0000000000
36057  -27.246  -18.441  28.670 0.0000000000
42629  -37.445  -10.133  27.453 0.0000000000
43589  -37.991  -9.730  26.792 0.0000000000
43568  -38.669  -9.913  28.174 0.0000000000
43547  -41.878  -9.807  29.259 0.0000000000
43571  -41.556  -9.556  28.483 0.0000000000
43572  -42.272  -9.500  28.807 0.0000000000
44439  -42.491  -8.810  28.438 0.0000000000
44429  -43.544  -8.624  29.415 0.0000000000
39440  -39.568  -14.290  35.653 0.0000000000
39455  -38.591  -14.665  34.718 0.0000000000
40258  -38.940  -13.474  34.364 0.0000000000
41042  -37.350  -12.487  31.171 0.0000000000
40285  -36.910  -13.262  31.184 0.0000000000
40291  -36.184  -13.070  30.023 0.0000000000
39491  -35.189  -13.755  29.339 0.0000000000
40294  -35.177  -12.996  28.767 0.0000000000
109753  -35.031  -12.544  28.164 0.0000000000
41055  -35.465  -12.242  28.510 0.0000000000
42614  -37.828  -10.617  29.229 0.0000000000
41779  -36.422  -11.272  28.517 0.0000000000
42622  -36.891  -10.630  28.065 0.0000000000
42628  -36.663  -10.422  27.282 0.0000000000
35920  -27.680  -18.582  40.193 0.0000000000
35026  -26.269  -19.293  39.714 0.0000000000
35937  -27.636  -18.717  39.200 0.0000000000
35052  -27.998  -19.175  36.991 0.0000000000
35972  -27.245  -18.829  36.776 0.0000000000
35983  -27.061  -18.904  35.939 0.0000000000
35997  -25.030  -18.405  34.691 0.0000000000
35109  -26.639  -19.238  34.173 0.0000000000
106871  -39.324  -9.183  25.912 0.0000000000
43627  -38.395  -9.230  24.622 0.0000000000
43628  -39.073  -8.961  24.900 0.0000000000
45284  -39.893  -7.195  24.388 0.0000000000
45283  -39.525  -7.966  24.197 0.0000000000
45292  -39.056  -7.432  22.893 0.0000000000
46806  -41.404  -5.035  23.896 0.0000000000
46810  -40.233  -5.269  22.710 0.0000000000
47619  -40.855  -4.631  22.432 0.0000000000
47626  -40.501  -4.402  21.607 0.0000000000
47620  -41.690  -4.072  22.454 0.0000000000
34228  -34.865  -20.328  38.910 0.0000000000
34238  -34.208  -20.264  38.150 0.0000000000
35058  -34.757  -19.873  37.355 0.0000000000
36001  -34.193  -18.722  34.186 0.0000000000
35984  -33.775  -19.077  34.993 0.0000000000
36016  -32.786  -18.552  33.457 0.0000000000
36029  -31.556  -18.347  32.534 0.0000000000
36037  -32.224  -18.057  31.906 0.0000000000
38631  -36.838  -15.566  33.062 0.0000000000
37849  -36.524  -16.507  33.402 0.0000000000
38637  -35.727  -16.278  32.012 0.0000000000
37871  -31.754  -16.811  28.367 0.0000000000
37866  -32.826  -17.166  29.593 0.0000000000
100518  -30.836  -16.825  28.335 0.0000000000
37027  -30.246  -17.108  28.990 0.0000000000
41065  -33.175  -12.100  25.533 0.0000000000
35045  -39.389  -19.634  39.542 0.0000000000
109575  -42.027  -14.038  37.841 0.0000000000
44402  -44.102  -9.953  32.628 0.0000000000
44403  -47.255  -9.657  33.176 0.0000000000
45212  -47.520  -7.607  32.931 0.0000000000
98792  -45.208  -7.300  30.842 0.0000000000
46729  -46.775  -5.721  31.724 0.0000000000
47550  -48.594  -4.236  29.555 0.0000000000
47548  -46.569  -4.721  29.648 0.0000000000
47563  -46.398  -4.628  28.195 0.0000000000
47584  -44.485  -4.663  26.741 0.0000000000
47585  -46.432  -4.266  26.821 0.0000000000
49285  -46.069  -2.335  24.804 0.0000000000
48432  -45.177  -3.444  24.944 0.0000000000
49299  -44.398  -2.515  23.586 0.0000000000
49313  -43.228  -2.740  22.650 0.0000000000
49314  -43.957  -2.151  22.844 0.0000000000
102182  -47.260  1.628  23.913 0.0000000000
50843  -43.968  0.202  20.422 0.0000000000
50822  -44.764  -0.467  22.210 0.0000000000
50829  -43.875  -0.375  20.966 0.0000000000
50120  -43.035  -1.213  20.792 0.0000000000
50859  -42.787  -0.441  19.446 0.0000000000
50159  -41.752  -1.731  17.792 0.0000000000
50871  -42.746  -0.446  18.596 0.0000000000
50162  -44.568  -1.198  17.256 0.0000000000
50174  -43.581  -1.834  16.833 0.0000000000
49386  -44.771  -2.258  16.272 0.0000000000
52249  -48.129  1.303  19.041 0.0000000000
107763  -47.073  0.215  18.284 0.0000000000
50874  -47.535  -0.463  18.208 0.0000000000
32760  -21.521  -22.407  38.629 0.0000000000
32750  -21.201  -22.642  39.107 0.0000000000
32770  -21.129  -22.551  37.847 0.0000000000
32011  -20.213  -23.262  36.534 0.0000000000
97646  -20.448  -22.639  35.942 0.0000000000
35050  -24.420  -19.304  37.686 0.0000000000
35049  -23.598  -19.671  37.513 0.0000000000
35067  -23.463  -19.182  36.684 0.0000000000
34276  -20.977  -20.936  34.267 0.0000000000
97210  -22.213  -23.714  32.373 0.0000000000
34269  -31.191  -20.306  35.811 0.0000000000
34250  -30.549  -20.464  36.380 0.0000000000
106757  -30.192  -20.269  34.586 0.0000000000
35147  -26.814  -19.888  31.041 0.0000000000
93345  -27.134  -20.105  31.919 0.0000000000
94160  -26.221  -19.812  31.442 0.0000000000
94690  -25.481  -19.315  31.856 0.0000000000
35165  -24.452  -19.924  29.615 0.0000000000
32803  -23.711  -22.466  28.403 0.0000000000
42615  -38.627  -10.337  29.651 0.0000000000
100534  -39.133  -9.921  28.860 0.0000000000
92754  -40.424  -9.891  29.973 0.0000000000
93102  -41.254  -9.823  29.839 0.0000000000
43532  -43.020  -10.062  30.529 0.0000000000
101695  -39.558  -11.884  34.312 0.0000000000
41008  -39.176  -12.737  34.192 0.0000000000
105735  -39.174  -12.120  33.711 0.0000000000
41043  -37.964  -12.182  31.744 0.0000000000
41766  -37.300  -11.991  30.602 0.0000000000
41765  -36.962  -11.899  29.963 0.0000000000
41767  -38.007  -11.249  30.710 0.0000000000
42606  -38.475  -10.708  30.389 0.0000000000
96669  -40.917  -3.838  15.497 0.0000000000
35939  -29.123  -18.986  39.861 0.0000000000
35951  -28.275  -19.000  38.646 0.0000000000
35952  -29.008  -19.220  38.941 0.0000000000
35037  -28.871  -19.405  38.077 0.0000000000
35070  -28.521  -19.715  36.415 0.0000000000
44464  -41.020  -8.289  26.543 0.0000000000
101693  -40.307  -8.509  25.952 0.0000000000
44476  -40.593  -7.767  25.760 0.0000000000
45273  -40.269  -7.345  25.069 0.0000000000
46026  -40.374  -6.482  24.712 0.0000000000
46795  -40.873  -5.847  25.103 0.0000000000
46796  -41.318  -5.327  24.715 0.0000000000
94565  -42.570  -4.728  24.867 0.0000000000
35061  -37.514  -19.700  37.812 0.0000000000
109039  -35.304  -19.547  36.701 0.0000000000
35077  -36.661  -19.369  36.570 0.0000000000
36003  -35.779  -18.576  34.585 0.0000000000
36002  -35.134  -18.482  33.924 0.0000000000
38652  -34.609  -15.212  29.557 0.0000000000
92776  -34.258  -16.525  30.199 0.0000000000
37873  -33.305  -16.063  28.601 0.0000000000
37883  -32.178  -16.296  27.803 0.0000000000
38657  -30.984  -16.112  26.986 0.0000000000
37905  -28.729  -15.729  25.977 0.0000000000
38669  -29.049  -15.365  24.932 0.0000000000
42634  -34.075  -10.854  24.843 0.0000000000
41798  -33.247  -10.890  23.807 0.0000000000
48414  -50.377  -3.168  27.848 0.0000000000
48423  -47.802  -3.639  26.520 0.0000000000
49251  -49.022  -2.562  26.410 0.0000000000
49268  -48.235  -2.120  25.872 0.0000000000
50075  -46.600  -1.743  24.808 0.0000000000
52917  -48.097  3.611  24.455 0.0000000000
52179  -47.201  2.155  23.375 0.0000000000
52204  -46.698  2.165  22.361 0.0000000000
52202  -45.211  1.018  21.110 0.0000000000
51544  -44.224  0.832  19.695 0.0000000000
50872  -43.386  -0.091  18.294 0.0000000000
51559  -44.252  1.019  18.948 0.0000000000
51589  -45.014  0.285  17.956 0.0000000000
50163  -45.412  -1.122  17.357 0.0000000000
50876  -49.639  -0.461  19.188 0.0000000000
50894  -49.060  -1.053  18.423 0.0000000000
50167  -49.709  -1.369  17.716 0.0000000000
33459  -23.146  -22.342  42.808 0.0000000000
32735  -22.568  -22.299  41.409 0.0000000000
32736  -23.103  -22.177  41.118 0.0000000000
96612  -22.596  -21.931  39.502 0.0000000000
33482  -22.303  -21.752  38.677 0.0000000000
35979  -23.402  -18.496  35.246 0.0000000000
35967  -22.840  -18.832  35.555 0.0000000000
35994  -22.496  -18.828  34.203 0.0000000000
34286  -21.570  -20.636  32.928 0.0000000000
32783  -22.125  -22.272  32.091 0.0000000000
32024  -22.704  -22.966  32.120 0.0000000000
32785  -22.754  -22.328  31.610 0.0000000000
35140  -30.116  -19.217  32.837 0.0000000000
35127  -29.540  -19.955  33.279 0.0000000000
35149  -28.366  -19.483  31.469 0.0000000000
35148  -27.603  -19.753  31.245 0.0000000000
35158  -26.288  -19.651  29.862 0.0000000000
43616  -36.142  -9.920  25.329 0.0000000000
43625  -36.684  -9.663  24.677 0.0000000000
43618  -37.810  -9.614  25.895 0.0000000000
43607  -38.642  -9.500  26.248 0.0000000000
106978  -39.885  -9.192  26.598 0.0000000000
43569  -39.501  -9.648  28.048 0.0000000000
93836  -40.332  -9.495  27.839 0.0000000000
44450  -40.965  -9.007  26.993 0.0000000000
44451  -41.442  -8.757  27.364 0.0000000000
110774  -42.124  -7.495  27.630 0.0000000000
45995  -43.054  -7.124  28.599 0.0000000000
37835  -39.483  -16.311  36.541 0.0000000000
37839  -38.294  -16.329  35.420 0.0000000000
37844  -38.362  -15.469  34.958 0.0000000000
38632  -37.505  -15.224  33.726 0.0000000000
38638  -36.893  -14.738  32.367 0.0000000000
40270  -38.033  -13.849  33.295 0.0000000000
39476  -36.953  -13.963  31.781 0.0000000000
38641  -35.588  -15.228  30.915 0.0000000000
39485  -35.165  -14.484  29.793 0.0000000000
39489  -33.941  -14.568  28.215 0.0000000000
39503  -33.172  -13.806  26.811 0.0000000000
40306  -32.263  -13.148  25.509 0.0000000000
40302  -33.618  -13.019  26.857 0.0000000000
41061  -33.464  -12.507  26.255 0.0000000000
41786  -33.858  -11.814  25.976 0.0000000000
41778  -35.781  -11.619  28.186 0.0000000000
41783  -35.520  -11.342  27.467 0.0000000000
41787  -34.517  -11.428  26.407 0.0000000000
42631  -34.957  -10.800  25.909 0.0000000000
42637  -35.810  -10.355  26.128 0.0000000000
52977  -46.907  2.203  19.195 0.0000000000
52235  -48.026  2.463  19.546 0.0000000000
51560  -49.368  0.841  19.664 0.0000000000
96795  -49.803  0.090  19.682 0.0000000000
51577  -50.545  -0.088  19.894 0.0000000000
97959  -25.853  -19.798  41.150 0.0000000000
105629  -25.195  -20.087  39.919 0.0000000000
35025  -25.690  -19.565  39.447 0.0000000000
35035  -25.494  -19.349  38.649 0.0000000000
35051  -25.220  -19.070  37.853 0.0000000000
35950  -27.549  -18.785  38.385 0.0000000000
35959  -25.778  -18.675  37.245 0.0000000000
97303  -24.836  -18.489  36.190 0.0000000000
35996  -24.028  -18.361  34.540 0.0000000000
109101  -23.759  -18.416  33.503 0.0000000000
35134  -23.302  -18.887  31.880 0.0000000000
43626  -37.644  -9.445  24.430 0.0000000000
93207  -38.147  -9.247  23.979 0.0000000000
44484  -39.536  -8.419  24.806 0.0000000000
48464  -39.977  -3.832  20.130 0.0000000000
49334  -40.724  -3.391  20.544 0.0000000000
34208  -33.155  -20.439  40.351 0.0000000000
34225  -31.753  -20.435  38.324 0.0000000000
34226  -32.602  -20.445  38.536 0.0000000000
34253  -33.026  -20.164  37.028 0.0000000000
35093  -31.782  -19.824  35.315 0.0000000000
35096  -34.172  -19.319  35.750 0.0000000000
35115  -33.017  -19.230  35.084 0.0000000000
35129  -31.301  -19.202  33.864 0.0000000000
36014  -30.946  -18.843  33.127 0.0000000000
102674  -30.411  -18.134  31.450 0.0000000000
36999  -29.200  -17.957  30.146 0.0000000000
37842  -36.761  -16.973  34.008 0.0000000000
36983  -35.385  -17.574  32.915 0.0000000000
36982  -34.008  -17.982  32.142 0.0000000000
97345  -34.042  -17.106  30.627 0.0000000000
37004  -33.483  -17.444  30.847 0.0000000000
36991  -32.861  -17.788  31.305 0.0000000000
37002  -31.532  -17.514  30.549 0.0000000000
37013  -29.670  -17.421  29.564 0.0000000000
40311  -31.232  -12.885  24.390 0.0000000000
43476  -40.738  -9.759  33.621 0.0000000000
43477  -41.523  -9.519  33.125 0.0000000000
33451  -24.222  -22.013  43.924 0.0000000000
34998  -26.156  -19.508  41.868 0.0000000000
34999  -26.463  -19.218  41.052 0.0000000000
35905  -27.032  -18.629  41.451 0.0000000000
35923  -29.941  -19.021  41.228 0.0000000000
35910  -30.863  -19.099  42.430 0.0000000000
99809  -32.119  -19.886  41.566 0.0000000000
35017  -33.584  -20.353  41.337 0.0000000000
34209  -34.122  -20.476  40.540 0.0000000000
34210  -35.137  -20.428  40.649 0.0000000000
34230  -36.448  -20.194  39.239 0.0000000000
99790  -37.162  -20.118  40.084 0.0000000000
107837  -37.325  -20.126  39.290 0.0000000000
35062  -38.335  -19.600  38.150 0.0000000000
35965  -39.525  -18.709  37.995 0.0000000000
36953  -39.774  -17.789  37.571 0.0000000000
37826  -40.005  -16.869  37.250 0.0000000000
38612  -40.471  -15.090  36.929 0.0000000000
39422  -40.665  -14.243  36.774 0.0000000000
42570  -40.469  -10.399  34.757 0.0000000000
43493  -42.225  -9.726  32.348 0.0000000000
43513  -43.666  -10.210  31.361 0.0000000000
92941  -44.373  -10.220  31.447 0.0000000000
44389  -46.496  -9.804  34.016 0.0000000000
43515  -46.161  -10.194  32.353 0.0000000000
44418  -43.970  -9.655  30.293 0.0000000000
45237  -44.050  -8.165  29.814 0.0000000000
97977  -44.070  -7.047  29.700 0.0000000000
46749  -43.564  -5.827  28.895 0.0000000000
46728  -46.135  -5.338  30.945 0.0000000000
47546  -44.756  -5.239  29.477 0.0000000000
93772  -43.971  -5.016  28.068 0.0000000000
106051  -44.037  -4.864  27.315 0.0000000000
106351  -44.088  -4.634  26.118 0.0000000000
47605  -43.088  -4.345  24.461 0.0000000000
48421  -46.067  -3.955  26.099 0.0000000000
109663  -44.606  -3.972  25.122 0.0000000000
47614  -42.774  -4.146  23.780 0.0000000000
48456  -42.553  -3.379  22.585 0.0000000000
49324  -41.850  -2.845  21.223 0.0000000000
49335  -41.423  -2.683  20.528 0.0000000000
50806  -47.100  -0.038  24.481 0.0000000000
50086  -45.898  -1.046  23.899 0.0000000000
108594  -45.796  0.501  22.752 0.0000000000
50815  -45.642  -0.655  23.394 0.0000000000
50098  -44.374  -1.309  22.510 0.0000000000
50097  -43.722  -1.668  22.163 0.0000000000
50118  -41.814  -1.895  20.109 0.0000000000
49350  -41.250  -2.238  19.692 0.0000000000
50149  -41.135  -2.072  18.086 0.0000000000
49382  -41.358  -2.772  16.578 0.0000000000
49395  -41.872  -3.099  15.915 0.0000000000
50161  -43.228  -1.315  17.391 0.0000000000
49384  -43.157  -2.394  16.382 0.0000000000
48516  -43.014  -3.817  14.822 0.0000000000
52247  -46.291  1.647  18.711 0.0000000000
50892  -46.558  -0.290  17.949 0.0000000000
50164  -46.281  -1.071  17.541 0.0000000000
50165  -47.742  -1.526  17.368 0.0000000000
100019  -46.865  -1.611  17.160 0.0000000000
49400  -45.971  -2.603  15.748 0.0000000000
95848  -21.534  -22.520  39.883 0.0000000000
34214  -23.752  -20.740  39.283 0.0000000000
34223  -22.806  -20.961  38.310 0.0000000000
34232  -22.006  -21.009  37.134 0.0000000000
35065  -22.044  -19.898  35.860 0.0000000000
34265  -21.413  -20.549  35.529 0.0000000000
33507  -20.944  -21.367  35.569 0.0000000000
32775  -20.338  -22.507  35.050 0.0000000000
34234  -30.730  -20.448  37.229 0.0000000000
34249  -29.761  -20.425  36.112 0.0000000000
35111  -28.124  -20.058  34.752 0.0000000000
111074  -28.333  -20.323  33.440 0.0000000000
35110  -27.914  -20.198  33.956 0.0000000000
107365  -27.421  -19.672  34.487 0.0000000000
35124  -25.651  -19.099  32.756 0.0000000000
93073  -24.337  -18.958  31.549 0.0000000000
34297  -23.244  -20.121  30.562 0.0000000000
35176  -26.143  -19.289  28.562 0.0000000000
35180  -24.924  -20.137  28.024 0.0000000000
34309  -24.325  -20.534  28.468 0.0000000000
34308  -23.729  -20.851  29.037 0.0000000000
110608  -23.463  -20.838  29.609 0.0000000000
33526  -23.234  -20.848  30.142 0.0000000000
43491  -40.099  -10.131  32.388 0.0000000000
43510  -40.696  -9.853  31.705 0.0000000000
104797  -40.737  -9.789  32.711 0.0000000000
98156  -39.729  -10.530  32.800 0.0000000000
48473  -40.359  -3.188  19.709 0.0000000000
48483  -39.491  -3.521  18.374 0.0000000000
35028  -31.401  -20.093  39.884 0.0000000000
43623  -35.371  -10.024  23.764 0.0000000000
42645  -36.019  -9.974  23.086 0.0000000000
46769  -42.226  -6.091  27.349 0.0000000000
36957  -38.538  -17.654  36.390 0.0000000000
36956  -37.848  -18.098  35.973 0.0000000000
36961  -38.112  -17.201  35.698 0.0000000000
39502  -32.454  -14.334  26.464 0.0000000000
52935  -46.341  2.340  20.843 0.0000000000
52953  -46.272  2.350  20.049 0.0000000000
52246  -45.437  1.665  18.958 0.0000000000
34198  -24.557  -20.953  41.179 0.0000000000
34206  -24.703  -20.552  40.328 0.0000000000
35143  -22.813  -19.378  31.609 0.0000000000
34292  -22.380  -19.871  31.880 0.0000000000
33520  -22.813  -20.930  30.990 0.0000000000
93522  -28.572  -18.136  29.778 0.0000000000
36041  -28.043  -18.675  29.968 0.0000000000
42623  -37.766  -10.285  28.329 0.0000000000
43567  -38.251  -9.852  27.522 0.0000000000
43548  -42.665  -9.801  29.601 0.0000000000
44428  -43.016  -9.285  29.206 0.0000000000
107777  -43.575  -9.336  29.741 0.0000000000
40241  -39.744  -13.394  35.465 0.0000000000
39456  -39.098  -14.000  34.916 0.0000000000
41049  -36.741  -12.636  30.461 0.0000000000
40290  -35.696  -13.055  29.492 0.0000000000
111542  -35.712  -12.504  29.066 0.0000000000
35936  -26.895  -18.828  39.667 0.0000000000
35069  -27.796  -19.339  36.176 0.0000000000
35088  -26.869  -19.007  35.071 0.0000000000
45288  -39.499  -7.260  23.674 0.0000000000
95690  -41.542  -4.597  23.121 0.0000000000
47621  -42.294  -4.052  23.031 0.0000000000
34229  -35.610  -20.216  38.830 0.0000000000
35041  -35.170  -20.098  38.133 0.0000000000
36018  -34.487  -18.427  33.498 0.0000000000
36017  -33.724  -18.516  33.506 0.0000000000
36030  -32.492  -18.318  32.665 0.0000000000
38642  -36.294  -15.542  32.222 0.0000000000
37859  -35.329  -16.165  31.310 0.0000000000
37880  -29.480  -16.406  27.438 0.0000000000
41790  -32.801  -11.686  24.790 0.0000000000
45967  -46.641  -6.996  32.009 0.0000000000
47565  -48.987  -4.144  28.813 0.0000000000
47564  -47.964  -4.411  28.641 0.0000000000
93792  -46.922  -4.599  28.847 0.0000000000
107863  -47.173  -4.513  28.155 0.0000000000
47574  -46.845  -4.434  27.531 0.0000000000
49284  -45.465  -2.608  24.554 0.0000000000
49300  -45.096  -2.173  23.893 0.0000000000
52911  -48.062  3.583  25.291 0.0000000000
51515  -47.762  1.849  24.646 0.0000000000
51531  -44.509  0.102  21.296 0.0000000000
50842  -43.325  -0.465  20.359 0.0000000000
50175  -44.337  -1.771  16.775 0.0000000000
49399  -45.184  -2.706  15.646 0.0000000000
96644  -47.840  0.262  18.603 0.0000000000
50875  -48.500  -0.501  18.617 0.0000000000
33492  -21.806  -21.831  37.914 0.0000000000
32773  -20.978  -22.455  37.088 0.0000000000
33503  -20.933  -22.045  36.336 0.0000000000
35068  -24.070  -19.064  37.074 0.0000000000
101104  -21.487  -23.823  32.499 0.0000000000
35092  -31.021  -20.092  35.017 0.0000000000
93391  -26.098  -19.790  30.628 0.0000000000
35146  -25.178  -19.492  30.909 0.0000000000
43545  -39.637  -9.964  29.636 0.0000000000
108850  -39.833  -10.067  30.248 0.0000000000
43530  -41.013  -9.813  30.669 0.0000000000
43531  -42.031  -9.952  30.236 0.0000000000
110865  -42.368  -10.054  30.856 0.0000000000
108628  -39.422  -11.458  33.601 0.0000000000
41751  -38.594  -11.693  32.244 0.0000000000
41756  -37.718  -11.809  31.073 0.0000000000
109479  -37.609  -11.626  30.670 0.0000000000
42601  -39.389  -10.474  31.371 0.0000000000
47657  -38.979  -4.185  17.145 0.0000000000
35039  -30.347  -20.007  38.673 0.0000000000
35038  -29.593  -19.720  38.372 0.0000000000
35054  -29.419  -19.896  37.518 0.0000000000
35053  -28.708  -19.557  37.243 0.0000000000
111410  -41.384  -7.386  26.687 0.0000000000
46016  -40.796  -6.693  25.603 0.0000000000
46778  -42.151  -5.324  26.233 0.0000000000
46787  -41.876  -5.144  25.328 0.0000000000
47603  -41.959  -4.877  24.464 0.0000000000
35078  -37.259  -19.446  37.035 0.0000000000
35986  -36.456  -18.510  35.103 0.0000000000
36963  -35.858  -18.139  33.986 0.0000000000
38651  -34.015  -15.699  29.076 0.0000000000
38658  -31.792  -15.929  27.162 0.0000000000
38663  -30.412  -15.597  26.346 0.0000000000
38670  -30.106  -15.094  25.481 0.0000000000
42639  -33.905  -10.627  24.082 0.0000000000
49236  -50.614  -2.371  27.488 0.0000000000
48424  -49.686  -3.109  27.023 0.0000000000
50056  -49.510  -0.176  26.349 0.0000000000
101106  -49.296  -1.396  26.295 0.0000000000
98250  -48.443  -0.723  25.673 0.0000000000
50066  -47.405  -1.838  25.326 0.0000000000
103102  -47.336  -0.833  24.949 0.0000000000
53703  -47.971  3.952  22.575 0.0000000000
52927  -48.212  4.439  23.720 0.0000000000
52926  -47.554  3.131  23.016 0.0000000000
52203  -46.018  1.756  21.519 0.0000000000
96569  -44.538  0.723  20.536 0.0000000000
51572  -44.523  0.784  18.440 0.0000000000
50891  -45.646  -0.419  17.718 0.0000000000
50895  -50.124  -0.898  18.582 0.0000000000
101069  -23.807  -22.188  43.213 0.0000000000
33468  -23.302  -22.179  41.850 0.0000000000
33479  -23.264  -21.454  39.752 0.0000000000
102447  -23.271  -21.817  40.494 0.0000000000
35995  -23.125  -18.463  34.328 0.0000000000
35978  -22.633  -18.723  34.896 0.0000000000
34287  -22.006  -20.333  32.323 0.0000000000
33517  -21.826  -21.329  32.331 0.0000000000
32786  -23.169  -22.361  30.978 0.0000000000
32027  -23.307  -22.865  31.614 0.0000000000
35139  -29.318  -19.582  32.516 0.0000000000
35150  -29.119  -19.183  31.762 0.0000000000
36048  -27.396  -18.866  29.525 0.0000000000
35159  -27.383  -19.403  30.395 0.0000000000
109397  -26.687  -19.684  30.388 0.0000000000
35168  -26.904  -19.419  29.862 0.0000000000
43617  -36.757  -9.847  25.898 0.0000000000
108124  -38.646  -9.599  26.924 0.0000000000
43608  -39.241  -9.420  26.706 0.0000000000
43591  -39.772  -9.435  27.260 0.0000000000
111124  -40.264  -9.790  29.381 0.0000000000
93100  -40.086  -9.664  28.753 0.0000000000
43570  -40.863  -9.586  28.323 0.0000000000
43593  -41.117  -9.305  27.700 0.0000000000
43592  -40.467  -9.226  27.127 0.0000000000
45246  -43.081  -8.225  28.790 0.0000000000
45254  -42.050  -8.387  27.778 0.0000000000
45245  -42.543  -7.774  28.192 0.0000000000
38611  -39.752  -15.445  36.395 0.0000000000
37840  -39.011  -15.720  35.790 0.0000000000
39454  -38.093  -14.949  34.254 0.0000000000
39471  -37.430  -14.628  33.119 0.0000000000
41022  -38.739  -12.615  33.424 0.0000000000
40271  -38.603  -13.310  33.771 0.0000000000
109009  -37.960  -13.313  32.696 0.0000000000
40284  -36.495  -13.934  31.181 0.0000000000
39475  -36.303  -14.754  31.548 0.0000000000
39480  -35.514  -14.579  30.358 0.0000000000
39490  -34.572  -13.900  28.641 0.0000000000
39497  -33.500  -14.262  27.561 0.0000000000
107950  -33.694  -13.544  27.326 0.0000000000
41057  -34.639  -12.407  27.618 0.0000000000
41062  -34.142  -12.257  26.835 0.0000000000
41782  -34.866  -11.738  27.164 0.0000000000
97648  -36.653  -11.583  29.261 0.0000000000
41784  -36.200  -11.019  27.758 0.0000000000
41788  -35.267  -11.068  26.688 0.0000000000
42632  -36.474  -10.259  26.599 0.0000000000
52236  -49.043  2.008  19.725 0.0000000000
52237  -50.191  1.247  20.357 0.0000000000
51561  -50.513  0.402  20.239 0.0000000000
52238  -51.125  0.868  20.841 0.0000000000
35012  -25.905  -19.651  40.318 0.0000000000
35036  -26.318  -19.059  38.940 0.0000000000
35961  -27.414  -18.792  37.592 0.0000000000
35971  -26.432  -18.608  36.589 0.0000000000
35960  -26.614  -18.657  37.423 0.0000000000
35970  -25.583  -18.507  36.404 0.0000000000
35980  -24.340  -18.412  35.505 0.0000000000
35108  -25.661  -18.738  33.795 0.0000000000
97587  -24.667  -18.399  33.919 0.0000000000
35135  -24.004  -18.576  32.469 0.0000000000
105528  -37.295  -9.588  25.217 0.0000000000
44475  -40.055  -8.141  25.295 0.0000000000
44492  -39.133  -8.127  23.496 0.0000000000
46816  -40.020  -5.057  22.032 0.0000000000
47633  -40.244  -4.137  20.881 0.0000000000
48460  -41.338  -3.343  21.213 0.0000000000
34218  -33.690  -20.474  39.624 0.0000000000
34217  -32.833  -20.447  39.426 0.0000000000
34227  -33.444  -20.429  38.752 0.0000000000
35057  -33.879  -20.021  37.212 0.0000000000
35073  -32.783  -19.920  36.255 0.0000000000
34270  -32.002  -20.165  36.043 0.0000000000
36000  -33.135  -18.849  34.326 0.0000000000
35114  -32.363  -19.302  34.832 0.0000000000
36015  -31.840  -18.611  33.325 0.0000000000
36036  -31.311  -18.050  31.764 0.0000000000
36043  -29.785  -18.042  30.800 0.0000000000
37000  -29.922  -17.610  30.202 0.0000000000
108664  -37.899  -16.156  34.852 0.0000000000
37838  -37.709  -16.828  35.088 0.0000000000
37843  -37.380  -16.481  34.486 0.0000000000
37855  -35.557  -17.024  32.471 0.0000000000
37848  -35.972  -17.148  33.168 0.0000000000
99300  -34.863  -17.669  32.375 0.0000000000
37867  -33.606  -16.520  29.445 0.0000000000
37003  -32.584  -17.477  30.485 0.0000000000
36992  -33.689  -17.701  31.488 0.0000000000
36990  -31.932  -17.733  31.205 0.0000000000
37014  -30.449  -17.343  29.770 0.0000000000
37026  -29.401  -17.174  28.791 0.0000000000
37025  -28.525  -17.305  28.430 0.0000000000
40305  -31.606  -13.463  25.171 0.0000000000
40312  -31.874  -12.767  24.949 0.0000000000
33450  -23.374  -22.259  43.796 0.0000000000
104691  -26.672  -18.901  41.868 0.0000000000
35922  -29.188  -18.729  40.851 0.0000000000
34200  -34.706  -20.396  41.527 0.0000000000
34220  -35.584  -20.331  39.746 0.0000000000
34221  -36.439  -20.221  40.169 0.0000000000
35019  -38.507  -19.590  40.596 0.0000000000
35018  -37.568  -19.656  40.750 0.0000000000
35030  -38.076  -20.060  39.885 0.0000000000
35043  -37.848  -19.996  38.775 0.0000000000
35044  -38.669  -19.938  39.167 0.0000000000
35954  -40.012  -19.210  38.985 0.0000000000
37827  -40.783  -16.515  37.786 0.0000000000
37836  -40.233  -15.971  37.046 0.0000000000
38599  -41.014  -15.616  37.614 0.0000000000
40207  -41.383  -13.762  37.290 0.0000000000
40225  -40.734  -13.424  36.616 0.0000000000
42584  -40.246  -10.300  33.980 0.0000000000
112066  -41.871  -9.221  33.657 0.0000000000
43494  -43.229  -9.920  32.296 0.0000000000
92938  -44.392  -10.351  32.034 0.0000000000
43516  -46.762  -9.824  32.591 0.0000000000
43497  -46.813  -10.204  33.140 0.0000000000
44411  -45.315  -9.848  31.472 0.0000000000
44419  -44.545  -9.117  30.482 0.0000000000
45228  -45.291  -8.611  31.032 0.0000000000
45974  -45.241  -6.304  30.727 0.0000000000
45973  -44.617  -6.615  30.243 0.0000000000
46750  -44.084  -5.947  29.573 0.0000000000
47539  -48.261  -4.284  30.502 0.0000000000
93471  -47.083  -4.910  31.212 0.0000000000
93145  -46.026  -4.724  28.970 0.0000000000
47547  -45.671  -5.004  29.709 0.0000000000
105899  -45.284  -4.846  29.045 0.0000000000
47545  -43.967  -5.299  28.895 0.0000000000
47561  -44.678  -4.926  28.596 0.0000000000
93114  -45.402  -4.426  26.640 0.0000000000
93249  -43.642  -4.584  25.553 0.0000000000
47594  -44.369  -4.327  25.583 0.0000000000
48422  -46.930  -3.820  26.338 0.0000000000
48434  -46.579  -3.347  25.686 0.0000000000
48443  -44.351  -3.587  24.532 0.0000000000
47615  -43.567  -3.724  24.028 0.0000000000
48450  -43.017  -3.506  23.248 0.0000000000
107011  -42.650  -2.831  22.148 0.0000000000
49325  -42.408  -2.561  21.556 0.0000000000
51503  -47.608  1.010  24.721 0.0000000000
50796  -48.120  0.616  25.287 0.0000000000
95769  -46.479  -0.992  24.373 0.0000000000
52192  -46.106  1.245  22.413 0.0000000000
51523  -46.458  1.009  23.255 0.0000000000
51522  -45.404  -0.190  22.768 0.0000000000
50099  -45.045  -0.975  22.935 0.0000000000
50109  -43.371  -1.443  21.483 0.0000000000
50136  -42.247  -1.221  19.721 0.0000000000
50119  -42.435  -1.572  20.485 0.0000000000
50134  -41.134  -2.024  18.880 0.0000000000
49376  -41.970  -2.155  17.158 0.0000000000
49383  -42.297  -2.537  16.474 0.0000000000
49385  -43.964  -2.323  16.296 0.0000000000
49397  -43.494  -2.845  15.775 0.0000000000
49396  -42.701  -2.927  15.864 0.0000000000
51575  -47.110  1.034  18.570 0.0000000000
50166  -48.660  -1.453  17.574 0.0000000000
50893  -48.077  -1.072  18.074 0.0000000000
50178  -47.458  -2.006  16.647 0.0000000000
111232  -46.563  -2.188  16.353 0.0000000000
32743  -21.887  -22.440  40.782 0.0000000000
106587  -20.968  -22.761  38.489 0.0000000000
32007  -20.063  -23.362  37.338 0.0000000000
32010  -19.861  -23.975  35.992 0.0000000000
32013  -19.930  -23.994  35.074 0.0000000000
34215  -24.478  -20.406  39.608 0.0000000000
35034  -24.244  -20.120  38.830 0.0000000000
35048  -22.993  -19.727  36.928 0.0000000000
34224  -23.476  -20.389  38.378 0.0000000000
34233  -22.794  -20.402  37.568 0.0000000000
33493  -22.357  -21.179  37.930 0.0000000000
35087  -22.299  -19.248  35.369 0.0000000000
35086  -21.704  -19.782  35.065 0.0000000000
34264  -20.965  -20.920  34.934 0.0000000000
33508  -21.393  -21.195  36.355 0.0000000000
110850  -20.620  -22.027  35.512 0.0000000000
32025  -23.520  -23.245  32.199 0.0000000000
93324  -22.997  -23.482  32.396 0.0000000000
35091  -29.025  -20.219  35.841 0.0000000000
34266  -28.812  -20.345  35.009 0.0000000000
34288  -28.764  -20.216  32.958 0.0000000000
34283  -29.032  -20.392  33.694 0.0000000000
35137  -27.911  -20.242  32.642 0.0000000000
35126  -27.165  -20.102  32.819 0.0000000000
109902  -27.729  -20.242  33.282 0.0000000000
97365  -27.250  -19.892  33.644 0.0000000000
35125  -26.488  -19.524  33.233 0.0000000000
35145  -24.192  -19.300  30.765 0.0000000000
35144  -23.420  -19.333  31.051 0.0000000000
34314  -25.070  -20.268  27.200 0.0000000000
35175  -25.483  -19.668  28.457 0.0000000000
33544  -24.389  -21.642  27.489 0.0000000000
34313  -24.552  -20.776  27.694 0.0000000000
33538  -24.017  -21.180  28.215 0.0000000000
34303  -24.153  -20.326  29.130 0.0000000000
32049  -23.634  -23.260  28.772 0.0000000000
33537  -23.633  -21.672  28.723 0.0000000000
32797  -23.458  -22.423  29.184 0.0000000000
33531  -23.352  -21.490  29.581 0.0000000000
42593  -38.944  -11.011  31.851 0.0000000000
48471  -39.007  -4.099  18.795 0.0000000000
48482  -38.894  -4.077  17.920 0.0000000000
48492  -39.485  -3.765  16.883 0.0000000000
95014  -40.017  -3.164  17.051 0.0000000000
35014  -30.797  -19.573  40.676 0.0000000000
35027  -29.756  -19.512  39.263 0.0000000000
95195  -37.053  -9.578  23.948 0.0000000000
47582  -42.932  -5.027  26.551 0.0000000000
35976  -38.257  -18.558  36.746 0.0000000000
35975  -37.398  -18.922  36.388 0.0000000000
106989  -36.981  -17.992  34.972 0.0000000000
38660  -33.264  -15.246  27.918 0.0000000000
38665  -32.160  -15.182  26.783 0.0000000000
38671  -30.970  -14.970  25.846 0.0000000000
39505  -30.610  -14.549  25.042 0.0000000000
52936  -47.020  2.874  21.749 0.0000000000
52233  -44.815  1.410  19.292 0.0000000000
33469  -24.054  -21.634  41.775 0.0000000000
36026  -23.069  -18.647  32.715 0.0000000000
99690  -22.410  -19.035  32.972 0.0000000000
110624  -22.173  -19.783  32.305 0.0000000000
93011  -28.976  -18.653  30.953 0.0000000000
38620  -39.037  -14.863  35.293 0.0000000000
39466  -38.436  -14.096  34.162 0.0000000000
40279  -37.550  -13.091  31.960 0.0000000000
40288  -36.342  -13.479  30.612 0.0000000000
40287  -35.742  -13.799  30.049 0.0000000000
40293  -34.605  -13.077  28.091 0.0000000000
41780  -37.124  -10.924  28.849 0.0000000000
35919  -26.992  -18.774  40.589 0.0000000000
101382  -27.021  -18.705  38.875 0.0000000000
35982  -26.245  -18.588  35.724 0.0000000000
35998  -26.010  -18.622  34.825 0.0000000000
43619  -38.586  -9.330  25.420 0.0000000000
47613  -40.782  -5.155  23.271 0.0000000000
47627  -41.219  -3.954  21.795 0.0000000000
35985  -34.874  -19.000  34.911 0.0000000000
37856  -36.157  -16.346  32.719 0.0000000000
37854  -35.149  -16.973  31.746 0.0000000000
37872  -32.572  -16.576  28.418 0.0000000000
93171  -32.234  -17.085  29.001 0.0000000000
37865  -31.225  -17.158  29.167 0.0000000000
37015  -31.124  -17.336  29.998 0.0000000000
93479  -29.931  -16.795  28.229 0.0000000000
41064  -32.466  -12.401  25.175 0.0000000000
35004  -35.436  -20.116  42.351 0.0000000000
34990  -36.003  -19.515  42.770 0.0000000000
35020  -39.260  -19.409  40.486 0.0000000000
35943  -40.022  -19.150  40.124 0.0000000000
39404  -42.183  -14.625  38.303 0.0000000000
44386  -43.136  -9.154  33.360 0.0000000000
44387  -44.196  -9.374  33.292 0.0000000000
44388  -45.371  -9.652  33.624 0.0000000000
44391  -47.565  -8.798  33.452 0.0000000000
45220  -46.976  -8.707  32.465 0.0000000000
45219  -45.983  -7.958  31.548 0.0000000000
109213  -45.742  -6.857  31.278 0.0000000000
45966  -45.903  -6.038  31.262 0.0000000000
48377  -49.831  -3.182  30.030 0.0000000000
48376  -49.226  -3.717  30.335 0.0000000000
47538  -47.189  -4.619  30.389 0.0000000000
47549  -47.533  -4.507  29.586 0.0000000000
93250  -44.851  -4.751  27.596 0.0000000000
47573  -45.915  -4.576  27.497 0.0000000000
49266  -46.635  -2.541  25.219 0.0000000000
49265  -45.931  -2.984  25.138 0.0000000000
49283  -44.769  -2.919  24.244 0.0000000000
48451  -43.732  -2.977  23.369 0.0000000000
110142  -43.508  -2.169  22.411 0.0000000000
51504  -48.281  2.046  25.388 0.0000000000
51514  -46.872  0.701  23.984 0.0000000000
108228  -43.525  -0.863  21.067 0.0000000000
50841  -42.736  -0.964  20.169 0.0000000000
50150  -41.660  -1.527  18.502 0.0000000000
50858  -42.156  -0.958  18.933 0.0000000000
50151  -42.259  -1.089  18.206 0.0000000000
112314  -43.910  -1.353  17.187 0.0000000000
49398  -44.317  -2.789  15.682 0.0000000000
49389  -48.870  -2.279  16.150 0.0000000000
33466  -21.149  -22.024  41.271 0.0000000000
32751  -21.873  -22.431  39.383 0.0000000000
32769  -20.600  -22.904  37.299 0.0000000000
32772  -20.636  -22.672  36.673 0.0000000000
102471  -24.730  -19.572  38.403 0.0000000000
110699  -24.070  -19.781  38.183 0.0000000000
110544  -21.278  -20.410  34.051 0.0000000000
34277  -21.293  -20.389  34.666 0.0000000000
33514  -20.784  -21.579  33.797 0.0000000000
32777  -20.445  -22.391  34.135 0.0000000000
31225  -20.974  -24.284  32.733 0.0000000000
31227  -22.673  -24.232  32.571 0.0000000000
34251  -31.371  -20.426  36.627 0.0000000000
34268  -30.373  -20.423  35.524 0.0000000000
34279  -29.296  -20.418  34.443 0.0000000000
35156  -24.557  -19.579  30.285 0.0000000000
33543  -23.920  -21.853  28.085 0.0000000000
40993  -39.736  -12.492  35.031 0.0000000000
41741  -38.920  -11.923  33.052 0.0000000000
97775  -37.502  -11.483  30.260 0.0000000000
42605  -37.938  -10.924  29.981 0.0000000000
47662  -39.825  -4.364  15.872 0.0000000000
35938  -28.378  -18.793  39.528 0.0000000000
43609  -40.446  -8.906  26.544 0.0000000000
110440  -39.694  -8.719  25.509 0.0000000000
45264  -41.036  -7.357  26.190 0.0000000000
46032  -39.934  -6.413  23.918 0.0000000000
46031  -39.476  -6.507  23.122 0.0000000000
46805  -40.636  -5.678  24.152 0.0000000000
47604  -42.513  -4.551  24.244 0.0000000000
35060  -36.589  -19.695  37.465 0.0000000000
35059  -35.629  -19.766  37.450 0.0000000000
35076  -35.955  -19.343  36.136 0.0000000000
35974  -36.588  -18.995  35.812 0.0000000000
35973  -35.822  -19.030  35.355 0.0000000000
36970  -34.278  -18.226  32.863 0.0000000000
38646  -34.669  -15.826  30.018 0.0000000000
37863  -34.974  -16.017  30.578 0.0000000000
37868  -34.251  -15.985  29.646 0.0000000000
38654  -32.834  -16.036  27.976 0.0000000000
37882  -31.365  -16.454  27.682 0.0000000000
37893  -30.203  -16.133  26.972 0.0000000000
37892  -29.487  -15.881  26.607 0.0000000000
38662  -29.566  -15.452  25.919 0.0000000000
41797  -32.560  -11.251  23.996 0.0000000000
41794  -33.331  -11.094  24.447 0.0000000000
42642  -32.842  -10.984  23.128 0.0000000000
41803  -33.121  -11.143  22.198 0.0000000000
48399  -49.844  -3.697  28.514 0.0000000000
47576  -48.815  -4.137  28.039 0.0000000000
48412  -48.541  -3.851  27.156 0.0000000000
108567  -48.626  -3.305  26.623 0.0000000000
49250  -48.038  -3.032  26.169 0.0000000000
49252  -50.119  -1.966  26.828 0.0000000000
49267  -47.355  -2.780  25.675 0.0000000000
110315  -45.624  1.084  21.773 0.0000000000
51570  -43.242  0.186  18.921 0.0000000000
109472  -43.760  0.626  19.120 0.0000000000
51571  -43.829  0.519  18.628 0.0000000000
50873  -44.145  0.167  18.024 0.0000000000
50890  -44.753  -0.478  17.625 0.0000000000
50180  -49.279  -1.821  16.880 0.0000000000
33467  -22.678  -22.267  42.108 0.0000000000
32744  -22.609  -22.285  40.683 0.0000000000
107543  -22.807  -22.052  40.103 0.0000000000
110295  -23.779  -18.539  35.791 0.0000000000
35968  -23.354  -18.765  35.995 0.0000000000
35107  -22.079  -19.241  34.585 0.0000000000
35122  -22.055  -19.301  33.687 0.0000000000
35121  -21.563  -20.121  33.546 0.0000000000
35128  -30.394  -19.662  33.703 0.0000000000
35112  -29.684  -20.233  33.940 0.0000000000
35138  -28.541  -19.886  32.205 0.0000000000
111153  -36.715  -9.737  25.291 0.0000000000
46002  -42.487  -6.693  27.900 0.0000000000
105892  -43.075  -6.173  28.466 0.0000000000
37834  -38.784  -16.730  36.080 0.0000000000
38627  -37.714  -15.705  34.357 0.0000000000
93748  -37.460  -13.921  32.541 0.0000000000
38647  -35.114  -15.236  30.193 0.0000000000
38655  -34.295  -14.862  28.870 0.0000000000
105823  -34.767  -14.427  29.247 0.0000000000
40300  -32.682  -13.532  26.120 0.0000000000
40301  -33.177  -13.135  26.365 0.0000000000
40297  -34.127  -12.987  27.443 0.0000000000
41056  -36.046  -11.940  28.863 0.0000000000
41792  -34.260  -11.141  25.611 0.0000000000
42636  -35.311  -10.274  25.294 0.0000000000
52966  -47.376  2.780  19.946 0.0000000000
52968  -50.000  2.354  20.472 0.0000000000
50877  -50.646  -0.482  19.279 0.0000000000
51578  -51.105  -0.008  19.752 0.0000000000
109601  -50.961  -0.862  18.626 0.0000000000
34207  -25.291  -20.252  40.768 0.0000000000
35958  -24.849  -18.751  37.001 0.0000000000
35949  -26.813  -18.690  38.218 0.0000000000
36062  -27.010  -18.104  27.805 0.0000000000
43632  -37.611  -9.435  23.564 0.0000000000
96118  -39.125  -8.602  24.128 0.0000000000
47632  -39.514  -4.524  20.493 0.0000000000
47638  -39.258  -4.268  19.677 0.0000000000
34216  -31.978  -20.385  39.207 0.0000000000
34236  -32.399  -20.411  37.672 0.0000000000
34237  -33.260  -20.344  37.870 0.0000000000
34252  -32.200  -20.323  36.838 0.0000000000
35075  -34.451  -19.588  36.559 0.0000000000
35095  -33.304  -19.447  35.684 0.0000000000
35094  -32.537  -19.625  35.544 0.0000000000
35113  -31.582  -19.490  34.590 0.0000000000
36028  -30.668  -18.500  32.312 0.0000000000
36035  -29.622  -18.515  31.417 0.0000000000
36965  -37.132  -17.287  34.714 0.0000000000
111838  -36.349  -17.033  33.586 0.0000000000
36973  -36.160  -17.518  33.767 0.0000000000
36972  -35.585  -17.860  33.465 0.0000000000
36971  -34.999  -18.131  33.115 0.0000000000
37862  -34.659  -16.855  30.987 0.0000000000
37861  -33.510  -17.125  30.156 0.0000000000
36981  -33.141  -18.091  32.008 0.0000000000
37001  -30.602  -17.614  30.584 0.0000000000
37012  -28.889  -17.621  29.337 0.0000000000
102692  -24.317  -21.826  43.057 0.0000000000
34192  -25.293  -20.626  42.713 0.0000000000
104828  -25.928  -19.841  42.804 0.0000000000
35000  -30.593  -19.247  41.616 0.0000000000
35001  -31.364  -19.565  41.574 0.0000000000
35002  -32.911  -19.999  41.972 0.0000000000
35016  -32.603  -20.234  41.035 0.0000000000
34219  -34.573  -20.443  39.730 0.0000000000
92878  -36.977  -20.016  38.440 0.0000000000
35953  -39.163  -19.456  38.510 0.0000000000
35964  -38.719  -18.996  37.594 0.0000000000
36943  -41.137  -17.931  38.934 0.0000000000
36954  -40.561  -17.426  38.053 0.0000000000
39403  -41.367  -14.672  37.546 0.0000000000
39421  -40.003  -14.654  36.264 0.0000000000
40224  -40.151  -13.867  36.114 0.0000000000
40242  -40.270  -13.191  36.053 0.0000000000
40994  -40.146  -12.724  35.717 0.0000000000
40979  -40.708  -12.554  36.406 0.0000000000
103446  -40.338  -11.995  35.702 0.0000000000
41723  -40.035  -11.564  35.002 0.0000000000
105744  -42.002  -9.849  31.843 0.0000000000
43512  -42.619  -10.032  31.490 0.0000000000
43533  -43.881  -10.051  30.736 0.0000000000
43479  -46.102  -10.296  33.391 0.0000000000
44390  -47.265  -9.618  34.010 0.0000000000
43496  -46.147  -10.412  32.900 0.0000000000
43514  -45.215  -10.349  32.020 0.0000000000
43534  -44.517  -9.998  31.079 0.0000000000
111436  -43.957  -9.039  29.887 0.0000000000
45227  -44.603  -7.759  30.345 0.0000000000
45996  -43.535  -6.546  29.091 0.0000000000
46720  -47.670  -5.267  32.209 0.0000000000
46740  -45.466  -5.629  30.578 0.0000000000
47537  -46.349  -4.964  30.373 0.0000000000
47536  -45.731  -5.239  30.336 0.0000000000
47535  -45.229  -5.331  30.079 0.0000000000
46764  -43.392  -5.506  28.287 0.0000000000
46771  -43.274  -5.173  27.420 0.0000000000
47583  -43.703  -4.838  26.704 0.0000000000
106319  -43.207  -4.582  25.060 0.0000000000
47586  -47.393  -4.118  26.965 0.0000000000
47595  -45.189  -4.067  25.705 0.0000000000
48433  -45.789  -3.581  25.518 0.0000000000
47606  -43.853  -4.213  24.881 0.0000000000
110078  -42.134  -3.729  22.497 0.0000000000
48455  -41.993  -3.358  21.924 0.0000000000
106550  -40.863  -2.779  19.992 0.0000000000
50085  -45.358  -1.397  23.598 0.0000000000
51513  -46.027  0.130  23.317 0.0000000000
50084  -44.689  -1.737  23.238 0.0000000000
50108  -42.731  -1.861  21.211 0.0000000000
49336  -42.123  -2.262  20.847 0.0000000000
49349  -40.694  -2.575  19.289 0.0000000000
49363  -40.588  -2.495  18.445 0.0000000000
49374  -40.586  -2.614  17.615 0.0000000000
49381  -40.707  -2.792  16.968 0.0000000000
49375  -41.237  -2.359  17.362 0.0000000000
48497  -41.066  -3.351  15.902 0.0000000000
48503  -41.562  -3.659  15.430 0.0000000000
50888  -42.920  -0.746  17.924 0.0000000000
50173  -42.791  -1.949  17.001 0.0000000000
94735  -42.363  -3.469  15.373 0.0000000000
51574  -46.356  0.678  18.265 0.0000000000
51590  -45.793  0.279  17.994 0.0000000000
50177  -45.989  -1.671  16.970 0.0000000000
49387  -45.610  -2.201  16.327 0.0000000000
32732  -22.068  -22.237  41.750 0.0000000000
97021  -19.693  -23.874  36.769 0.0000000000
35066  -22.736  -19.336  36.177 0.0000000000
34247  -21.828  -20.525  36.323 0.0000000000
94373  -20.188  -23.211  34.568 0.0000000000
35056  -30.925  -20.362  38.083 0.0000000000
35072  -29.955  -20.326  36.959 0.0000000000
35071  -29.232  -20.057  36.676 0.0000000000
35090  -28.324  -19.889  35.584 0.0000000000
34278  -28.594  -20.373  34.198 0.0000000000
107803  -24.878  -18.790  32.315 0.0000000000
36056  -26.549  -18.750  28.225 0.0000000000
36055  -25.957  -19.164  27.858 0.0000000000
35166  -25.900  -19.610  29.179 0.0000000000
103933  -25.183  -19.825  29.190 0.0000000000
35174  -24.765  -20.082  28.816 0.0000000000
34302  -23.689  -20.333  29.753 0.0000000000
32791  -23.331  -22.390  30.105 0.0000000000
32065  -24.370  -23.407  27.468 0.0000000000
33442  -23.688  -22.178  44.784 0.0000000000
37005  -34.097  -17.337  31.092 0.0000000000
43480  -46.655  -10.167  33.490 0.0000000000
48413  -49.505  -3.663  27.676 0.0000000000
105949  -43.439  -4.792  26.106 0.0000000000
106795  -38.334  -13.125  33.154 0.0000000000
110599  -36.024  -19.536  36.849 0.0000000000
