#!ascii label  , from subject sub-v2s7x29669_ses-1 vox2ras=TkReg
451
104533  -19.071  8.342  -38.546 0.0000000000
54202  -15.193  3.524  -35.566 0.0000000000
54975  -21.403  3.999  -35.759 0.0000000000
92093  -17.580  -0.795  -35.056 0.0000000000
67202  -22.140  20.653  -40.398 0.0000000000
63390  -23.426  15.241  -43.837 0.0000000000
60954  -16.149  12.019  -38.584 0.0000000000
48084  -15.881  -4.608  -32.971 0.0000000000
52670  -16.487  1.123  -36.026 0.0000000000
93690  -15.043  -0.170  -34.371 0.0000000000
65031  -23.797  18.002  -41.555 0.0000000000
64198  -21.988  16.854  -39.073 0.0000000000
58034  -14.426  8.855  -35.689 0.0000000000
60200  -12.091  11.877  -35.471 0.0000000000
58813  -17.721  10.096  -39.091 0.0000000000
60956  -24.047  13.182  -37.535 0.0000000000
59517  -22.411  10.695  -36.913 0.0000000000
58068  -23.741  8.890  -36.481 0.0000000000
56496  -12.560  6.200  -34.774 0.0000000000
56508  -15.889  6.421  -36.570 0.0000000000
56525  -19.949  6.465  -37.697 0.0000000000
55002  -17.626  4.320  -37.647 0.0000000000
52673  -19.337  1.582  -35.998 0.0000000000
91799  -20.616  -0.646  -33.933 0.0000000000
61743  -17.228  13.816  -39.941 0.0000000000
63332  -23.643  15.252  -38.383 0.0000000000
61775  -23.839  13.022  -43.559 0.0000000000
49852  -14.307  -2.305  -33.229 0.0000000000
48979  -16.670  -3.010  -33.576 0.0000000000
51937  -14.222  0.304  -34.101 0.0000000000
91823  -13.660  -0.473  -33.383 0.0000000000
65009  -20.520  17.403  -39.895 0.0000000000
64196  -19.325  15.954  -40.943 0.0000000000
58063  -16.409  8.687  -37.458 0.0000000000
58776  -15.416  9.522  -36.624 0.0000000000
58801  -18.069  9.242  -38.884 0.0000000000
59533  -20.230  10.421  -38.225 0.0000000000
58804  -20.418  9.814  -38.028 0.0000000000
58791  -22.662  9.952  -36.662 0.0000000000
58066  -20.861  8.590  -37.496 0.0000000000
104237  -13.950  5.255  -35.052 0.0000000000
57254  -14.398  7.005  -35.497 0.0000000000
55702  -15.081  5.334  -35.756 0.0000000000
102170  -17.060  5.362  -37.581 0.0000000000
54986  -16.512  4.082  -36.874 0.0000000000
52671  -16.830  0.389  -35.946 0.0000000000
52684  -18.100  1.404  -36.556 0.0000000000
51950  -18.431  0.439  -35.932 0.0000000000
108296  -19.696  0.678  -34.921 0.0000000000
91804  -19.187  -0.485  -34.390 0.0000000000
67199  -19.398  20.308  -40.580 0.0000000000
67198  -18.554  20.678  -40.488 0.0000000000
67873  -20.333  21.443  -40.190 0.0000000000
68529  -21.332  22.711  -40.136 0.0000000000
111283  -23.594  20.163  -41.512 0.0000000000
64218  -23.808  17.094  -42.288 0.0000000000
96476  -14.526  12.207  -36.246 0.0000000000
60929  -13.975  13.415  -36.227 0.0000000000
104138  -17.283  12.928  -40.023 0.0000000000
103390  -19.050  14.312  -39.822 0.0000000000
109943  -19.839  13.506  -38.633 0.0000000000
61748  -24.983  13.058  -39.470 0.0000000000
61747  -24.726  13.847  -39.674 0.0000000000
97546  -24.181  11.974  -43.604 0.0000000000
55712  -20.761  5.492  -36.732 0.0000000000
56511  -22.008  6.647  -36.359 0.0000000000
48083  -14.940  -4.497  -32.792 0.0000000000
48099  -15.355  -3.869  -33.147 0.0000000000
101109  -15.246  -2.381  -33.552 0.0000000000
48100  -16.489  -3.914  -33.327 0.0000000000
53435  -14.250  2.390  -34.576 0.0000000000
53446  -15.805  2.802  -35.996 0.0000000000
52669  -15.054  1.707  -35.051 0.0000000000
51948  -16.036  0.568  -35.445 0.0000000000
91813  -16.413  -0.469  -35.064 0.0000000000
65809  -21.508  19.011  -39.981 0.0000000000
65811  -23.357  19.021  -40.459 0.0000000000
65800  -22.159  18.316  -39.598 0.0000000000
65025  -23.873  17.679  -40.492 0.0000000000
64212  -24.329  16.227  -40.851 0.0000000000
58758  -10.814  9.422  -35.276 0.0000000000
106186  -12.578  10.350  -35.340 0.0000000000
60215  -14.663  11.185  -36.113 0.0000000000
59543  -17.693  10.946  -39.428 0.0000000000
60968  -19.684  12.953  -38.579 0.0000000000
99444  -19.877  11.246  -38.404 0.0000000000
60251  -22.897  11.936  -36.832 0.0000000000
60252  -25.147  11.755  -38.478 0.0000000000
59535  -25.516  10.451  -38.459 0.0000000000
46521  -17.428  -6.612  -32.477 0.0000000000
47301  -17.732  -5.093  -33.064 0.0000000000
58032  -12.543  8.008  -35.184 0.0000000000
57266  -14.890  7.614  -36.003 0.0000000000
57283  -17.244  7.290  -37.975 0.0000000000
57301  -19.242  7.534  -38.356 0.0000000000
110012  -17.760  6.296  -38.186 0.0000000000
107558  -19.216  5.230  -37.867 0.0000000000
54988  -20.116  4.025  -36.855 0.0000000000
53448  -17.402  2.514  -36.868 0.0000000000
53450  -18.821  2.520  -36.862 0.0000000000
54216  -20.284  3.401  -36.329 0.0000000000
53429  -21.329  2.139  -34.911 0.0000000000
91797  -21.452  0.757  -34.424 0.0000000000
65821  -23.677  18.916  -42.296 0.0000000000
63328  -19.229  15.165  -40.493 0.0000000000
111212  -23.196  15.935  -38.632 0.0000000000
63371  -24.371  15.469  -41.438 0.0000000000
107003  -23.692  14.134  -37.348 0.0000000000
62522  -24.556  14.641  -40.096 0.0000000000
62550  -23.554  14.058  -43.823 0.0000000000
57286  -21.185  7.740  -37.064 0.0000000000
58050  -24.137  8.087  -36.465 0.0000000000
91825  -13.545  -1.049  -33.069 0.0000000000
50579  -14.815  -1.545  -33.694 0.0000000000
49868  -15.896  -1.739  -33.972 0.0000000000
49869  -17.096  -1.394  -34.506 0.0000000000
48981  -18.229  -3.610  -33.433 0.0000000000
49855  -18.304  -2.557  -33.635 0.0000000000
50581  -18.387  -1.825  -33.848 0.0000000000
63344  -17.707  15.378  -40.454 0.0000000000
58064  -17.120  8.177  -38.066 0.0000000000
58080  -16.971  9.066  -38.263 0.0000000000
58081  -17.657  8.663  -38.538 0.0000000000
58803  -19.820  9.764  -38.392 0.0000000000
99389  -19.477  9.045  -38.482 0.0000000000
58789  -20.920  9.502  -37.612 0.0000000000
58065  -19.906  8.229  -38.137 0.0000000000
102064  -14.230  3.786  -34.851 0.0000000000
54972  -13.538  4.310  -34.618 0.0000000000
54973  -14.667  4.452  -35.348 0.0000000000
54974  -15.685  4.464  -36.238 0.0000000000
92359  -17.111  -0.295  -35.585 0.0000000000
51949  -17.637  0.298  -36.065 0.0000000000
92102  -18.038  -0.225  -35.553 0.0000000000
51258  -18.972  0.090  -35.120 0.0000000000
105325  -18.425  -0.651  -34.785 0.0000000000
101941  -21.264  20.368  -40.280 0.0000000000
67200  -20.311  20.508  -40.355 0.0000000000
67201  -21.153  21.065  -40.255 0.0000000000
99503  -21.820  21.432  -40.351 0.0000000000
67203  -23.183  20.532  -40.928 0.0000000000
64226  -23.709  16.059  -42.926 0.0000000000
64230  -23.219  16.321  -44.159 0.0000000000
63396  -22.822  15.489  -44.909 0.0000000000
60231  -15.680  11.995  -37.488 0.0000000000
60953  -15.890  12.892  -38.059 0.0000000000
60977  -16.792  12.241  -39.578 0.0000000000
60980  -18.319  13.339  -39.992 0.0000000000
60967  -18.805  12.933  -39.087 0.0000000000
102116  -25.123  12.285  -41.024 0.0000000000
61762  -24.857  12.679  -41.537 0.0000000000
54989  -20.934  4.644  -36.341 0.0000000000
55713  -21.533  5.413  -36.269 0.0000000000
54990  -21.846  4.751  -35.861 0.0000000000
47282  -16.252  -5.373  -32.710 0.0000000000
47281  -15.384  -5.131  -32.660 0.0000000000
47300  -16.852  -4.820  -33.020 0.0000000000
52668  -14.003  1.808  -34.331 0.0000000000
51938  -15.201  0.447  -34.722 0.0000000000
51939  -15.855  -0.036  -34.960 0.0000000000
91816  -15.702  -0.599  -34.542 0.0000000000
65808  -20.387  18.841  -40.459 0.0000000000
65799  -21.018  18.207  -39.876 0.0000000000
110258  -21.030  16.968  -39.297 0.0000000000
65011  -22.686  17.519  -39.380 0.0000000000
65012  -23.566  17.317  -39.686 0.0000000000
64211  -24.091  16.871  -40.268 0.0000000000
64199  -23.128  16.656  -39.091 0.0000000000
58759  -12.025  9.574  -35.318 0.0000000000
58760  -13.077  9.595  -35.293 0.0000000000
58788  -15.710  10.064  -37.235 0.0000000000
59501  -15.155  10.462  -36.484 0.0000000000
59515  -16.077  10.496  -37.766 0.0000000000
59514  -15.671  10.947  -37.274 0.0000000000
59542  -17.172  10.708  -39.078 0.0000000000
60260  -18.894  11.357  -38.880 0.0000000000
59545  -18.603  10.581  -38.997 0.0000000000
59516  -21.564  10.829  -37.392 0.0000000000
60234  -22.174  11.316  -37.153 0.0000000000
60235  -22.954  11.474  -36.649 0.0000000000
60224  -24.710  12.245  -37.623 0.0000000000
60237  -24.462  12.005  -37.079 0.0000000000
59520  -25.052  11.261  -37.746 0.0000000000
59519  -24.446  11.044  -36.832 0.0000000000
58792  -23.591  9.738  -36.525 0.0000000000
96992  -24.404  10.199  -36.726 0.0000000000
107573  -24.540  8.704  -36.611 0.0000000000
45783  -17.655  -7.221  -32.174 0.0000000000
57251  -11.074  6.988  -34.783 0.0000000000
58031  -11.441  8.012  -35.111 0.0000000000
57252  -12.348  7.086  -35.022 0.0000000000
57255  -15.132  6.790  -36.036 0.0000000000
57267  -15.621  7.369  -36.435 0.0000000000
57281  -15.980  7.974  -36.920 0.0000000000
57268  -16.264  7.143  -36.993 0.0000000000
56536  -17.802  6.803  -38.274 0.0000000000
56521  -16.591  6.333  -37.252 0.0000000000
96547  -17.879  5.068  -38.061 0.0000000000
55003  -18.639  4.576  -37.841 0.0000000000
55004  -19.582  4.659  -37.452 0.0000000000
54215  -19.202  3.831  -37.345 0.0000000000
53437  -15.990  1.954  -35.895 0.0000000000
53447  -16.508  2.605  -36.485 0.0000000000
52682  -16.885  1.797  -36.458 0.0000000000
52685  -18.754  1.816  -36.523 0.0000000000
53449  -18.154  2.114  -36.809 0.0000000000
53438  -19.422  2.300  -36.361 0.0000000000
53451  -19.543  3.113  -36.763 0.0000000000
95942  -20.708  2.498  -35.425 0.0000000000
52674  -20.016  2.093  -35.701 0.0000000000
91805  -19.915  0.035  -34.317 0.0000000000
51941  -20.495  0.780  -34.565 0.0000000000
91800  -20.953  0.090  -34.208 0.0000000000
91796  -21.868  -0.050  -34.284 0.0000000000
65815  -23.702  18.916  -41.251 0.0000000000
60199  -10.857  11.354  -35.490 0.0000000000
112186  -15.961  14.284  -38.534 0.0000000000
97994  -16.267  14.085  -39.272 0.0000000000
62514  -18.480  14.584  -40.663 0.0000000000
108158  -18.539  14.345  -40.548 0.0000000000
62502  -20.699  14.738  -38.634 0.0000000000
63330  -21.479  15.421  -38.590 0.0000000000
63331  -22.687  15.418  -38.312 0.0000000000
63349  -23.837  15.911  -39.111 0.0000000000
63350  -24.304  15.338  -39.602 0.0000000000
60970  -22.767  13.021  -37.370 0.0000000000
110178  -21.819  13.397  -37.698 0.0000000000
61723  -24.154  13.823  -37.550 0.0000000000
61754  -24.710  13.580  -41.268 0.0000000000
108953  -24.715  13.966  -40.516 0.0000000000
100032  -24.430  13.870  -42.002 0.0000000000
63381  -24.277  14.749  -42.087 0.0000000000
62560  -23.143  13.637  -44.993 0.0000000000
56524  -19.300  6.719  -38.187 0.0000000000
98786  -20.476  7.782  -37.608 0.0000000000
57285  -20.580  7.074  -37.367 0.0000000000
97405  -22.825  7.033  -36.326 0.0000000000
48977  -13.932  -3.058  -32.757 0.0000000000
48976  -13.649  -2.131  -32.736 0.0000000000
91827  -13.967  -1.599  -33.268 0.0000000000
49853  -16.075  -2.489  -33.707 0.0000000000
49854  -16.774  -2.128  -33.939 0.0000000000
110359  -16.527  -1.569  -34.241 0.0000000000
48101  -17.470  -4.251  -33.287 0.0000000000
52659  -14.317  1.088  -34.417 0.0000000000
91819  -14.199  -0.339  -33.803 0.0000000000
65008  -19.636  16.935  -40.859 0.0000000000
64197  -20.153  16.574  -39.892 0.0000000000
63346  -19.872  15.871  -39.880 0.0000000000
58047  -15.062  8.869  -36.273 0.0000000000
58775  -14.750  9.621  -36.057 0.0000000000
109236  -15.878  9.341  -37.207 0.0000000000
99106  -16.367  9.727  -37.846 0.0000000000
58814  -18.377  9.902  -39.028 0.0000000000
59532  -19.420  10.495  -38.603 0.0000000000
58815  -19.063  9.789  -38.725 0.0000000000
58805  -20.920  10.268  -37.727 0.0000000000
59518  -23.495  10.690  -36.550 0.0000000000
58790  -21.703  9.979  -37.158 0.0000000000
102943  -22.082  9.375  -36.778 0.0000000000
58067  -22.793  9.127  -36.511 0.0000000000
102127  -12.847  4.765  -34.471 0.0000000000
56497  -13.679  6.203  -35.133 0.0000000000
56498  -14.656  6.143  -35.558 0.0000000000
56507  -15.320  6.051  -36.092 0.0000000000
55711  -16.354  5.706  -36.937 0.0000000000
55710  -15.797  5.487  -36.430 0.0000000000
103911  -16.399  4.928  -36.902 0.0000000000
54987  -17.097  3.906  -37.259 0.0000000000
52683  -17.363  1.034  -36.382 0.0000000000
51957  -18.048  0.796  -36.348 0.0000000000
52672  -18.646  1.118  -36.245 0.0000000000
52660  -20.014  1.389  -35.199 0.0000000000
51940  -19.186  0.866  -35.632 0.0000000000
99000  -18.848  19.765  -40.863 0.0000000000
100238  -19.517  21.049  -40.327 0.0000000000
67874  -21.155  21.868  -40.192 0.0000000000
67211  -23.621  20.805  -41.706 0.0000000000
65038  -23.573  18.118  -42.907 0.0000000000
99469  -23.447  17.219  -43.532 0.0000000000
60940  -14.760  13.338  -36.623 0.0000000000
61731  -16.572  13.194  -39.526 0.0000000000
61746  -18.534  14.221  -40.459 0.0000000000
61745  -18.207  13.801  -40.359 0.0000000000
61733  -19.931  14.092  -38.742 0.0000000000
62503  -22.002  14.723  -38.186 0.0000000000
99307  -24.297  13.343  -37.439 0.0000000000
61724  -24.332  13.904  -38.086 0.0000000000
61761  -24.586  13.081  -42.029 0.0000000000
61768  -24.258  13.027  -42.741 0.0000000000
56509  -20.641  6.278  -37.066 0.0000000000
57269  -21.278  6.917  -36.744 0.0000000000
56510  -21.360  6.132  -36.528 0.0000000000
101771  -22.669  6.172  -36.192 0.0000000000
48098  -14.374  -3.818  -32.816 0.0000000000
107376  -14.780  -3.101  -33.184 0.0000000000
48978  -15.764  -3.147  -33.459 0.0000000000
54201  -14.318  3.113  -34.728 0.0000000000
53436  -15.155  2.576  -35.328 0.0000000000
51947  -15.819  1.244  -35.558 0.0000000000
110264  -15.345  0.991  -35.073 0.0000000000
51257  -16.471  0.018  -35.450 0.0000000000
91741  -16.897  -0.819  -35.042 0.0000000000
66530  -18.364  18.959  -40.986 0.0000000000
66531  -19.729  19.546  -40.703 0.0000000000
66532  -20.849  19.698  -40.319 0.0000000000
66533  -21.898  19.810  -40.171 0.0000000000
66534  -22.886  19.805  -40.421 0.0000000000
65810  -22.594  19.067  -39.979 0.0000000000
94951  -23.703  18.387  -40.665 0.0000000000
65010  -21.592  17.568  -39.410 0.0000000000
65024  -23.255  18.247  -39.880 0.0000000000
65032  -24.120  17.039  -41.199 0.0000000000
64219  -24.156  16.239  -41.822 0.0000000000
110378  -12.050  11.001  -35.423 0.0000000000
59485  -13.540  10.432  -35.392 0.0000000000
59486  -14.400  10.450  -35.756 0.0000000000
60202  -13.876  11.428  -35.678 0.0000000000
60232  -16.111  11.210  -38.083 0.0000000000
60257  -17.352  11.527  -39.577 0.0000000000
98654  -18.372  12.308  -39.532 0.0000000000
60258  -17.877  11.569  -39.735 0.0000000000
102649  -20.548  12.095  -38.169 0.0000000000
98873  -21.635  12.617  -37.570 0.0000000000
60248  -20.797  11.066  -37.963 0.0000000000
60250  -22.370  12.040  -37.123 0.0000000000
60958  -24.575  12.693  -37.537 0.0000000000
60981  -25.117  12.352  -39.025 0.0000000000
60988  -25.212  12.208  -40.123 0.0000000000
60261  -25.392  11.505  -39.493 0.0000000000
59546  -25.624  10.648  -39.414 0.0000000000
59534  -25.065  10.437  -37.362 0.0000000000
46520  -16.375  -6.266  -32.430 0.0000000000
47283  -17.156  -5.705  -32.753 0.0000000000
103518  -11.452  8.865  -35.237 0.0000000000
58033  -13.477  8.691  -35.333 0.0000000000
57253  -13.462  7.066  -35.202 0.0000000000
97862  -14.156  7.943  -35.489 0.0000000000
109467  -14.765  8.297  -36.000 0.0000000000
99235  -15.372  8.161  -36.363 0.0000000000
57282  -16.655  7.718  -37.452 0.0000000000
57300  -17.874  7.709  -38.472 0.0000000000
107873  -18.626  7.786  -38.540 0.0000000000
56537  -18.550  6.983  -38.422 0.0000000000
56523  -18.776  6.265  -38.278 0.0000000000
55731  -17.761  5.793  -38.129 0.0000000000
55732  -18.536  5.558  -38.165 0.0000000000
55733  -19.297  5.940  -38.011 0.0000000000
55734  -19.971  5.549  -37.445 0.0000000000
55005  -20.282  4.859  -36.999 0.0000000000
54212  -16.093  3.441  -36.402 0.0000000000
54213  -16.853  3.285  -36.936 0.0000000000
54223  -17.597  3.409  -37.263 0.0000000000
108435  -17.589  1.758  -36.631 0.0000000000
54214  -18.203  2.855  -37.130 0.0000000000
54224  -18.358  3.664  -37.470 0.0000000000
105784  -18.837  3.164  -37.186 0.0000000000
99921  -20.736  3.868  -36.185 0.0000000000
54203  -20.910  3.226  -35.705 0.0000000000
53440  -21.395  2.730  -35.219 0.0000000000
52661  -20.979  1.478  -34.677 0.0000000000
66535  -23.490  19.664  -41.006 0.0000000000
66540  -23.686  19.602  -41.831 0.0000000000
95543  -23.230  18.530  -44.463 0.0000000000
63345  -18.672  15.204  -40.974 0.0000000000
99713  -18.903  15.159  -41.019 0.0000000000
63347  -20.921  16.240  -38.969 0.0000000000
62501  -19.460  14.771  -39.485 0.0000000000
63329  -20.112  15.439  -39.085 0.0000000000
63348  -22.289  16.108  -38.715 0.0000000000
108524  -23.844  16.617  -39.580 0.0000000000
106960  -24.124  15.501  -42.238 0.0000000000
61734  -21.307  14.003  -38.205 0.0000000000
62504  -23.144  14.802  -37.723 0.0000000000
95234  -24.553  13.938  -38.836 0.0000000000
62516  -24.429  14.590  -39.248 0.0000000000
63333  -24.132  15.124  -38.835 0.0000000000
62539  -23.890  14.949  -42.934 0.0000000000
62566  -22.512  14.477  -45.791 0.0000000000
57287  -21.873  8.546  -36.728 0.0000000000
57270  -21.993  7.524  -36.498 0.0000000000
58049  -22.986  8.092  -36.411 0.0000000000
91822  -14.093  -0.968  -33.549 0.0000000000
99213  -14.898  -0.781  -34.023 0.0000000000
91818  -15.537  -1.126  -34.155 0.0000000000
91815  -16.304  -1.095  -34.540 0.0000000000
101457  -17.287  -3.527  -33.460 0.0000000000
48980  -17.495  -2.802  -33.646 0.0000000000
50580  -17.653  -1.980  -33.953 0.0000000000
91810  -17.994  -1.325  -34.402 0.0000000000
91806  -18.896  -1.190  -33.975 0.0000000000
53428  -20.595  1.947  -35.157 0.0000000000
53439  -20.124  2.772  -36.044 0.0000000000
55747  -18.192  6.255  -38.315 0.0000000000
56522  -17.281  6.399  -37.869 0.0000000000
57284  -19.902  7.289  -37.925 0.0000000000
58048  -15.696  8.759  -36.784 0.0000000000
58082  -18.349  8.459  -38.675 0.0000000000
58083  -20.235  9.148  -38.068 0.0000000000
58761  -14.009  9.616  -35.485 0.0000000000
58800  -17.034  9.906  -38.601 0.0000000000
58802  -18.736  9.116  -38.757 0.0000000000
59531  -16.540  10.547  -38.416 0.0000000000
59544  -18.076  10.734  -39.393 0.0000000000
60216  -15.205  11.515  -36.675 0.0000000000
60236  -23.782  11.685  -36.630 0.0000000000
60238  -24.871  11.916  -37.795 0.0000000000
60246  -16.649  11.338  -38.966 0.0000000000
60247  -19.316  12.167  -38.700 0.0000000000
60249  -21.512  11.669  -37.521 0.0000000000
60259  -18.185  11.432  -39.486 0.0000000000
60941  -15.388  13.169  -37.235 0.0000000000
60957  -24.011  12.566  -37.335 0.0000000000
60969  -20.752  13.206  -38.271 0.0000000000
60971  -24.705  13.155  -38.451 0.0000000000
60972  -24.869  12.335  -38.175 0.0000000000
60978  -17.718  12.371  -40.043 0.0000000000
60979  -18.012  12.887  -40.233 0.0000000000
61719  -15.749  14.076  -37.731 0.0000000000
61732  -19.018  13.692  -39.228 0.0000000000
61735  -22.582  14.023  -37.351 0.0000000000
61744  -18.194  13.979  -40.415 0.0000000000
61755  -24.951  13.123  -40.508 0.0000000000
62493  -24.017  14.536  -37.928 0.0000000000
62500  -18.887  14.642  -40.627 0.0000000000
62505  -24.262  14.525  -38.523 0.0000000000
62515  -18.794  14.740  -40.764 0.0000000000
62530  -24.572  14.560  -41.116 0.0000000000
62551  -24.048  13.981  -42.832 0.0000000000
63317  -24.064  14.889  -38.375 0.0000000000
63361  -24.436  15.421  -40.493 0.0000000000
64200  -24.210  16.108  -39.962 0.0000000000
95965  -21.488  9.198  -37.158 0.0000000000
98328  -13.266  7.794  -35.238 0.0000000000
100482  -23.139  14.586  -44.609 0.0000000000
101511  -12.408  8.814  -35.260 0.0000000000
102285  -16.794  6.979  -37.513 0.0000000000
102998  -12.929  11.199  -35.390 0.0000000000
103110  -17.916  13.233  -40.327 0.0000000000
103111  -17.995  12.123  -39.991 0.0000000000
103670  -25.390  11.147  -38.695 0.0000000000
103783  -15.139  12.395  -36.821 0.0000000000
105893  -24.764  13.507  -39.105 0.0000000000
109059  -17.509  9.394  -38.670 0.0000000000
110136  -19.083  19.194  -41.036 0.0000000000
111200  -21.984  5.971  -36.246 0.0000000000
111444  -18.793  14.871  -40.913 0.0000000000
111489  -16.913  4.502  -37.315 0.0000000000
111560  -11.893  7.518  -35.065 0.0000000000
111879  -16.201  12.732  -38.996 0.0000000000
112070  -25.410  11.505  -40.293 0.0000000000
