#!ascii label  , from subject sub-v2s7x29669_ses-1 vox2ras=TkReg
559
15696  -28.778  -48.450  -31.206 0.5000000000
15130  -28.559  -49.305  -31.062 0.8000000119
105820  -27.073  -50.245  -29.814 0.8000000119
15129  -27.972  -49.407  -30.420 0.8000000119
15700  -29.268  -48.392  -31.856 0.5000000000
15695  -28.217  -48.527  -30.597 0.6000000238
110646  -25.990  -50.231  -29.552 0.6999999881
15123  -26.417  -49.707  -29.616 0.6999999881
15690  -27.531  -48.578  -30.100 0.8000000119
16288  -27.873  -47.728  -30.232 0.6999999881
16295  -29.705  -47.608  -31.756 0.6000000238
16294  -29.093  -47.602  -31.190 0.5000000000
15121  -24.425  -49.697  -29.791 0.6999999881
16289  -28.483  -47.668  -30.685 0.6000000238
108024  -28.227  -47.118  -30.235 0.6000000238
15122  -25.460  -49.787  -29.588 0.6999999881
15689  -26.672  -48.627  -29.661 0.6999999881
16284  -27.216  -47.765  -29.780 0.8000000119
16291  -30.327  -46.891  -31.630 0.4000000060
16290  -29.565  -46.918  -31.025 0.6000000238
15120  -23.363  -49.874  -30.096 0.6999999881
16285  -28.437  -46.665  -29.786 0.6000000238
106650  -25.895  -49.016  -29.488 0.6999999881
16277  -27.134  -47.114  -29.303 0.6999999881
16844  -27.176  -46.782  -28.631 0.5000000000
106656  -25.864  -48.281  -29.326 0.6000000238
16283  -26.512  -47.689  -29.354 0.6000000238
16276  -26.480  -47.126  -28.756 0.6000000238
16863  -30.157  -46.516  -30.889 0.4000000060
15119  -22.209  -50.106  -30.240 0.6999999881
16286  -29.384  -46.520  -30.203 0.6000000238
16846  -29.022  -46.472  -29.252 0.6000000238
15688  -25.026  -48.848  -29.496 0.6999999881
16854  -27.773  -46.725  -29.216 0.6000000238
16275  -25.825  -47.602  -28.907 0.6000000238
16263  -26.546  -46.800  -27.960 0.5000000000
16832  -27.345  -46.711  -27.774 0.5000000000
16262  -25.698  -47.110  -28.096 0.5000000000
15108  -19.770  -50.376  -30.100 0.6000000238
15679  -20.288  -48.876  -29.432 0.6000000238
16864  -30.849  -46.343  -30.798 0.5000000000
16855  -30.287  -46.399  -30.176 0.5000000000
15110  -21.792  -49.458  -29.754 0.6999999881
16278  -29.633  -46.814  -28.498 0.4000000060
15111  -22.968  -49.307  -29.797 0.6999999881
107291  -23.553  -48.738  -29.257 0.6999999881
15682  -24.335  -48.439  -29.147 0.6999999881
16834  -28.750  -46.718  -28.276 0.5000000000
16274  -24.534  -47.809  -28.539 0.6999999881
15683  -25.136  -48.036  -29.109 0.6000000238
16845  -27.904  -46.631  -28.452 0.5000000000
101272  -25.204  -47.539  -28.557 0.6000000238
16261  -24.804  -47.316  -27.882 0.5000000000
96718  -26.832  -46.732  -27.044 0.5000000000
16831  -25.995  -46.748  -27.190 0.5000000000
16817  -26.376  -46.519  -26.419 0.3000000119
16265  -30.329  -47.276  -27.760 0.3000000119
100542  -19.166  -50.125  -29.578 0.6000000238
108288  -19.577  -49.674  -29.889 0.6000000238
111843  -30.353  -46.890  -28.663 0.4000000060
15680  -21.529  -48.822  -28.913 0.6000000238
15681  -22.652  -48.743  -28.944 0.6999999881
16833  -28.154  -46.861  -27.562 0.5000000000
16245  -27.642  -46.915  -26.855 0.5000000000
102479  -27.152  -46.728  -26.232 0.4000000060
109049  -18.647  -48.664  -29.392 0.6000000238
100060  -19.001  -49.115  -29.611 0.6000000238
15674  -20.213  -48.171  -28.935 0.6000000238
15675  -21.374  -48.132  -28.323 0.6000000238
16247  -29.258  -47.406  -26.806 0.3000000119
111326  -28.823  -47.118  -27.378 0.4000000060
15676  -22.446  -48.166  -28.098 0.6000000238
16246  -28.477  -47.218  -26.639 0.3000000119
16273  -23.584  -48.149  -28.440 0.6999999881
16234  -27.891  -47.054  -25.997 0.3000000119
16806  -27.451  -46.641  -25.444 0.3000000119
16260  -23.270  -47.511  -27.624 0.5000000000
112020  -24.069  -47.552  -27.862 0.5000000000
17378  -27.070  -46.039  -25.021 0.3000000119
16830  -25.135  -46.861  -27.190 0.5000000000
16805  -26.742  -46.306  -25.717 0.3000000119
16829  -24.116  -46.948  -27.193 0.5000000000
16804  -26.012  -46.042  -25.942 0.4000000060
17377  -26.447  -45.666  -25.370 0.3000000119
15673  -19.134  -48.190  -29.456 0.6000000238
16257  -20.198  -47.390  -28.780 0.5000000000
16259  -22.259  -47.435  -27.660 0.6000000238
16796  -27.709  -46.440  -24.694 0.3000000119
17370  -27.473  -45.673  -24.402 0.3000000119
16815  -24.728  -46.301  -26.656 0.5000000000
16816  -25.570  -46.415  -26.546 0.4000000060
17382  -25.279  -45.785  -26.163 0.4000000060
16843  -19.115  -47.308  -29.235 0.5000000000
16825  -20.108  -46.430  -28.912 0.5000000000
16826  -21.112  -46.568  -28.118 0.5000000000
17931  -28.684  -44.840  -23.268 0.3000000119
17361  -27.974  -45.294  -23.806 0.3000000119
16828  -23.073  -46.731  -27.238 0.6000000238
17952  -26.277  -44.874  -25.163 0.4000000060
17951  -25.705  -44.301  -25.561 0.4000000060
17393  -20.353  -45.561  -28.967 0.5000000000
17384  -21.030  -45.619  -28.547 0.5000000000
17362  -28.555  -45.884  -23.414 0.4000000060
16258  -21.254  -47.405  -28.056 0.5000000000
16827  -22.064  -46.614  -27.506 0.5000000000
18487  -28.848  -43.830  -23.650 0.4000000060
17930  -28.064  -44.332  -23.878 0.3000000119
17385  -21.844  -45.712  -27.685 0.4000000060
17940  -27.374  -44.815  -24.266 0.3000000119
17386  -22.857  -45.753  -27.137 0.5000000000
16814  -23.813  -46.088  -26.792 0.4000000060
17958  -25.086  -44.938  -25.964 0.4000000060
17965  -19.997  -45.061  -29.117 0.5000000000
17966  -20.966  -44.830  -28.902 0.5000000000
17932  -29.285  -44.125  -22.964 0.4000000060
17961  -21.675  -44.766  -28.210 0.4000000060
19059  -29.102  -43.003  -24.012 0.4000000060
107916  -22.440  -44.890  -27.467 0.4000000060
18497  -28.253  -43.422  -24.187 0.4000000060
109696  -22.997  -45.025  -27.059 0.4000000060
17380  -23.618  -45.075  -26.717 0.4000000060
17381  -24.499  -45.497  -26.401 0.4000000060
17957  -24.389  -44.555  -26.359 0.4000000060
18515  -24.964  -43.970  -26.070 0.4000000060
18508  -26.173  -43.483  -25.388 0.4000000060
94303  -19.917  -44.164  -29.094 0.5000000000
93894  -20.890  -44.128  -29.036 0.4000000060
18462  -29.805  -43.572  -22.538 0.4000000060
18488  -29.483  -43.302  -23.314 0.4000000060
17967  -21.625  -43.974  -28.714 0.4000000060
94559  -23.050  -44.346  -27.195 0.4000000060
104478  -26.330  -44.140  -25.143 0.3000000119
18524  -20.674  -43.364  -29.086 0.4000000060
18525  -21.655  -43.239  -28.975 0.5000000000
19060  -29.808  -42.568  -23.701 0.4000000060
18526  -22.204  -43.252  -28.669 0.4000000060
18527  -22.972  -42.751  -28.443 0.4000000060
17962  -22.394  -43.836  -28.020 0.4000000060
18519  -23.310  -43.399  -27.554 0.4000000060
17956  -23.744  -44.011  -26.778 0.4000000060
103841  -24.384  -43.724  -26.506 0.4000000060
19084  -26.038  -42.818  -25.684 0.4000000060
18507  -25.516  -43.332  -25.863 0.4000000060
19109  -21.301  -42.481  -29.063 0.4000000060
110520  -21.972  -42.656  -29.012 0.4000000060
101641  -22.390  -42.674  -28.847 0.4000000060
93512  -23.052  -42.088  -28.855 0.4000000060
107198  -23.818  -42.532  -27.846 0.4000000060
19085  -26.777  -42.741  -25.280 0.4000000060
18514  -24.062  -43.158  -27.056 0.4000000060
18520  -24.445  -42.476  -27.281 0.4000000060
19093  -24.811  -42.990  -26.505 0.4000000060
19094  -25.587  -42.496  -26.240 0.4000000060
19110  -22.243  -42.058  -28.998 0.4000000060
19697  -22.878  -41.440  -28.888 0.4000000060
19698  -23.586  -41.423  -28.684 0.4000000060
19111  -23.740  -41.941  -28.527 0.4000000060
94824  -24.519  -41.737  -27.925 0.4000000060
19095  -26.349  -42.160  -25.882 0.3000000119
19678  -25.902  -41.695  -26.625 0.4000000060
104845  -22.179  -41.277  -28.913 0.4000000060
99326  -22.504  -40.684  -28.714 0.4000000060
107518  -23.273  -40.818  -28.695 0.4000000060
19699  -24.272  -41.252  -28.421 0.4000000060
19700  -24.989  -41.021  -28.097 0.4000000060
19669  -27.763  -41.702  -25.615 0.4000000060
19668  -27.047  -42.005  -25.543 0.3000000119
19688  -25.403  -41.325  -27.500 0.4000000060
19679  -26.939  -41.425  -26.229 0.4000000060
20910  -22.614  -39.308  -28.134 0.4000000060
20288  -22.909  -40.125  -28.468 0.4000000060
111117  -23.444  -40.368  -28.519 0.4000000060
20911  -23.506  -39.781  -28.279 0.4000000060
20289  -23.948  -40.651  -28.534 0.4000000060
20276  -25.757  -40.673  -27.703 0.4000000060
19689  -26.337  -40.998  -27.146 0.5000000000
21601  -22.380  -38.520  -27.820 0.4000000060
21602  -23.092  -38.820  -27.857 0.4000000060
21603  -23.974  -39.096  -27.854 0.4000000060
20277  -26.752  -40.340  -27.426 0.5000000000
21587  -22.670  -37.847  -27.588 0.4000000060
21588  -23.541  -38.111  -27.550 0.4000000060
23897  -22.797  -35.213  -27.822 0.4000000060
22309  -22.283  -36.845  -27.533 0.4000000060
106894  -23.191  -35.910  -27.654 0.4000000060
22310  -23.134  -36.907  -27.469 0.4000000060
23115  -23.916  -36.413  -27.466 0.5000000000
23114  -22.554  -35.938  -27.635 0.4000000060
17376  -25.783  -45.305  -25.656 0.4000000060
14496  -27.729  -50.261  -30.246 0.8000000119
16299  -30.274  -47.634  -32.287 0.5000000000
96002  -24.834  -50.404  -29.705 0.6999999881
16296  -30.928  -47.042  -32.249 0.5000000000
14489  -23.908  -50.739  -30.020 0.6999999881
16870  -30.745  -46.462  -31.350 0.4000000060
15109  -20.545  -49.625  -29.838 0.6999999881
16856  -31.616  -46.566  -29.645 0.4000000060
14480  -19.529  -51.128  -29.653 0.6000000238
16279  -31.047  -47.124  -28.377 0.4000000060
15678  -18.301  -48.868  -29.066 0.6000000238
16272  -18.300  -48.156  -29.222 0.5000000000
16271  -18.213  -47.432  -29.127 0.5000000000
17392  -19.564  -46.038  -29.125 0.5000000000
19108  -20.125  -42.583  -28.951 0.4000000060
100814  -20.474  -41.722  -28.902 0.4000000060
20287  -21.625  -40.620  -28.734 0.4000000060
20909  -21.964  -39.758  -28.397 0.4000000060
21600  -21.827  -38.744  -28.012 0.4000000060
22328  -21.873  -37.719  -27.715 0.4000000060
23912  -22.701  -34.857  -27.764 0.4000000060
14497  -28.343  -50.161  -30.878 0.8000000119
15124  -27.246  -49.475  -29.932 0.8000000119
95950  -28.825  -46.966  -30.527 0.6000000238
94165  -27.738  -47.085  -29.810 0.6999999881
93234  -28.352  -46.531  -29.045 0.6000000238
16847  -30.815  -46.679  -29.328 0.5000000000
93319  -29.884  -46.532  -29.392 0.5000000000
16264  -29.456  -47.169  -27.612 0.3000000119
100781  -21.433  -41.489  -28.944 0.4000000060
19101  -25.076  -42.078  -27.009 0.4000000060
105680  -20.015  -60.270  -34.502 0.4000000060
9213  -20.955  -60.000  -34.620 0.4000000060
9840  -21.582  -58.169  -34.392 0.4000000060
106873  -22.098  -57.648  -34.388 0.4000000060
112031  -20.837  -57.762  -34.041 0.4000000060
10481  -21.389  -56.985  -33.889 0.4000000060
10482  -22.221  -56.705  -34.156 0.4000000060
11059  -22.903  -55.108  -33.448 0.4000000060
11630  -24.112  -54.712  -34.100 0.5000000000
10475  -21.110  -56.412  -33.145 0.4000000060
10476  -21.836  -56.029  -33.481 0.4000000060
11619  -23.319  -54.783  -33.220 0.5000000000
11629  -23.559  -54.613  -33.519 0.5000000000
12156  -24.374  -53.754  -33.225 0.6000000238
10469  -21.036  -56.468  -32.957 0.4000000060
11052  -21.809  -55.815  -33.054 0.4000000060
11047  -22.886  -55.619  -32.637 0.4000000060
11626  -24.141  -54.030  -33.566 0.5000000000
106770  -31.011  -46.559  -31.820 0.3000000119
16871  -31.507  -46.277  -31.453 0.4000000060
12163  -24.732  -53.563  -33.735 0.5000000000
15708  -29.972  -48.899  -33.111 0.5000000000
15705  -30.824  -47.766  -32.736 0.4000000060
10442  -23.240  -57.606  -31.405 0.4000000060
11054  -23.404  -54.783  -32.910 0.5000000000
11620  -23.818  -54.267  -33.218 0.5000000000
10458  -23.599  -56.793  -31.921 0.4000000060
109089  -22.167  -55.675  -32.840 0.4000000060
12164  -25.435  -53.133  -33.870 0.6000000238
13281  -26.923  -51.605  -34.023 0.6999999881
110421  -26.555  -52.111  -34.286 0.6999999881
13908  -28.178  -51.248  -34.492 0.6999999881
15140  -29.191  -49.950  -33.400 0.6999999881
13287  -27.593  -51.252  -34.328 0.6999999881
13905  -28.211  -50.903  -34.094 0.6999999881
11055  -24.272  -55.209  -32.468 0.5000000000
11621  -24.147  -54.250  -32.862 0.6000000238
94822  -25.023  -53.936  -32.750 0.6000000238
12158  -26.680  -53.149  -32.852 0.6000000238
10459  -24.459  -56.842  -31.581 0.4000000060
11049  -25.059  -56.249  -31.770 0.5000000000
104150  -26.258  -54.991  -32.229 0.6000000238
12727  -25.802  -52.863  -33.472 0.6000000238
12728  -26.518  -52.343  -33.532 0.6000000238
16848  -31.529  -46.906  -28.901 0.3000000119
15138  -29.443  -49.308  -33.025 0.6000000238
15701  -29.737  -48.448  -32.493 0.5000000000
11041  -26.466  -56.593  -30.357 0.6000000238
11040  -25.785  -56.707  -30.947 0.6000000238
94201  -27.168  -55.409  -31.363 0.6999999881
11623  -27.502  -54.105  -32.198 0.6000000238
12729  -27.567  -52.155  -32.837 0.6000000238
11616  -25.201  -55.185  -32.349 0.6000000238
13282  -27.703  -51.381  -33.383 0.6000000238
13901  -28.097  -50.872  -33.601 0.6999999881
95061  -28.820  -49.927  -32.631 0.6999999881
14506  -28.579  -50.393  -33.417 0.6999999881
15704  -29.284  -49.019  -32.521 0.6000000238
15137  -28.994  -49.745  -33.032 0.6999999881
11612  -27.144  -55.967  -30.460 0.6000000238
11613  -27.778  -55.206  -30.345 0.6999999881
12152  -27.871  -54.651  -31.320 0.6999999881
12723  -28.333  -52.994  -31.743 0.6000000238
15134  -28.983  -49.226  -31.988 0.5000000000
13896  -28.377  -51.219  -32.372 0.6999999881
94655  -28.579  -50.492  -32.591 0.6999999881
13273  -28.250  -52.756  -30.307 0.6999999881
13891  -28.201  -51.906  -30.467 0.6999999881
12719  -28.281  -53.548  -30.267 0.6999999881
12720  -28.418  -53.207  -30.921 0.6000000238
13274  -28.425  -52.519  -31.137 0.5000000000
12153  -28.271  -53.848  -31.244 0.6999999881
96296  -28.550  -50.801  -31.537 0.6999999881
14502  -28.708  -49.955  -31.715 0.5000000000
13277  -28.334  -52.074  -32.096 0.6000000238
14492  -27.437  -51.138  -29.937 0.6999999881
14491  -26.482  -50.646  -29.638 0.6999999881
97381  -28.242  -51.026  -30.664 0.6999999881
98827  -30.276  -48.255  -32.758 0.5000000000
13892  -28.439  -51.673  -31.366 0.6000000238
9839  -20.864  -58.757  -34.360 0.4000000060
10470  -21.707  -56.331  -32.648 0.4000000060
11053  -22.650  -55.227  -33.113 0.4000000060
11048  -23.900  -55.875  -32.248 0.4000000060
10471  -22.589  -56.556  -32.272 0.4000000060
14508  -28.789  -50.474  -33.655 0.6999999881
11622  -26.179  -53.766  -32.699 0.6000000238
12159  -27.785  -53.365  -32.289 0.6000000238
11050  -26.231  -56.019  -31.447 0.6999999881
110848  -28.042  -54.116  -31.772 0.6000000238
12150  -28.141  -54.343  -30.279 0.5000000000
10444  -25.820  -57.161  -30.214 0.4000000060
11029  -27.045  -56.264  -29.587 0.5000000000
12717  -28.006  -53.806  -29.436 0.6000000238
10428  -25.721  -57.502  -29.448 0.4000000060
10416  -26.203  -57.144  -28.780 0.5000000000
10429  -26.386  -56.903  -29.518 0.5000000000
12146  -27.810  -54.751  -29.268 0.5000000000
12716  -27.325  -53.300  -29.065 0.5000000000
106135  -27.521  -55.598  -29.651 0.5000000000
13271  -27.839  -53.017  -29.611 0.6000000238
13270  -26.933  -52.607  -29.300 0.5000000000
13269  -25.856  -52.548  -29.213 0.6000000238
13886  -25.220  -51.857  -29.478 0.6000000238
10415  -25.555  -57.718  -28.687 0.5000000000
11601  -27.060  -55.846  -28.130 0.5000000000
11593  -27.384  -54.795  -28.175 0.5000000000
12711  -27.518  -53.956  -28.667 0.5000000000
13887  -26.428  -51.693  -29.522 0.6000000238
13264  -26.466  -53.009  -28.986 0.6000000238
93595  -24.745  -51.134  -29.684 0.6000000238
11008  -26.523  -56.673  -28.090 0.5000000000
12140  -27.067  -54.027  -27.849 0.5000000000
12710  -26.704  -53.453  -28.485 0.5000000000
13263  -25.637  -53.137  -28.832 0.5000000000
14490  -25.581  -50.823  -29.587 0.6000000238
13268  -24.719  -52.789  -29.261 0.5000000000
13885  -24.147  -51.977  -29.690 0.6000000238
11007  -26.112  -56.988  -27.316 0.5000000000
11592  -27.124  -55.299  -27.516 0.5000000000
12133  -27.073  -54.529  -27.229 0.5000000000
12699  -26.128  -53.502  -27.137 0.5000000000
12697  -23.994  -53.665  -27.931 0.6000000238
12709  -25.763  -53.490  -28.161 0.4000000060
13255  -22.998  -53.600  -27.711 0.4000000060
12708  -24.589  -53.481  -28.617 0.5000000000
13254  -21.800  -53.546  -28.176 0.4000000060
13261  -21.481  -53.449  -29.384 0.5000000000
13262  -22.701  -53.470  -29.375 0.5000000000
13253  -21.038  -53.120  -28.692 0.4000000060
13267  -23.292  -52.757  -29.706 0.6000000238
112092  -23.978  -52.723  -29.476 0.6000000238
14488  -22.669  -50.835  -30.328 0.6000000238
12707  -23.382  -53.639  -28.618 0.5000000000
13877  -20.559  -52.685  -29.500 0.5000000000
13882  -20.957  -52.511  -30.230 0.5000000000
13868  -19.783  -51.396  -28.672 0.4000000060
13876  -19.982  -51.942  -29.403 0.5000000000
111421  -21.192  -51.745  -30.464 0.6000000238
13266  -22.145  -52.854  -30.058 0.6000000238
13883  -21.900  -51.849  -30.437 0.6000000238
13881  -20.121  -51.942  -30.026 0.5000000000
15672  -18.073  -49.102  -28.275 0.3000000119
15104  -19.109  -50.490  -28.676 0.4000000060
14486  -20.650  -51.515  -30.396 0.5000000000
15118  -20.851  -50.442  -30.292 0.6000000238
17964  -18.997  -44.798  -28.931 0.3000000119
17391  -18.512  -45.701  -28.894 0.3000000119
16842  -18.590  -46.704  -29.068 0.4000000060
16841  -17.690  -47.158  -28.734 0.4000000060
19696  -19.446  -41.882  -28.736 0.3000000119
20286  -20.547  -40.720  -28.734 0.3000000119
20908  -20.983  -39.830  -28.569 0.3000000119
96281  -21.154  -39.015  -28.289 0.3000000119
22308  -21.757  -36.780  -27.586 0.3000000119
15103  -18.625  -49.569  -28.981 0.5000000000
98295  -19.546  -43.369  -28.944 0.3000000119
13888  -27.578  -52.174  -29.780 0.5000000000
11606  -27.364  -55.636  -28.901 0.5000000000
13884  -23.044  -51.878  -30.181 0.6000000238
15709  -30.687  -48.545  -33.153 0.3000000119
13906  -28.721  -50.867  -34.113 0.6000000238
14509  -29.264  -50.331  -33.740 0.6000000238
16874  -34.062  -45.824  -32.360 0.3000000119
16873  -33.313  -45.944  -32.246 0.3000000119
16880  -32.742  -46.349  -32.490 0.3000000119
16872  -32.447  -46.114  -31.941 0.3000000119
16300  -32.943  -46.824  -32.936 0.3000000119
15706  -31.551  -47.258  -32.712 0.3000000119
16879  -31.751  -46.555  -32.233 0.3000000119
14517  -29.665  -50.842  -34.027 0.6000000238
15142  -30.440  -49.360  -33.483 0.5000000000
17403  -34.854  -45.571  -31.407 0.3000000119
17402  -33.894  -45.707  -31.723 0.3000000119
94882  -33.043  -45.883  -31.668 0.3000000119
16865  -32.366  -46.054  -31.132 0.3000000119
16305  -32.318  -47.628  -33.111 0.3000000119
15710  -31.451  -48.102  -33.139 0.3000000119
15143  -31.410  -49.072  -33.497 0.4000000060
10443  -24.315  -57.644  -30.948 0.4000000060
17404  -35.792  -45.444  -31.133 0.3000000119
16867  -34.170  -45.867  -30.675 0.3000000119
16858  -33.521  -46.304  -29.888 0.3000000119
16866  -33.231  -45.940  -30.883 0.3000000119
10484  -24.218  -56.981  -34.512 0.5000000000
10485  -25.312  -57.312  -34.593 0.5000000000
9214  -21.800  -59.293  -34.606 0.4000000060
99452  -22.451  -58.652  -34.543 0.4000000060
9842  -23.799  -57.996  -34.543 0.4000000060
9843  -24.789  -58.150  -34.525 0.5000000000
104228  -26.601  -54.445  -34.641 0.5000000000
11632  -26.426  -55.665  -34.680 0.5000000000
11064  -24.681  -56.029  -34.475 0.5000000000
10483  -23.139  -56.751  -34.380 0.4000000060
12736  -28.231  -52.817  -34.777 0.6000000238
12168  -26.715  -53.421  -34.625 0.6000000238
11631  -25.171  -55.143  -34.440 0.5000000000
11063  -23.434  -55.525  -34.148 0.3000000119
13290  -28.796  -52.046  -34.668 0.6000000238
12735  -26.866  -52.541  -34.629 0.6000000238
12167  -25.920  -53.295  -34.394 0.6000000238
105818  -24.599  -54.102  -34.092 0.4000000060
12166  -25.440  -54.025  -34.348 0.5000000000
97757  -33.174  -47.631  -33.235 0.3000000119
14511  -31.082  -49.981  -33.743 0.4000000060
13289  -27.802  -51.611  -34.697 0.6000000238
12733  -26.097  -52.607  -34.171 0.4000000060
16306  -33.783  -47.043  -33.151 0.3000000119
16301  -33.696  -46.205  -32.720 0.3000000119
96492  -32.080  -48.528  -33.377 0.3000000119
13286  -27.126  -51.796  -34.537 0.6000000238
13909  -29.244  -51.437  -34.412 0.6000000238
15144  -32.350  -49.264  -33.602 0.3000000119
13291  -30.150  -52.375  -34.538 0.5000000000
13910  -30.451  -51.588  -34.271 0.5000000000
13911  -31.569  -51.620  -34.192 0.4000000060
13292  -31.329  -52.461  -34.419 0.5000000000
12737  -29.785  -53.180  -34.666 0.5000000000
110556  -32.207  -52.378  -34.376 0.4000000060
13912  -32.688  -51.765  -34.266 0.4000000060
14519  -31.991  -50.738  -33.927 0.4000000060
14518  -30.790  -50.830  -33.934 0.5000000000
12169  -27.807  -53.779  -34.786 0.5000000000
104162  -31.903  -49.832  -33.706 0.4000000060
99603  -27.157  -64.348  -34.549 0.3000000119
6321  -28.215  -64.874  -33.652 0.3000000119
6874  -27.670  -63.807  -34.888 0.3000000119
7387  -26.890  -63.071  -34.745 0.3000000119
7965  -27.237  -62.291  -34.093 0.4000000060
7386  -25.890  -63.245  -34.805 0.3000000119
7954  -27.735  -61.605  -32.947 0.4000000060
7953  -26.677  -61.446  -33.016 0.4000000060
7964  -26.184  -62.079  -34.255 0.3000000119
106417  -25.504  -62.499  -34.808 0.3000000119
7942  -27.217  -60.879  -32.120 0.4000000060
8554  -26.896  -60.246  -31.845 0.4000000060
7952  -25.857  -61.100  -33.280 0.4000000060
7963  -25.430  -61.618  -34.318 0.4000000060
10472  -29.774  -57.760  -33.175 0.3000000119
9189  -27.433  -59.831  -31.684 0.4000000060
98570  -27.137  -59.333  -32.201 0.4000000060
9188  -26.737  -59.856  -31.896 0.4000000060
9199  -25.710  -59.870  -32.755 0.4000000060
8563  -25.309  -60.121  -33.253 0.4000000060
8572  -25.188  -60.687  -33.743 0.4000000060
11061  -31.187  -56.197  -34.226 0.3000000119
9837  -28.299  -58.214  -33.649 0.4000000060
9836  -27.443  -58.362  -33.878 0.4000000060
9835  -26.645  -58.547  -34.010 0.4000000060
9846  -27.186  -58.086  -34.432 0.4000000060
9211  -26.031  -59.182  -33.289 0.4000000060
9834  -25.886  -58.769  -34.117 0.4000000060
9210  -25.347  -59.561  -33.566 0.4000000060
9209  -24.699  -59.950  -33.980 0.4000000060
10489  -29.358  -57.330  -34.538 0.4000000060
11068  -29.363  -56.953  -34.750 0.4000000060
10487  -27.211  -57.663  -34.620 0.4000000060
9844  -25.721  -58.196  -34.474 0.4000000060
9217  -25.080  -58.951  -34.223 0.4000000060
8580  -24.396  -60.755  -34.590 0.4000000060
107179  -27.882  -57.341  -34.675 0.4000000060
11066  -27.432  -56.683  -34.789 0.4000000060
10486  -26.325  -57.560  -34.629 0.4000000060
9216  -24.252  -59.066  -34.496 0.4000000060
100202  -29.145  -56.172  -34.889 0.4000000060
11634  -28.289  -55.704  -34.861 0.4000000060
12738  -31.225  -53.537  -34.560 0.4000000060
11635  -28.629  -55.073  -34.844 0.4000000060
12170  -29.039  -54.368  -34.825 0.4000000060
14520  -33.288  -51.008  -34.144 0.3000000119
11065  -25.834  -56.509  -34.621 0.4000000060
108863  -29.599  -53.941  -34.744 0.4000000060
14512  -32.734  -50.092  -33.800 0.3000000119
102978  -27.608  -54.694  -34.783 0.4000000060
8565  -26.367  -60.664  -32.397 0.4000000060
8553  -26.224  -60.093  -32.188 0.4000000060
10479  -29.588  -57.565  -34.129 0.4000000060
9826  -28.583  -58.598  -32.588 0.4000000060
11060  -30.656  -56.780  -33.950 0.3000000119
9824  -26.815  -58.842  -33.017 0.4000000060
11070  -30.688  -56.343  -34.456 0.3000000119
11069  -30.036  -57.031  -34.509 0.4000000060
10478  -28.888  -57.748  -34.295 0.4000000060
10477  -27.976  -57.841  -34.464 0.4000000060
99966  -30.032  -56.435  -34.717 0.4000000060
11067  -28.385  -56.656  -34.834 0.4000000060
11633  -27.495  -55.687  -34.809 0.4000000060
12171  -30.223  -54.951  -34.750 0.4000000060
8556  -29.060  -60.246  -31.723 0.3000000119
7967  -29.792  -62.247  -34.133 0.3000000119
7955  -29.026  -61.563  -33.047 0.3000000119
7943  -28.332  -60.916  -32.077 0.3000000119
7966  -28.420  -62.365  -34.073 0.3000000119
9190  -28.461  -59.752  -31.618 0.3000000119
8555  -27.802  -60.307  -31.703 0.3000000119
9201  -28.004  -59.223  -31.968 0.3000000119
104956  -32.124  -55.114  -34.360 0.3000000119
12172  -31.257  -55.235  -34.581 0.3000000119
105594  -31.642  -54.625  -34.547 0.3000000119
105916  -32.329  -53.281  -34.481 0.3000000119
9827  -29.441  -58.408  -32.421 0.3000000119
93521  -29.701  -55.564  -34.827 0.3000000119
6333  -27.939  -64.410  -34.594 0.3000000119
8564  -25.736  -60.366  -32.814 0.4000000060
9200  -26.362  -59.553  -32.444 0.4000000060
9825  -27.681  -58.694  -32.777 0.4000000060
9838  -29.122  -58.063  -33.429 0.4000000060
9841  -22.862  -57.799  -34.495 0.4000000060
9845  -26.552  -58.148  -34.475 0.4000000060
10460  -25.160  -57.160  -30.952 0.5000000000
10480  -30.120  -57.335  -33.880 0.3000000119
10488  -28.701  -57.376  -34.622 0.4000000060
11019  -26.814  -56.455  -28.822 0.5000000000
11058  -22.330  -55.462  -33.301 0.4000000060
11062  -22.525  -55.754  -33.838 0.4000000060
11617  -27.153  -54.761  -32.067 0.6000000238
11636  -30.680  -55.848  -34.664 0.4000000060
11637  -31.461  -55.733  -34.351 0.3000000119
12157  -25.073  -53.319  -33.278 0.6000000238
12698  -24.993  -53.527  -27.611 0.6000000238
12715  -23.764  -53.235  -29.221 0.6000000238
13869  -20.546  -52.235  -28.461 0.4000000060
14485  -20.008  -51.137  -30.220 0.6000000238
14487  -21.547  -51.031  -30.468 0.6000000238
14510  -30.088  -50.135  -33.759 0.6000000238
14513  -33.870  -50.199  -33.921 0.3000000119
15141  -29.668  -49.664  -33.440 0.5000000000
15687  -23.973  -49.092  -29.729 0.6999999881
16255  -17.590  -47.723  -28.619 0.4000000060
94477  -30.669  -54.288  -34.646 0.4000000060
95010  -26.826  -56.990  -34.749 0.4000000060
95564  -32.255  -46.842  -32.691 0.3000000119
96071  -26.779  -56.087  -27.379 0.5000000000
97825  -26.555  -53.696  -27.717 0.4000000060
99920  -25.144  -57.694  -30.155 0.4000000060
108910  -22.405  -53.678  -28.677 0.5000000000
110022  -31.019  -46.432  -30.116 0.5000000000
111302  -19.376  -46.643  -29.130 0.5000000000
112157  -27.373  -57.245  -34.701 0.4000000060
