#!ascii label  , from subject sub-v2s7x29669_ses-1 vox2ras=TkReg
475
10297  -27.978  -57.178  -17.216 0.0000000000
12665  -30.780  -53.521  -24.342 0.0000000000
12045  -33.776  -54.692  -17.508 0.0000000000
109137  -28.564  -56.240  -21.285 0.0000000000
13153  -34.633  -53.404  -20.124 0.0000000000
8420  -33.813  -60.662  -17.931 0.0000000000
12586  -41.012  -53.761  -16.263 0.0000000000
12568  -36.999  -53.638  -10.748 0.0000000000
13736  -36.009  -51.797  -16.682 0.0000000000
12611  -34.618  -54.324  -19.073 0.0000000000
93346  -35.497  -51.284  -17.838 0.0000000000
9630  -33.884  -58.278  -14.719 0.0000000000
9019  -36.102  -58.957  -14.575 0.0000000000
14331  -37.626  -50.712  -8.456 0.0000000000
14360  -36.154  -50.606  -11.056 0.0000000000
9697  -25.546  -58.791  -20.618 0.0000000000
11547  -30.372  -55.306  -22.460 0.0000000000
9734  -28.317  -58.086  -23.530 0.0000000000
9747  -30.300  -57.867  -25.103 0.0000000000
11495  -29.311  -55.561  -16.461 0.0000000000
10925  -27.123  -56.672  -19.352 0.0000000000
12635  -30.570  -53.075  -20.471 0.0000000000
13781  -32.191  -52.004  -21.899 0.0000000000
10901  -31.882  -56.595  -15.174 0.0000000000
12582  -37.026  -53.866  -15.824 0.0000000000
15010  -39.846  -49.720  -16.381 0.0000000000
10888  -37.228  -57.053  -13.269 0.0000000000
12573  -38.779  -53.605  -13.046 0.0000000000
14987  -39.266  -49.395  -13.474 0.0000000000
15555  -35.438  -48.434  -13.641 0.0000000000
9110  -26.262  -58.968  -22.747 0.0000000000
13221  -37.543  -53.835  -24.212 0.0000000000
93342  -32.752  -51.297  -25.709 0.0000000000
13265  -30.818  -52.234  -28.601 0.0000000000
14385  -36.210  -50.890  -16.216 0.0000000000
109938  -35.781  -52.317  -17.247 0.0000000000
9680  -26.598  -58.035  -18.596 0.0000000000
11558  -30.696  -55.094  -23.177 0.0000000000
10365  -30.201  -56.958  -23.882 0.0000000000
104652  -31.130  -56.035  -24.434 0.0000000000
10994  -31.913  -56.898  -25.466 0.0000000000
12119  -31.081  -54.828  -25.273 0.0000000000
12022  -30.721  -54.831  -16.045 0.0000000000
12589  -30.836  -54.034  -17.077 0.0000000000
12625  -34.676  -53.917  -19.587 0.0000000000
13139  -32.126  -52.973  -19.163 0.0000000000
13151  -32.879  -52.679  -19.809 0.0000000000
13161  -31.100  -52.711  -20.922 0.0000000000
13772  -33.139  -52.207  -20.867 0.0000000000
10280  -31.111  -57.949  -16.077 0.0000000000
9027  -32.495  -58.639  -15.554 0.0000000000
11483  -36.097  -55.811  -14.922 0.0000000000
98758  -35.103  -55.952  -15.433 0.0000000000
12584  -38.881  -53.750  -15.557 0.0000000000
13133  -39.426  -52.481  -16.473 0.0000000000
100116  -41.293  -52.301  -16.687 0.0000000000
12015  -37.283  -54.337  -11.071 0.0000000000
93933  -38.044  -55.188  -12.898 0.0000000000
13115  -37.585  -52.832  -11.672 0.0000000000
14970  -35.915  -49.545  -11.446 0.0000000000
14367  -37.803  -50.111  -12.189 0.0000000000
14978  -36.547  -49.137  -12.415 0.0000000000
15557  -38.191  -48.677  -14.182 0.0000000000
10937  -28.134  -56.050  -20.592 0.0000000000
10331  -27.135  -57.168  -20.974 0.0000000000
10346  -27.679  -57.295  -21.804 0.0000000000
8506  -27.105  -60.046  -24.972 0.0000000000
106899  -39.415  -54.757  -26.202 0.0000000000
93432  -36.277  -52.208  -24.993 0.0000000000
14474  -33.379  -50.792  -27.551 0.0000000000
12591  -35.925  -54.033  -17.143 0.0000000000
12052  -34.426  -54.682  -18.308 0.0000000000
13137  -35.642  -53.406  -17.876 0.0000000000
13140  -35.471  -53.117  -18.957 0.0000000000
93480  -35.499  -52.902  -19.691 0.0000000000
9041  -34.100  -59.925  -15.970 0.0000000000
9018  -35.184  -59.190  -14.922 0.0000000000
11484  -36.748  -55.816  -14.437 0.0000000000
110613  -36.759  -52.542  -9.576 0.0000000000
13114  -36.849  -52.405  -11.098 0.0000000000
94361  -36.164  -51.252  -9.555 0.0000000000
14951  -35.146  -49.112  -9.538 0.0000000000
16055  -34.429  -47.280  -9.584 0.0000000000
11546  -29.939  -55.732  -22.074 0.0000000000
9724  -28.253  -57.567  -22.677 0.0000000000
10970  -29.897  -56.723  -23.144 0.0000000000
9746  -29.379  -58.155  -24.805 0.0000000000
9755  -29.808  -58.384  -25.586 0.0000000000
9764  -30.248  -58.535  -26.188 0.0000000000
10395  -32.483  -57.728  -26.542 0.0000000000
11010  -33.193  -57.198  -27.492 0.0000000000
101038  -28.818  -56.202  -16.661 0.0000000000
10918  -27.253  -56.602  -18.433 0.0000000000
11511  -27.921  -55.365  -19.154 0.0000000000
12069  -28.952  -54.611  -19.793 0.0000000000
12609  -32.516  -53.496  -18.336 0.0000000000
12620  -29.892  -53.538  -19.434 0.0000000000
11524  -29.215  -54.955  -20.567 0.0000000000
12082  -30.380  -54.108  -21.625 0.0000000000
12648  -30.841  -53.430  -22.334 0.0000000000
13203  -31.526  -52.256  -23.312 0.0000000000
10910  -30.286  -56.785  -16.064 0.0000000000
10900  -30.924  -56.231  -15.576 0.0000000000
12025  -32.907  -55.397  -15.572 0.0000000000
9629  -33.289  -57.786  -14.769 0.0000000000
11490  -33.674  -55.723  -15.592 0.0000000000
12035  -35.093  -55.363  -17.091 0.0000000000
12592  -36.494  -53.476  -16.399 0.0000000000
13738  -38.330  -51.531  -16.399 0.0000000000
15002  -37.731  -49.274  -15.479 0.0000000000
10264  -36.672  -57.522  -13.695 0.0000000000
12017  -38.237  -54.915  -13.840 0.0000000000
12576  -39.540  -53.509  -14.057 0.0000000000
96198  -38.332  -52.098  -12.190 0.0000000000
13728  -39.934  -51.628  -13.599 0.0000000000
13731  -41.399  -51.497  -15.607 0.0000000000
15005  -40.590  -49.073  -15.987 0.0000000000
15562  -38.038  -48.622  -14.845 0.0000000000
99048  -26.327  -57.753  -19.881 0.0000000000
9712  -25.642  -58.802  -21.378 0.0000000000
9723  -27.584  -58.211  -23.018 0.0000000000
8496  -25.968  -60.022  -23.893 0.0000000000
110614  -34.199  -52.261  -21.400 0.0000000000
13798  -33.804  -51.604  -22.458 0.0000000000
13813  -31.992  -51.728  -23.792 0.0000000000
13830  -33.275  -51.329  -24.851 0.0000000000
13232  -31.370  -51.949  -24.982 0.0000000000
101848  -30.615  -53.518  -26.304 0.0000000000
12135  -31.224  -54.879  -27.043 0.0000000000
15000  -35.505  -49.478  -15.424 0.0000000000
14379  -35.700  -50.080  -15.870 0.0000000000
10302  -27.129  -57.288  -18.125 0.0000000000
93618  -30.801  -54.372  -23.877 0.0000000000
11567  -30.909  -55.295  -24.055 0.0000000000
12107  -30.913  -54.704  -24.548 0.0000000000
11568  -31.211  -55.487  -24.817 0.0000000000
93639  -30.733  -53.984  -25.009 0.0000000000
12033  -31.981  -54.536  -16.186 0.0000000000
12032  -31.141  -54.429  -16.351 0.0000000000
12044  -32.803  -54.382  -16.947 0.0000000000
13152  -33.895  -53.304  -19.732 0.0000000000
13164  -33.751  -52.724  -20.346 0.0000000000
111539  -33.040  -52.446  -20.346 0.0000000000
8419  -32.907  -60.176  -17.634 0.0000000000
9040  -32.351  -59.254  -16.340 0.0000000000
8404  -33.136  -59.832  -16.555 0.0000000000
110616  -38.517  -54.165  -15.126 0.0000000000
94531  -37.740  -54.221  -15.255 0.0000000000
12585  -40.193  -53.924  -16.026 0.0000000000
13134  -40.649  -53.021  -16.707 0.0000000000
13127  -41.395  -53.021  -16.647 0.0000000000
93478  -37.266  -53.469  -9.597 0.0000000000
12563  -37.919  -54.044  -9.570 0.0000000000
12012  -37.145  -54.093  -10.462 0.0000000000
12013  -37.498  -54.680  -10.636 0.0000000000
12569  -37.336  -53.709  -11.439 0.0000000000
94704  -37.027  -53.103  -11.093 0.0000000000
16067  -34.506  -47.933  -10.380 0.0000000000
15538  -35.324  -48.847  -11.329 0.0000000000
106410  -35.237  -48.385  -11.966 0.0000000000
16076  -34.320  -47.391  -11.651 0.0000000000
10947  -27.900  -56.648  -21.192 0.0000000000
13860  -35.341  -51.307  -26.342 0.0000000000
13871  -32.574  -51.041  -27.186 0.0000000000
14466  -34.326  -50.771  -27.249 0.0000000000
13130  -36.067  -52.948  -16.931 0.0000000000
12604  -35.395  -54.551  -18.091 0.0000000000
13735  -35.649  -51.457  -17.172 0.0000000000
13750  -35.552  -52.199  -17.937 0.0000000000
96836  -36.073  -56.391  -14.395 0.0000000000
10273  -36.013  -57.202  -14.015 0.0000000000
92945  -37.675  -52.079  -8.963 0.0000000000
13691  -37.362  -51.427  -8.772 0.0000000000
110405  -36.296  -51.852  -9.914 0.0000000000
14343  -36.726  -51.005  -8.873 0.0000000000
15523  -34.772  -48.278  -9.450 0.0000000000
9098  -25.182  -59.321  -21.124 0.0000000000
10956  -29.575  -56.427  -22.403 0.0000000000
10957  -30.304  -55.979  -22.881 0.0000000000
10375  -30.776  -57.232  -24.680 0.0000000000
10374  -29.868  -57.577  -24.319 0.0000000000
9144  -29.388  -59.016  -26.136 0.0000000000
96069  -32.138  -56.391  -25.892 0.0000000000
9757  -31.700  -57.987  -26.122 0.0000000000
99192  -32.434  -57.130  -26.210 0.0000000000
10396  -32.920  -57.358  -26.897 0.0000000000
11001  -32.678  -56.616  -26.844 0.0000000000
10912  -28.209  -56.385  -17.052 0.0000000000
12057  -28.477  -54.701  -18.973 0.0000000000
12058  -29.237  -54.090  -19.214 0.0000000000
12610  -33.764  -53.986  -18.716 0.0000000000
12607  -30.489  -53.274  -18.909 0.0000000000
12621  -30.518  -53.066  -19.712 0.0000000000
12070  -29.569  -54.094  -20.156 0.0000000000
12634  -30.095  -53.439  -20.102 0.0000000000
12081  -29.849  -54.568  -21.068 0.0000000000
13175  -31.640  -52.423  -21.433 0.0000000000
13174  -31.106  -52.795  -21.671 0.0000000000
13187  -31.463  -52.428  -22.353 0.0000000000
109667  -31.145  -52.871  -22.980 0.0000000000
9639  -31.891  -57.796  -15.426 0.0000000000
10279  -31.084  -57.181  -15.698 0.0000000000
11488  -31.562  -55.624  -15.429 0.0000000000
11489  -32.388  -55.780  -15.224 0.0000000000
9641  -33.836  -58.898  -15.001 0.0000000000
95285  -33.239  -58.522  -15.061 0.0000000000
12026  -36.007  -55.039  -16.131 0.0000000000
11491  -34.480  -55.915  -15.545 0.0000000000
11497  -35.076  -55.644  -16.190 0.0000000000
11496  -34.373  -55.465  -16.419 0.0000000000
12037  -36.267  -54.358  -16.341 0.0000000000
12593  -37.343  -53.179  -16.079 0.0000000000
94542  -39.639  -51.394  -16.590 0.0000000000
14387  -38.962  -50.421  -16.390 0.0000000000
14381  -37.974  -49.945  -16.014 0.0000000000
15003  -38.956  -49.390  -16.076 0.0000000000
12016  -38.322  -54.474  -12.943 0.0000000000
12018  -38.896  -54.236  -13.893 0.0000000000
13722  -36.565  -51.545  -11.069 0.0000000000
13723  -37.373  -51.807  -11.582 0.0000000000
14361  -37.077  -50.838  -11.618 0.0000000000
14980  -38.311  -49.600  -12.869 0.0000000000
14369  -38.689  -50.335  -12.738 0.0000000000
14373  -39.639  -50.548  -13.344 0.0000000000
13729  -40.824  -51.683  -14.636 0.0000000000
14376  -41.052  -50.604  -14.976 0.0000000000
14382  -41.387  -50.652  -16.001 0.0000000000
14995  -40.071  -48.900  -14.463 0.0000000000
15556  -36.409  -48.771  -13.664 0.0000000000
15563  -39.009  -48.443  -14.855 0.0000000000
96502  -37.206  -48.758  -14.171 0.0000000000
14994  -36.915  -49.014  -14.753 0.0000000000
10917  -26.883  -57.194  -18.722 0.0000000000
10345  -26.759  -57.814  -21.644 0.0000000000
9713  -26.025  -58.261  -21.078 0.0000000000
99532  -26.145  -58.541  -21.927 0.0000000000
9109  -25.483  -59.261  -22.087 0.0000000000
9744  -27.657  -58.672  -23.781 0.0000000000
111901  -26.846  -60.629  -25.335 0.0000000000
9131  -26.725  -59.711  -24.276 0.0000000000
13178  -34.734  -52.664  -21.264 0.0000000000
13816  -34.456  -51.559  -23.212 0.0000000000
13814  -32.704  -51.521  -23.555 0.0000000000
13815  -33.522  -51.419  -23.397 0.0000000000
13841  -33.818  -51.232  -25.679 0.0000000000
13831  -34.703  -51.467  -24.698 0.0000000000
93801  -34.139  -51.332  -24.996 0.0000000000
107086  -32.438  -51.423  -24.960 0.0000000000
13840  -31.897  -51.504  -25.347 0.0000000000
13231  -30.706  -52.661  -25.971 0.0000000000
13244  -31.296  -51.806  -25.872 0.0000000000
13855  -31.066  -51.579  -27.504 0.0000000000
13256  -30.677  -52.149  -27.376 0.0000000000
12701  -30.516  -52.847  -27.819 0.0000000000
14384  -35.734  -50.750  -16.553 0.0000000000
15009  -35.367  -49.972  -16.487 0.0000000000
14330  -36.913  -50.168  -8.450 0.0000000000
15510  -37.904  -48.726  -8.236 0.0000000000
9688  -26.135  -58.263  -19.357 0.0000000000
94021  -30.737  -55.880  -23.683 0.0000000000
10983  -30.766  -56.524  -24.172 0.0000000000
10984  -31.336  -56.704  -24.826 0.0000000000
111407  -31.498  -57.210  -25.220 0.0000000000
104431  -31.598  -56.228  -25.149 0.0000000000
11575  -31.591  -55.600  -25.571 0.0000000000
11486  -30.088  -55.114  -16.146 0.0000000000
12031  -30.351  -54.500  -16.534 0.0000000000
12043  -29.948  -54.157  -17.218 0.0000000000
12624  -34.090  -53.823  -19.289 0.0000000000
12623  -33.210  -53.297  -19.137 0.0000000000
13149  -31.108  -52.675  -20.132 0.0000000000
13162  -31.721  -52.468  -20.642 0.0000000000
13176  -32.307  -52.197  -21.123 0.0000000000
13782  -32.805  -51.923  -21.510 0.0000000000
10893  -34.665  -57.189  -14.487 0.0000000000
10271  -33.974  -57.526  -14.613 0.0000000000
11493  -36.431  -55.299  -15.272 0.0000000000
12027  -36.758  -54.634  -15.580 0.0000000000
12583  -37.840  -53.605  -15.666 0.0000000000
12594  -38.530  -53.178  -16.010 0.0000000000
13739  -40.766  -52.040  -16.786 0.0000000000
14388  -40.314  -50.661  -16.552 0.0000000000
96567  -37.686  -55.253  -11.376 0.0000000000
11480  -37.916  -55.633  -12.369 0.0000000000
94228  -37.680  -54.651  -11.966 0.0000000000
12572  -37.980  -53.717  -12.210 0.0000000000
13119  -38.414  -52.961  -12.396 0.0000000000
14961  -35.658  -50.059  -10.587 0.0000000000
14971  -36.841  -49.880  -11.855 0.0000000000
14979  -37.492  -49.379  -12.682 0.0000000000
14986  -38.276  -49.017  -13.466 0.0000000000
15549  -37.170  -48.933  -13.393 0.0000000000
15548  -36.090  -48.721  -13.004 0.0000000000
16090  -34.300  -47.306  -12.741 0.0000000000
11522  -27.723  -55.959  -19.715 0.0000000000
10313  -26.784  -57.178  -20.091 0.0000000000
10936  -27.433  -56.580  -20.341 0.0000000000
9722  -26.828  -58.315  -22.519 0.0000000000
9132  -27.563  -59.277  -24.543 0.0000000000
12680  -38.362  -53.653  -25.910 0.0000000000
13220  -37.143  -52.872  -25.325 0.0000000000
13843  -35.780  -51.695  -25.710 0.0000000000
13857  -32.481  -51.212  -26.465 0.0000000000
13870  -31.845  -51.129  -27.848 0.0000000000
12047  -35.098  -55.060  -17.972 0.0000000000
12053  -35.041  -54.662  -18.751 0.0000000000
12612  -35.279  -54.149  -18.936 0.0000000000
109301  -35.017  -54.306  -19.309 0.0000000000
12626  -35.171  -53.769  -19.731 0.0000000000
97494  -33.896  -60.389  -16.860 0.0000000000
9029  -34.342  -59.343  -15.272 0.0000000000
107523  -35.122  -59.842  -15.632 0.0000000000
9631  -34.509  -58.739  -14.762 0.0000000000
10894  -35.380  -56.811  -14.417 0.0000000000
11485  -37.254  -55.026  -14.904 0.0000000000
12028  -39.199  -54.028  -15.171 0.0000000000
13100  -37.124  -52.701  -9.345 0.0000000000
12562  -36.772  -53.001  -9.744 0.0000000000
13109  -36.683  -52.928  -10.438 0.0000000000
13704  -36.528  -52.428  -9.890 0.0000000000
13717  -36.148  -51.368  -10.382 0.0000000000
14351  -35.724  -50.686  -10.048 0.0000000000
14938  -36.301  -49.682  -8.589 0.0000000000
14952  -35.666  -49.481  -8.937 0.0000000000
14341  -35.482  -49.899  -9.702 0.0000000000
14960  -35.308  -49.418  -10.540 0.0000000000
15531  -34.884  -48.675  -10.398 0.0000000000
10948  -29.233  -56.059  -21.668 0.0000000000
10347  -28.660  -56.796  -21.958 0.0000000000
10355  -29.162  -57.100  -22.816 0.0000000000
108274  -28.870  -57.603  -23.302 0.0000000000
9735  -29.066  -57.894  -23.977 0.0000000000
9143  -28.503  -59.369  -25.755 0.0000000000
9756  -30.749  -58.151  -25.809 0.0000000000
9765  -31.102  -58.393  -26.501 0.0000000000
9776  -31.428  -58.629  -27.334 0.0000000000
9777  -32.541  -58.430  -27.842 0.0000000000
10296  -27.500  -57.387  -17.645 0.0000000000
10911  -27.568  -56.623  -17.655 0.0000000000
11506  -27.547  -55.991  -18.086 0.0000000000
11507  -27.935  -55.287  -18.257 0.0000000000
11510  -27.516  -55.934  -18.823 0.0000000000
11523  -28.436  -55.304  -19.981 0.0000000000
11534  -28.862  -55.658  -20.942 0.0000000000
12602  -32.365  -53.891  -17.527 0.0000000000
12601  -31.519  -53.668  -17.695 0.0000000000
12608  -31.341  -53.256  -18.548 0.0000000000
11535  -29.574  -55.358  -21.368 0.0000000000
11536  -30.176  -54.995  -21.816 0.0000000000
12642  -30.665  -53.267  -21.301 0.0000000000
94279  -30.540  -54.540  -22.420 0.0000000000
98551  -30.737  -54.099  -23.094 0.0000000000
12649  -30.904  -53.394  -23.154 0.0000000000
13202  -31.001  -52.869  -23.731 0.0000000000
10908  -28.741  -57.038  -16.786 0.0000000000
10909  -29.475  -56.470  -16.376 0.0000000000
10899  -30.096  -55.908  -15.947 0.0000000000
11487  -30.769  -55.401  -15.745 0.0000000000
12024  -32.148  -55.100  -15.603 0.0000000000
102805  -32.812  -54.877  -16.126 0.0000000000
9028  -33.339  -59.277  -15.596 0.0000000000
9640  -32.689  -58.036  -15.056 0.0000000000
10281  -32.650  -57.265  -14.911 0.0000000000
106207  -34.088  -56.884  -14.713 0.0000000000
10902  -33.732  -56.339  -15.054 0.0000000000
93232  -32.847  -56.440  -14.961 0.0000000000
106206  -33.482  -55.277  -16.072 0.0000000000
12046  -34.531  -55.130  -17.449 0.0000000000
12036  -35.598  -54.945  -17.156 0.0000000000
13131  -36.681  -52.604  -16.429 0.0000000000
13132  -37.809  -52.461  -16.268 0.0000000000
13737  -36.928  -51.698  -16.370 0.0000000000
14386  -37.452  -50.780  -16.189 0.0000000000
14380  -36.747  -50.149  -15.757 0.0000000000
11482  -37.742  -55.654  -13.377 0.0000000000
10896  -37.240  -56.201  -13.681 0.0000000000
10895  -36.615  -56.696  -13.854 0.0000000000
103541  -37.574  -55.394  -14.169 0.0000000000
12578  -39.485  -54.021  -14.833 0.0000000000
12579  -40.364  -53.602  -15.247 0.0000000000
14368  -38.095  -51.068  -12.076 0.0000000000
13725  -39.037  -51.375  -12.739 0.0000000000
13120  -39.251  -52.569  -13.102 0.0000000000
13122  -40.271  -52.674  -14.343 0.0000000000
13123  -41.288  -52.754  -15.684 0.0000000000
13732  -41.476  -51.882  -16.323 0.0000000000
13740  -41.150  -51.012  -16.417 0.0000000000
106855  -40.600  -49.775  -16.301 0.0000000000
15564  -39.689  -48.560  -14.851 0.0000000000
15573  -39.791  -48.637  -15.514 0.0000000000
15004  -39.882  -49.008  -16.144 0.0000000000
10312  -26.583  -57.490  -19.305 0.0000000000
9698  -25.951  -58.240  -20.184 0.0000000000
10330  -26.458  -57.700  -20.648 0.0000000000
10354  -27.401  -57.814  -22.351 0.0000000000
9733  -26.953  -58.747  -23.275 0.0000000000
9122  -27.069  -59.158  -23.881 0.0000000000
9121  -26.446  -59.366  -23.534 0.0000000000
95277  -35.541  -51.764  -18.899 0.0000000000
13154  -35.262  -53.301  -20.418 0.0000000000
13165  -34.633  -52.962  -20.688 0.0000000000
13177  -34.022  -52.453  -21.013 0.0000000000
13783  -33.600  -51.929  -21.571 0.0000000000
13188  -35.007  -52.509  -21.732 0.0000000000
13784  -34.381  -52.079  -21.769 0.0000000000
13797  -32.895  -51.657  -22.175 0.0000000000
13796  -32.205  -51.794  -22.851 0.0000000000
13219  -31.424  -52.102  -24.165 0.0000000000
13832  -35.445  -51.730  -24.787 0.0000000000
95602  -35.040  -51.639  -23.947 0.0000000000
93861  -34.061  -51.362  -24.171 0.0000000000
95557  -33.205  -51.388  -24.065 0.0000000000
13828  -31.891  -51.638  -24.588 0.0000000000
13218  -30.958  -52.592  -24.602 0.0000000000
98887  -30.705  -53.077  -25.139 0.0000000000
12118  -30.779  -54.176  -25.786 0.0000000000
109445  -30.817  -54.259  -26.458 0.0000000000
12129  -30.622  -53.738  -27.079 0.0000000000
11594  -32.172  -55.880  -27.360 0.0000000000
7800  -34.291  -60.858  -18.813 0.0000000000
9766  -32.199  -58.254  -26.893 0.0000000000
10272  -35.339  -57.643  -14.254 0.0000000000
10384  -31.201  -57.663  -25.453 0.0000000000
10385  -31.939  -57.471  -25.809 0.0000000000
10407  -33.140  -57.889  -27.441 0.0000000000
10892  -33.411  -57.006  -14.727 0.0000000000
10903  -34.707  -56.454  -14.887 0.0000000000
10904  -35.513  -56.140  -14.914 0.0000000000
10971  -30.396  -56.402  -23.534 0.0000000000
11492  -35.667  -55.577  -15.641 0.0000000000
12020  -38.173  -54.559  -14.670 0.0000000000
12021  -38.789  -54.372  -14.522 0.0000000000
12023  -31.359  -54.911  -15.778 0.0000000000
12034  -33.653  -54.972  -16.762 0.0000000000
12130  -31.238  -54.913  -26.075 0.0000000000
12134  -30.707  -54.121  -27.925 0.0000000000
12566  -36.868  -53.630  -10.076 0.0000000000
12567  -37.314  -54.194  -9.991 0.0000000000
12590  -31.753  -54.093  -16.916 0.0000000000
12595  -39.919  -53.447  -16.318 0.0000000000
12596  -40.965  -53.546  -16.532 0.0000000000
12603  -33.290  -54.148  -17.886 0.0000000000
12679  -30.656  -53.470  -25.638 0.0000000000
13135  -41.236  -53.018  -16.789 0.0000000000
13150  -31.864  -52.556  -19.890 0.0000000000
13163  -32.472  -52.387  -20.431 0.0000000000
13829  -32.544  -51.480  -24.305 0.0000000000
13842  -34.813  -51.393  -25.519 0.0000000000
13878  -30.713  -51.963  -27.939 0.0000000000
13879  -31.175  -51.529  -28.311 0.0000000000
14342  -35.989  -50.382  -9.037 0.0000000000
14374  -40.379  -50.852  -14.052 0.0000000000
14473  -32.666  -50.871  -27.897 0.0000000000
14988  -40.320  -49.870  -14.187 0.0000000000
14996  -40.889  -49.528  -15.405 0.0000000000
15539  -35.777  -48.780  -12.150 0.0000000000
15547  -35.356  -48.340  -12.728 0.0000000000
15558  -39.125  -48.689  -14.206 0.0000000000
15565  -40.287  -48.794  -15.270 0.0000000000
15572  -38.963  -48.744  -15.545 0.0000000000
16095  -34.774  -47.883  -13.219 0.0000000000
93082  -37.689  -56.377  -12.895 0.0000000000
93433  -35.457  -55.315  -16.521 0.0000000000
97473  -36.464  -52.101  -10.478 0.0000000000
98474  -31.977  -51.360  -26.029 0.0000000000
99383  -36.752  -51.932  -9.327 0.0000000000
99687  -34.589  -58.014  -14.466 0.0000000000
100203  -32.987  -51.494  -22.884 0.0000000000
105689  -40.114  -53.948  -15.670 0.0000000000
105866  -41.056  -49.908  -16.131 0.0000000000
106676  -33.075  -55.899  -15.190 0.0000000000
108927  -30.929  -52.370  -25.307 0.0000000000
109766  -30.813  -53.656  -23.633 0.0000000000
111347  -30.770  -54.148  -24.433 0.0000000000
112152  -41.279  -53.418  -16.636 0.0000000000
