#!ascii label  , from subject sub-v2s7x29669_ses-1 vox2ras=TkReg
1059
44123  -16.807  -9.257  -28.679 0.4285714328
44991  -17.108  -8.461  -29.906 0.2857142985
44144  -17.226  -8.703  -28.961 0.4285714328
44992  -17.792  -8.114  -29.184 0.4285714328
45735  -18.479  -7.568  -29.362 0.4285714328
45008  -17.794  -7.841  -30.160 0.2857142985
45752  -18.542  -7.300  -30.345 0.4285714328
45753  -19.177  -6.882  -30.427 0.4285714328
46504  -18.908  -6.890  -32.221 0.4285714328
46505  -19.532  -6.609  -31.909 0.4285714328
47285  -19.655  -5.984  -32.907 0.4285714328
47286  -20.345  -5.712  -32.812 0.4285714328
101753  -19.295  -3.738  -33.388 0.5714285970
48103  -19.786  -4.574  -33.312 0.5714285970
47304  -20.187  -5.337  -33.149 0.4285714328
48104  -20.688  -4.627  -33.335 0.2857142985
48982  -20.235  -3.794  -33.413 0.7142857313
48983  -21.150  -3.840  -33.522 0.7142857313
49858  -21.534  -2.442  -33.855 0.7142857313
49859  -22.333  -2.868  -33.925 0.4285714328
100425  -20.734  -2.937  -33.567 0.7142857313
104538  -21.590  -3.191  -33.711 0.5714285970
94053  -22.966  -1.616  -34.474 0.5714285970
50582  -21.333  -1.449  -33.927 0.5714285970
50583  -22.228  -1.982  -34.177 0.5714285970
99012  -23.065  -0.948  -34.616 0.5714285970
91792  -23.702  -1.206  -34.713 0.5714285970
91788  -24.443  -1.198  -34.791 0.4285714328
97184  -24.573  -0.351  -35.172 0.5714285970
51261  -25.780  -0.207  -35.757 0.5714285970
91794  -22.383  0.579  -34.494 0.7142857313
51951  -25.221  0.294  -35.700 0.7142857313
51952  -25.861  0.403  -36.081 0.7142857313
51269  -26.313  0.220  -36.335 0.5714285970
51942  -23.341  0.339  -34.763 0.5714285970
51941  -20.495  0.780  -34.565 0.5714285970
52676  -23.800  1.013  -35.080 0.8571428657
52687  -26.018  1.033  -36.480 0.7142857313
51959  -26.884  0.592  -36.905 0.5714285970
52675  -22.948  1.758  -34.851 0.7142857313
53429  -21.329  2.139  -34.911 0.5714285970
52695  -26.326  1.994  -36.937 0.7142857313
51969  -27.014  0.945  -37.195 0.5714285970
52677  -24.578  1.461  -35.579 0.7142857313
99994  -25.992  1.670  -36.639 0.7142857313
53461  -26.650  2.508  -37.397 0.5714285970
53452  -24.857  2.302  -35.832 0.7142857313
53462  -27.223  2.231  -37.565 0.5714285970
53442  -23.985  2.390  -35.429 0.5714285970
54207  -24.292  3.049  -35.617 0.7142857313
54218  -25.902  3.157  -36.664 0.7142857313
54232  -26.722  3.877  -38.337 0.7142857313
54227  -27.110  3.152  -37.972 0.7142857313
54993  -25.315  4.223  -36.197 0.7142857313
54994  -26.263  4.053  -37.093 0.7142857313
55006  -26.723  3.772  -38.289 0.7142857313
98003  -26.759  4.963  -39.081 0.7142857313
55013  -26.806  4.492  -38.795 0.5714285970
54977  -23.095  4.032  -35.510 0.5714285970
55749  -27.042  5.010  -39.354 0.5714285970
56539  -27.554  5.906  -39.166 0.5714285970
55717  -25.992  5.039  -36.800 0.8571428657
96173  -25.002  5.214  -36.198 0.8571428657
109970  -26.985  5.492  -39.777 0.7142857313
56538  -26.660  6.022  -39.754 0.7142857313
102538  -25.948  5.978  -36.933 0.8571428657
94299  -26.633  5.561  -38.997 0.7142857313
57325  -26.729  6.901  -40.998 0.8571428657
57314  -27.116  6.476  -40.596 0.5714285970
57302  -26.401  6.832  -39.425 0.8571428657
57289  -26.171  7.404  -38.209 0.8571428657
56526  -25.934  6.694  -37.121 0.8571428657
56527  -26.365  6.524  -38.411 0.8571428657
58821  -26.228  8.604  -41.360 0.8571428657
58105  -26.869  8.438  -42.460 0.8571428657
59569  -26.415  9.479  -43.065 0.8571428657
110705  -26.352  8.761  -42.162 0.8571428657
59553  -25.620  10.713  -40.510 1.0000000000
59554  -25.931  9.553  -41.448 1.0000000000
58817  -26.127  8.487  -40.273 0.8571428657
59560  -25.680  10.309  -41.792 1.0000000000
58816  -25.880  9.693  -40.164 1.0000000000
60999  -25.023  11.090  -42.836 1.0000000000
97546  -24.181  11.974  -43.604 0.7142857313
60272  -25.420  10.831  -42.303 1.0000000000
60266  -25.354  11.416  -41.114 1.0000000000
60279  -24.774  10.840  -43.936 1.0000000000
62566  -22.512  14.477  -45.791 1.0000000000
64237  -22.474  16.647  -45.362 0.8571428657
63402  -22.021  15.822  -46.217 1.0000000000
66550  -23.736  20.140  -44.270 0.8571428657
95543  -23.230  18.530  -44.463 0.8571428657
65050  -22.617  18.497  -45.520 1.0000000000
94155  -23.943  22.057  -42.979 0.8571428657
67895  -23.947  21.428  -43.854 0.8571428657
102015  -23.632  22.470  -42.062 0.7142857313
102313  -23.251  21.253  -41.259 0.5714285970
68533  -23.124  23.154  -41.517 0.7142857313
68541  -23.638  23.290  -42.392 0.5714285970
69182  -21.527  23.568  -40.089 0.5714285970
68530  -22.327  23.053  -40.636 0.5714285970
69781  -20.845  24.176  -39.548 0.4285714328
70399  -22.182  25.565  -39.799 0.4285714328
69784  -22.990  25.474  -40.541 0.4285714328
70951  -20.909  26.290  -38.796 0.2857142985
70939  -20.414  26.206  -38.521 0.2857142985
70391  -20.364  25.868  -39.028 0.2857142985
70932  -20.784  26.299  -37.676 0.2857142985
91790  -23.763  -0.472  -34.864 0.5714285970
52688  -26.364  1.414  -36.775 0.5714285970
56548  -27.429  6.393  -39.779 0.5714285970
55736  -26.789  4.827  -39.144 0.7142857313
55748  -26.934  5.431  -39.675 0.7142857313
56557  -26.892  6.460  -40.565 0.8571428657
58096  -27.081  7.497  -41.715 0.8571428657
109102  -26.901  7.912  -42.039 0.8571428657
58826  -26.629  8.768  -42.647 0.8571428657
107885  -23.827  12.119  -44.251 0.8571428657
69766  -23.413  24.766  -36.481 0.1428571492
45007  -17.096  -8.261  -31.008 0.2857142985
45751  -17.971  -7.601  -31.158 0.2857142985
45768  -18.850  -7.069  -31.369 0.4285714328
46506  -20.231  -6.150  -31.535 0.4285714328
46522  -18.267  -6.838  -32.420 0.2857142985
47303  -19.358  -5.291  -33.169 0.4285714328
100485  -18.961  -5.847  -32.989 0.5714285970
49857  -19.728  -2.959  -33.427 0.2857142985
91799  -20.616  -0.646  -33.933 0.5714285970
105229  -25.339  -1.028  -35.015 0.4285714328
91798  -21.403  -0.596  -34.113 0.7142857313
91796  -21.868  -0.050  -34.284 0.7142857313
91789  -24.305  -0.761  -34.948 0.7142857313
91739  -24.944  -0.548  -35.223 0.5714285970
100364  -24.716  0.652  -35.529 0.7142857313
52678  -25.416  0.803  -35.947 0.7142857313
52661  -20.979  1.478  -34.677 0.5714285970
52662  -22.029  1.498  -34.612 0.5714285970
54228  -27.460  2.991  -37.748 0.5714285970
53430  -22.194  2.469  -34.981 0.5714285970
52698  -27.308  1.476  -37.375 0.5714285970
54217  -25.057  3.171  -35.985 0.7142857313
53453  -25.640  2.315  -36.396 0.7142857313
55007  -27.281  3.829  -38.278 0.5714285970
54206  -23.514  3.231  -35.444 0.8571428657
104172  -26.592  4.417  -38.267 0.7142857313
57326  -26.925  6.902  -41.177 0.5714285970
58085  -26.140  7.877  -38.755 1.0000000000
59574  -25.982  10.140  -43.330 1.0000000000
110055  -25.750  10.114  -39.245 1.0000000000
60993  -24.620  12.029  -42.629 0.8571428657
61775  -23.839  13.022  -43.559 0.7142857313
61784  -23.304  12.577  -45.562 1.0000000000
61019  -23.810  11.713  -46.155 1.0000000000
62560  -23.143  13.637  -44.993 0.7142857313
61789  -23.244  12.663  -46.808 1.0000000000
62550  -23.554  14.058  -43.823 0.7142857313
63401  -21.829  15.040  -47.307 0.8571428657
65825  -23.570  19.221  -43.641 0.8571428657
64236  -22.188  17.887  -45.985 1.0000000000
64242  -21.755  17.163  -46.747 1.0000000000
67889  -23.661  21.606  -41.897 0.7142857313
69782  -21.776  24.432  -39.954 0.7142857313
67881  -22.972  22.128  -41.183 0.5714285970
69185  -22.778  23.915  -41.052 0.7142857313
69181  -20.548  23.306  -39.820 0.4285714328
70957  -21.127  26.319  -38.961 0.2857142985
70393  -22.177  27.079  -39.547 0.4285714328
69789  -23.225  24.731  -41.282 0.4285714328
70400  -22.662  26.419  -40.003 0.4285714328
70940  -21.230  26.618  -38.257 0.2857142985
93527  -19.630  -1.535  -33.671 0.4285714328
105315  -19.748  -0.820  -33.896 0.4285714328
69779  -21.152  25.158  -39.349 0.4285714328
69183  -22.206  23.889  -40.441 0.7142857313
70392  -21.514  26.217  -39.201 0.2857142985
70952  -21.650  26.979  -38.846 0.2857142985
44145  -17.866  -8.510  -28.512 0.4285714328
44143  -16.447  -9.131  -29.549 0.2857142985
44970  -18.555  -8.077  -28.441 0.4285714328
100278  -18.939  -6.407  -32.671 0.2857142985
46523  -19.414  -6.428  -32.466 0.4285714328
46524  -20.029  -6.152  -32.398 0.4285714328
48102  -18.894  -4.498  -33.292 0.4285714328
91803  -20.064  -2.175  -33.531 0.5714285970
92222  -20.361  -1.441  -33.704 0.5714285970
91795  -22.224  -0.992  -34.302 0.5714285970
91793  -22.765  -0.262  -34.533 0.5714285970
51259  -24.404  0.136  -35.269 0.7142857313
51262  -26.540  -0.258  -36.241 0.5714285970
91797  -21.452  0.757  -34.424 0.7142857313
52663  -22.892  1.059  -34.693 0.7142857313
91800  -20.953  0.090  -34.208 0.7142857313
101640  -23.661  1.815  -35.205 0.5714285970
52697  -26.860  1.775  -37.329 0.5714285970
54226  -26.727  3.181  -37.720 0.7142857313
54205  -22.652  3.264  -35.314 0.7142857313
54978  -24.121  3.949  -35.699 0.8571428657
55012  -26.861  4.372  -38.980 0.7142857313
102539  -24.211  4.932  -35.916 0.8571428657
56546  -26.891  6.023  -40.180 0.8571428657
58090  -26.358  7.368  -40.210 0.8571428657
58095  -26.514  7.642  -41.278 0.8571428657
57288  -25.854  7.413  -37.296 0.8571428657
58807  -25.866  9.474  -39.010 1.0000000000
60994  -25.077  11.752  -41.884 1.0000000000
61768  -24.258  13.027  -42.741 0.8571428657
67223  -23.833  20.638  -43.494 0.8571428657
67218  -23.829  21.123  -42.691 0.8571428657
69177  -19.737  24.110  -39.411 0.4285714328
69783  -22.568  24.613  -40.481 0.4285714328
70366  -20.447  25.693  -37.235 0.2857142985
70933  -21.625  26.583  -37.313 0.2857142985
70368  -22.668  25.568  -36.657 0.1428571492
45767  -18.212  -7.322  -31.951 0.2857142985
70967  -25.011  27.233  -40.125 0.2857142985
71486  -25.157  28.463  -39.511 0.1428571492
70965  -23.399  27.727  -39.980 0.2857142985
71485  -24.340  28.921  -39.648 0.1428571492
111833  -25.307  28.701  -39.130 0.1428571492
70959  -22.437  28.411  -39.389 0.1428571492
70964  -22.726  27.641  -39.793 0.2857142985
71469  -22.861  29.369  -39.134 0.1428571492
70416  -24.934  25.294  -41.827 0.2857142985
70966  -24.104  27.578  -40.097 0.2857142985
69811  -25.354  24.800  -44.050 0.2857142985
69800  -24.992  24.991  -43.720 0.2857142985
71471  -24.399  29.524  -38.915 0.1428571492
70401  -23.241  26.384  -40.320 0.2857142985
69196  -23.879  23.835  -43.979 0.2857142985
70415  -24.257  25.355  -41.745 0.2857142985
70402  -23.851  26.228  -40.603 0.2857142985
67904  -24.576  22.261  -43.979 0.1428571492
69809  -24.023  24.445  -43.923 0.2857142985
70426  -24.693  25.001  -42.857 0.2857142985
71478  -23.723  29.780  -39.320 0.1428571492
69791  -24.172  24.911  -42.635 0.2857142985
67890  -26.530  21.624  -42.442 0.1428571492
67896  -25.220  21.785  -43.868 0.1428571492
68556  -24.241  23.092  -44.033 0.4285714328
69188  -23.879  24.073  -43.003 0.2857142985
65839  -23.929  18.626  -45.965 0.2857142985
103135  -24.192  21.409  -44.120 0.4285714328
68548  -23.936  22.958  -43.686 0.2857142985
65057  -24.781  17.702  -45.506 0.1428571492
66554  -24.075  20.306  -45.039 0.2857142985
97556  -23.704  20.099  -45.098 0.5714285970
102778  -24.631  15.763  -46.631 0.1428571492
65056  -24.100  17.726  -46.451 0.1428571492
111737  -23.863  22.796  -42.808 0.4285714328
65838  -22.939  19.356  -46.473 0.4285714328
109374  -25.128  14.849  -46.254 0.2857142985
63403  -23.800  15.853  -48.130 0.7142857313
95374  -21.553  16.428  -47.755 0.8571428657
64250  -22.160  17.263  -49.089 0.8571428657
65837  -22.495  19.175  -46.678 0.5714285970
106774  -25.931  14.447  -44.452 0.2857142985
102596  -25.552  14.548  -45.455 0.2857142985
65836  -21.963  18.991  -47.438 0.7142857313
65821  -23.677  18.916  -42.296 0.5714285970
65055  -22.219  18.913  -46.594 0.8571428657
102592  -26.191  13.477  -44.189 0.1428571492
63409  -23.712  14.694  -48.530 0.7142857313
99220  -26.506  13.623  -43.155 0.1428571492
59518  -23.495  10.690  -36.550 0.5714285970
60261  -25.392  11.505  -39.493 0.8571428657
60988  -25.212  12.208  -40.123 0.8571428657
60252  -25.147  11.755  -38.478 0.4285714328
102116  -25.123  12.285  -41.024 0.5714285970
62565  -22.375  13.803  -47.009 0.8571428657
60294  -24.751  11.087  -45.755 0.8571428657
62571  -22.214  14.550  -48.155 0.8571428657
61776  -26.408  12.592  -43.854 0.2857142985
61798  -24.153  12.919  -47.959 0.8571428657
61796  -22.953  14.325  -48.721 0.8571428657
65054  -21.757  18.358  -47.327 0.8571428657
61770  -27.307  13.120  -42.114 0.4285714328
61790  -25.390  12.218  -46.291 0.7142857313
62573  -24.377  13.546  -47.832 0.7142857313
58790  -21.703  9.979  -37.158 0.2857142985
59535  -25.516  10.451  -38.459 0.5714285970
59519  -24.446  11.044  -36.832 0.5714285970
60287  -24.671  10.777  -45.039 0.8571428657
61014  -24.266  11.156  -45.584 0.8571428657
61025  -23.933  11.948  -46.961 0.8571428657
61797  -23.731  12.781  -47.758 0.8571428657
61000  -26.720  11.843  -43.532 0.4285714328
61016  -25.722  11.106  -45.115 0.8571428657
61021  -24.842  11.637  -46.513 0.8571428657
60995  -27.638  12.283  -41.790 0.4285714328
55713  -21.533  5.413  -36.269 0.7142857313
57269  -21.278  6.917  -36.744 0.4285714328
55714  -22.340  5.438  -36.030 0.7142857313
57271  -23.758  7.271  -36.339 0.8571428657
58049  -22.986  8.092  -36.411 0.5714285970
58067  -22.793  9.127  -36.511 0.5714285970
58066  -20.861  8.590  -37.496 0.4285714328
58051  -25.136  8.046  -36.715 0.8571428657
58068  -23.741  8.890  -36.481 0.5714285970
58791  -22.662  9.952  -36.662 0.5714285970
58084  -25.797  8.978  -37.985 0.8571428657
58806  -25.533  9.845  -37.927 0.7142857313
96992  -24.404  10.199  -36.726 0.5714285970
58832  -26.903  8.988  -42.988 0.7142857313
59570  -26.871  9.739  -43.197 0.7142857313
104752  -25.591  10.603  -43.878 0.7142857313
111619  -25.109  10.603  -44.612 0.8571428657
60262  -28.278  11.265  -39.646 0.2857142985
60274  -28.048  10.800  -41.514 0.4285714328
99699  -27.497  11.506  -42.575 0.5714285970
54204  -21.806  3.294  -35.339 0.4285714328
54975  -21.403  3.999  -35.759 0.4285714328
55712  -20.761  5.492  -36.732 0.4285714328
109134  -25.192  5.908  -36.391 0.7142857313
56513  -24.434  6.578  -36.313 0.7142857313
56514  -25.291  6.667  -36.558 0.7142857313
58069  -25.206  8.897  -36.958 0.8571428657
58822  -27.724  8.263  -41.278 0.7142857313
59547  -28.355  10.420  -39.925 0.2857142985
59555  -28.183  10.138  -41.030 0.5714285970
102371  -27.305  8.887  -42.541 0.5714285970
53440  -21.395  2.730  -35.219 0.4285714328
54216  -20.284  3.401  -36.329 0.5714285970
54976  -22.244  4.051  -35.508 0.5714285970
54990  -21.846  4.751  -35.861 0.5714285970
55716  -24.240  5.779  -36.157 0.7142857313
57315  -27.838  7.124  -39.752 0.4285714328
58823  -28.219  8.684  -40.170 0.4285714328
98630  -28.515  10.159  -39.091 0.4285714328
103565  -28.217  9.383  -40.615 0.4285714328
91805  -19.915  0.035  -34.317 0.5714285970
51961  -28.173  0.065  -36.901 0.4285714328
53454  -27.796  2.205  -37.391 0.4285714328
56529  -28.966  6.327  -37.287 0.4285714328
55014  -27.503  4.666  -38.539 0.4285714328
57291  -29.074  7.237  -37.429 0.4285714328
57303  -28.149  6.869  -38.937 0.4285714328
47269  -20.804  -5.599  -32.158 0.1428571492
95705  -28.052  3.664  -37.620 0.4285714328
55718  -28.821  4.928  -36.947 0.4285714328
56515  -29.175  5.631  -36.709 0.4285714328
48105  -21.567  -4.462  -33.195 0.1428571492
48106  -22.275  -3.943  -33.145 0.1428571492
94932  -24.832  -1.803  -34.318 0.2857142985
92437  -29.492  -1.096  -35.398 0.2857142985
52664  -30.051  1.269  -34.746 0.2857142985
51953  -29.652  0.431  -35.329 0.2857142985
111026  -26.937  -0.817  -35.963 0.4285714328
53431  -29.978  2.180  -34.967 0.2857142985
52679  -29.494  1.339  -35.526 0.2857142985
102572  -28.058  -0.375  -36.806 0.2857142985
54208  -29.911  3.233  -35.194 0.2857142985
54220  -29.160  3.231  -36.158 0.4285714328
47287  -21.574  -4.989  -32.412 0.1428571492
48086  -22.285  -4.429  -32.527 0.1428571492
48085  -20.930  -5.254  -33.010 0.1428571492
48986  -23.666  -3.157  -33.173 0.2857142985
91779  -26.927  -2.162  -34.470 0.2857142985
91784  -27.985  -1.935  -35.197 0.2857142985
92107  -26.097  -1.457  -34.790 0.2857142985
92420  -28.713  -1.411  -35.695 0.2857142985
48971  -25.155  -3.658  -32.513 0.2857142985
48969  -23.120  -3.836  -32.607 0.2857142985
49862  -25.208  -2.495  -33.616 0.2857142985
48987  -24.662  -3.038  -33.027 0.2857142985
48985  -22.755  -3.381  -33.438 0.2857142985
105806  -19.170  -7.067  -29.599 0.2857142985
46489  -19.645  -6.561  -30.949 0.2857142985
47270  -21.586  -5.275  -31.444 0.1428571492
43192  -16.815  -9.734  -28.047 0.2857142985
108209  -16.217  -10.203  -28.092 0.2857142985
45754  -19.788  -6.615  -29.965 0.2857142985
44105  -17.539  -9.102  -28.101 0.1428571492
43167  -15.902  -10.710  -27.711 0.1428571492
48970  -24.182  -3.605  -32.454 0.2857142985
49863  -26.245  -2.705  -33.717 0.2857142985
92126  -29.473  -1.767  -34.980 0.2857142985
51252  -29.788  -0.318  -35.128 0.2857142985
51271  -27.431  -0.106  -36.823 0.4285714328
52690  -28.870  1.417  -36.327 0.4285714328
53443  -29.376  2.306  -35.746 0.2857142985
54979  -30.077  4.231  -34.941 0.2857142985
56511  -22.008  6.647  -36.359 0.7142857313
55719  -29.383  4.937  -36.219 0.4285714328
95364  -24.455  9.396  -36.660 0.5714285970
56528  -28.271  5.932  -38.163 0.4285714328
57327  -27.558  7.453  -40.722 0.4285714328
58818  -28.566  9.238  -39.208 0.2857142985
59536  -28.392  10.896  -39.136 0.2857142985
60268  -28.210  11.115  -40.501 0.5714285970
65044  -22.879  17.466  -44.757 0.7142857313
60288  -26.301  10.842  -43.803 0.7142857313
67211  -23.621  20.805  -41.706 0.4285714328
100994  -23.735  20.327  -42.319 0.5714285970
103050  -23.285  19.759  -45.089 0.7142857313
60267  -27.993  11.731  -41.092 0.2857142985
62577  -22.386  15.221  -49.021 0.8571428657
65831  -22.711  19.377  -45.866 0.8571428657
62567  -25.198  13.557  -46.665 0.5714285970
69790  -23.775  24.733  -42.330 0.2857142985
65832  -23.655  19.586  -45.500 0.4285714328
71461  -24.139  28.340  -38.452 0.1428571492
44993  -19.267  -7.495  -28.746 0.1428571492
46490  -20.389  -6.197  -30.490 0.1428571492
107985  -22.941  -4.910  -31.180 0.1428571492
48087  -23.859  -4.207  -31.873 0.1428571492
49860  -23.249  -2.732  -33.864 0.2857142985
92279  -25.773  -2.012  -34.200 0.2857142985
105352  -29.055  -2.324  -34.815 0.2857142985
54203  -20.910  3.226  -35.705 0.5714285970
92048  -26.241  -0.831  -35.528 0.2857142985
105248  -26.993  -1.389  -35.282 0.2857142985
55005  -20.282  4.859  -36.999 0.2857142985
95853  -30.235  3.541  -34.396 0.2857142985
108073  -29.954  4.996  -34.676 0.2857142985
101771  -22.669  6.172  -36.192 0.7142857313
56512  -23.531  6.396  -36.213 0.5714285970
98786  -20.476  7.782  -37.608 0.4285714328
57270  -21.993  7.524  -36.498 0.5714285970
55703  -29.784  4.942  -35.403 0.4285714328
59517  -22.411  10.695  -36.913 0.2857142985
102943  -22.082  9.375  -36.778 0.5714285970
56501  -29.600  5.752  -35.828 0.2857142985
55008  -28.183  4.415  -37.683 0.4285714328
104885  -29.362  6.977  -36.623 0.1428571492
58071  -29.076  8.160  -37.708 0.4285714328
94243  -28.505  7.777  -38.710 0.4285714328
58794  -29.000  9.326  -37.563 0.1428571492
58809  -28.705  9.764  -38.383 0.1428571492
59563  -27.838  9.806  -42.058 0.5714285970
60281  -27.088  11.190  -43.232 0.5714285970
61785  -25.974  12.125  -45.082 0.7142857313
63414  -22.271  16.083  -49.370 0.8571428657
103852  -27.590  14.200  -40.756 0.2857142985
99504  -27.295  14.146  -41.699 0.1428571492
70958  -21.921  27.343  -39.146 0.2857142985
96819  -25.754  13.366  -45.388 0.4285714328
62541  -26.930  13.670  -42.430 0.4285714328
62552  -26.281  14.484  -43.420 0.1428571492
64251  -23.010  17.098  -48.579 0.5714285970
108444  -26.014  15.336  -43.814 0.1428571492
64244  -24.741  16.737  -45.940 0.1428571492
71470  -23.418  29.605  -38.727 0.1428571492
65842  -22.334  18.778  -47.417 0.5714285970
64238  -25.340  16.820  -44.976 0.1428571492
65833  -24.666  18.645  -45.183 0.1428571492
68555  -24.082  22.829  -44.065 0.2857142985
67231  -24.429  21.410  -44.163 0.2857142985
98756  -24.619  19.475  -44.854 0.2857142985
103742  -25.372  19.329  -44.197 0.1428571492
66552  -25.919  20.205  -43.351 0.1428571492
67225  -25.924  21.183  -43.345 0.1428571492
69822  -24.686  24.333  -44.086 0.2857142985
69197  -25.324  24.014  -44.010 0.2857142985
68550  -26.115  23.317  -43.534 0.1428571492
104368  -19.405  -8.046  -28.132 0.1428571492
51253  -30.141  -0.661  -34.524 0.2857142985
60253  -28.243  11.718  -38.838 0.2857142985
68542  -26.691  22.663  -42.703 0.1428571492
69198  -26.228  24.461  -44.012 0.2857142985
43211  -16.101  -9.803  -28.821 0.2857142985
48984  -21.955  -3.662  -33.575 0.2857142985
49870  -22.903  -2.294  -34.234 0.4285714328
92376  -23.733  -1.974  -34.385 0.2857142985
51270  -26.809  0.142  -36.662 0.4285714328
54991  -22.705  4.767  -35.722 0.5714285970
57290  -28.456  6.649  -38.127 0.4285714328
55715  -23.290  5.479  -35.977 0.7142857313
59575  -26.307  10.127  -43.411 0.7142857313
59546  -25.624  10.648  -39.414 0.8571428657
60280  -25.469  10.522  -43.310 0.8571428657
61007  -24.170  11.200  -44.666 0.8571428657
66545  -23.709  19.800  -42.943 0.5714285970
69186  -23.375  24.056  -41.927 0.2857142985
94889  -23.889  23.378  -43.153 0.2857142985
70414  -23.700  25.361  -41.387 0.2857142985
111698  -25.461  -1.562  -34.560 0.2857142985
54219  -28.326  3.098  -37.067 0.4285714328
59534  -25.065  10.437  -37.362 0.5714285970
61788  -22.907  13.485  -47.843 0.8571428657
64249  -21.756  17.044  -48.999 0.8571428657
57272  -24.695  7.348  -36.471 0.8571428657
71479  -24.645  29.337  -39.209 0.1428571492
71484  -23.680  28.986  -39.753 0.2857142985
70403  -24.467  26.028  -40.761 0.2857142985
71477  -23.050  29.024  -39.616 0.1428571492
69810  -24.501  24.622  -44.011 0.2857142985
69799  -24.389  24.717  -43.569 0.2857142985
69798  -24.135  24.625  -43.236 0.2857142985
69205  -24.072  24.022  -44.187 0.2857142985
69204  -23.961  23.416  -44.148 0.2857142985
67903  -24.177  22.232  -43.972 0.2857142985
68549  -25.133  22.930  -43.860 0.1428571492
67224  -25.160  20.761  -44.069 0.1428571492
67897  -26.010  22.255  -43.339 0.1428571492
69206  -24.594  23.737  -44.093 0.1428571492
67229  -23.936  20.817  -44.497 0.5714285970
67230  -24.036  20.731  -44.635 0.4285714328
67902  -24.038  22.199  -43.984 0.5714285970
65051  -25.350  17.743  -44.681 0.1428571492
64243  -23.983  16.846  -47.179 0.1428571492
99612  -24.359  20.691  -44.503 0.2857142985
66555  -24.757  20.106  -44.464 0.2857142985
66558  -22.980  19.737  -45.907 0.5714285970
65063  -23.221  17.932  -47.523 0.5714285970
63404  -24.530  14.663  -47.364 0.5714285970
63415  -22.805  16.006  -49.364 0.7142857313
65061  -21.840  18.193  -48.271 0.7142857313
61804  -23.593  13.655  -48.392 0.8571428657
59520  -25.052  11.261  -37.746 0.5714285970
60981  -25.117  12.352  -39.025 0.4285714328
60237  -24.462  12.005  -37.079 0.4285714328
60295  -25.160  10.757  -45.204 0.8571428657
61015  -25.322  11.310  -45.760 0.8571428657
61001  -27.256  12.168  -42.723 0.5714285970
61799  -24.783  12.465  -47.267 0.8571428657
61008  -26.158  11.461  -44.377 0.7142857313
54989  -20.934  4.644  -36.341 0.5714285970
56510  -21.360  6.132  -36.528 0.4285714328
97405  -22.825  7.033  -36.326 0.7142857313
58050  -24.137  8.087  -36.465 0.7142857313
57286  -21.185  7.740  -37.064 0.4285714328
57287  -21.873  8.546  -36.728 0.5714285970
58792  -23.591  9.738  -36.525 0.5714285970
58065  -19.906  8.229  -38.137 0.2857142985
107573  -24.540  8.704  -36.611 0.7142857313
102589  -27.745  10.416  -42.332 0.5714285970
59576  -26.811  10.414  -43.352 0.7142857313
99921  -20.736  3.868  -36.185 0.5714285970
58091  -28.312  8.178  -39.491 0.4285714328
51962  -28.975  0.393  -36.280 0.2857142985
53455  -28.612  2.297  -36.581 0.4285714328
55737  -28.409  5.346  -37.682 0.4285714328
106516  -29.373  6.285  -36.441 0.4285714328
54995  -28.782  4.098  -36.709 0.4285714328
49861  -24.197  -2.524  -33.729 0.2857142985
51264  -29.212  -0.394  -35.909 0.2857142985
50593  -28.641  -0.784  -36.278 0.2857142985
50599  -28.049  -0.693  -36.540 0.2857142985
50592  -27.721  -1.144  -35.975 0.2857142985
54996  -29.560  4.142  -35.738 0.4285714328
48072  -22.277  -4.861  -31.688 0.1428571492
92767  -28.085  -2.732  -34.550 0.2857142985
95613  -22.999  -4.462  -31.827 0.1428571492
48988  -25.661  -3.208  -33.115 0.2857142985
43169  -17.596  -9.837  -27.261 0.1428571492
43168  -16.688  -10.324  -27.455 0.1428571492
44106  -18.338  -9.195  -27.463 0.1428571492
58086  -28.764  8.770  -38.492 0.2857142985
71460  -23.265  28.438  -38.292 0.1428571492
71459  -22.748  28.746  -38.595 0.1428571492
65038  -23.573  18.118  -42.907 0.5714285970
64226  -23.709  16.059  -42.926 0.4285714328
64218  -23.808  17.094  -42.288 0.4285714328
99469  -23.447  17.219  -43.532 0.5714285970
63390  -23.426  15.241  -43.837 0.4285714328
64230  -23.219  16.321  -44.159 0.5714285970
100032  -24.430  13.870  -42.002 0.4285714328
62539  -23.890  14.949  -42.934 0.4285714328
63396  -22.822  15.489  -44.909 0.5714285970
61762  -24.857  12.679  -41.537 0.5714285970
52646  -30.248  1.463  -32.952 0.1428571492
52665  -30.336  2.008  -34.234 0.1428571492
53422  -30.319  2.853  -33.906 0.1428571492
51929  -30.039  0.273  -31.733 0.1428571492
92447  -30.356  0.527  -32.822 0.1428571492
92081  -29.625  0.961  -30.811 0.1428571492
52645  -30.045  1.056  -32.217 0.1428571492
92509  -29.487  1.646  -30.026 0.1428571492
108730  -18.172  -4.532  -33.266 0.2857142985
91992  -29.902  -2.231  -34.401 0.1428571492
105167  -30.575  -1.384  -32.931 0.1428571492
91770  -30.033  -1.536  -34.538 0.1428571492
92199  -30.473  -0.421  -32.800 0.1428571492
92040  -29.644  -0.229  -30.115 0.1428571492
92236  -30.343  -0.868  -31.978 0.1428571492
108360  -30.547  1.296  -27.288 0.1428571492
92224  -29.542  0.848  -28.560 0.1428571492
92115  -30.017  1.593  -27.983 0.1428571492
47302  -18.548  -5.226  -33.131 0.2857142985
47301  -17.732  -5.093  -33.064 0.2857142985
91775  -27.545  -3.896  -33.705 0.1428571492
92332  -28.550  -4.113  -33.728 0.1428571492
91780  -28.883  -2.995  -34.319 0.1428571492
92268  -27.265  -3.077  -33.965 0.1428571492
91781  -29.619  -2.846  -34.139 0.1428571492
105391  -30.562  -2.632  -32.348 0.1428571492
92563  -30.432  -2.970  -33.034 0.1428571492
105447  -30.078  -1.899  -30.549 0.1428571492
106969  -30.558  -2.241  -33.028 0.1428571492
105472  -29.712  -1.459  -29.665 0.1428571492
105071  -29.531  -1.379  -27.942 0.1428571492
92063  -30.015  -0.835  -26.914 0.1428571492
91764  -29.559  0.044  -28.134 0.1428571492
47284  -18.168  -6.004  -32.809 0.2857142985
46521  -17.428  -6.612  -32.477 0.2857142985
48972  -26.130  -4.083  -32.760 0.1428571492
48107  -27.029  -4.465  -33.313 0.1428571492
48108  -27.869  -4.696  -33.575 0.1428571492
92451  -30.522  -3.125  -31.747 0.1428571492
91762  -29.572  -4.089  -33.296 0.1428571492
105471  -29.936  -3.201  -29.764 0.1428571492
105473  -29.515  -2.151  -27.975 0.1428571492
105070  -29.847  -2.330  -29.757 0.1428571492
91749  -31.408  0.619  -26.697 0.1428571492
105214  -30.764  0.013  -26.575 0.1428571492
48088  -24.770  -4.156  -31.986 0.1428571492
48090  -26.637  -4.966  -32.846 0.1428571492
48089  -26.019  -4.709  -32.379 0.1428571492
47305  -28.107  -5.269  -33.409 0.1428571492
48091  -27.411  -5.353  -33.282 0.1428571492
47273  -30.049  -5.504  -31.698 0.1428571492
48076  -30.306  -5.029  -31.246 0.1428571492
48092  -29.534  -4.837  -32.818 0.1428571492
105272  -30.219  -3.671  -30.439 0.1428571492
105152  -29.553  -1.572  -27.050 0.1428571492
105448  -29.677  -2.671  -28.908 0.1428571492
105281  -30.233  -1.549  -26.186 0.1428571492
48075  -25.478  -4.855  -31.846 0.1428571492
46525  -27.274  -6.135  -33.177 0.1428571492
47288  -26.258  -5.362  -32.355 0.1428571492
47289  -27.916  -5.857  -33.275 0.1428571492
47263  -30.107  -5.888  -30.976 0.1428571492
46511  -29.602  -6.154  -31.823 0.1428571492
91737  -30.159  -5.057  -30.332 0.1428571492
105470  -29.671  -4.122  -28.369 0.1428571492
105143  -29.982  -4.149  -29.710 0.1428571492
101832  -27.031  -6.891  -33.342 0.1428571492
46509  -26.525  -6.191  -32.618 0.1428571492
45785  -28.134  -6.956  -32.898 0.1428571492
45784  -27.296  -7.381  -33.446 0.1428571492
46510  -28.964  -6.718  -32.078 0.1428571492
92002  -29.839  -5.138  -29.231 0.1428571492
46526  -27.553  -6.584  -33.207 0.1428571492
46527  -29.527  -5.519  -32.365 0.1428571492
92498  -30.468  -3.922  -32.143 0.1428571492
108546  -31.053  -0.794  -26.150 0.1428571492
52561  -31.942  1.149  -26.857 0.1428571492
111626  -29.594  -1.113  -27.382 0.1428571492
91999  -29.837  -1.040  -30.387 0.1428571492
105449  -29.545  -0.885  -28.730 0.1428571492
51943  -30.208  0.378  -34.463 0.1428571492
109897  -30.026  2.242  -32.775 0.1428571492
45783  -17.655  -7.221  -32.174 0.2857142985
105446  -29.497  -3.499  -27.200 0.1428571492
105484  -29.773  -2.114  -26.359 0.1428571492
111797  -31.494  -0.044  -26.411 0.1428571492
52568  -32.558  1.597  -27.221 0.1428571492
61754  -24.710  13.580  -41.268 0.4285714328
91754  -31.669  2.015  -27.256 0.1428571492
92301  -29.898  0.848  -27.627 0.1428571492
91753  -31.224  1.287  -27.062 0.1428571492
52600  -29.508  1.618  -28.948 0.1428571492
92613  -30.284  2.242  -27.854 0.1428571492
53421  -30.046  2.872  -33.155 0.1428571492
54962  -30.101  4.367  -34.164 0.1428571492
66540  -23.686  19.602  -41.831 0.4285714328
69199  -27.029  24.558  -43.951 0.1428571492
69812  -26.149  25.055  -44.108 0.1428571492
52654  -30.381  1.539  -33.714 0.1428571492
48989  -26.630  -3.561  -33.405 0.1428571492
104323  -25.507  -4.283  -32.268 0.1428571492
101841  -29.816  5.525  -35.107 0.1428571492
57259  -29.548  6.658  -35.838 0.1428571492
105362  -30.453  -0.071  -33.683 0.1428571492
51933  -30.423  0.843  -33.639 0.1428571492
53403  -30.266  2.161  -33.473 0.1428571492
52627  -29.791  1.177  -31.567 0.1428571492
105415  -29.711  0.241  -30.698 0.1428571492
105146  -29.942  -0.507  -31.036 0.1428571492
105151  -29.531  0.728  -29.752 0.1428571492
104850  -29.819  1.868  -32.025 0.1428571492
54146  -29.429  3.239  -30.676 0.1428571492
92290  -30.223  -2.602  -33.686 0.1428571492
92230  -30.365  -1.882  -33.763 0.1428571492
105405  -30.438  -1.025  -33.739 0.1428571492
91782  -30.542  -1.804  -32.174 0.1428571492
105184  -29.524  -0.034  -29.151 0.1428571492
105182  -30.223  -1.398  -31.264 0.1428571492
91778  -28.245  -3.448  -34.106 0.1428571492
92450  -29.201  -3.499  -33.875 0.1428571492
92204  -30.487  -3.272  -32.476 0.1428571492
105481  -30.431  -2.289  -31.465 0.1428571492
91763  -30.260  -3.643  -32.885 0.1428571492
105058  -30.261  -2.890  -30.708 0.1428571492
105047  -29.620  -1.823  -28.838 0.1428571492
93042  -28.739  -4.771  -33.368 0.1428571492
91738  -30.452  -3.732  -31.224 0.1428571492
91740  -30.420  -4.386  -31.514 0.1428571492
108251  -29.739  -3.445  -28.975 0.1428571492
105183  -29.551  -3.060  -28.078 0.1428571492
107586  -26.832  -5.650  -32.933 0.1428571492
92485  -30.202  -4.822  -32.104 0.1428571492
47290  -28.712  -5.408  -32.995 0.1428571492
92788  -28.596  -6.165  -32.665 0.1428571492
47251  -29.957  -5.719  -30.042 0.1428571492
92072  -29.637  -5.099  -28.069 0.1428571492
42340  -14.164  -11.473  -28.578 0.1428571492
43191  -15.543  -10.471  -28.467 0.1428571492
42351  -13.789  -11.016  -29.302 0.1428571492
43190  -14.694  -10.791  -28.888 0.1428571492
43210  -15.221  -10.222  -29.237 0.1428571492
44142  -15.619  -9.704  -29.723 0.1428571492
45006  -16.396  -8.815  -30.518 0.1428571492
94613  -15.609  -8.976  -30.867 0.1428571492
45765  -16.463  -7.993  -31.562 0.1428571492
45019  -16.229  -8.549  -31.129 0.1428571492
45766  -17.385  -7.646  -31.703 0.1428571492
45018  -15.342  -8.265  -31.341 0.1428571492
45782  -16.724  -7.238  -32.093 0.1428571492
46519  -15.337  -6.208  -32.260 0.1428571492
94222  -15.661  -5.716  -32.491 0.1428571492
47300  -16.852  -4.820  -33.020 0.1428571492
47283  -17.156  -5.705  -32.753 0.1428571492
48101  -17.470  -4.251  -33.287 0.2857142985
48981  -18.229  -3.610  -33.433 0.1428571492
107784  -18.932  -2.998  -33.466 0.1428571492
49856  -19.125  -2.157  -33.588 0.2857142985
52660  -20.014  1.389  -35.199 0.4285714328
95942  -20.708  2.498  -35.425 0.4285714328
61748  -24.983  13.058  -39.470 0.2857142985
61747  -24.726  13.847  -39.674 0.2857142985
61761  -24.586  13.081  -42.029 0.2857142985
64211  -24.091  16.871  -40.268 0.2857142985
65032  -24.120  17.039  -41.199 0.2857142985
65031  -23.797  18.002  -41.555 0.4285714328
48100  -16.489  -3.914  -33.327 0.1428571492
101457  -17.287  -3.527  -33.460 0.2857142985
44156  -14.993  -9.524  -30.429 0.1428571492
45781  -14.912  -6.769  -31.957 0.1428571492
47282  -16.252  -5.373  -32.710 0.1428571492
48084  -15.881  -4.608  -32.971 0.1428571492
48979  -16.670  -3.010  -33.576 0.2857142985
49855  -18.304  -2.557  -33.635 0.2857142985
48980  -17.495  -2.802  -33.646 0.2857142985
50580  -17.653  -1.980  -33.953 0.2857142985
50581  -18.387  -1.825  -33.848 0.2857142985
91806  -18.896  -1.190  -33.975 0.2857142985
51258  -18.972  0.090  -35.120 0.4285714328
52672  -18.646  1.118  -36.245 0.2857142985
60224  -24.710  12.245  -37.623 0.2857142985
99307  -24.297  13.343  -37.439 0.2857142985
95234  -24.553  13.938  -38.836 0.2857142985
108953  -24.715  13.966  -40.516 0.2857142985
63381  -24.277  14.749  -42.087 0.2857142985
64212  -24.329  16.227  -40.851 0.2857142985
108524  -23.844  16.617  -39.580 0.2857142985
60958  -24.575  12.693  -37.537 0.2857142985
61724  -24.332  13.904  -38.086 0.2857142985
60251  -22.897  11.936  -36.832 0.2857142985
62516  -24.429  14.590  -39.248 0.2857142985
63350  -24.304  15.338  -39.602 0.2857142985
62522  -24.556  14.641  -40.096 0.2857142985
63349  -23.837  15.911  -39.111 0.2857142985
106960  -24.124  15.501  -42.238 0.2857142985
107003  -23.692  14.134  -37.348 0.2857142985
62504  -23.144  14.802  -37.723 0.2857142985
63333  -24.132  15.124  -38.835 0.2857142985
108296  -19.696  0.678  -34.921 0.4285714328
44157  -15.849  -9.291  -30.279 0.1428571492
64219  -24.156  16.239  -41.822 0.2857142985
63371  -24.371  15.469  -41.438 0.2857142985
46520  -16.375  -6.266  -32.430 0.1428571492
43220  -14.895  -10.013  -29.877 0.1428571492
45764  -15.658  -7.462  -31.784 0.1428571492
106148  -15.825  -6.818  -32.108 0.1428571492
51940  -19.186  0.866  -35.632 0.4285714328
91804  -19.187  -0.485  -34.390 0.4285714328
63332  -23.643  15.252  -38.383 0.2857142985
53451  -19.543  3.113  -36.763 0.2857142985
53438  -19.422  2.300  -36.361 0.2857142985
54988  -20.116  4.025  -36.855 0.2857142985
98995  -28.604  25.267  -41.743 0.1428571492
70418  -26.932  25.081  -41.669 0.1428571492
70434  -25.826  25.150  -43.762 0.1428571492
70435  -26.560  25.310  -43.813 0.1428571492
70420  -29.476  25.378  -41.686 0.1428571492
70428  -26.320  25.272  -42.915 0.1428571492
70404  -25.195  25.755  -40.819 0.1428571492
70969  -26.872  26.710  -40.133 0.1428571492
70430  -27.854  25.328  -42.876 0.1428571492
70429  -27.094  25.394  -42.983 0.1428571492
70417  -25.916  25.178  -41.514 0.1428571492
110273  -26.668  25.431  -40.692 0.1428571492
71487  -25.920  27.428  -39.814 0.1428571492
70968  -25.907  26.134  -40.365 0.1428571492
70427  -25.438  25.146  -42.882 0.1428571492
52674  -20.016  2.093  -35.701 0.2857142985
94208  -27.803  25.148  -41.743 0.1428571492
70419  -28.361  25.440  -41.037 0.1428571492
70405  -29.126  25.742  -40.845 0.1428571492
60970  -22.767  13.021  -37.370 0.1428571492
60956  -24.047  13.182  -37.535 0.1428571492
61723  -24.154  13.823  -37.550 0.1428571492
63331  -22.687  15.418  -38.312 0.1428571492
63328  -19.229  15.165  -40.493 0.1428571492
63347  -20.921  16.240  -38.969 0.1428571492
111212  -23.196  15.935  -38.632 0.1428571492
64197  -20.153  16.574  -39.892 0.1428571492
65009  -20.520  17.403  -39.895 0.1428571492
57285  -20.580  7.074  -37.367 0.2857142985
56524  -19.300  6.719  -38.187 0.1428571492
58805  -20.920  10.268  -37.727 0.1428571492
59516  -21.564  10.829  -37.392 0.1428571492
60250  -22.370  12.040  -37.123 0.1428571492
60989  -27.814  12.633  -40.714 0.1428571492
110178  -21.819  13.397  -37.698 0.1428571492
64199  -23.128  16.656  -39.091 0.1428571492
65024  -23.255  18.247  -39.880 0.1428571492
65010  -21.592  17.568  -39.410 0.1428571492
65799  -21.018  18.207  -39.876 0.2857142985
65810  -22.594  19.067  -39.979 0.2857142985
68527  -19.106  22.381  -39.920 0.2857142985
68526  -18.025  22.332  -39.895 0.2857142985
69180  -19.465  23.194  -39.658 0.2857142985
70953  -22.156  28.378  -38.997 0.1428571492
69764  -21.042  25.031  -36.610 0.1428571492
65815  -23.702  18.916  -41.251 0.2857142985
65809  -21.508  19.011  -39.981 0.2857142985
66534  -22.886  19.805  -40.421 0.2857142985
67203  -23.183  20.532  -40.928 0.2857142985
67201  -21.153  21.065  -40.255 0.2857142985
100238  -19.517  21.049  -40.327 0.2857142985
67875  -22.063  22.099  -40.441 0.2857142985
109044  -19.618  21.760  -40.126 0.2857142985
68529  -21.332  22.711  -40.136 0.2857142985
70390  -19.160  25.775  -39.026 0.1428571492
69175  -17.526  24.153  -39.173 0.2857142985
111017  -22.976  26.051  -36.803 0.1428571492
67871  -17.761  21.461  -40.152 0.1428571492
108918  -17.545  20.699  -40.303 0.1428571492
65023  -20.004  17.882  -40.706 0.2857142985
68523  -17.300  23.102  -39.380 0.2857142985
69777  -18.748  25.217  -39.252 0.1428571492
69776  -17.883  25.107  -39.059 0.2857142985
70378  -19.155  25.779  -38.598 0.1428571492
69761  -18.306  24.484  -37.877 0.1428571492
64209  -18.512  16.631  -41.290 0.2857142985
69158  -17.277  23.142  -37.816 0.1428571492
94058  -20.848  23.892  -36.417 0.1428571492
102919  -16.196  15.976  -38.945 0.1428571492
61756  -27.717  13.433  -40.313 0.1428571492
96726  -28.509  10.773  -38.305 0.1428571492
58804  -20.418  9.814  -38.028 0.1428571492
60248  -20.797  11.066  -37.963 0.1428571492
61749  -27.831  13.372  -39.461 0.1428571492
99444  -19.877  11.246  -38.404 0.1428571492
60968  -19.684  12.953  -38.579 0.1428571492
109943  -19.839  13.506  -38.633 0.1428571492
62503  -22.002  14.723  -38.186 0.1428571492
62501  -19.460  14.771  -39.485 0.1428571492
63348  -22.289  16.108  -38.715 0.1428571492
64195  -18.808  15.880  -41.255 0.1428571492
65012  -23.566  17.317  -39.686 0.1428571492
65022  -19.198  17.407  -41.329 0.2857142985
66532  -20.849  19.698  -40.319 0.1428571492
101941  -21.264  20.368  -40.280 0.2857142985
67199  -19.398  20.308  -40.580 0.1428571492
67200  -20.311  20.508  -40.355 0.1428571492
69159  -18.143  23.566  -37.507 0.1428571492
69168  -16.789  23.319  -38.565 0.2857142985
69169  -17.310  24.159  -38.515 0.1428571492
69762  -19.330  24.624  -37.394 0.1428571492
70388  -19.013  25.725  -39.024 0.1428571492
69763  -20.168  24.851  -36.874 0.1428571492
60990  -28.072  12.015  -39.966 0.1428571492
60983  -28.003  12.649  -39.150 0.1428571492
67876  -22.599  21.353  -40.729 0.2857142985
70931  -19.996  26.003  -38.149 0.1428571492
70367  -21.214  26.006  -36.883 0.1428571492
69778  -19.975  25.042  -39.189 0.2857142985
70365  -19.615  25.439  -37.731 0.1428571492
70379  -22.471  26.654  -37.028 0.1428571492
58789  -20.920  9.502  -37.612 0.1428571492
111283  -23.594  20.163  -41.512 0.2857142985
60235  -22.954  11.474  -36.649 0.1428571492
95354  -28.578  10.875  -37.336 0.1428571492
66535  -23.490  19.664  -41.006 0.2857142985
65025  -23.873  17.679  -40.492 0.1428571492
94951  -23.703  18.387  -40.665 0.1428571492
98873  -21.635  12.617  -37.570 0.1428571492
61734  -21.307  14.003  -38.205 0.1428571492
62502  -20.699  14.738  -38.634 0.1428571492
102649  -20.548  12.095  -38.169 0.1428571492
63330  -21.479  15.421  -38.590 0.1428571492
63329  -20.112  15.439  -39.085 0.1428571492
63346  -19.872  15.871  -39.880 0.1428571492
64198  -21.988  16.854  -39.073 0.1428571492
60234  -22.174  11.316  -37.153 0.1428571492
65008  -19.636  16.935  -40.859 0.1428571492
110258  -21.030  16.968  -39.297 0.1428571492
65011  -22.686  17.519  -39.380 0.1428571492
59533  -20.230  10.421  -38.225 0.1428571492
65800  -22.159  18.316  -39.598 0.2857142985
65808  -20.387  18.841  -40.459 0.2857142985
66533  -21.898  19.810  -40.171 0.2857142985
65811  -23.357  19.021  -40.459 0.2857142985
68528  -20.228  22.381  -40.052 0.2857142985
67867  -17.046  22.182  -39.642 0.1428571492
69176  -18.603  24.150  -39.322 0.2857142985
95671  -21.799  24.224  -36.359 0.1428571492
67202  -22.140  20.653  -40.398 0.2857142985
67873  -20.333  21.443  -40.190 0.2857142985
99503  -21.820  21.432  -40.351 0.2857142985
67198  -18.554  20.678  -40.488 0.1428571492
67874  -21.155  21.868  -40.192 0.2857142985
70377  -18.299  25.670  -38.933 0.1428571492
94418  -22.917  27.433  -37.855 0.1428571492
69773  -17.955  25.335  -38.955 0.2857142985
99904  -19.933  24.042  -36.748 0.1428571492
101109  -15.246  -2.381  -33.552 0.1428571492
49854  -16.774  -2.128  -33.939 0.1428571492
49869  -17.096  -1.394  -34.506 0.1428571492
91818  -15.537  -1.126  -34.155 0.1428571492
91816  -15.702  -0.599  -34.542 0.1428571492
51939  -15.855  -0.036  -34.960 0.1428571492
91741  -16.897  -0.819  -35.042 0.1428571492
51948  -16.036  0.568  -35.445 0.1428571492
91810  -17.994  -1.325  -34.402 0.1428571492
52670  -16.487  1.123  -36.026 0.1428571492
51949  -17.637  0.298  -36.065 0.1428571492
51957  -18.048  0.796  -36.348 0.1428571492
51950  -18.431  0.439  -35.932 0.1428571492
51947  -15.819  1.244  -35.558 0.1428571492
52682  -16.885  1.797  -36.458 0.1428571492
52685  -18.754  1.816  -36.523 0.1428571492
53450  -18.821  2.520  -36.862 0.1428571492
55004  -19.582  4.659  -37.452 0.1428571492
55734  -19.971  5.549  -37.445 0.1428571492
92093  -17.580  -0.795  -35.056 0.1428571492
48978  -15.764  -3.147  -33.459 0.1428571492
91815  -16.304  -1.095  -34.540 0.1428571492
68522  -16.686  22.780  -39.199 0.1428571492
56509  -20.641  6.278  -37.066 0.1428571492
52673  -19.337  1.582  -35.998 0.1428571492
49853  -16.075  -2.489  -33.707 0.1428571492
105325  -18.425  -0.651  -34.785 0.1428571492
49868  -15.896  -1.739  -33.972 0.1428571492
110359  -16.527  -1.569  -34.241 0.1428571492
93690  -15.043  -0.170  -34.371 0.1428571492
91813  -16.413  -0.469  -35.064 0.1428571492
51257  -16.471  0.018  -35.450 0.1428571492
52671  -16.830  0.389  -35.946 0.1428571492
92359  -17.111  -0.295  -35.585 0.1428571492
52683  -17.363  1.034  -36.382 0.1428571492
92102  -18.038  -0.225  -35.553 0.1428571492
52684  -18.100  1.404  -36.556 0.1428571492
110264  -15.345  0.991  -35.073 0.1428571492
107376  -14.780  -3.101  -33.184 0.1428571492
44124  -18.256  -8.675  -27.990 0.1428571492
51260  -25.191  -0.051  -35.579 0.7142857313
51263  -27.266  -0.443  -36.518 0.4285714328
51272  -28.558  -0.348  -36.520 0.2857142985
51958  -26.435  0.703  -36.608 0.5714285970
51960  -27.472  0.223  -37.026 0.4285714328
51968  -26.631  1.302  -36.967 0.5714285970
51970  -27.659  0.686  -37.202 0.4285714328
52686  -25.507  1.526  -36.186 0.7142857313
52689  -28.154  1.413  -37.086 0.4285714328
52696  -26.479  1.969  -37.038 0.5714285970
53428  -20.595  1.947  -35.157 0.4285714328
53439  -20.124  2.772  -36.044 0.5714285970
53441  -23.132  2.501  -35.169 0.5714285970
53459  -26.069  2.317  -36.805 0.7142857313
53460  -26.477  2.529  -37.210 0.5714285970
54181  -30.063  3.671  -33.555 0.1428571492
54225  -26.468  3.174  -37.365 0.7142857313
54992  -23.459  4.676  -35.722 0.5714285970
55735  -26.485  5.280  -37.986 0.7142857313
55750  -27.719  5.336  -38.640 0.5714285970
56547  -26.963  5.895  -40.128 0.8571428657
57273  -25.388  7.277  -36.726 0.8571428657
57313  -26.664  6.471  -40.342 0.8571428657
57336  -26.880  7.422  -41.607 0.8571428657
58070  -25.797  8.172  -37.524 0.7142857313
58101  -26.669  8.118  -42.079 0.8571428657
58793  -25.120  9.673  -37.156 0.7142857313
58808  -26.080  8.441  -39.246 0.8571428657
58827  -27.213  8.182  -42.143 0.7142857313
58828  -27.844  9.042  -41.694 0.5714285970
59521  -28.736  10.181  -37.720 0.1428571492
59561  -26.142  9.358  -42.472 1.0000000000
59562  -27.351  9.632  -42.831 0.7142857313
59568  -25.855  9.999  -42.829 1.0000000000
60236  -23.782  11.685  -36.630 0.1428571492
60238  -24.871  11.916  -37.795 0.4285714328
60249  -21.512  11.669  -37.521 0.1428571492
60273  -27.788  11.251  -42.064 0.5714285970
60282  -27.386  10.546  -42.923 0.7142857313
60296  -25.661  10.713  -44.590 0.8571428657
60957  -24.011  12.566  -37.335 0.2857142985
60969  -20.752  13.206  -38.271 0.1428571492
60971  -24.705  13.155  -38.451 0.2857142985
60972  -24.869  12.335  -38.175 0.4285714328
60982  -27.866  12.832  -39.912 0.1428571492
61006  -23.741  11.778  -45.130 0.8571428657
61020  -24.379  11.532  -46.346 0.8571428657
61026  -24.352  12.116  -47.201 0.8571428657
61732  -19.018  13.692  -39.228 0.1428571492
61735  -22.582  14.023  -37.351 0.2857142985
61755  -24.951  13.123  -40.508 0.2857142985
61763  -27.588  13.344  -41.240 0.4285714328
61769  -26.798  12.875  -42.917 0.2857142985
61774  -23.491  12.851  -44.473 1.0000000000
62493  -24.017  14.536  -37.928 0.2857142985
62500  -18.887  14.642  -40.627 0.1428571492
62505  -24.262  14.525  -38.523 0.2857142985
62530  -24.572  14.560  -41.116 0.2857142985
62551  -24.048  13.981  -42.832 0.4285714328
62572  -23.753  13.825  -48.377 0.8571428657
62578  -22.713  15.293  -49.386 0.8571428657
62579  -23.159  14.669  -48.872 0.8571428657
63317  -24.064  14.889  -38.375 0.2857142985
63361  -24.436  15.421  -40.493 0.2857142985
63408  -21.821  15.736  -48.628 0.8571428657
64200  -24.210  16.108  -39.962 0.2857142985
64210  -19.023  16.590  -41.445 0.2857142985
64255  -22.165  16.660  -49.370 0.8571428657
65062  -22.329  17.968  -48.342 0.7142857313
66551  -25.423  19.913  -43.922 0.1428571492
67872  -18.790  21.603  -40.194 0.2857142985
68513  -18.334  22.675  -37.010 0.1428571492
68520  -16.434  22.756  -38.881 0.1428571492
68524  -18.327  23.193  -39.529 0.2857142985
69171  -16.931  23.698  -38.954 0.2857142985
69172  -17.524  24.712  -38.915 0.2857142985
69771  -17.829  25.118  -38.745 0.2857142985
70364  -18.671  25.300  -38.295 0.1428571492
70387  -18.388  25.643  -38.992 0.1428571492
70938  -19.680  25.971  -38.758 0.1428571492
70950  -20.050  25.895  -39.001 0.2857142985
91736  -30.327  -4.353  -30.754 0.1428571492
91755  -30.791  1.875  -27.375 0.1428571492
91757  -29.579  1.767  -31.033 0.1428571492
91776  -29.970  -3.275  -33.500 0.1428571492
92244  -30.019  0.037  -27.287 0.1428571492
95965  -21.488  9.198  -37.158 0.5714285970
96161  -26.346  6.000  -37.850 0.7142857313
96697  -20.804  -2.089  -33.680 0.5714285970
97399  -28.690  7.376  -38.132 0.4285714328
99794  -30.353  1.215  -34.168 0.2857142985
100482  -23.139  14.586  -44.609 0.8571428657
100752  -22.805  13.334  -46.010 0.8571428657
100969  -30.239  2.780  -34.536 0.2857142985
103670  -25.390  11.147  -38.695 0.5714285970
105279  -29.586  -0.702  -27.698 0.1428571492
105280  -29.493  -3.041  -26.133 0.1428571492
105423  -30.686  0.756  -27.010 0.1428571492
105893  -24.764  13.507  -39.105 0.2857142985
106236  -28.387  0.727  -36.810 0.4285714328
107016  -29.618  -0.733  -29.621 0.1428571492
107566  -28.416  9.626  -39.758 0.4285714328
108319  -30.100  -4.277  -32.674 0.1428571492
109499  -23.332  18.588  -46.796 0.4285714328
109557  -21.540  17.636  -48.052 0.8571428657
110525  -23.389  13.533  -48.252 0.8571428657
111200  -21.984  5.971  -36.246 0.7142857313
111444  -18.793  14.871  -40.913 0.1428571492
111940  -26.573  1.015  -36.819 0.5714285970
112070  -25.410  11.505  -40.293 0.8571428657
