#!ascii label  , from subject sub-v2s7x29669_ses-1 vox2ras=TkReg
858
42982  21.639  -8.438  39.547 0.0000000000
43760  31.996  -7.448  44.794 0.0000000000
92845  37.919  6.048  22.881 0.0000000000
49798  29.060  -0.746  31.936 0.0000000000
46468  35.238  -5.323  37.079 0.0000000000
61234  48.242  13.600  13.040 0.0000000000
52303  38.912  2.810  25.968 0.0000000000
109844  33.692  1.813  25.962 0.0000000000
38752  17.929  -13.017  38.377 0.0000000000
43792  26.900  -6.906  42.636 0.0000000000
42981  29.103  -7.919  39.681 0.0000000000
44787  23.372  -5.859  36.679 0.0000000000
58852  42.605  10.380  18.235 0.0000000000
42915  24.520  -8.187  44.763 0.0000000000
41313  20.978  -11.284  42.352 0.0000000000
57225  42.042  8.706  21.462 0.0000000000
38716  17.863  -14.235  41.256 0.0000000000
36927  13.154  -15.117  41.750 0.0000000000
95673  33.172  2.409  31.029 0.0000000000
48094  32.204  -2.372  35.853 0.0000000000
43924  32.444  -7.220  33.492 0.0000000000
43013  31.411  -8.711  36.369 0.0000000000
52275  38.804  2.418  28.292 0.0000000000
51493  36.317  1.566  26.342 0.0000000000
51458  36.402  2.105  28.395 0.0000000000
53102  41.191  3.815  28.253 0.0000000000
42181  20.492  -9.918  36.539 0.0000000000
38765  18.772  -12.354  36.200 0.0000000000
41361  19.860  -11.013  38.638 0.0000000000
44722  23.815  -6.585  41.089 0.0000000000
102739  25.178  -5.617  40.097 0.0000000000
104033  22.496  -7.161  38.290 0.0000000000
42188  21.028  -9.351  35.371 0.0000000000
56390  37.489  7.358  20.894 0.0000000000
55517  40.493  6.586  24.447 0.0000000000
57215  39.563  7.622  22.315 0.0000000000
98110  39.740  8.909  20.308 0.0000000000
92587  20.635  -13.890  44.024 0.0000000000
40435  18.621  -12.297  41.612 0.0000000000
38689  18.174  -15.112  43.164 0.0000000000
35970  13.406  -16.579  45.321 0.0000000000
36911  14.629  -15.927  43.519 0.0000000000
36897  11.750  -15.277  43.982 0.0000000000
36898  10.110  -14.541  43.806 0.0000000000
35957  9.856  -16.320  46.075 0.0000000000
48880  32.495  -1.199  37.975 0.0000000000
47282  33.647  -3.248  36.347 0.0000000000
46482  33.208  -4.760  34.089 0.0000000000
44795  33.935  -6.340  35.139 0.0000000000
44775  27.096  -6.452  37.446 0.0000000000
42992  29.934  -8.415  38.579 0.0000000000
99538  28.149  -7.465  36.003 0.0000000000
43038  29.462  -8.316  34.796 0.0000000000
51434  31.007  0.998  31.472 0.0000000000
51461  30.459  1.408  28.501 0.0000000000
49831  28.874  -0.394  28.632 0.0000000000
62791  50.801  15.225  11.176 0.0000000000
61244  49.275  13.751  10.982 0.0000000000
53895  38.793  4.005  24.543 0.0000000000
52329  36.256  2.698  24.089 0.0000000000
92741  41.006  4.845  26.075 0.0000000000
42914  29.683  -7.930  44.240 0.0000000000
42942  31.079  -8.412  42.658 0.0000000000
103161  27.875  -7.268  41.370 0.0000000000
44766  26.373  -5.807  38.710 0.0000000000
45641  24.603  -5.106  34.902 0.0000000000
107588  44.737  9.468  19.141 0.0000000000
59587  45.636  11.186  17.228 0.0000000000
60399  45.784  12.325  15.279 0.0000000000
60407  46.052  12.618  13.618 0.0000000000
43781  23.329  -8.064  42.768 0.0000000000
42146  21.037  -10.194  41.264 0.0000000000
42126  23.115  -9.750  43.996 0.0000000000
44691  25.358  -7.016  44.213 0.0000000000
57247  42.334  9.023  19.976 0.0000000000
40448  19.065  -11.287  40.094 0.0000000000
38729  17.841  -13.151  40.173 0.0000000000
36951  16.220  -15.487  39.941 0.0000000000
36909  16.357  -16.047  43.225 0.0000000000
36925  15.739  -15.655  42.017 0.0000000000
35941  6.946  -16.142  47.618 0.0000000000
53088  35.745  3.448  30.875 0.0000000000
50602  31.132  0.429  33.982 0.0000000000
49748  31.742  -0.214  36.634 0.0000000000
48930  29.862  -1.569  33.908 0.0000000000
47304  31.533  -3.827  33.220 0.0000000000
44830  32.283  -6.028  32.417 0.0000000000
43063  30.292  -7.578  31.624 0.0000000000
42965  31.881  -8.618  40.306 0.0000000000
42989  33.681  -8.563  38.585 0.0000000000
110509  34.285  -7.870  36.589 0.0000000000
43024  32.168  -8.256  34.799 0.0000000000
43050  30.031  -8.138  33.241 0.0000000000
98835  33.275  2.501  28.035 0.0000000000
51516  31.431  1.538  25.626 0.0000000000
52261  38.555  2.445  29.028 0.0000000000
51457  37.315  1.924  28.048 0.0000000000
96395  37.195  2.513  29.520 0.0000000000
52245  40.053  3.041  29.550 0.0000000000
42175  20.704  -9.840  37.505 0.0000000000
41360  20.331  -10.438  38.125 0.0000000000
42170  20.891  -9.710  38.554 0.0000000000
43814  22.787  -7.336  40.597 0.0000000000
44754  23.051  -6.771  39.547 0.0000000000
43849  21.998  -7.837  38.683 0.0000000000
42169  21.156  -9.057  37.720 0.0000000000
55533  37.284  6.441  22.005 0.0000000000
54679  38.615  6.029  23.439 0.0000000000
56366  40.390  7.150  23.699 0.0000000000
55531  38.933  7.072  22.690 0.0000000000
56375  38.679  7.437  21.955 0.0000000000
35971  12.282  -16.514  45.312 0.0000000000
35986  12.506  -16.064  44.571 0.0000000000
35987  11.604  -15.892  44.756 0.0000000000
36880  10.902  -15.075  44.339 0.0000000000
35972  10.828  -15.806  45.068 0.0000000000
36882  9.372  -15.323  45.055 0.0000000000
48074  33.820  -2.519  38.360 0.0000000000
47281  34.334  -3.838  36.800 0.0000000000
46476  34.193  -4.972  35.259 0.0000000000
45627  34.922  -5.791  36.011 0.0000000000
42910  32.915  -8.014  44.080 0.0000000000
44797  26.668  -5.927  35.236 0.0000000000
43882  27.605  -6.882  36.726 0.0000000000
44806  27.223  -6.481  34.526 0.0000000000
43911  27.632  -6.880  33.664 0.0000000000
50621  30.253  0.443  31.818 0.0000000000
50633  29.381  0.191  29.994 0.0000000000
61228  48.150  13.287  14.048 0.0000000000
61226  50.086  13.547  14.352 0.0000000000
61232  50.029  14.023  13.396 0.0000000000
62047  49.820  14.259  12.416 0.0000000000
61239  48.384  13.561  12.121 0.0000000000
53135  38.862  3.267  25.265 0.0000000000
53142  37.381  3.554  23.927 0.0000000000
52317  37.452  2.332  25.094 0.0000000000
51512  35.273  1.571  26.149 0.0000000000
51527  35.035  1.675  25.187 0.0000000000
51528  34.109  1.778  24.729 0.0000000000
53120  40.100  3.470  26.833 0.0000000000
53876  39.982  3.639  26.113 0.0000000000
53886  40.000  4.612  25.179 0.0000000000
39611  18.443  -12.310  37.244 0.0000000000
37854  17.629  -13.974  38.503 0.0000000000
43763  28.212  -7.738  43.882 0.0000000000
110476  28.473  -7.653  42.422 0.0000000000
43801  27.317  -6.954  41.835 0.0000000000
44767  23.855  -5.838  38.219 0.0000000000
45600  25.920  -5.642  39.689 0.0000000000
100360  24.534  -5.438  37.783 0.0000000000
45619  25.296  -5.309  37.356 0.0000000000
45631  23.944  -5.428  36.277 0.0000000000
43900  22.203  -6.991  35.449 0.0000000000
46502  30.446  -4.759  31.544 0.0000000000
58851  43.735  10.330  18.158 0.0000000000
58865  45.282  10.606  17.818 0.0000000000
58866  43.862  10.971  17.446 0.0000000000
101726  44.109  11.832  15.152 0.0000000000
59619  44.250  11.797  14.302 0.0000000000
60405  45.702  12.470  14.418 0.0000000000
42930  23.537  -8.389  43.470 0.0000000000
42931  22.929  -8.809  43.039 0.0000000000
42916  23.721  -8.853  44.223 0.0000000000
92304  25.216  -7.471  44.887 0.0000000000
106643  24.411  -7.384  43.585 0.0000000000
58056  43.761  9.132  20.152 0.0000000000
57236  42.186  8.939  20.644 0.0000000000
58071  39.776  9.402  19.419 0.0000000000
42141  21.239  -10.456  41.980 0.0000000000
41324  20.450  -10.601  40.881 0.0000000000
41325  19.945  -11.184  41.410 0.0000000000
38715  17.980  -13.438  41.474 0.0000000000
110666  17.967  -12.600  40.608 0.0000000000
38730  17.837  -13.972  40.493 0.0000000000
37836  17.475  -14.634  40.050 0.0000000000
99430  17.591  -14.619  40.772 0.0000000000
36893  16.202  -16.259  44.321 0.0000000000
94813  13.881  -15.557  42.678 0.0000000000
36926  14.961  -15.752  42.587 0.0000000000
93555  14.094  -15.454  41.751 0.0000000000
36940  14.909  -15.573  41.537 0.0000000000
51418  32.604  1.354  33.542 0.0000000000
48891  32.141  -1.353  37.179 0.0000000000
49739  32.140  -0.568  37.433 0.0000000000
48906  31.339  -1.301  36.184 0.0000000000
48918  30.839  -1.107  35.514 0.0000000000
106976  30.743  -1.848  35.051 0.0000000000
48120  30.962  -2.972  33.803 0.0000000000
47297  31.803  -3.285  34.073 0.0000000000
45647  33.051  -5.516  33.568 0.0000000000
45657  32.549  -5.396  32.967 0.0000000000
44818  32.127  -6.922  32.689 0.0000000000
43940  31.044  -7.088  31.481 0.0000000000
95058  31.317  -7.382  32.280 0.0000000000
101002  29.997  -8.253  41.070 0.0000000000
93601  31.359  -8.496  41.839 0.0000000000
42966  30.495  -8.427  40.210 0.0000000000
43014  30.611  -8.693  37.036 0.0000000000
42991  31.386  -8.628  38.655 0.0000000000
43001  32.472  -8.676  37.262 0.0000000000
42999  34.005  -8.453  37.780 0.0000000000
43011  32.970  -8.521  36.457 0.0000000000
43880  33.359  -8.091  35.803 0.0000000000
43025  31.338  -8.600  35.445 0.0000000000
43052  28.683  -7.605  33.239 0.0000000000
103209  29.384  -8.076  33.813 0.0000000000
93336  34.271  3.075  30.460 0.0000000000
52263  34.385  2.972  29.494 0.0000000000
52264  33.340  2.728  29.505 0.0000000000
50670  30.036  0.864  26.969 0.0000000000
51480  31.231  1.927  27.294 0.0000000000
62797  51.074  15.736  9.877 0.0000000000
52290  38.756  2.368  27.406 0.0000000000
52305  37.777  2.041  25.933 0.0000000000
51474  37.496  1.817  27.301 0.0000000000
51475  36.619  1.695  27.335 0.0000000000
93533  35.014  1.733  27.069 0.0000000000
97494  41.057  3.580  29.046 0.0000000000
52273  39.954  3.049  28.063 0.0000000000
40499  19.403  -11.546  36.091 0.0000000000
40487  19.078  -11.615  37.158 0.0000000000
40488  18.640  -11.880  37.878 0.0000000000
44707  25.144  -6.316  42.070 0.0000000000
45577  25.447  -6.089  41.357 0.0000000000
45579  24.179  -6.240  40.831 0.0000000000
44753  23.282  -6.430  38.818 0.0000000000
44768  22.967  -6.580  37.999 0.0000000000
43884  21.630  -7.885  36.082 0.0000000000
43865  21.933  -7.747  37.148 0.0000000000
103220  20.838  -9.472  36.086 0.0000000000
58869  40.744  10.486  17.379 0.0000000000
42118  24.030  -9.756  45.617 0.0000000000
56356  40.984  7.116  24.135 0.0000000000
56365  41.215  7.521  23.478 0.0000000000
56373  41.164  7.966  22.602 0.0000000000
57237  41.358  8.764  20.816 0.0000000000
57228  39.788  8.048  21.716 0.0000000000
57240  38.646  8.296  20.804 0.0000000000
40417  20.631  -12.523  42.978 0.0000000000
40425  19.361  -11.976  42.007 0.0000000000
40418  19.589  -13.075  42.830 0.0000000000
39552  18.256  -13.419  42.042 0.0000000000
38700  17.956  -14.404  42.006 0.0000000000
93818  15.152  -16.180  44.193 0.0000000000
35985  13.505  -16.145  44.434 0.0000000000
36896  12.672  -15.588  43.730 0.0000000000
36912  12.888  -15.209  42.763 0.0000000000
103745  11.087  -14.137  42.304 0.0000000000
48890  32.781  -1.773  37.400 0.0000000000
48093  33.017  -2.664  35.981 0.0000000000
47289  32.790  -3.211  35.203 0.0000000000
47288  33.550  -3.894  35.440 0.0000000000
45646  33.502  -5.547  34.216 0.0000000000
44805  33.127  -6.476  33.949 0.0000000000
43847  27.831  -7.198  38.618 0.0000000000
105160  29.263  -8.026  38.916 0.0000000000
43862  28.501  -7.665  38.065 0.0000000000
43004  29.057  -8.104  37.346 0.0000000000
43015  29.711  -8.475  36.724 0.0000000000
43026  30.475  -8.661  36.093 0.0000000000
43028  28.769  -7.991  35.360 0.0000000000
96088  28.236  -7.392  33.763 0.0000000000
51433  31.544  1.485  30.781 0.0000000000
52266  31.715  2.022  29.457 0.0000000000
51449  30.425  1.208  29.516 0.0000000000
50643  29.823  0.817  28.796 0.0000000000
62787  51.068  14.992  11.967 0.0000000000
62051  49.862  14.348  11.450 0.0000000000
54680  38.248  5.475  23.499 0.0000000000
53916  36.893  4.819  22.991 0.0000000000
53906  37.548  4.328  23.582 0.0000000000
52318  36.406  2.133  24.771 0.0000000000
51526  35.416  2.373  24.049 0.0000000000
53863  42.406  4.788  27.734 0.0000000000
54642  42.098  5.091  27.065 0.0000000000
55498  41.923  6.150  26.068 0.0000000000
54662  40.462  5.849  24.996 0.0000000000
54670  39.364  5.336  24.346 0.0000000000
42913  30.570  -8.055  44.237 0.0000000000
42926  31.649  -8.332  43.416 0.0000000000
42928  29.964  -8.104  43.373 0.0000000000
42953  29.525  -8.001  41.818 0.0000000000
43812  28.493  -7.558  40.820 0.0000000000
44720  26.240  -6.237  41.210 0.0000000000
44738  27.232  -6.588  39.976 0.0000000000
43828  27.841  -7.172  39.523 0.0000000000
97726  26.693  -6.087  38.088 0.0000000000
45628  26.040  -5.439  35.841 0.0000000000
45649  25.334  -5.176  34.376 0.0000000000
59586  46.567  11.218  17.173 0.0000000000
59588  44.055  11.426  16.772 0.0000000000
59604  44.982  11.692  16.567 0.0000000000
59602  46.949  11.742  16.634 0.0000000000
60398  47.033  12.515  15.295 0.0000000000
61229  47.307  13.026  13.965 0.0000000000
61235  47.471  13.217  13.238 0.0000000000
61240  47.674  13.188  12.408 0.0000000000
42956  21.961  -8.454  41.027 0.0000000000
42161  21.241  -9.243  40.053 0.0000000000
42946  21.961  -9.049  41.810 0.0000000000
42140  21.763  -9.914  42.290 0.0000000000
41312  21.553  -10.706  42.624 0.0000000000
41288  23.474  -10.461  45.214 0.0000000000
40416  21.493  -12.237  43.478 0.0000000000
40407  21.728  -13.243  44.404 0.0000000000
43745  31.633  -7.086  45.442 0.0000000000
43762  30.323  -7.773  45.044 0.0000000000
108660  28.911  -7.798  44.307 0.0000000000
43764  27.279  -7.451  44.328 0.0000000000
43765  26.460  -7.194  44.842 0.0000000000
44690  26.032  -6.816  44.137 0.0000000000
93924  24.816  -6.620  42.766 0.0000000000
43804  22.948  -7.444  41.312 0.0000000000
92515  44.711  9.207  19.985 0.0000000000
58068  43.931  9.338  19.364 0.0000000000
58088  42.273  9.811  18.865 0.0000000000
57249  40.648  9.067  20.198 0.0000000000
58070  40.903  9.527  19.501 0.0000000000
58854  40.691  10.189  18.183 0.0000000000
41337  20.385  -10.471  40.010 0.0000000000
40461  19.152  -11.367  39.118 0.0000000000
39583  18.033  -12.293  38.974 0.0000000000
40434  19.113  -11.416  41.129 0.0000000000
39575  18.004  -12.410  39.880 0.0000000000
38741  17.863  -13.102  39.274 0.0000000000
37845  17.280  -14.677  39.065 0.0000000000
36961  16.825  -15.152  39.551 0.0000000000
110024  17.768  -15.284  42.760 0.0000000000
36937  17.099  -15.498  41.945 0.0000000000
36924  16.477  -15.764  42.352 0.0000000000
36938  16.542  -15.478  41.457 0.0000000000
93192  16.170  -15.442  40.691 0.0000000000
35939  8.648  -16.589  47.008 0.0000000000
52249  36.934  2.930  30.144 0.0000000000
52237  33.002  2.034  31.817 0.0000000000
94338  32.268  1.292  32.743 0.0000000000
50610  31.033  0.537  33.017 0.0000000000
49784  29.780  -0.303  33.192 0.0000000000
50594  31.311  0.286  34.929 0.0000000000
50595  30.605  -0.310  34.680 0.0000000000
49772  29.581  -0.983  33.449 0.0000000000
48122  29.461  -2.558  32.705 0.0000000000
47316  30.550  -3.721  32.422 0.0000000000
46496  31.022  -4.430  32.090 0.0000000000
47303  32.165  -4.051  33.603 0.0000000000
45658  32.071  -5.236  32.427 0.0000000000
107583  31.264  -5.816  31.353 0.0000000000
44840  31.320  -6.380  31.406 0.0000000000
43954  30.213  -7.406  30.739 0.0000000000
45609  35.682  -6.024  38.211 0.0000000000
42941  31.922  -8.491  42.586 0.0000000000
93581  33.248  -8.607  41.617 0.0000000000
42962  33.914  -8.596  40.944 0.0000000000
42979  30.724  -8.558  39.150 0.0000000000
98342  32.535  -8.643  40.034 0.0000000000
42976  34.548  -8.554  40.114 0.0000000000
42975  35.309  -8.011  38.910 0.0000000000
43859  35.292  -7.113  37.984 0.0000000000
44785  35.196  -6.215  37.146 0.0000000000
44794  34.441  -6.499  35.777 0.0000000000
43909  33.397  -6.945  34.732 0.0000000000
43910  32.726  -7.515  34.311 0.0000000000
93980  30.344  -8.574  35.148 0.0000000000
43049  30.958  -8.227  33.642 0.0000000000
43925  31.625  -7.710  33.127 0.0000000000
43941  30.682  -7.926  32.703 0.0000000000
95446  35.889  2.637  29.202 0.0000000000
92627  34.549  2.610  28.576 0.0000000000
51478  33.399  2.280  27.378 0.0000000000
52279  31.809  2.239  28.750 0.0000000000
51479  31.971  2.185  27.015 0.0000000000
107373  32.923  1.946  25.990 0.0000000000
61246  47.957  12.995  11.648 0.0000000000
52247  38.716  2.643  29.826 0.0000000000
96398  37.924  2.409  29.315 0.0000000000
52248  37.800  2.696  30.058 0.0000000000
52246  39.532  2.857  29.906 0.0000000000
42995  21.367  -8.716  38.610 0.0000000000
42983  21.173  -9.190  39.271 0.0000000000
43815  22.161  -7.928  40.279 0.0000000000
43830  22.206  -7.703  39.490 0.0000000000
54687  37.037  5.648  22.512 0.0000000000
55525  39.092  6.607  23.365 0.0000000000
92838  38.529  6.547  22.945 0.0000000000
55532  38.145  6.844  22.252 0.0000000000
35955  11.851  -16.943  45.914 0.0000000000
103921  11.472  -16.378  45.361 0.0000000000
35956  10.815  -16.562  45.817 0.0000000000
47272  35.037  -4.120  38.188 0.0000000000
46462  34.977  -4.499  37.306 0.0000000000
46469  34.965  -5.011  36.404 0.0000000000
43759  32.941  -7.411  44.597 0.0000000000
45639  26.018  -5.345  34.763 0.0000000000
44807  26.556  -5.786  34.148 0.0000000000
44819  27.038  -6.243  33.608 0.0000000000
50612  29.645  -0.138  32.288 0.0000000000
104190  29.522  0.025  31.093 0.0000000000
93355  49.088  13.686  13.716 0.0000000000
61233  49.061  13.936  12.746 0.0000000000
108841  38.036  3.150  24.619 0.0000000000
52316  38.278  2.610  25.476 0.0000000000
51513  34.315  1.694  25.600 0.0000000000
51514  33.255  1.814  25.142 0.0000000000
53121  39.464  3.081  26.552 0.0000000000
53134  39.395  3.307  25.819 0.0000000000
98934  18.094  -13.000  37.523 0.0000000000
105478  17.791  -13.682  36.915 0.0000000000
110801  17.760  -13.579  37.747 0.0000000000
37864  17.447  -14.258  37.391 0.0000000000
43777  27.556  -7.441  43.306 0.0000000000
44777  23.407  -6.047  37.556 0.0000000000
45621  23.931  -5.586  37.217 0.0000000000
44798  23.341  -5.680  35.783 0.0000000000
44788  22.789  -6.309  36.135 0.0000000000
45671  30.622  -5.538  31.110 0.0000000000
58867  42.921  10.897  17.548 0.0000000000
60406  44.919  12.172  13.950 0.0000000000
43768  24.139  -7.946  43.922 0.0000000000
57213  41.940  8.369  22.310 0.0000000000
57224  42.802  9.060  21.247 0.0000000000
97845  20.635  -10.881  41.687 0.0000000000
96752  17.877  -13.215  40.940 0.0000000000
37827  17.382  -15.064  41.329 0.0000000000
36894  15.718  -16.347  44.685 0.0000000000
48082  32.467  -2.001  36.612 0.0000000000
48905  31.789  -1.666  36.453 0.0000000000
48095  31.344  -2.030  35.651 0.0000000000
48108  31.192  -2.520  34.703 0.0000000000
48107  32.025  -2.790  34.968 0.0000000000
44817  32.659  -6.273  33.148 0.0000000000
42967  29.594  -8.123  40.305 0.0000000000
43002  31.536  -8.704  37.239 0.0000000000
100087  32.152  -8.668  36.615 0.0000000000
43012  32.395  -8.481  35.752 0.0000000000
102470  33.769  2.762  30.972 0.0000000000
52251  33.533  2.749  30.347 0.0000000000
52252  32.785  2.408  30.263 0.0000000000
51473  38.131  2.018  26.816 0.0000000000
51456  38.098  2.057  27.740 0.0000000000
51476  35.675  1.887  27.683 0.0000000000
51494  35.787  1.600  26.930 0.0000000000
53853  41.909  3.878  28.912 0.0000000000
52260  39.312  2.702  29.124 0.0000000000
52259  39.979  3.003  28.804 0.0000000000
108065  39.481  2.770  28.411 0.0000000000
52274  39.337  2.722  27.776 0.0000000000
41374  19.728  -11.010  37.703 0.0000000000
40475  19.205  -11.475  38.198 0.0000000000
44708  24.615  -6.501  41.979 0.0000000000
45578  24.720  -6.148  41.300 0.0000000000
43848  22.612  -7.098  39.047 0.0000000000
44740  23.546  -6.369  39.749 0.0000000000
111545  22.833  -6.801  38.547 0.0000000000
43864  22.452  -7.096  37.507 0.0000000000
42180  21.010  -9.306  36.827 0.0000000000
56367  39.673  7.142  23.156 0.0000000000
56374  40.405  7.558  22.890 0.0000000000
57214  40.393  7.974  22.122 0.0000000000
55541  38.037  7.284  21.602 0.0000000000
96948  38.252  7.783  21.231 0.0000000000
105515  18.450  -14.142  42.778 0.0000000000
35969  14.366  -16.451  45.054 0.0000000000
36913  11.932  -14.661  43.009 0.0000000000
36915  10.162  -14.185  42.780 0.0000000000
35974  9.405  -15.787  45.647 0.0000000000
35958  8.924  -16.069  46.193 0.0000000000
47274  33.609  -2.606  37.351 0.0000000000
48081  33.134  -2.308  36.705 0.0000000000
45637  34.403  -5.721  35.442 0.0000000000
45638  33.913  -5.592  34.855 0.0000000000
44804  33.584  -6.141  34.560 0.0000000000
43863  27.763  -7.092  37.700 0.0000000000
43881  28.299  -7.596  37.041 0.0000000000
43016  28.877  -8.085  36.382 0.0000000000
106691  31.800  1.360  31.531 0.0000000000
51443  30.744  1.142  30.504 0.0000000000
49819  28.924  -0.371  29.548 0.0000000000
94616  29.762  0.654  29.543 0.0000000000
50644  29.311  0.234  29.124 0.0000000000
61238  49.106  13.937  11.807 0.0000000000
62054  49.870  14.140  10.568 0.0000000000
92572  38.306  4.703  23.869 0.0000000000
52328  37.049  2.818  24.357 0.0000000000
53143  36.545  3.313  23.733 0.0000000000
52337  35.683  3.083  23.496 0.0000000000
51510  36.902  1.772  25.652 0.0000000000
107268  34.775  1.928  24.400 0.0000000000
110376  35.554  1.870  24.780 0.0000000000
52338  34.421  2.257  23.584 0.0000000000
93485  41.892  4.233  28.031 0.0000000000
53857  42.590  4.457  28.504 0.0000000000
53874  41.466  4.644  26.810 0.0000000000
54653  41.667  5.387  26.399 0.0000000000
54661  41.161  5.741  25.625 0.0000000000
106159  40.509  5.081  25.393 0.0000000000
92553  39.450  4.637  24.745 0.0000000000
53894  38.960  4.788  24.255 0.0000000000
92847  38.789  5.380  23.886 0.0000000000
42944  29.052  -7.839  42.567 0.0000000000
43790  28.631  -7.673  41.758 0.0000000000
45591  25.103  -5.837  40.780 0.0000000000
45576  25.706  -5.851  40.588 0.0000000000
93217  25.828  -5.515  38.864 0.0000000000
44739  26.480  -6.127  40.319 0.0000000000
44752  26.621  -6.088  39.387 0.0000000000
107987  26.840  -6.268  38.711 0.0000000000
44751  27.291  -6.641  39.090 0.0000000000
45630  24.602  -5.206  35.836 0.0000000000
45629  25.323  -5.250  36.344 0.0000000000
45640  25.338  -5.177  35.336 0.0000000000
43030  21.408  -8.591  35.224 0.0000000000
58085  45.518  9.635  18.974 0.0000000000
58864  46.191  10.659  17.746 0.0000000000
59606  42.684  11.397  16.073 0.0000000000
59589  43.195  11.284  16.836 0.0000000000
59613  44.733  11.961  15.739 0.0000000000
60387  45.488  12.094  15.886 0.0000000000
59603  46.024  11.716  16.594 0.0000000000
60386  46.424  12.202  15.885 0.0000000000
60385  47.393  12.198  16.088 0.0000000000
102872  46.312  12.464  15.089 0.0000000000
60404  46.656  12.731  14.383 0.0000000000
61236  46.756  12.881  13.437 0.0000000000
42955  22.466  -8.131  41.605 0.0000000000
42945  22.658  -8.497  42.333 0.0000000000
42133  22.676  -9.591  43.327 0.0000000000
42139  22.333  -9.339  42.634 0.0000000000
42134  22.081  -10.148  42.989 0.0000000000
41299  22.492  -10.452  43.669 0.0000000000
41281  23.176  -11.417  45.365 0.0000000000
41290  22.218  -11.557  43.988 0.0000000000
43746  30.960  -7.319  45.747 0.0000000000
93836  28.258  -7.758  44.963 0.0000000000
43766  25.816  -7.092  44.946 0.0000000000
44698  25.401  -6.673  43.470 0.0000000000
43779  24.834  -6.960  43.567 0.0000000000
43780  23.903  -7.655  43.231 0.0000000000
43793  23.744  -7.343  42.513 0.0000000000
43794  23.095  -7.704  42.055 0.0000000000
43805  22.422  -7.826  40.985 0.0000000000
53917  36.170  4.435  22.667 0.0000000000
57235  42.937  9.120  20.418 0.0000000000
93249  42.937  9.243  19.527 0.0000000000
58087  43.279  9.713  18.782 0.0000000000
58069  41.909  9.380  19.470 0.0000000000
57238  40.474  8.608  20.916 0.0000000000
58090  40.272  9.850  18.704 0.0000000000
58089  41.255  9.897  18.846 0.0000000000
42153  21.419  -9.327  40.969 0.0000000000
42162  20.849  -9.879  39.573 0.0000000000
42154  20.901  -9.974  40.460 0.0000000000
41338  19.806  -10.931  40.505 0.0000000000
41349  19.835  -10.944  39.563 0.0000000000
40462  18.435  -11.770  39.555 0.0000000000
37844  17.792  -13.990  39.616 0.0000000000
36908  17.027  -15.827  42.683 0.0000000000
37811  17.582  -15.174  42.066 0.0000000000
97137  15.854  -15.877  42.780 0.0000000000
36939  15.610  -15.520  41.129 0.0000000000
108084  8.439  -16.922  47.743 0.0000000000
35940  7.759  -16.407  47.379 0.0000000000
53076  34.878  3.217  31.891 0.0000000000
52231  32.897  1.703  32.650 0.0000000000
51424  32.352  1.514  32.013 0.0000000000
51411  31.950  0.805  34.200 0.0000000000
51419  31.787  0.905  33.281 0.0000000000
50611  30.271  0.264  32.727 0.0000000000
50603  30.360  0.068  33.658 0.0000000000
50581  31.502  0.100  35.821 0.0000000000
48919  30.354  -1.282  34.638 0.0000000000
49771  30.006  -0.678  33.976 0.0000000000
48931  29.325  -1.708  33.137 0.0000000000
48121  30.028  -2.559  33.470 0.0000000000
47305  30.788  -3.337  32.988 0.0000000000
47315  31.130  -3.950  32.630 0.0000000000
47296  32.588  -3.807  34.311 0.0000000000
46488  32.668  -4.685  33.544 0.0000000000
100152  31.598  -5.011  32.068 0.0000000000
45665  31.770  -5.746  31.829 0.0000000000
43076  29.698  -8.049  30.635 0.0000000000
98330  31.685  -8.576  41.049 0.0000000000
93580  32.253  -8.597  41.737 0.0000000000
42964  32.583  -8.647  40.832 0.0000000000
42990  32.087  -8.656  38.810 0.0000000000
107566  32.923  -8.600  39.238 0.0000000000
42963  33.368  -8.639  40.198 0.0000000000
94609  33.977  -8.579  39.318 0.0000000000
106655  34.796  -8.415  39.281 0.0000000000
42988  34.568  -8.299  38.518 0.0000000000
43861  34.246  -8.183  37.000 0.0000000000
43860  34.778  -7.794  37.641 0.0000000000
43878  34.639  -7.475  36.859 0.0000000000
43877  35.078  -6.902  37.293 0.0000000000
44786  34.902  -6.556  36.544 0.0000000000
43896  34.310  -7.401  36.196 0.0000000000
43898  33.049  -7.862  35.080 0.0000000000
43037  30.203  -8.392  34.222 0.0000000000
94920  29.717  -7.742  32.136 0.0000000000
53087  36.594  3.370  30.815 0.0000000000
52250  35.981  3.118  30.071 0.0000000000
52277  33.693  2.684  28.683 0.0000000000
52291  33.977  2.390  27.967 0.0000000000
51448  31.110  1.803  29.053 0.0000000000
51460  31.147  1.937  28.175 0.0000000000
51498  31.344  1.785  26.449 0.0000000000
51497  32.078  2.013  26.162 0.0000000000
63549  51.581  16.380  10.378 0.0000000000
63553  51.514  16.325  9.408 0.0000000000
60416  47.690  12.390  11.445 0.0000000000
97758  37.992  2.194  28.555 0.0000000000
52276  37.251  2.188  28.842 0.0000000000
108687  36.662  2.382  29.123 0.0000000000
41373  20.097  -10.431  37.151 0.0000000000
41348  20.427  -10.473  39.077 0.0000000000
44723  23.354  -6.900  40.904 0.0000000000
44741  23.180  -6.809  40.205 0.0000000000
43829  22.655  -7.248  39.868 0.0000000000
42994  21.652  -8.245  37.841 0.0000000000
107791  37.591  6.940  21.579 0.0000000000
92846  39.218  6.008  23.912 0.0000000000
55524  39.739  6.632  23.885 0.0000000000
39536  19.623  -14.489  43.878 0.0000000000
36881  10.108  -15.158  44.691 0.0000000000
35973  10.071  -15.790  45.414 0.0000000000
47273  34.432  -3.446  37.774 0.0000000000
46470  34.245  -4.364  35.950 0.0000000000
46475  34.645  -5.219  35.750 0.0000000000
106162  26.757  -6.096  36.462 0.0000000000
44796  27.410  -6.693  35.640 0.0000000000
43899  28.019  -7.315  34.783 0.0000000000
103814  30.301  0.681  31.038 0.0000000000
49808  29.036  -0.378  30.338 0.0000000000
60402  48.428  12.956  15.011 0.0000000000
60401  49.126  12.987  15.305 0.0000000000
61227  49.105  13.305  14.614 0.0000000000
62042  50.558  14.322  12.878 0.0000000000
111484  38.079  3.882  24.039 0.0000000000
51511  35.953  1.642  25.456 0.0000000000
53112  40.525  3.542  27.571 0.0000000000
53111  41.295  4.111  27.435 0.0000000000
53875  40.710  4.044  26.629 0.0000000000
93241  40.334  4.326  25.754 0.0000000000
53887  39.577  3.937  25.319 0.0000000000
38759  18.260  -13.050  36.598 0.0000000000
37855  17.017  -14.937  37.872 0.0000000000
42929  29.091  -7.843  43.473 0.0000000000
43776  28.363  -7.688  42.995 0.0000000000
43791  27.850  -7.435  42.332 0.0000000000
45602  24.554  -5.677  39.668 0.0000000000
45612  24.515  -5.557  38.759 0.0000000000
45611  25.226  -5.387  38.335 0.0000000000
45610  26.024  -5.548  37.960 0.0000000000
45620  24.576  -5.289  36.802 0.0000000000
45642  23.923  -5.286  35.385 0.0000000000
97945  23.347  -5.553  35.025 0.0000000000
44799  22.793  -6.080  35.207 0.0000000000
46503  29.602  -4.190  31.386 0.0000000000
58086  44.110  9.707  18.751 0.0000000000
58850  44.818  10.026  18.418 0.0000000000
111863  44.491  10.593  17.829 0.0000000000
108394  44.726  11.106  17.309 0.0000000000
59614  43.250  11.550  15.423 0.0000000000
59620  43.502  11.456  14.535 0.0000000000
60400  44.951  12.192  14.956 0.0000000000
103410  45.468  12.353  13.617 0.0000000000
111061  45.712  12.336  13.132 0.0000000000
42917  23.195  -9.075  43.608 0.0000000000
43767  24.764  -7.433  44.171 0.0000000000
92647  43.568  9.161  21.012 0.0000000000
39565  18.103  -12.687  41.250 0.0000000000
36950  16.948  -15.145  40.571 0.0000000000
107539  16.760  -16.141  43.858 0.0000000000
51417  33.165  1.572  34.113 0.0000000000
51410  32.628  1.206  34.521 0.0000000000
48892  31.663  -0.981  36.763 0.0000000000
49749  31.301  -0.639  36.146 0.0000000000
48109  30.421  -2.162  34.352 0.0000000000
44831  31.751  -6.614  31.985 0.0000000000
94652  30.423  -8.298  41.968 0.0000000000
42952  30.866  -8.415  41.102 0.0000000000
105122  31.241  -8.517  40.501 0.0000000000
43003  29.879  -8.443  37.658 0.0000000000
92856  30.832  -8.602  38.055 0.0000000000
92857  31.859  -8.688  38.028 0.0000000000
92858  32.935  -8.690  38.109 0.0000000000
43000  33.452  -8.559  37.128 0.0000000000
43879  33.831  -8.151  36.397 0.0000000000
111827  33.856  -7.794  35.932 0.0000000000
43051  29.215  -7.728  32.638 0.0000000000
43064  28.811  -8.042  31.430 0.0000000000
53089  34.970  3.358  31.044 0.0000000000
97757  35.093  3.231  30.247 0.0000000000
106877  33.882  2.950  29.927 0.0000000000
52278  32.711  2.529  28.544 0.0000000000
50656  29.886  0.888  27.878 0.0000000000
51481  30.539  1.461  27.582 0.0000000000
62050  50.315  14.715  10.840 0.0000000000
62794  51.201  15.759  10.791 0.0000000000
93412  38.830  2.535  26.674 0.0000000000
52304  38.409  2.366  26.164 0.0000000000
51492  37.239  1.712  26.554 0.0000000000
51495  34.344  1.761  26.449 0.0000000000
107174  40.479  3.278  29.155 0.0000000000
53103  40.525  3.391  28.491 0.0000000000
52288  39.760  3.110  27.331 0.0000000000
52289  39.229  2.753  27.151 0.0000000000
95523  19.642  -11.040  36.835 0.0000000000
39596  18.214  -12.312  38.116 0.0000000000
44697  26.066  -6.612  43.176 0.0000000000
44706  25.991  -6.380  42.168 0.0000000000
45592  24.605  -5.880  40.474 0.0000000000
96212  23.700  -6.446  40.494 0.0000000000
45593  24.070  -6.026  40.098 0.0000000000
45603  23.967  -5.937  39.236 0.0000000000
110370  23.393  -6.207  38.144 0.0000000000
44778  22.876  -6.460  37.082 0.0000000000
43883  22.306  -7.074  36.573 0.0000000000
43017  21.195  -8.843  36.101 0.0000000000
43005  21.438  -8.529  36.957 0.0000000000
94165  41.862  10.777  17.499 0.0000000000
58868  41.299  10.845  16.598 0.0000000000
42117  24.536  -8.746  45.618 0.0000000000
95364  41.643  7.301  24.241 0.0000000000
57204  41.914  7.957  23.096 0.0000000000
57226  41.116  8.362  21.665 0.0000000000
57227  40.287  8.262  21.493 0.0000000000
57239  39.590  8.401  21.039 0.0000000000
56382  39.075  7.972  21.548 0.0000000000
41301  21.350  -11.516  42.891 0.0000000000
40424  20.211  -11.731  42.209 0.0000000000
40426  18.807  -13.181  42.493 0.0000000000
36879  15.170  -16.414  44.920 0.0000000000
36895  14.438  -16.162  44.292 0.0000000000
103710  13.655  -15.795  43.596 0.0000000000
36928  12.053  -14.476  41.727 0.0000000000
36914  10.992  -14.411  43.419 0.0000000000
48075  33.060  -1.812  38.224 0.0000000000
47295  33.189  -4.080  34.734 0.0000000000
46481  33.657  -4.832  34.707 0.0000000000
43846  28.535  -7.638  39.043 0.0000000000
111357  28.889  -7.837  38.547 0.0000000000
42993  29.261  -8.069  38.182 0.0000000000
43027  29.566  -8.433  35.762 0.0000000000
43039  28.742  -7.872  34.337 0.0000000000
51432  32.387  1.871  31.089 0.0000000000
51441  32.020  1.958  30.156 0.0000000000
51442  31.254  1.621  29.914 0.0000000000
50632  29.997  0.680  30.284 0.0000000000
62046  50.496  14.594  12.182 0.0000000000
108200  50.480  14.786  11.508 0.0000000000
53905  37.649  5.177  23.271 0.0000000000
53147  36.777  4.031  23.354 0.0000000000
53864  41.851  4.549  27.402 0.0000000000
55507  41.591  6.498  25.368 0.0000000000
93000  40.970  6.330  25.063 0.0000000000
93001  39.955  5.229  24.837 0.0000000000
54669  39.835  5.974  24.446 0.0000000000
42912  31.430  -8.068  44.239 0.0000000000
42911  32.247  -8.032  44.183 0.0000000000
42927  30.831  -8.266  43.437 0.0000000000
96322  30.405  -8.266  42.785 0.0000000000
109212  29.478  -7.964  42.981 0.0000000000
42943  29.803  -8.093  42.569 0.0000000000
42954  29.206  -7.900  41.020 0.0000000000
42968  28.965  -7.825  40.361 0.0000000000
43802  26.711  -6.621  41.777 0.0000000000
44719  27.137  -6.641  41.003 0.0000000000
43813  27.835  -7.142  40.448 0.0000000000
43827  28.454  -7.547  39.979 0.0000000000
44765  27.270  -6.619  38.280 0.0000000000
45618  26.024  -5.460  36.899 0.0000000000
44776  26.519  -5.877  37.384 0.0000000000
45659  25.314  -5.282  33.584 0.0000000000
43029  21.772  -7.858  35.078 0.0000000000
48944  28.703  -1.680  31.739 0.0000000000
59585  47.454  11.248  17.157 0.0000000000
104215  44.087  11.749  16.006 0.0000000000
59601  47.837  11.746  16.709 0.0000000000
60397  47.901  12.586  15.538 0.0000000000
60403  47.574  12.847  14.713 0.0000000000
42969  21.647  -8.657  40.391 0.0000000000
42145  21.471  -9.786  41.666 0.0000000000
42903  24.086  -9.043  44.983 0.0000000000
42125  23.562  -9.747  44.748 0.0000000000
41289  22.942  -10.737  44.527 0.0000000000
41300  21.888  -11.058  43.251 0.0000000000
43744  32.411  -6.949  44.950 0.0000000000
43761  31.210  -7.643  45.010 0.0000000000
92371  29.372  -7.811  45.031 0.0000000000
43778  26.731  -7.041  43.661 0.0000000000
111647  26.622  -7.106  44.257 0.0000000000
102717  25.467  -6.475  42.750 0.0000000000
44709  24.213  -6.814  42.258 0.0000000000
44699  24.311  -7.072  43.010 0.0000000000
43803  23.616  -6.997  41.678 0.0000000000
58067  45.321  9.390  19.577 0.0000000000
57248  41.586  9.027  20.071 0.0000000000
58853  41.541  10.364  18.222 0.0000000000
40476  18.526  -11.799  38.643 0.0000000000
40449  18.391  -11.952  40.620 0.0000000000
97878  16.634  -15.360  38.561 0.0000000000
36910  15.590  -16.059  43.611 0.0000000000
35007  9.518  -16.817  46.749 0.0000000000
35959  7.939  -16.084  46.417 0.0000000000
53086  37.513  3.186  30.758 0.0000000000
52235  34.280  2.967  31.367 0.0000000000
52236  33.662  2.511  31.644 0.0000000000
51425  31.611  1.030  32.316 0.0000000000
51426  30.846  0.661  32.264 0.0000000000
49785  29.312  -0.828  32.793 0.0000000000
50593  32.070  0.680  35.126 0.0000000000
49758  31.027  -0.300  35.498 0.0000000000
48938  28.990  -1.392  32.479 0.0000000000
102905  28.960  -2.007  32.501 0.0000000000
47306  30.119  -3.129  32.755 0.0000000000
47317  29.677  -3.404  32.151 0.0000000000
46497  30.284  -4.095  31.934 0.0000000000
45666  31.191  -5.215  31.652 0.0000000000
46489  32.136  -4.616  33.024 0.0000000000
46495  31.608  -4.516  32.567 0.0000000000
43953  30.684  -6.833  30.851 0.0000000000
45617  35.356  -5.792  37.501 0.0000000000
42925  32.479  -8.325  43.401 0.0000000000
42940  32.827  -8.507  42.568 0.0000000000
42939  33.771  -8.500  42.609 0.0000000000
93548  34.923  -8.536  41.054 0.0000000000
42980  29.829  -8.310  39.478 0.0000000000
98292  31.300  -8.570  39.830 0.0000000000
42978  31.492  -8.614  39.210 0.0000000000
42977  32.020  -8.642  39.577 0.0000000000
42961  35.382  -8.327  40.406 0.0000000000
96369  35.380  -8.197  39.659 0.0000000000
43845  35.157  -7.746  38.307 0.0000000000
44764  35.668  -6.609  38.412 0.0000000000
44774  35.372  -6.372  37.733 0.0000000000
45626  35.157  -5.776  36.728 0.0000000000
43897  33.790  -7.294  35.496 0.0000000000
43036  31.174  -8.439  34.532 0.0000000000
43035  31.917  -8.023  33.946 0.0000000000
107609  29.472  -7.909  31.285 0.0000000000
105876  36.532  2.712  29.613 0.0000000000
109327  35.261  3.023  29.609 0.0000000000
52262  35.086  2.810  29.051 0.0000000000
51459  35.397  2.365  28.463 0.0000000000
51477  34.802  2.127  27.843 0.0000000000
92530  34.183  2.039  27.234 0.0000000000
51496  33.553  2.007  26.636 0.0000000000
52265  32.389  2.377  29.434 0.0000000000
52293  31.894  2.305  27.888 0.0000000000
52292  32.657  2.395  27.601 0.0000000000
100706  32.760  2.184  26.787 0.0000000000
61245  48.624  13.359  11.319 0.0000000000
60415  48.387  12.663  10.959 0.0000000000
44721  24.193  -6.531  41.519 0.0000000000
45601  25.199  -5.466  39.249 0.0000000000
104081  22.121  -7.630  37.896 0.0000000000
105693  26.195  -5.690  39.174 0.0000000000
109158  33.252  -8.631  40.896 0.0000000000
