#!ascii label  , from subject sub-v2s7x29669_ses-1 vox2ras=TkReg
1484
21584  29.377  -36.185  -16.638 0.8999999762
21610  29.261  -37.082  -16.679 0.8000000119
21609  29.683  -36.950  -17.408 0.8000000119
20860  29.903  -37.920  -17.700 0.6999999881
20880  29.898  -37.727  -19.208 0.8000000119
102672  28.712  -35.938  -16.097 0.8999999762
102444  29.718  -35.905  -17.636 1.0000000000
22378  29.790  -35.533  -18.570 1.0000000000
21625  29.743  -36.421  -18.434 0.8999999762
100446  29.918  -37.326  -18.377 0.8000000119
20888  29.520  -37.506  -19.972 0.8000000119
106837  29.570  -36.864  -19.370 0.8999999762
20158  29.500  -38.129  -20.434 0.8000000119
20898  28.683  -37.328  -21.150 0.6999999881
106442  28.556  -37.881  -21.502 0.6999999881
22320  27.321  -35.297  -15.775 0.8000000119
22340  28.307  -35.316  -15.853 0.8999999762
23111  28.810  -34.635  -15.898 0.8999999762
23112  27.855  -34.581  -15.715 0.8999999762
22323  24.632  -35.364  -15.710 0.8999999762
22338  29.629  -35.270  -16.971 0.8999999762
93945  29.533  -35.958  -19.311 0.8999999762
22399  29.471  -35.493  -20.038 1.0000000000
22412  29.100  -35.724  -20.664 0.8999999762
21655  28.881  -36.578  -20.768 0.8999999762
20897  29.138  -37.422  -20.618 0.8000000119
20904  27.509  -37.437  -22.041 0.6999999881
108717  29.152  -34.053  -16.148 0.8999999762
99043  28.444  -33.892  -15.786 0.8999999762
23091  26.869  -34.536  -15.714 0.8999999762
23092  25.931  -34.564  -15.743 0.8999999762
23093  25.068  -34.628  -15.765 0.8999999762
23110  29.451  -34.611  -16.482 0.8999999762
23129  29.789  -34.503  -17.268 0.8999999762
22377  29.785  -35.109  -19.392 1.0000000000
22413  28.590  -35.850  -21.342 0.8000000119
21656  28.328  -36.661  -21.392 0.8000000119
21662  27.071  -36.777  -22.130 0.8000000119
21663  26.183  -36.669  -22.360 0.8000000119
21664  25.342  -36.935  -22.436 0.8000000119
23857  26.392  -33.679  -15.801 0.8999999762
108814  25.011  -33.417  -16.118 0.8999999762
23113  24.099  -33.913  -16.136 0.8999999762
23872  29.076  -33.324  -16.174 0.8999999762
94226  24.907  -32.685  -16.550 0.8999999762
24614  24.025  -32.843  -16.862 0.8000000119
23878  22.953  -33.665  -16.637 0.8000000119
100027  29.937  -33.791  -17.542 0.8999999762
24624  24.383  -32.167  -17.286 0.6999999881
23892  23.250  -33.025  -17.089 0.6999999881
23894  21.706  -33.438  -17.486 0.6999999881
23904  30.251  -33.858  -18.319 0.8999999762
24627  22.090  -32.917  -18.082 0.6999999881
24640  21.743  -32.693  -18.904 0.6999999881
94042  30.520  -33.804  -19.038 1.0000000000
105677  22.138  -32.042  -19.255 0.6000000238
23145  30.121  -34.604  -18.712 1.0000000000
23161  30.225  -34.268  -19.686 1.0000000000
23162  29.744  -34.816  -20.074 1.0000000000
99808  29.043  -35.181  -21.136 1.0000000000
23184  29.384  -34.410  -21.343 1.0000000000
23198  28.878  -34.286  -22.008 0.8999999762
23185  28.725  -35.004  -21.742 0.8000000119
22424  28.108  -35.591  -22.028 0.8000000119
22425  26.900  -36.192  -22.371 0.8000000119
22431  26.391  -35.803  -22.734 0.8000000119
100828  25.371  -36.220  -22.841 0.8000000119
22432  25.868  -35.306  -23.327 0.8000000119
21671  24.303  -36.255  -23.179 0.8000000119
23873  28.166  -33.038  -15.798 0.8999999762
23858  25.454  -33.910  -15.867 0.8999999762
24606  27.149  -32.949  -15.873 0.8999999762
23875  25.643  -33.115  -16.057 0.8999999762
24623  25.185  -31.854  -17.064 0.8999999762
23871  29.558  -33.863  -16.762 0.8999999762
24626  22.853  -32.669  -17.842 0.6999999881
23891  30.098  -33.124  -17.942 0.8999999762
24638  23.255  -32.116  -18.384 0.6000000238
24639  22.502  -32.378  -18.666 0.6000000238
23890  30.539  -33.209  -18.611 1.0000000000
25376  20.913  -31.419  -19.664 0.5000000000
107728  30.593  -33.522  -19.644 1.0000000000
23935  30.402  -33.603  -20.334 1.0000000000
23952  30.028  -33.616  -21.149 1.0000000000
23970  29.366  -33.519  -21.942 1.0000000000
23199  28.165  -34.668  -22.400 0.8999999762
22430  27.339  -35.433  -22.550 0.8000000119
23981  27.347  -33.744  -23.244 0.8999999762
23200  27.404  -34.512  -22.938 0.8000000119
103017  26.699  -34.978  -23.112 0.8000000119
23207  26.842  -34.259  -23.352 0.8000000119
23982  26.466  -33.562  -23.751 0.8999999762
23209  25.427  -34.694  -23.870 0.8000000119
22434  24.003  -35.544  -23.846 0.8000000119
23220  24.119  -34.079  -24.461 0.8000000119
23211  23.617  -34.831  -24.315 0.8000000119
24613  25.889  -32.221  -16.451 0.8999999762
24611  28.784  -32.456  -16.402 0.8999999762
25334  29.223  -31.987  -17.200 0.8999999762
25353  23.990  -31.835  -18.093 0.8000000119
24636  30.444  -32.524  -18.336 0.8999999762
25362  23.659  -31.556  -18.862 0.6999999881
25363  22.915  -31.788  -19.068 0.6000000238
25375  21.746  -31.485  -19.530 0.6000000238
25373  23.296  -31.156  -19.375 0.6999999881
25374  22.532  -31.331  -19.441 0.6000000238
94137  22.118  -30.855  -19.601 0.5000000000
24667  30.846  -32.855  -19.996 1.0000000000
26816  21.959  -30.093  -19.571 0.5000000000
26095  20.555  -30.544  -19.595 0.5000000000
24678  30.151  -32.686  -21.575 1.0000000000
24687  29.376  -32.605  -22.312 1.0000000000
23980  28.053  -33.193  -22.942 0.8999999762
24686  29.941  -31.899  -22.179 1.0000000000
25418  29.144  -31.834  -22.669 0.8999999762
24688  28.601  -32.468  -22.794 0.8999999762
96411  27.276  -32.927  -23.459 0.8999999762
24694  27.896  -32.346  -23.257 0.8999999762
24696  26.650  -32.664  -23.845 0.8999999762
24701  25.856  -32.821  -24.208 0.8999999762
23219  25.079  -33.982  -24.309 0.8999999762
24695  27.203  -32.058  -23.688 0.8999999762
23992  24.535  -33.333  -24.530 0.8999999762
94798  25.484  -32.028  -24.452 0.8999999762
99483  27.736  -32.185  -16.190 0.8999999762
110248  27.174  -31.850  -16.419 0.8999999762
25338  25.884  -31.520  -17.000 0.8999999762
25337  26.659  -31.568  -16.726 0.8999999762
25351  25.523  -31.278  -17.669 1.0000000000
25352  24.757  -31.569  -17.862 0.8000000119
26048  28.837  -31.182  -17.479 0.8999999762
25361  24.396  -31.302  -18.648 0.6999999881
23903  30.832  -32.642  -18.797 0.8999999762
24637  30.344  -31.863  -18.210 0.8999999762
26075  24.762  -30.728  -19.090 0.6999999881
26093  23.626  -30.535  -19.508 0.6999999881
26094  22.833  -30.468  -19.583 0.5000000000
24652  31.077  -32.391  -19.291 1.0000000000
96634  21.090  -29.868  -19.493 0.5000000000
26817  20.215  -29.646  -19.426 0.5000000000
24666  31.150  -32.122  -19.941 1.0000000000
25393  30.841  -32.157  -20.788 1.0000000000
25405  31.040  -31.070  -21.215 1.0000000000
96728  30.512  -31.801  -21.580 1.0000000000
25417  29.637  -31.153  -22.567 1.0000000000
26129  30.073  -30.426  -22.489 1.0000000000
25425  28.870  -31.119  -22.997 0.8999999762
99222  27.807  -31.678  -23.453 0.8999999762
25427  27.381  -31.233  -23.765 0.8999999762
24036  22.214  -33.684  -27.085 0.6999999881
101917  21.518  -32.962  -27.061 0.8000000119
95530  20.850  -32.895  -26.582 0.8000000119
24728  20.594  -32.368  -26.221 0.8000000119
25348  29.744  -31.383  -17.920 0.8999999762
26060  28.334  -30.538  -17.872 1.0000000000
25349  27.146  -31.007  -17.281 1.0000000000
26776  27.025  -30.117  -18.427 1.0000000000
26063  25.881  -30.759  -18.251 0.6999999881
26074  25.489  -30.454  -18.909 0.6999999881
25359  30.915  -31.882  -18.696 0.8999999762
25347  30.595  -31.133  -18.400 0.8999999762
26092  24.293  -30.278  -19.478 0.6999999881
101155  22.583  -29.436  -19.527 0.6000000238
25392  31.287  -31.484  -20.257 1.0000000000
25371  31.264  -31.628  -19.397 0.8999999762
27487  20.936  -28.289  -19.443 0.4000000060
107543  28.670  -30.542  -23.272 1.0000000000
26851  28.859  -29.906  -23.335 1.0000000000
25438  22.213  -31.520  -25.305 0.8999999762
24034  24.473  -33.578  -27.426 0.6000000238
97576  22.642  -33.004  -27.322 0.6000000238
24737  21.979  -32.246  -27.274 0.8000000119
24738  20.965  -32.296  -26.788 0.8000000119
101051  20.623  -32.812  -25.939 0.8999999762
24706  21.386  -32.205  -25.405 0.8999999762
26058  30.126  -30.469  -18.199 0.8999999762
26059  29.220  -30.564  -17.973 0.8999999762
26073  26.228  -30.205  -18.738 0.8000000119
26091  25.041  -30.067  -19.348 0.6999999881
26815  24.544  -29.480  -19.541 0.6999999881
27485  23.117  -28.656  -19.479 0.6000000238
98072  31.454  -30.932  -19.696 1.0000000000
108557  31.234  -30.887  -18.895 0.8999999762
100493  31.399  -30.832  -20.446 1.0000000000
26122  31.103  -30.231  -21.450 1.0000000000
26836  30.951  -29.819  -21.830 1.0000000000
26843  30.488  -29.718  -22.335 1.0000000000
26844  29.661  -29.594  -22.916 1.0000000000
99491  29.016  -29.211  -23.390 1.0000000000
101518  23.432  -31.256  -25.115 0.8999999762
96535  23.237  -29.840  -25.349 0.8999999762
26154  22.715  -30.621  -25.342 0.8999999762
102835  20.694  -30.755  -26.041 0.8999999762
25439  20.932  -31.489  -25.741 0.8999999762
24734  25.686  -32.642  -27.555 0.6000000238
24735  24.758  -32.795  -27.532 0.6000000238
24736  23.738  -32.955  -27.456 0.6000000238
106463  22.882  -31.885  -27.441 0.8000000119
25476  21.154  -31.684  -26.978 0.8000000119
25452  20.585  -31.516  -26.077 0.8999999762
26774  28.699  -29.881  -18.162 0.8999999762
26775  27.861  -29.937  -18.236 0.8999999762
27449  28.254  -29.176  -18.351 0.8999999762
26794  27.443  -29.285  -18.633 0.8999999762
26814  25.238  -29.431  -19.457 0.6000000238
26072  30.894  -30.246  -18.525 1.0000000000
26793  31.108  -29.377  -18.636 1.0000000000
26772  30.430  -29.607  -18.334 1.0000000000
27483  24.980  -28.645  -19.553 0.6000000238
27484  24.032  -28.688  -19.556 0.6000000238
109644  22.607  -27.716  -19.426 0.5000000000
26090  31.477  -30.344  -19.381 1.0000000000
26792  31.356  -29.959  -18.912 1.0000000000
26812  31.607  -29.596  -19.603 1.0000000000
26827  31.544  -29.595  -20.516 1.0000000000
26835  31.287  -29.521  -21.335 1.0000000000
27507  30.942  -29.165  -22.028 1.0000000000
101466  30.334  -28.839  -22.640 1.0000000000
27518  29.573  -28.608  -23.220 1.0000000000
27526  28.723  -28.555  -23.711 1.0000000000
27533  27.944  -28.616  -24.176 1.0000000000
27534  27.106  -28.738  -24.509 1.0000000000
26862  26.860  -29.674  -24.367 1.0000000000
102212  26.219  -28.930  -24.795 1.0000000000
101153  25.359  -29.101  -25.046 0.8999999762
26863  25.893  -29.763  -24.712 0.8999999762
26153  23.778  -30.520  -25.171 0.8999999762
102583  21.447  -30.693  -25.632 0.8999999762
26175  20.642  -30.788  -26.205 0.8999999762
25470  27.259  -31.428  -27.597 0.6000000238
25471  26.620  -31.697  -27.624 0.6000000238
25473  25.012  -32.048  -27.605 0.6000000238
25474  23.923  -32.117  -27.507 0.6000000238
25475  22.018  -31.413  -27.320 0.8000000119
26191  21.056  -30.848  -26.833 0.8000000119
27448  29.114  -29.120  -18.233 0.8999999762
27472  27.837  -28.452  -18.582 0.6999999881
26796  25.752  -29.804  -19.217 0.6000000238
105501  25.647  -28.310  -19.482 0.6000000238
27469  30.633  -28.628  -18.394 0.8999999762
28166  24.359  -27.802  -19.513 0.6000000238
28167  23.517  -27.822  -19.464 0.5000000000
97265  31.482  -29.249  -18.995 1.0000000000
27496  31.755  -28.874  -20.182 1.0000000000
27481  31.719  -28.756  -19.424 0.8999999762
108853  31.561  -28.941  -20.900 1.0000000000
27506  31.343  -28.554  -21.586 1.0000000000
111359  30.913  -28.477  -22.237 1.0000000000
27517  30.530  -27.955  -22.679 1.0000000000
27525  29.933  -27.879  -23.213 1.0000000000
28210  29.749  -27.151  -23.519 1.0000000000
28211  29.216  -27.825  -23.638 1.0000000000
28217  26.471  -27.975  -24.960 1.0000000000
27535  25.575  -28.322  -25.179 1.0000000000
111008  24.336  -28.782  -25.332 0.8999999762
26864  23.800  -29.082  -25.352 0.8999999762
100653  22.005  -29.882  -25.525 0.8999999762
26874  20.905  -29.162  -26.216 0.8999999762
26186  26.763  -30.949  -27.779 0.6000000238
95311  26.025  -31.161  -27.685 0.6000000238
107209  24.410  -31.486  -27.566 0.6000000238
26188  24.410  -30.724  -27.576 0.6999999881
26190  22.233  -30.601  -27.358 0.6999999881
97030  20.895  -29.997  -26.396 0.8000000119
26884  20.834  -29.256  -26.244 0.8999999762
25469  27.771  -31.118  -27.494 0.6000000238
94308  21.482  -29.911  -27.069 0.6999999881
26898  21.007  -29.272  -26.698 0.8999999762
27482  26.309  -28.459  -19.337 0.6999999881
28164  25.947  -27.674  -19.426 0.6000000238
27470  29.647  -28.378  -18.260 0.8999999762
27471  28.697  -28.361  -18.355 0.8000000119
28151  28.202  -27.642  -18.491 0.6999999881
27468  31.410  -28.504  -18.840 0.8999999762
27495  31.984  -28.131  -19.892 1.0000000000
28147  31.682  -27.634  -18.977 0.8000000119
28178  32.181  -27.307  -20.271 0.8999999762
28163  32.061  -27.486  -19.501 0.8000000119
28179  31.757  -28.121  -20.781 1.0000000000
100922  31.542  -27.783  -21.523 1.0000000000
27516  31.194  -27.835  -22.128 1.0000000000
28200  30.959  -27.037  -22.585 1.0000000000
28910  30.400  -26.558  -23.251 1.0000000000
28214  29.025  -27.018  -24.017 1.0000000000
97646  27.750  -27.236  -24.638 1.0000000000
28216  27.457  -27.919  -24.575 1.0000000000
28218  25.692  -27.599  -25.282 1.0000000000
27536  24.812  -28.571  -25.289 0.8999999762
27538  23.231  -28.539  -25.435 0.8999999762
26865  22.678  -29.128  -25.465 0.8999999762
27540  21.035  -28.352  -25.924 0.8999999762
26187  25.385  -30.720  -27.659 0.6000000238
26189  23.341  -30.436  -27.508 0.6999999881
27551  20.838  -28.462  -26.174 0.8999999762
26184  28.111  -30.484  -27.626 0.6000000238
26185  27.426  -30.691  -27.790 0.6000000238
96355  22.675  -29.795  -27.431 0.6999999881
26897  21.869  -29.040  -27.228 0.6999999881
28152  27.434  -27.733  -18.825 0.6999999881
28153  26.703  -27.716  -19.190 0.6000000238
28856  30.062  -26.793  -18.221 0.8000000119
28150  29.213  -27.436  -18.275 0.8000000119
101342  27.738  -27.108  -18.672 0.6999999881
101185  27.098  -26.983  -18.996 0.6999999881
97011  31.601  -26.986  -18.767 0.6999999881
28149  30.309  -27.653  -18.307 0.8000000119
103454  32.015  -27.025  -19.129 0.6999999881
28871  32.325  -26.673  -19.641 0.6999999881
99453  32.199  -26.045  -21.110 0.8000000119
29624  31.852  -25.645  -21.913 0.8000000119
28904  31.479  -26.467  -22.158 0.8000000119
101492  31.100  -25.964  -22.778 0.8999999762
28911  29.617  -26.235  -23.857 1.0000000000
28917  28.306  -26.784  -24.498 1.0000000000
96247  26.181  -27.091  -25.258 1.0000000000
28918  27.533  -26.541  -24.893 1.0000000000
96248  27.028  -27.206  -24.968 1.0000000000
96079  24.552  -27.011  -25.450 1.0000000000
28220  23.974  -27.447  -25.439 0.8999999762
28923  23.103  -27.131  -25.482 0.8999999762
27539  22.195  -28.322  -25.562 0.8999999762
28222  21.436  -27.630  -25.715 0.8999999762
100264  26.962  -30.297  -27.956 0.6000000238
96177  26.108  -30.315  -27.742 0.6000000238
96223  25.051  -30.036  -27.634 0.6000000238
96222  23.950  -29.854  -27.532 0.6999999881
107671  20.888  -28.827  -26.385 0.8999999762
27570  23.528  -28.027  -27.520 0.6999999881
27560  20.968  -28.295  -26.454 0.8999999762
28241  20.793  -27.652  -26.146 0.8999999762
28858  28.388  -26.813  -18.387 0.6000000238
28859  27.623  -26.405  -18.628 0.6000000238
101587  26.291  -26.912  -19.262 0.6000000238
28855  31.500  -26.250  -18.592 0.6999999881
28857  29.229  -26.446  -18.172 0.6000000238
29594  32.432  -25.698  -19.409 0.6999999881
29610  32.667  -25.316  -20.091 0.6999999881
109013  32.199  -25.014  -21.625 0.8000000119
109648  30.979  -25.343  -23.116 0.8000000119
29640  30.421  -25.575  -23.481 0.8000000119
28916  28.865  -26.303  -24.338 1.0000000000
29641  29.724  -25.401  -23.997 0.8000000119
29649  27.187  -25.733  -25.103 1.0000000000
28919  26.677  -26.444  -25.206 1.0000000000
96233  25.328  -26.884  -25.403 1.0000000000
94738  26.188  -25.646  -25.344 1.0000000000
28920  25.937  -26.425  -25.370 1.0000000000
28921  24.633  -26.337  -25.481 1.0000000000
93468  23.921  -25.891  -25.498 1.0000000000
100675  22.873  -26.233  -25.508 1.0000000000
102299  22.018  -26.956  -25.565 0.8999999762
26894  25.687  -29.417  -27.707 0.6000000238
26892  27.632  -29.834  -28.026 0.6000000238
26893  26.684  -29.585  -27.947 0.6000000238
26895  24.657  -29.226  -27.601 0.6999999881
96289  20.813  -27.655  -26.084 0.8999999762
27569  24.456  -28.427  -27.586 0.6999999881
106804  22.402  -27.571  -27.360 0.6999999881
28254  21.235  -27.581  -26.766 0.8999999762
29584  27.489  -25.594  -18.536 0.5000000000
93604  29.930  -26.109  -18.140 0.6000000238
93614  28.898  -25.027  -17.941 0.5000000000
29580  31.286  -25.404  -18.419 0.6999999881
93965  30.674  -26.157  -18.324 0.6999999881
29579  32.009  -25.627  -18.765 0.6999999881
93895  32.649  -24.925  -19.581 0.6999999881
29623  32.461  -25.301  -20.978 0.6999999881
30426  32.459  -24.385  -21.368 0.6999999881
30427  31.920  -24.695  -22.128 0.8000000119
98544  31.394  -25.094  -22.725 0.8000000119
30440  30.841  -24.705  -23.333 0.8000000119
100007  30.070  -24.758  -23.849 0.8000000119
30450  30.328  -23.986  -23.661 0.8000000119
101309  28.539  -24.941  -24.608 0.8999999762
98866  27.679  -24.988  -24.919 1.0000000000
30457  28.807  -24.145  -24.417 0.8000000119
30458  28.016  -24.245  -24.652 0.8999999762
98255  26.795  -24.932  -25.178 1.0000000000
29651  25.378  -25.160  -25.403 1.0000000000
99557  24.674  -25.552  -25.471 1.0000000000
29653  23.248  -25.331  -25.495 1.0000000000
106273  21.032  -26.915  -25.871 0.8999999762
28924  21.559  -26.193  -25.691 0.8999999762
28935  20.858  -26.116  -26.058 0.8999999762
96640  27.314  -28.916  -28.117 0.6000000238
94336  21.674  -26.834  -27.134 0.8000000119
98554  20.976  -26.829  -26.387 0.8999999762
27566  28.222  -28.995  -28.165 0.6000000238
101152  24.407  -27.729  -27.583 0.6999999881
96231  23.722  -27.136  -27.557 0.6999999881
28959  21.288  -26.069  -26.794 0.8000000119
28944  20.831  -25.905  -26.137 0.8999999762
105692  22.712  -26.794  -27.435 0.6999999881
29695  21.032  -25.279  -26.556 0.8999999762
93615  29.821  -24.871  -17.918 0.5000000000
30381  28.424  -24.386  -17.933 0.5000000000
30378  31.595  -24.512  -18.479 0.6999999881
30380  29.357  -24.232  -17.785 0.5000000000
30394  32.700  -24.205  -19.431 0.6999999881
30377  32.283  -24.862  -18.952 0.6999999881
30393  33.034  -23.603  -20.027 0.6999999881
31239  32.854  -23.782  -20.750 0.6999999881
31255  32.597  -23.433  -21.441 0.6999999881
30438  32.064  -23.833  -22.126 0.6999999881
31279  31.169  -23.510  -23.123 0.8000000119
31280  30.624  -23.314  -23.429 0.8000000119
30451  29.574  -24.035  -24.063 0.8000000119
31286  28.208  -23.494  -24.400 0.8000000119
30459  27.227  -24.253  -24.875 0.8999999762
29650  26.041  -24.823  -25.299 1.0000000000
29652  24.609  -24.729  -25.394 1.0000000000
106719  24.039  -25.191  -25.477 1.0000000000
31285  28.989  -23.355  -24.158 0.8000000119
106403  27.559  -23.673  -24.604 0.8000000119
30461  25.444  -24.193  -25.209 0.8999999762
30462  24.427  -23.817  -25.260 0.8999999762
100593  22.643  -24.764  -25.525 1.0000000000
29654  22.156  -25.435  -25.583 1.0000000000
29655  21.059  -25.451  -25.867 1.0000000000
29668  20.727  -25.448  -26.090 0.8999999762
104917  25.284  -28.725  -27.663 0.6999999881
30476  20.713  -24.880  -26.102 0.8999999762
27568  26.236  -28.638  -27.821 0.6000000238
102051  26.213  -27.818  -27.789 0.6000000238
29680  20.696  -25.072  -26.132 0.8999999762
101095  25.331  -27.944  -27.667 0.6999999881
93602  23.443  -26.285  -27.522 0.6999999881
28958  22.301  -26.155  -27.343 0.6999999881
30502  20.845  -24.597  -26.400 0.8000000119
30486  20.699  -24.448  -26.176 0.8999999762
29694  21.917  -25.413  -27.185 0.6999999881
94653  30.707  -24.726  -18.169 0.6000000238
30379  30.233  -24.095  -17.890 0.5000000000
30395  32.187  -23.912  -18.827 0.6999999881
31207  31.415  -23.553  -18.413 0.5000000000
104909  32.647  -23.331  -19.339 0.6999999881
31238  33.080  -22.920  -20.706 0.6999999881
31927  33.066  -22.729  -19.868 0.6999999881
105947  32.715  -22.625  -21.499 0.6999999881
31268  32.155  -22.956  -22.078 0.6999999881
31958  32.355  -22.093  -22.024 0.6999999881
31269  31.586  -23.284  -22.655 0.6999999881
31985  31.096  -22.809  -23.138 0.8000000119
100892  29.790  -23.145  -23.776 0.8000000119
31995  28.369  -22.726  -24.154 0.8000000119
31987  29.544  -22.226  -23.739 0.8000000119
32582  28.726  -22.084  -23.942 0.8000000119
31287  26.856  -23.532  -24.729 0.8000000119
31289  25.187  -23.193  -24.981 0.8999999762
30463  23.584  -24.444  -25.432 1.0000000000
32583  27.816  -21.999  -24.190 0.8000000119
105736  26.991  -22.193  -24.421 0.8000000119
30465  21.528  -24.603  -25.729 1.0000000000
30464  22.508  -23.995  -25.518 1.0000000000
102570  26.992  -28.059  -28.028 0.6000000238
96232  24.862  -27.148  -27.610 0.6999999881
93603  24.463  -26.425  -27.573 0.6999999881
97862  20.842  -24.097  -26.091 1.0000000000
29693  23.094  -25.531  -27.466 0.6999999881
30500  22.757  -24.734  -27.349 0.8000000119
30501  21.553  -24.661  -27.006 0.8000000119
31943  33.259  -22.060  -20.435 0.6999999881
32516  32.958  -21.928  -19.750 0.6999999881
31957  33.125  -22.131  -21.107 0.6999999881
110944  32.789  -22.132  -21.543 0.6999999881
32560  32.533  -21.242  -22.119 0.6999999881
32575  31.042  -21.853  -23.196 0.6999999881
32561  31.834  -21.576  -22.653 0.6999999881
31986  30.371  -22.475  -23.471 0.8000000119
32577  29.230  -21.512  -23.886 0.8000000119
33153  29.637  -20.826  -23.957 0.8000000119
32578  28.464  -21.418  -24.142 0.8000000119
94735  25.592  -22.484  -24.824 0.8999999762
96219  26.202  -21.819  -24.685 0.8000000119
94734  24.701  -22.465  -25.046 0.8999999762
31291  23.384  -23.377  -25.338 0.8999999762
28253  25.784  -27.191  -27.693 0.6000000238
96217  24.182  -21.786  -25.203 0.8999999762
31997  23.727  -22.525  -25.246 0.8999999762
31293  21.509  -23.639  -25.686 1.0000000000
28252  26.658  -27.264  -27.900 0.6000000238
29692  24.158  -25.675  -27.535 0.6999999881
31301  20.828  -23.120  -25.954 0.8999999762
31322  22.353  -23.906  -27.193 0.8000000119
31324  20.776  -24.075  -26.273 0.8999999762
32016  20.684  -22.894  -26.185 0.8000000119
32543  33.285  -21.402  -20.973 0.6999999881
33151  31.419  -20.938  -23.205 0.6999999881
33150  32.205  -20.117  -23.102 0.6999999881
110159  30.787  -21.241  -23.431 0.6999999881
32584  27.082  -21.511  -24.463 0.8000000119
96218  25.179  -21.776  -24.990 0.8000000119
98901  26.524  -20.980  -24.712 0.8000000119
98917  25.648  -21.057  -24.981 0.8000000119
31292  22.316  -23.276  -25.455 0.8999999762
28957  25.374  -26.497  -27.612 0.6000000238
98916  24.710  -21.048  -25.223 0.8000000119
98915  23.699  -21.050  -25.327 0.8999999762
95194  21.941  -22.205  -25.454 0.8999999762
31998  21.597  -22.827  -25.573 0.8999999762
28956  26.242  -26.493  -27.751 0.6000000238
29691  25.061  -25.806  -27.550 0.6999999881
32598  21.051  -22.147  -25.760 0.8999999762
93612  23.894  -24.905  -27.450 0.6999999881
107133  20.731  -22.362  -26.138 0.8000000119
100394  21.747  -23.075  -27.087 0.6999999881
97317  20.876  -23.418  -26.436 0.8000000119
33106  33.334  -20.547  -20.950 0.6999999881
33136  32.740  -20.401  -22.248 0.6999999881
33164  27.763  -21.171  -24.364 0.8000000119
33165  27.196  -20.885  -24.547 0.8000000119
98099  26.077  -20.319  -25.045 0.8000000119
98299  25.205  -20.347  -25.246 0.8000000119
99357  22.799  -21.094  -25.351 0.8999999762
105757  25.809  -25.911  -27.626 0.6000000238
32585  21.854  -21.479  -25.474 0.8999999762
93613  24.811  -25.080  -27.504 0.6999999881
107187  24.588  -24.416  -27.434 0.6999999881
32586  20.976  -21.367  -25.777 0.8999999762
98918  23.147  -23.071  -27.371 0.6999999881
32599  20.671  -21.463  -26.131 0.8000000119
103758  21.624  -22.274  -27.202 0.6999999881
32035  20.984  -22.569  -26.634 0.8000000119
32613  20.658  -21.898  -26.371 0.8000000119
94958  21.061  -21.748  -26.998 0.8000000119
33135  33.205  -19.959  -21.569 0.6999999881
33933  32.968  -19.380  -22.466 0.6000000238
29690  26.692  -25.518  -27.795 0.6000000238
98298  24.292  -20.185  -25.360 0.8000000119
33964  22.619  -19.377  -25.497 0.8999999762
99993  21.984  -20.121  -25.504 0.8999999762
93964  25.683  -25.212  -27.536 0.6000000238
33966  20.956  -20.078  -25.742 0.8999999762
96220  23.767  -23.956  -27.345 0.8000000119
33168  20.646  -20.745  -25.957 0.8999999762
32614  20.517  -21.008  -26.447 0.8000000119
32034  22.609  -22.299  -27.451 0.6999999881
32630  20.618  -20.996  -26.792 0.8000000119
33191  20.265  -20.165  -26.730 0.8000000119
30499  25.389  -24.426  -27.469 0.6999999881
33963  23.670  -19.379  -25.463 0.8000000119
96221  24.942  -23.713  -27.433 0.5000000000
98919  24.362  -23.001  -27.484 0.6000000238
98300  23.777  -22.250  -27.587 0.6999999881
33980  20.511  -19.311  -25.990 0.8000000119
98485  23.159  -21.559  -27.608 0.6000000238
101398  22.466  -20.872  -27.591 0.6000000238
33203  20.630  -20.177  -27.213 0.6999999881
34010  20.103  -19.390  -27.066 0.8000000119
33181  20.441  -20.524  -26.354 0.8000000119
33202  21.669  -20.038  -27.566 0.6000000238
34883  23.090  -18.597  -25.539 0.8000000119
34884  21.980  -18.574  -25.568 0.8000000119
34896  20.849  -18.587  -25.857 0.8999999762
98301  24.850  -22.208  -27.659 0.6000000238
34930  19.747  -18.654  -27.022 0.8000000119
101376  20.121  -19.238  -26.550 0.8000000119
101435  20.283  -18.013  -26.304 0.8000000119
34009  20.675  -19.334  -27.414 0.6000000238
35804  23.475  -17.844  -25.618 0.8000000119
35806  21.144  -17.855  -25.859 0.8000000119
32628  24.241  -21.530  -27.665 0.6000000238
100533  23.572  -20.868  -27.652 0.6000000238
35827  19.709  -17.923  -26.800 0.8000000119
33201  22.891  -20.192  -27.642 0.6000000238
35840  19.587  -17.968  -27.047 0.6999999881
35826  20.215  -17.242  -26.522 0.8000000119
34928  21.712  -18.522  -27.732 0.6000000238
35855  19.855  -17.439  -27.387 0.6000000238
105256  19.705  -16.603  -27.510 0.6999999881
111520  23.287  -19.603  -27.612 0.6000000238
34007  22.363  -19.409  -27.673 0.6000000238
36727  24.317  -16.421  -26.069 0.8000000119
35825  21.546  -17.139  -26.036 0.8000000119
32627  25.253  -21.525  -27.667 0.6000000238
35824  22.811  -17.120  -25.866 0.8000000119
36746  19.933  -16.302  -27.099 0.8000000119
36730  20.788  -16.522  -26.455 0.8000000119
33200  24.650  -20.772  -27.621 0.6000000238
33199  25.668  -20.768  -27.529 0.5000000000
98295  23.883  -20.164  -27.614 0.6000000238
34927  23.117  -18.696  -27.627 0.6000000238
98486  20.784  -17.561  -27.886 0.6000000238
34006  24.098  -19.345  -27.524 0.6000000238
105091  22.244  -17.711  -27.860 0.6000000238
35872  21.367  -16.745  -28.349 0.6000000238
36777  20.387  -15.839  -28.401 0.6000000238
36728  23.213  -16.384  -26.145 0.8000000119
36729  21.965  -16.420  -26.234 0.8000000119
37601  23.685  -15.577  -26.499 0.6999999881
37602  22.337  -15.703  -26.489 0.6999999881
98296  24.745  -19.951  -27.518 0.6000000238
36758  19.900  -15.805  -27.857 0.6000000238
37642  20.297  -14.924  -28.122 0.6000000238
37626  20.333  -15.371  -27.388 0.6999999881
34005  25.079  -19.077  -27.402 0.5000000000
34926  24.304  -18.494  -27.512 0.5000000000
35871  22.836  -17.169  -28.135 0.6000000238
108965  24.981  -18.391  -27.486 0.5000000000
37641  24.459  -15.080  -26.777 0.6999999881
37624  22.631  -15.118  -26.787 0.6000000238
38529  20.886  -14.648  -27.572 0.6000000238
37625  21.447  -15.106  -26.898 0.6000000238
38564  20.830  -14.357  -28.658 0.6000000238
38550  21.498  -14.119  -27.853 0.6000000238
110100  24.757  -17.743  -27.654 0.5000000000
36776  22.787  -16.444  -28.704 0.6000000238
37655  22.095  -15.553  -29.267 0.6000000238
109428  21.351  -15.910  -28.782 0.6000000238
37657  20.547  -14.819  -28.634 0.6000000238
39367  21.231  -13.810  -28.582 0.6000000238
35870  23.938  -17.072  -28.073 0.6000000238
37654  23.474  -15.895  -29.398 0.6000000238
110434  25.584  -17.498  -27.795 0.5000000000
106874  25.027  -17.010  -28.148 0.5000000000
35869  25.987  -17.005  -28.227 0.4000000060
36774  25.438  -16.439  -28.776 0.5000000000
38527  23.423  -14.696  -27.102 0.6000000238
39365  23.574  -13.814  -27.861 0.6000000238
37672  21.684  -14.692  -29.599 0.6000000238
37673  21.067  -14.271  -29.280 0.6000000238
39366  22.155  -13.601  -28.261 0.6000000238
94196  22.783  -15.136  -29.927 0.6000000238
38575  22.328  -14.391  -30.183 0.6000000238
36775  24.289  -16.481  -28.717 0.5000000000
36792  24.756  -15.940  -29.460 0.5000000000
36773  26.470  -16.494  -28.825 0.4000000060
36791  25.938  -15.920  -29.577 0.4000000060
38577  21.495  -13.602  -29.779 0.6000000238
39382  21.802  -13.140  -29.114 0.5000000000
38548  24.592  -14.468  -27.295 0.5000000000
38576  21.665  -13.927  -30.012 0.6000000238
39398  21.806  -12.820  -29.867 0.5000000000
37671  24.003  -15.390  -30.117 0.6000000238
39364  24.919  -13.732  -27.877 0.4000000060
38591  22.526  -13.587  -30.629 0.6000000238
39417  22.479  -12.613  -30.719 0.5000000000
37689  24.357  -14.909  -30.744 0.4000000060
38574  23.345  -14.529  -30.593 0.6000000238
39416  23.253  -12.832  -31.228 0.6000000238
40298  22.640  -12.318  -30.700 0.4000000060
37670  25.183  -15.439  -30.327 0.4000000060
38590  25.089  -14.771  -31.160 0.4000000060
40277  23.811  -12.159  -30.527 0.4000000060
38609  24.093  -13.948  -31.259 0.4000000060
39434  22.971  -12.156  -31.067 0.4000000060
111532  25.964  -15.577  -30.233 0.4000000060
39433  24.331  -12.701  -31.615 0.4000000060
39378  26.326  -13.017  -28.475 0.4000000060
40259  24.621  -12.553  -29.443 0.4000000060
40296  24.156  -12.025  -31.326 0.4000000060
107420  25.794  -14.519  -31.516 0.4000000060
38608  25.104  -13.688  -31.657 0.4000000060
39432  25.291  -12.514  -31.973 0.4000000060
40312  24.691  -12.092  -31.589 0.4000000060
40258  25.750  -12.589  -29.302 0.4000000060
40275  26.191  -12.304  -30.297 0.4000000060
40276  25.041  -12.201  -30.611 0.4000000060
38607  25.994  -13.563  -32.028 0.3000000119
40311  25.486  -12.012  -31.880 0.4000000060
40295  24.972  -12.004  -31.583 0.4000000060
40257  26.830  -12.571  -29.092 0.4000000060
40294  25.693  -12.001  -31.530 0.4000000060
24022  20.622  -33.330  -26.178 0.8000000119
102503  20.983  -32.832  -25.512 0.8999999762
103158  21.881  -32.847  -25.102 0.8999999762
23995  21.337  -33.525  -25.167 0.8999999762
23994  22.472  -33.467  -24.816 0.8999999762
26138  28.149  -31.016  -23.428 0.8999999762
26852  28.204  -30.226  -23.561 1.0000000000
26860  28.274  -29.390  -23.731 1.0000000000
24702  24.997  -32.691  -24.516 0.8999999762
25428  26.410  -31.951  -24.115 0.8999999762
26150  26.338  -30.493  -24.389 0.8999999762
26861  27.624  -29.945  -23.911 1.0000000000
24703  24.073  -32.584  -24.752 0.8999999762
25435  25.901  -31.258  -24.411 0.8999999762
94507  24.953  -31.326  -24.719 0.8999999762
26149  27.120  -30.521  -24.056 1.0000000000
25437  23.251  -32.029  -24.993 0.8999999762
96178  25.037  -29.826  -24.988 0.8999999762
39381  22.866  -13.007  -28.766 0.4000000060
40278  22.823  -12.234  -30.460 0.4000000060
39380  24.168  -13.072  -28.576 0.4000000060
39363  25.974  -13.664  -27.935 0.4000000060
22339  29.182  -35.336  -16.204 0.8999999762
20903  28.154  -37.330  -21.637 0.8000000119
22322  25.501  -35.320  -15.719 0.8999999762
22360  29.862  -35.056  -17.877 1.0000000000
101303  27.540  -36.187  -22.112 0.8000000119
108006  29.532  -32.971  -17.102 0.8999999762
102054  28.543  -33.793  -22.452 0.8999999762
23208  26.201  -34.483  -23.599 0.8000000119
22433  24.945  -35.493  -23.554 0.8000000119
92879  30.489  -32.992  -20.791 1.0000000000
106843  25.787  -34.058  -23.998 0.8999999762
23210  24.566  -34.790  -24.130 0.8000000119
23993  23.594  -33.394  -24.678 0.8999999762
23221  23.095  -34.128  -24.581 0.8000000119
25426  28.412  -31.745  -23.121 0.8999999762
108490  24.741  -32.079  -24.650 0.8999999762
25336  27.516  -31.510  -16.720 0.8999999762
102108  26.908  -30.665  -17.868 1.0000000000
101156  23.594  -29.670  -19.594 0.6000000238
101655  20.767  -29.094  -19.373 0.4000000060
27486  22.337  -28.587  -19.405 0.4000000060
26137  29.291  -30.454  -22.943 1.0000000000
26139  27.696  -30.583  -23.731 0.8999999762
23249  20.820  -34.201  -26.282 0.6999999881
25461  20.690  -31.584  -26.403 0.8000000119
26773  29.580  -29.806  -18.179 0.8999999762
24035  23.375  -33.686  -27.312 0.6000000238
24716  20.712  -32.187  -25.854 0.8999999762
26795  26.556  -29.396  -19.062 0.6999999881
105749  21.760  -28.044  -19.403 0.4000000060
25436  24.143  -31.735  -24.874 0.8999999762
26155  21.021  -29.944  -25.946 0.8999999762
26166  20.879  -30.010  -26.207 0.8999999762
94898  23.337  -31.232  -27.498 0.6999999881
27447  29.901  -29.107  -18.224 0.8999999762
28215  28.370  -27.725  -24.215 1.0000000000
26151  25.467  -30.536  -24.690 0.8999999762
107999  24.604  -29.198  -25.223 0.8999999762
96224  24.205  -29.828  -25.190 0.8999999762
26152  24.625  -30.518  -24.962 0.8999999762
26866  21.499  -29.133  -25.735 0.8999999762
28148  31.151  -27.732  -18.578 0.8000000119
99568  25.460  -26.927  -19.417 0.5000000000
110167  32.357  -26.683  -20.234 0.8000000119
28190  31.841  -27.257  -21.132 0.8999999762
28896  31.838  -26.532  -21.507 0.8999999762
26896  23.400  -28.957  -27.507 0.6999999881
27572  21.595  -28.270  -27.106 0.8000000119
29583  28.424  -25.865  -18.237 0.6000000238
28854  32.084  -26.383  -18.978 0.6999999881
29648  28.194  -25.844  -24.736 1.0000000000
28922  23.874  -26.673  -25.478 1.0000000000
105339  20.812  -26.861  -26.085 0.8999999762
28860  26.720  -26.066  -18.975 0.5000000000
30410  32.801  -24.525  -20.313 0.6999999881
29647  29.073  -25.595  -24.361 0.8999999762
93400  28.054  -25.070  -18.231 0.5000000000
30439  31.446  -24.162  -22.818 0.8000000119
108672  30.929  -24.041  -18.192 0.6000000238
31209  29.837  -23.422  -17.776 0.5000000000
31288  26.032  -23.463  -24.888 0.8999999762
31994  29.082  -22.679  -23.949 0.8000000119
31996  27.453  -22.899  -24.392 0.8000000119
31313  20.753  -23.742  -26.173 0.8999999762
31208  30.607  -23.329  -18.076 0.5000000000
31223  31.930  -22.957  -18.739 0.6999999881
31971  31.654  -22.428  -22.632 0.6999999881
32576  30.160  -21.536  -23.619 0.8000000119
94736  26.423  -22.759  -24.626 0.8999999762
31323  21.228  -23.966  -26.719 0.8000000119
33121  33.112  -20.848  -21.513 0.6999999881
33137  32.162  -20.867  -22.695 0.6999999881
33154  28.342  -20.719  -24.339 0.8000000119
99315  23.084  -20.296  -25.418 0.8999999762
33904  33.356  -19.671  -21.014 0.6000000238
32629  22.033  -21.612  -27.445 0.6999999881
33965  21.503  -19.326  -25.610 0.8999999762
35856  19.793  -18.232  -27.205 0.6999999881
34008  21.387  -19.172  -27.638 0.6000000238
34929  20.517  -18.439  -27.556 0.6000000238
35839  19.703  -17.224  -27.126 0.8000000119
36757  20.012  -16.621  -28.018 0.6000000238
37603  20.942  -15.796  -26.662 0.6999999881
35854  23.595  -17.773  -27.702 0.6000000238
37656  20.845  -15.143  -28.928 0.6000000238
39383  21.407  -13.610  -29.358 0.6000000238
39379  25.332  -13.064  -28.513 0.4000000060
40260  23.431  -12.508  -29.547 0.4000000060
39431  26.296  -12.417  -32.147 0.4000000060
24704  22.995  -32.775  -24.920 0.8999999762
16920  27.268  -43.366  -16.489 0.4000000060
16922  25.804  -43.057  -16.105 0.4000000060
92686  25.529  -42.220  -16.406 0.4000000060
17555  28.017  -42.929  -16.869 0.4000000060
96741  26.357  -41.890  -16.578 0.4000000060
17541  24.593  -42.182  -16.342 0.4000000060
17553  29.422  -42.105  -17.789 0.3000000119
106677  26.999  -41.631  -16.697 0.4000000060
18182  29.966  -41.681  -18.305 0.4000000060
18195  30.286  -41.400  -19.657 0.4000000060
18208  30.009  -41.273  -20.521 0.4000000060
18218  29.513  -40.935  -21.297 0.4000000060
18155  25.659  -41.330  -16.627 0.5000000000
18156  24.900  -41.474  -16.582 0.4000000060
18775  28.112  -40.863  -16.931 0.4000000060
18153  27.222  -40.992  -16.776 0.4000000060
18791  30.071  -40.824  -18.141 0.5000000000
18809  30.401  -40.771  -19.363 0.4000000060
18821  30.299  -40.665  -20.023 0.4000000060
99931  29.402  -39.983  -21.389 0.5000000000
19469  28.781  -39.471  -21.862 0.5000000000
20167  27.314  -38.357  -22.367 0.6000000238
96820  27.563  -39.248  -22.522 0.5000000000
19474  26.802  -39.147  -22.759 0.6000000238
20173  24.865  -38.800  -22.989 0.4000000060
18757  25.727  -40.469  -16.671 0.5000000000
103456  24.863  -40.296  -16.641 0.5000000000
100570  24.050  -40.280  -16.698 0.5000000000
18760  23.161  -40.366  -16.959 0.5000000000
19430  28.387  -39.943  -16.930 0.6000000238
18756  26.618  -40.352  -16.717 0.6000000238
18774  28.956  -40.668  -17.224 0.5000000000
19429  29.078  -39.329  -17.056 0.6000000238
18773  29.625  -40.393  -17.608 0.5000000000
18790  30.369  -40.304  -18.748 0.5000000000
19465  30.202  -39.845  -20.111 0.4000000060
19466  29.736  -39.490  -20.774 0.6000000238
20163  28.688  -38.580  -21.682 0.6000000238
103036  28.081  -38.067  -21.929 0.6000000238
20905  26.675  -37.493  -22.286 0.6000000238
20906  25.782  -37.504  -22.403 0.6000000238
20912  24.959  -37.532  -22.490 0.6000000238
20168  26.288  -38.294  -22.556 0.6000000238
20169  25.372  -38.223  -22.609 0.6000000238
103460  24.639  -38.131  -22.653 0.6000000238
20914  23.477  -37.808  -22.945 0.6000000238
19406  26.164  -39.665  -16.651 0.5000000000
100571  25.338  -39.663  -16.603 0.5000000000
19407  24.537  -39.596  -16.571 0.5000000000
19408  23.684  -39.580  -16.590 0.5000000000
18755  27.441  -40.203  -16.787 0.6000000238
97355  26.887  -39.697  -16.698 0.6000000238
19428  29.667  -39.611  -17.516 0.6000000238
19404  28.375  -39.137  -16.801 0.6000000238
19449  30.282  -39.582  -18.433 0.5000000000
20129  29.669  -38.709  -17.397 0.6000000238
19462  30.331  -39.449  -19.246 0.6000000238
95186  29.521  -38.740  -20.781 0.6000000238
20913  24.175  -37.631  -22.675 0.6000000238
20915  22.777  -37.600  -23.341 0.6999999881
105317  25.019  -39.047  -16.526 0.6000000238
19409  22.821  -39.581  -16.715 0.5000000000
19405  27.593  -39.391  -16.721 0.6000000238
98861  26.744  -38.896  -16.606 0.6000000238
99029  25.747  -38.939  -16.562 0.6000000238
20106  22.473  -38.848  -16.382 0.5000000000
20107  21.668  -38.790  -16.403 0.5000000000
20101  27.864  -38.470  -16.607 0.6000000238
20151  30.141  -38.527  -19.223 0.6000000238
21672  23.323  -36.194  -23.551 0.6999999881
20102  26.090  -38.069  -16.423 0.6000000238
20103  25.176  -38.350  -16.391 0.6000000238
20105  23.325  -38.833  -16.374 0.6000000238
102052  26.991  -38.071  -16.502 0.6000000238
20839  24.550  -37.801  -16.171 0.6000000238
20840  23.732  -38.044  -16.115 0.6000000238
20095  22.111  -38.142  -15.964 0.6000000238
20096  21.326  -38.086  -15.989 0.6000000238
20837  26.707  -37.404  -16.344 0.6000000238
107312  20.665  -38.005  -16.031 0.5000000000
20130  28.937  -38.535  -16.812 0.6000000238
20830  20.184  -37.459  -15.862 0.6000000238
102775  22.510  -36.030  -23.898 0.6999999881
100700  26.005  -37.295  -16.254 0.6000000238
108131  23.279  -37.509  -15.845 0.6000000238
21586  26.368  -36.703  -16.118 0.6000000238
21587  25.580  -36.760  -16.037 0.6000000238
20825  24.773  -36.937  -15.955 0.6000000238
20827  22.565  -37.423  -15.718 0.6000000238
20829  20.946  -37.386  -15.728 0.6000000238
20836  27.661  -37.527  -16.418 0.6000000238
21575  20.498  -36.663  -15.683 0.6000000238
20835  28.691  -37.698  -16.579 0.6000000238
102096  23.035  -35.497  -24.066 0.6999999881
22435  21.939  -35.478  -24.324 0.6999999881
21585  27.284  -36.741  -16.195 0.6000000238
21571  24.112  -36.206  -15.693 0.6999999881
21572  23.156  -36.669  -15.614 0.6999999881
100262  28.476  -36.752  -16.289 0.6000000238
23222  21.916  -34.167  -24.741 0.6999999881
21569  25.947  -36.021  -15.829 0.6999999881
101491  27.817  -36.019  -15.976 0.6999999881
21568  26.831  -36.011  -15.899 0.6999999881
105591  23.350  -35.850  -15.606 0.6999999881
21573  22.187  -36.629  -15.546 0.6000000238
22326  21.744  -35.850  -15.636 0.6999999881
22341  22.198  -35.156  -15.922 0.6000000238
22327  20.875  -35.872  -15.730 0.5000000000
24009  20.736  -33.504  -25.723 0.8000000119
22321  26.381  -35.287  -15.748 0.6999999881
22324  23.804  -35.328  -15.724 0.6999999881
22325  23.029  -35.220  -15.766 0.6999999881
23117  19.924  -34.653  -16.902 0.5000000000
23115  22.722  -34.457  -16.207 0.6999999881
96089  21.768  -34.484  -16.448 0.6000000238
23116  20.815  -34.396  -16.740 0.6000000238
33961  25.586  -19.545  -25.333 0.6999999881
33152  30.588  -20.663  -23.703 0.6999999881
109702  28.924  -20.949  -24.113 0.6999999881
33155  27.679  -20.463  -24.551 0.6999999881
96073  31.375  -20.228  -23.573 0.6000000238
33947  30.885  -19.823  -24.010 0.6000000238
33959  27.609  -19.650  -24.807 0.6999999881
33960  26.603  -19.585  -25.108 0.6999999881
109171  24.938  -19.825  -25.369 0.6999999881
33962  24.670  -19.234  -25.456 0.6999999881
33949  29.009  -20.222  -24.310 0.6999999881
33945  32.463  -19.273  -23.293 0.6000000238
34880  26.265  -18.817  -25.375 0.6999999881
34881  25.395  -18.662  -25.474 0.6999999881
35823  23.861  -17.118  -25.787 0.6999999881
33946  31.747  -19.534  -23.715 0.6000000238
34865  31.233  -19.026  -24.226 0.6000000238
107719  29.823  -18.858  -24.629 0.6000000238
34877  29.046  -18.800  -24.775 0.6999999881
34879  27.186  -18.869  -25.188 0.6999999881
35802  26.012  -18.013  -25.541 0.6999999881
107349  25.151  -17.865  -25.564 0.6999999881
96529  24.759  -17.148  -25.745 0.6999999881
34864  32.197  -18.643  -23.826 0.6000000238
93749  30.674  -17.927  -24.783 0.5000000000
103736  29.775  -18.162  -24.935 0.6000000238
111420  28.126  -17.738  -25.363 0.5000000000
35801  26.854  -18.166  -25.403 0.6999999881
36725  26.407  -16.568  -25.989 0.6999999881
36726  25.118  -16.562  -25.983 0.6999999881
37666  29.391  -15.864  -30.132 0.3000000119
37667  28.445  -15.876  -30.365 0.3000000119
37688  26.059  -15.260  -30.884 0.3000000119
99938  24.710  -43.584  -15.351 0.3000000119
16912  23.823  -43.450  -15.172 0.4000000060
17530  23.397  -42.808  -15.809 0.4000000060
17568  29.726  -42.485  -18.496 0.4000000060
17542  23.780  -42.143  -16.338 0.4000000060
17597  29.920  -42.177  -20.044 0.4000000060
18828  28.779  -40.495  -21.966 0.4000000060
19472  28.138  -39.783  -22.339 0.5000000000
20172  25.826  -39.093  -22.984 0.4000000060
18759  23.724  -40.891  -16.882 0.4000000060
20174  23.946  -38.467  -23.015 0.5000000000
18159  22.560  -40.874  -17.439 0.5000000000
20175  23.009  -38.324  -23.375 0.6000000238
18761  22.363  -40.180  -17.203 0.5000000000
19410  22.030  -39.496  -16.834 0.5000000000
19411  21.256  -39.360  -16.920 0.5000000000
21673  22.453  -36.772  -23.644 0.6000000238
20108  20.885  -38.658  -16.415 0.5000000000
20109  19.133  -38.309  -16.561 0.4000000060
22436  21.741  -36.176  -24.202 0.6999999881
21576  19.723  -36.732  -15.876 0.5000000000
22444  20.941  -35.309  -24.866 0.6999999881
22328  20.062  -35.977  -15.921 0.5000000000
22454  20.631  -35.078  -25.593 0.8000000119
23233  20.590  -34.206  -25.866 0.6999999881
22361  19.157  -34.972  -17.160 0.5000000000
23131  20.256  -34.129  -17.403 0.6000000238
31928  32.436  -22.459  -19.242 0.6000000238
105931  32.317  -17.850  -24.048 0.5000000000
35798  31.204  -17.336  -24.806 0.5000000000
35817  30.319  -17.402  -25.146 0.5000000000
35818  29.361  -17.408  -25.345 0.5000000000
36723  28.132  -16.694  -25.808 0.5000000000
36724  27.274  -16.672  -25.888 0.5000000000
37623  25.849  -15.397  -26.647 0.5000000000
37684  29.947  -15.423  -30.683 0.3000000119
37685  29.038  -15.638  -31.116 0.3000000119
37699  27.509  -15.287  -31.476 0.3000000119
20861  29.447  -37.809  -17.025 0.6000000238
20145  30.101  -38.582  -17.940 0.6000000238
23094  24.186  -34.587  -15.868 0.8000000119
21670  24.592  -36.921  -22.646 0.6999999881
23212  22.565  -34.820  -24.444 0.6999999881
33948  29.981  -20.059  -24.167 0.6999999881
34882  24.025  -18.558  -25.516 0.6999999881
36745  25.087  -15.782  -26.416 0.6000000238
37687  27.039  -15.503  -30.948 0.3000000119
23223  20.914  -34.368  -25.252 0.8000000119
95798  20.439  -35.739  -25.808 0.6999999881
33958  28.567  -19.498  -24.639 0.6999999881
17539  27.176  -42.394  -16.623 0.4000000060
18170  27.892  -41.833  -16.866 0.4000000060
17554  28.717  -42.481  -17.326 0.3000000119
18169  28.795  -41.539  -17.263 0.5000000000
18758  24.457  -40.875  -16.723 0.5000000000
18834  28.018  -40.516  -22.439 0.3000000119
99203  25.188  -39.545  -23.430 0.4000000060
22343  20.417  -35.222  -16.272 0.6000000238
35803  24.350  -17.827  -25.585 0.6999999881
34866  30.329  -19.308  -24.377 0.6999999881
34876  30.562  -18.573  -24.577 0.6000000238
33957  29.449  -19.453  -24.484 0.6999999881
34878  28.116  -18.829  -24.972 0.6999999881
34875  31.497  -18.107  -24.428 0.6000000238
35799  28.650  -18.063  -25.162 0.6000000238
35800  27.692  -18.124  -25.290 0.6999999881
35821  26.739  -17.383  -25.627 0.6999999881
35822  25.695  -17.123  -25.747 0.6999999881
35820  27.672  -17.390  -25.541 0.5000000000
36743  26.922  -16.033  -26.301 0.5000000000
104165  25.691  -16.377  -26.098 0.6999999881
35788  32.686  -17.231  -23.775 0.5000000000
36721  29.963  -16.714  -25.524 0.5000000000
36722  29.014  -16.705  -25.739 0.5000000000
36742  27.769  -16.097  -26.226 0.5000000000
97184  20.873  -36.133  -24.737 0.6000000238
107964  20.584  -35.725  -25.330 0.6000000238
23248  22.512  -35.197  -26.973 0.5000000000
21706  20.451  -36.488  -26.102 0.6000000238
22466  20.614  -35.027  -25.989 0.6000000238
23246  24.713  -35.013  -27.141 0.5000000000
107410  21.319  -35.121  -26.571 0.6000000238
24641  20.987  -33.059  -19.114 0.5000000000
24037  21.143  -33.556  -26.690 0.6000000238
23258  25.136  -34.221  -27.348 0.5000000000
23259  24.081  -34.350  -27.239 0.5000000000
24021  26.052  -34.035  -27.335 0.5000000000
24653  21.224  -32.290  -19.436 0.4000000060
24655  19.815  -32.704  -19.896 0.4000000060
25377  19.617  -31.954  -20.017 0.4000000060
24727  26.947  -32.921  -27.306 0.5000000000
24033  25.455  -33.419  -27.475 0.5000000000
95535  20.051  -31.245  -19.752 0.4000000060
24732  27.098  -32.167  -27.439 0.5000000000
24032  26.287  -33.209  -27.420 0.5000000000
26096  19.642  -30.348  -19.571 0.4000000060
96698  24.631  -26.970  -19.496 0.4000000060
96179  23.832  -27.035  -19.520 0.4000000060
99655  23.144  -27.098  -19.499 0.4000000060
110659  21.902  -27.248  -19.534 0.3000000119
104818  27.107  -24.446  -18.419 0.4000000060
28872  25.775  -26.120  -19.310 0.4000000060
28873  24.920  -26.175  -19.475 0.4000000060
31211  27.764  -23.782  -18.003 0.4000000060
29596  25.222  -25.396  -19.369 0.4000000060
28874  24.067  -26.251  -19.561 0.4000000060
30396  25.511  -24.660  -19.176 0.4000000060
29597  24.364  -25.463  -19.516 0.4000000060
28875  23.264  -26.386  -19.597 0.4000000060
28876  22.452  -26.634  -19.606 0.4000000060
29585  26.818  -25.152  -18.711 0.4000000060
30383  26.250  -24.461  -18.819 0.4000000060
29595  26.039  -25.311  -19.107 0.4000000060
31210  28.855  -23.586  -17.741 0.4000000060
31212  26.784  -23.695  -18.407 0.4000000060
31213  25.963  -23.687  -18.784 0.4000000060
104935  25.708  -24.186  -19.013 0.4000000060
30384  25.201  -23.874  -19.155 0.4000000060
31930  24.631  -23.036  -19.036 0.4000000060
31225  23.362  -24.038  -19.594 0.4000000060
29598  23.387  -25.551  -19.640 0.4000000060
31908  31.079  -22.615  -18.304 0.4000000060
98904  28.348  -22.850  -17.765 0.4000000060
98903  27.320  -22.882  -18.066 0.4000000060
99580  26.403  -22.893  -18.434 0.4000000060
31909  30.267  -22.563  -17.947 0.4000000060
31910  28.987  -22.032  -17.757 0.4000000060
31912  26.870  -22.077  -18.165 0.4000000060
31913  25.946  -22.116  -18.453 0.4000000060
99559  25.528  -22.960  -18.750 0.4000000060
31914  25.040  -22.158  -18.741 0.4000000060
94444  23.650  -23.058  -19.287 0.4000000060
32517  32.219  -21.719  -19.192 0.5000000000
31929  31.600  -22.056  -18.610 0.5000000000
32519  31.189  -21.610  -17.643 0.5000000000
94294  30.039  -21.861  -17.912 0.4000000060
32504  29.342  -21.196  -18.007 0.4000000060
32505  28.325  -21.238  -17.946 0.4000000060
31911  27.845  -22.042  -17.853 0.4000000060
32518  31.499  -21.331  -18.659 0.5000000000
32506  27.329  -21.284  -18.100 0.4000000060
96200  31.388  -20.770  -17.841 0.4000000060
33076  29.672  -20.485  -18.333 0.4000000060
33077  28.728  -20.483  -18.221 0.4000000060
33078  27.765  -20.522  -18.278 0.4000000060
33885  30.532  -19.197  -19.200 0.4000000060
33886  29.496  -19.201  -19.032 0.4000000060
33887  28.579  -19.166  -19.019 0.4000000060
105153  32.745  -21.344  -19.625 0.5000000000
33108  32.394  -19.883  -19.725 0.5000000000
33884  31.516  -19.577  -19.348 0.4000000060
103665  28.977  -18.690  -19.379 0.4000000060
35733  27.383  -17.813  -19.955 0.3000000119
33089  30.942  -20.104  -18.791 0.5000000000
111200  30.515  -20.536  -18.489 0.4000000060
33874  29.115  -19.800  -18.572 0.4000000060
33876  27.224  -19.801  -18.612 0.4000000060
33090  30.052  -19.842  -18.656 0.4000000060
33875  28.169  -19.796  -18.576 0.4000000060
34803  29.727  -18.561  -19.495 0.4000000060
34804  28.116  -18.434  -19.570 0.3000000119
34820  33.285  -18.863  -21.088 0.5000000000
33906  32.139  -19.035  -19.918 0.5000000000
34801  31.327  -18.827  -19.602 0.4000000060
34802  30.596  -18.355  -19.744 0.4000000060
35749  29.071  -17.475  -20.249 0.4000000060
35732  28.975  -18.125  -19.816 0.3000000119
108535  26.968  -17.456  -20.163 0.3000000119
34821  32.654  -18.510  -20.564 0.5000000000
33922  33.306  -19.099  -21.662 0.4000000060
34822  31.607  -18.163  -20.187 0.3000000119
104904  30.562  -17.615  -20.278 0.4000000060
35731  29.778  -17.906  -19.991 0.4000000060
99975  28.432  -16.993  -20.533 0.3000000119
104089  28.233  -17.671  -20.123 0.3000000119
35750  27.474  -17.129  -20.420 0.3000000119
35751  26.531  -17.117  -20.354 0.3000000119
34840  33.274  -18.447  -21.662 0.4000000060
34850  33.247  -18.376  -22.335 0.4000000060
98741  32.929  -18.593  -23.086 0.4000000060
108283  32.815  -17.927  -23.483 0.4000000060
36661  29.273  -16.859  -20.621 0.3000000119
36662  27.871  -16.440  -20.818 0.3000000119
36664  25.999  -16.480  -20.645 0.3000000119
36665  25.173  -16.558  -20.554 0.3000000119
35748  31.364  -17.283  -20.713 0.3000000119
36663  26.941  -16.359  -20.797 0.3000000119
37529  26.250  -15.795  -21.022 0.3000000119
37530  25.426  -15.891  -20.912 0.3000000119
34841  33.005  -18.088  -21.249 0.3000000119
35773  33.192  -17.557  -22.613 0.3000000119
35787  33.058  -17.369  -23.163 0.4000000060
35797  32.073  -17.252  -24.406 0.4000000060
36709  30.887  -16.704  -25.214 0.4000000060
35819  28.488  -17.339  -25.489 0.4000000060
37531  24.584  -15.963  -20.845 0.3000000119
35766  32.015  -16.957  -21.260 0.3000000119
35747  32.323  -17.667  -20.830 0.3000000119
35765  32.758  -17.315  -21.545 0.3000000119
36689  32.984  -17.003  -22.353 0.3000000119
36699  32.861  -16.728  -23.384 0.3000000119
35796  32.501  -16.376  -24.166 0.4000000060
36708  31.708  -16.569  -24.777 0.4000000060
93370  30.641  -16.022  -25.575 0.4000000060
37600  29.612  -15.971  -25.981 0.4000000060
36741  28.629  -16.112  -26.137 0.4000000060
36676  32.493  -16.593  -21.863 0.3000000119
37580  32.013  -15.717  -24.753 0.3000000119
37599  30.493  -15.333  -25.958 0.4000000060
37619  29.026  -15.573  -26.404 0.4000000060
38524  28.915  -14.928  -26.858 0.4000000060
38525  27.913  -14.956  -27.027 0.4000000060
37639  26.150  -14.919  -27.015 0.4000000060
37640  25.311  -14.990  -26.886 0.5000000000
38508  32.138  -14.875  -24.806 0.3000000119
38509  31.814  -14.378  -25.312 0.3000000119
37598  31.428  -15.279  -25.373 0.3000000119
108767  30.410  -14.771  -26.329 0.4000000060
38523  29.873  -14.516  -26.767 0.4000000060
38546  26.543  -14.297  -27.476 0.3000000119
38547  25.604  -14.362  -27.404 0.3000000119
39337  32.116  -14.162  -24.762 0.3000000119
38510  31.130  -14.604  -25.891 0.3000000119
38522  30.816  -14.033  -26.463 0.3000000119
39351  30.121  -13.785  -27.073 0.3000000119
38543  29.256  -14.126  -27.234 0.3000000119
38544  28.383  -14.283  -27.352 0.3000000119
38545  27.473  -14.282  -27.459 0.3000000119
39362  26.993  -13.538  -27.995 0.3000000119
39361  27.981  -13.588  -27.803 0.3000000119
109363  31.886  -13.745  -25.205 0.3000000119
38521  31.556  -13.803  -25.778 0.3000000119
39359  30.355  -13.026  -27.308 0.3000000119
96180  28.757  -13.673  -27.604 0.3000000119
40248  28.720  -12.979  -28.062 0.3000000119
109520  26.958  -12.985  -28.456 0.3000000119
94329  27.659  -12.420  -29.192 0.3000000119
110284  21.303  -35.763  -24.512 0.6000000238
21681  20.326  -37.171  -25.449 0.5000000000
21692  20.260  -37.145  -25.883 0.5000000000
21705  21.990  -36.094  -26.943 0.5000000000
21707  20.561  -37.303  -26.337 0.5000000000
23245  25.695  -34.888  -27.143 0.5000000000
22465  24.316  -35.654  -26.995 0.5000000000
23879  22.151  -33.818  -16.780 0.6000000238
23130  20.872  -33.711  -17.611 0.6000000238
23905  21.333  -33.210  -18.331 0.6000000238
23906  20.600  -33.511  -18.596 0.5000000000
23921  20.218  -33.408  -19.257 0.5000000000
92433  19.849  -33.240  -19.686 0.5000000000
23936  19.292  -33.290  -20.133 0.5000000000
24668  19.252  -32.552  -20.231 0.4000000060
25394  18.829  -31.892  -20.340 0.4000000060
25378  19.157  -31.098  -19.875 0.4000000060
26097  18.710  -30.158  -19.691 0.4000000060
28169  20.311  -27.597  -19.725 0.3000000119
28168  21.173  -27.383  -19.634 0.3000000119
28877  21.537  -26.568  -19.789 0.4000000060
31226  22.566  -24.204  -19.766 0.4000000060
29599  22.536  -25.336  -19.789 0.4000000060
32507  26.385  -21.313  -18.320 0.4000000060
31915  24.163  -22.200  -18.949 0.4000000060
94395  23.443  -22.160  -19.142 0.4000000060
32508  25.456  -21.330  -18.542 0.4000000060
33079  26.815  -20.544  -18.378 0.4000000060
32509  24.558  -21.348  -18.752 0.4000000060
33888  27.622  -19.100  -19.031 0.4000000060
34805  27.077  -18.434  -19.493 0.4000000060
33889  26.688  -19.081  -18.994 0.4000000060
35734  26.555  -17.760  -19.901 0.3000000119
109684  26.123  -17.427  -20.112 0.3000000119
35735  25.675  -17.741  -19.846 0.3000000119
106107  26.780  -33.724  -27.142 0.5000000000
27488  19.988  -28.616  -19.509 0.4000000060
100872  22.801  -23.445  -19.560 0.4000000060
31931  22.857  -22.573  -19.352 0.4000000060
33080  25.883  -20.551  -18.521 0.4000000060
26818  19.338  -29.436  -19.541 0.4000000060
23261  21.762  -34.372  -26.815 0.5000000000
32533  33.195  -21.177  -20.252 0.5000000000
98905  29.363  -22.809  -17.727 0.4000000060
33107  33.064  -20.222  -20.339 0.5000000000
37622  26.570  -15.445  -26.653 0.4000000060
37620  28.273  -15.540  -26.548 0.4000000060
93881  20.824  -35.839  -26.348 0.6000000238
21704  23.424  -35.984  -26.949 0.5000000000
30397  24.740  -24.675  -19.408 0.4000000060
31224  24.253  -23.906  -19.397 0.4000000060
30398  23.849  -24.746  -19.554 0.4000000060
30399  22.985  -24.792  -19.717 0.4000000060
109269  29.684  -22.355  -17.770 0.4000000060
32503  30.352  -21.172  -18.224 0.4000000060
33088  31.673  -20.529  -19.094 0.5000000000
105542  32.629  -20.699  -19.663 0.5000000000
33905  32.903  -19.371  -20.445 0.5000000000
108071  33.231  -17.773  -21.943 0.3000000119
107405  33.171  -17.953  -22.946 0.4000000060
108698  33.094  -17.006  -22.895 0.3000000119
36720  31.371  -16.061  -25.174 0.4000000060
37618  29.710  -15.216  -26.413 0.4000000060
38526  27.008  -14.930  -27.060 0.4000000060
39350  31.366  -13.188  -26.273 0.3000000119
39377  27.640  -12.895  -28.437 0.3000000119
20841  19.412  -37.516  -16.134 0.4000000060
21588  18.985  -36.698  -16.207 0.4000000060
21589  18.230  -36.601  -16.593 0.4000000060
21611  18.085  -35.941  -16.972 0.3000000119
22345  18.793  -35.822  -16.602 0.4000000060
22379  18.178  -35.193  -18.261 0.3000000119
19481  22.299  -38.828  -24.007 0.5000000000
97309  19.618  -34.310  -17.891 0.5000000000
23148  18.570  -34.832  -19.028 0.3000000119
20177  21.500  -38.134  -24.196 0.5000000000
20921  21.059  -37.554  -24.491 0.5000000000
19492  21.317  -38.812  -24.501 0.5000000000
23895  20.221  -33.852  -18.055 0.5000000000
23907  19.924  -33.898  -18.777 0.4000000060
21674  21.414  -36.849  -24.280 0.5000000000
19493  20.530  -38.949  -25.156 0.5000000000
108599  20.266  -38.962  -25.654 0.3000000119
21680  20.631  -36.938  -24.892 0.5000000000
20922  20.419  -37.659  -25.104 0.4000000060
20931  20.208  -37.768  -25.670 0.4000000060
18875  20.490  -39.949  -26.272 0.3000000119
20192  20.189  -38.501  -25.878 0.3000000119
20208  21.072  -38.648  -26.897 0.3000000119
20204  20.438  -38.654  -26.307 0.3000000119
20202  22.712  -38.170  -27.213 0.3000000119
20203  21.807  -38.124  -27.121 0.3000000119
20945  21.157  -37.669  -26.818 0.4000000060
20946  20.271  -37.883  -26.088 0.4000000060
24669  18.584  -32.836  -20.639 0.3000000119
21703  24.467  -36.329  -26.904 0.4000000060
20943  23.314  -37.459  -27.110 0.4000000060
20944  22.142  -37.253  -27.063 0.4000000060
25395  18.002  -31.952  -20.738 0.3000000119
26819  18.521  -29.212  -19.884 0.3000000119
29600  21.970  -25.813  -19.848 0.3000000119
30411  22.242  -24.785  -19.884 0.3000000119
29611  21.948  -25.203  -19.948 0.3000000119
31240  21.939  -24.304  -19.950 0.3000000119
31227  22.067  -23.666  -19.793 0.3000000119
32521  22.817  -21.569  -19.217 0.3000000119
32520  23.708  -21.419  -18.955 0.3000000119
32523  20.899  -21.508  -19.700 0.3000000119
33877  26.294  -19.802  -18.666 0.3000000119
33878  25.424  -19.835  -18.753 0.3000000119
33091  24.045  -20.472  -18.866 0.3000000119
33092  23.251  -20.798  -19.044 0.3000000119
33890  25.805  -19.116  -19.008 0.3000000119
108094  24.678  -19.884  -18.846 0.3000000119
33891  24.017  -19.400  -19.109 0.3000000119
33892  23.184  -19.987  -19.098 0.3000000119
34808  24.491  -18.610  -19.390 0.3000000119
34809  23.712  -18.593  -19.475 0.3000000119
34806  26.186  -18.426  -19.435 0.3000000119
34807  25.323  -18.494  -19.406 0.3000000119
35737  24.115  -18.092  -19.648 0.3000000119
107041  22.980  -36.699  -27.040 0.4000000060
26112  18.146  -30.961  -20.229 0.3000000119
33081  25.000  -20.562  -18.694 0.3000000119
32522  21.800  -21.271  -19.433 0.3000000119
94379  24.958  -19.218  -19.077 0.3000000119
23163  18.846  -34.398  -19.677 0.3000000119
23923  18.993  -33.950  -20.063 0.3000000119
99822  22.232  -41.733  -17.245 0.4000000060
18171  21.879  -41.075  -17.922 0.4000000060
18183  20.551  -41.199  -18.903 0.4000000060
18777  20.585  -40.356  -18.422 0.3000000119
110087  21.978  -40.551  -17.639 0.4000000060
18776  21.412  -40.470  -18.008 0.4000000060
19432  20.909  -39.778  -17.658 0.4000000060
19473  27.329  -40.052  -22.764 0.3000000119
19431  21.669  -39.975  -17.435 0.4000000060
19433  19.922  -39.589  -17.696 0.3000000119
20131  18.942  -39.086  -17.231 0.3000000119
19412  20.438  -39.165  -16.962 0.4000000060
20132  17.502  -38.243  -17.068 0.3000000119
100181  18.104  -38.859  -17.281 0.3000000119
20111  17.780  -37.409  -16.734 0.3000000119
110841  19.686  -38.939  -16.933 0.4000000060
20110  18.309  -38.257  -16.799 0.3000000119
20842  18.601  -37.472  -16.422 0.3000000119
17556  21.517  -41.792  -17.838 0.4000000060
18172  21.215  -41.145  -18.396 0.4000000060
21590  17.430  -36.478  -17.102 0.3000000119
17543  22.913  -42.143  -16.504 0.3000000119
20862  16.947  -37.414  -17.116 0.3000000119
16911  25.064  -42.921  -15.965 0.3000000119
16921  26.450  -43.768  -16.082 0.4000000060
17529  24.222  -42.853  -15.841 0.4000000060
17540  26.433  -42.760  -16.361 0.4000000060
18154  26.409  -41.104  -16.704 0.5000000000
18157  24.137  -41.475  -16.634 0.5000000000
18158  22.865  -41.405  -17.095 0.4000000060
18168  29.528  -41.221  -17.683 0.5000000000
18181  30.321  -41.210  -18.846 0.4000000060
18822  29.919  -40.383  -20.733 0.4000000060
19427  30.103  -39.229  -17.916 0.6000000238
19450  30.117  -39.998  -17.994 0.5000000000
19468  29.250  -39.066  -21.309 0.6000000238
19507  20.287  -39.388  -26.048 0.3000000119
19512  20.652  -39.492  -26.523 0.3000000119
20094  22.928  -38.154  -16.019 0.6000000238
20097  20.036  -38.334  -16.349 0.5000000000
20104  24.294  -38.743  -16.401 0.5000000000
20144  30.243  -38.920  -18.497 0.5000000000
20152  29.798  -38.140  -19.810 0.8000000119
20157  29.935  -38.889  -20.090 0.6000000238
20162  29.087  -38.152  -21.104 0.6999999881
20166  28.149  -38.902  -22.205 0.5000000000
20176  22.221  -38.150  -23.737 0.5000000000
20182  20.746  -38.253  -24.764 0.5000000000
20183  20.300  -38.349  -25.408 0.3000000119
20207  22.069  -38.913  -27.278 0.3000000119
20826  23.944  -37.205  -15.874 0.6000000238
20828  21.737  -37.394  -15.679 0.6000000238
20838  25.356  -37.535  -16.222 0.6000000238
20873  30.112  -38.160  -18.444 0.8000000119
20916  21.895  -37.517  -23.878 0.5000000000
20948  20.638  -38.016  -26.504 0.3000000119
21570  25.090  -36.096  -15.753 0.6999999881
21574  21.324  -36.618  -15.576 0.6000000238
21646  29.286  -36.273  -20.077 0.8999999762
21661  27.769  -36.765  -21.849 0.8000000119
21691  20.414  -36.435  -25.485 0.5000000000
22342  21.305  -35.146  -16.093 0.6000000238
22344  19.603  -35.432  -16.452 0.5000000000
22362  18.453  -35.357  -17.404 0.3000000119
22443  21.574  -34.815  -24.685 0.6999999881
23095  23.455  -34.746  -15.916 0.8000000119
23114  23.517  -34.140  -16.182 0.8999999762
23132  18.861  -34.787  -18.118 0.5000000000
23146  30.035  -34.394  -17.968 0.8999999762
23147  19.278  -34.403  -18.911 0.4000000060
23172  29.939  -34.302  -20.581 1.0000000000
23173  29.425  -34.971  -20.639 1.0000000000
23247  23.684  -35.117  -27.070 0.5000000000
23260  22.942  -34.422  -27.136 0.6000000238
23856  27.462  -33.782  -15.724 0.8999999762
23859  24.702  -33.979  -15.967 0.8999999762
23874  26.352  -32.831  -16.006 0.8999999762
23876  24.398  -33.380  -16.342 0.8999999762
23877  23.700  -33.489  -16.528 0.8000000119
23893  22.478  -33.221  -17.294 0.6999999881
23920  30.826  -33.098  -19.211 1.0000000000
23922  19.514  -33.843  -19.542 0.3000000119
23971  27.915  -33.981  -22.820 0.8999999762
23991  25.684  -33.542  -24.161 0.8999999762
24612  26.809  -32.243  -16.220 0.8999999762
24622  29.902  -32.312  -17.758 0.8999999762
24625  23.615  -32.433  -17.576 0.6999999881
24654  20.431  -32.840  -19.532 0.4000000060
24705  22.364  -32.279  -25.111 0.8999999762
24733  26.462  -32.443  -27.511 0.6000000238
25335  28.387  -31.676  -16.798 0.8999999762
25350  26.338  -31.004  -17.514 1.0000000000
25360  25.151  -31.037  -18.450 0.6999999881
25372  24.037  -30.977  -19.245 0.6999999881
25416  30.412  -31.158  -22.056 1.0000000000
25434  26.699  -31.181  -24.115 0.8999999762
25472  25.871  -31.896  -27.624 0.6000000238
26049  27.970  -31.021  -17.278 0.8999999762
26061  27.531  -30.562  -17.868 0.8999999762
26062  26.492  -30.570  -18.182 1.0000000000
26111  31.532  -30.283  -20.087 1.0000000000
26121  31.353  -30.274  -20.868 1.0000000000
26128  30.739  -30.420  -21.928 1.0000000000
26813  25.779  -29.039  -19.438 0.6000000238
27467  31.788  -28.102  -19.290 0.8999999762
27473  27.066  -28.525  -18.992 0.6999999881
27537  24.058  -28.286  -25.384 0.8999999762
27571  22.559  -28.370  -27.397 0.6999999881
28165  25.176  -27.718  -19.504 0.6000000238
28199  31.501  -27.151  -21.868 0.8000000119
28209  30.334  -27.326  -23.076 1.0000000000
28219  24.869  -27.732  -25.377 0.8999999762
28221  23.207  -27.883  -25.457 0.8999999762
28895  32.185  -26.653  -20.766 0.8000000119
29581  30.304  -25.483  -18.140 0.6000000238
29582  29.419  -25.643  -18.041 0.6000000238
30382  27.735  -24.543  -18.203 0.5000000000
30449  30.932  -23.943  -23.336 0.8000000119
30460  26.407  -24.190  -25.058 1.0000000000
31290  24.295  -23.061  -25.154 0.8999999762
32544  32.914  -21.643  -21.537 0.6999999881
33087  32.138  -21.145  -19.241 0.5000000000
33166  22.241  -20.770  -25.429 0.8999999762
33167  21.363  -20.800  -25.597 0.8999999762
33981  20.397  -19.973  -26.211 0.8000000119
33996  20.012  -19.260  -26.828 0.8000000119
34015  20.066  -18.791  -27.263 0.6999999881
34897  20.090  -18.592  -26.439 0.8000000119
34912  19.774  -18.559  -26.862 0.8000000119
35752  25.743  -17.104  -20.304 0.3000000119
35805  22.398  -17.839  -25.658 0.8000000119
36659  31.228  -16.681  -21.161 0.3000000119
36744  26.094  -15.923  -26.356 0.5000000000
36778  20.232  -15.274  -28.360 0.6000000238
37621  27.406  -15.504  -26.628 0.4000000060
37669  26.598  -15.700  -30.221 0.4000000060
37700  26.688  -14.763  -31.664 0.4000000060
38528  22.060  -14.586  -27.207 0.6000000238
38549  22.570  -14.149  -27.593 0.6000000238
38551  20.776  -14.339  -28.180 0.6000000238
38592  21.847  -13.165  -30.273 0.6000000238
39399  21.647  -13.105  -29.964 0.6000000238
39418  22.088  -12.652  -30.302 0.5000000000
40261  22.365  -12.582  -29.727 0.4000000060
40279  22.270  -12.469  -30.305 0.5000000000
40297  23.222  -12.015  -31.066 0.4000000060
40313  23.730  -12.122  -31.298 0.4000000060
93519  22.721  -25.919  -19.708 0.4000000060
93564  25.213  -31.339  -27.639 0.6000000238
94316  21.412  -30.733  -19.620 0.5000000000
94737  25.359  -26.002  -25.457 1.0000000000
94739  24.216  -31.077  -24.979 0.8999999762
94801  22.666  -22.665  -25.372 0.8999999762
96043  26.942  -20.306  -24.774 0.8000000119
96092  22.994  -21.831  -25.328 0.8999999762
96787  30.933  -26.937  -18.425 0.6999999881
96863  30.384  -40.209  -19.521 0.4000000060
98448  23.425  -41.458  -16.799 0.4000000060
98572  21.425  -33.902  -16.941 0.6000000238
100981  25.564  -43.706  -15.681 0.4000000060
101077  23.136  -40.971  -17.125 0.4000000060
101154  21.632  -29.065  -19.369 0.5000000000
101593  21.126  -28.780  -26.871 0.8999999762
101977  21.096  -36.747  -26.659 0.5000000000
102071  27.578  -29.282  -24.143 1.0000000000
102169  23.555  -37.006  -22.970 0.6000000238
102326  29.330  -24.815  -24.279 0.8999999762
102584  19.402  -36.108  -16.131 0.5000000000
103187  29.175  -39.997  -17.219 0.5000000000
103289  21.343  -20.927  -27.332 0.6999999881
103319  23.875  -36.836  -27.005 0.4000000060
103400  22.611  -35.869  -15.579 0.6999999881
103419  29.240  -36.917  -20.183 0.8000000119
104064  28.059  -36.231  -21.746 0.8000000119
105077  30.169  -42.019  -19.080 0.4000000060
105112  28.790  -33.113  -22.493 0.8999999762
106641  27.243  -17.770  -25.450 0.6999999881
106661  20.374  -32.109  -19.748 0.4000000060
107116  25.112  -40.882  -16.667 0.4000000060
107407  28.236  -20.098  -24.525 0.6999999881
107565  32.470  -26.062  -20.296 0.6999999881
107777  22.412  -27.590  -25.528 0.8999999762
107794  25.150  -20.359  -27.520 0.5000000000
107996  20.240  -19.808  -26.577 0.8000000119
108107  30.096  -28.325  -22.954 1.0000000000
108125  25.233  -33.276  -24.374 0.8999999762
108869  27.425  -24.971  -18.434 0.5000000000
109447  31.863  -25.108  -18.629 0.6999999881
109533  21.851  -38.474  -24.086 0.5000000000
110838  28.419  -15.686  -31.043 0.3000000119
110997  23.306  -13.766  -30.975 0.6000000238
111294  24.722  -18.436  -25.512 0.6999999881
111452  26.939  -31.607  -23.922 0.8999999762
111570  25.818  -22.966  -24.777 0.8999999762
111642  23.060  -32.441  -27.430 0.8000000119
