#!ascii label  , from subject sub-v2s7x29669_ses-1 vox2ras=TkReg
280
55242  31.465  5.448  -37.895 0.0000000000
49574  27.367  -1.142  -30.868 0.0000000000
60102  31.160  11.645  -39.107 0.0000000000
101011  29.239  19.914  -38.589 0.0000000000
48716  25.793  -2.713  -30.295 0.0000000000
60868  30.506  12.108  -44.329 0.0000000000
63234  30.191  15.067  -43.748 0.0000000000
55216  29.144  5.476  -35.768 0.0000000000
52849  29.767  2.184  -34.402 0.0000000000
53635  33.059  3.343  -35.911 0.0000000000
106295  32.546  6.253  -40.671 0.0000000000
54434  34.384  3.369  -40.062 0.0000000000
57753  31.412  8.702  -37.926 0.0000000000
58615  31.493  9.067  -41.907 0.0000000000
65498  29.448  18.078  -38.816 0.0000000000
105033  30.482  17.370  -43.102 0.0000000000
51179  30.047  0.395  -32.104 0.0000000000
100967  30.669  14.027  -41.252 0.0000000000
63222  30.457  15.449  -41.577 0.0000000000
55232  30.878  5.721  -36.492 0.0000000000
54403  31.168  4.395  -36.251 0.0000000000
54420  32.094  4.512  -36.965 0.0000000000
49558  26.233  -1.990  -30.719 0.0000000000
59356  31.021  10.446  -38.006 0.0000000000
58602  31.534  9.286  -39.569 0.0000000000
60107  31.370  10.823  -40.628 0.0000000000
60873  30.766  12.428  -46.945 0.0000000000
60133  31.122  11.062  -45.696 0.0000000000
105624  27.647  20.875  -37.997 0.0000000000
97592  26.999  18.636  -38.288 0.0000000000
66281  29.074  18.928  -38.592 0.0000000000
93390  31.732  21.605  -41.879 0.0000000000
66314  30.792  20.786  -43.654 0.0000000000
65525  30.843  19.021  -41.938 0.0000000000
66319  30.796  19.537  -44.324 0.0000000000
64752  30.661  18.320  -45.370 0.0000000000
52836  31.135  2.170  -34.133 0.0000000000
52027  29.761  1.073  -33.363 0.0000000000
47918  25.045  -3.266  -30.106 0.0000000000
97236  31.192  11.604  -41.107 0.0000000000
60858  30.732  12.841  -41.828 0.0000000000
101823  30.304  13.050  -44.407 0.0000000000
62491  30.198  14.600  -46.596 0.0000000000
52865  27.882  3.011  -35.068 0.0000000000
53639  29.668  3.524  -35.303 0.0000000000
53622  31.725  3.177  -35.209 0.0000000000
52847  32.395  2.535  -34.734 0.0000000000
56102  31.693  5.783  -38.803 0.0000000000
55240  32.780  4.805  -38.627 0.0000000000
55256  33.600  4.983  -40.499 0.0000000000
97201  31.226  7.133  -36.794 0.0000000000
57742  29.875  8.999  -36.506 0.0000000000
96740  31.593  7.744  -38.212 0.0000000000
56951  31.914  7.365  -39.887 0.0000000000
56963  32.069  7.646  -41.762 0.0000000000
57787  32.724  8.442  -43.523 0.0000000000
60126  30.923  11.193  -42.712 0.0000000000
95275  31.737  9.563  -43.886 0.0000000000
63962  29.530  16.724  -38.655 0.0000000000
66293  30.162  19.779  -39.307 0.0000000000
65518  30.752  18.521  -40.714 0.0000000000
64725  30.652  17.631  -40.391 0.0000000000
63980  30.579  16.408  -41.213 0.0000000000
106052  30.217  15.903  -43.541 0.0000000000
63247  29.625  16.986  -48.059 0.0000000000
50386  27.623  -0.383  -32.425 0.0000000000
52043  28.426  1.393  -34.234 0.0000000000
53659  33.714  3.718  -37.336 0.0000000000
52063  33.863  2.206  -36.145 0.0000000000
62469  30.681  14.777  -40.816 0.0000000000
63217  30.694  15.714  -40.427 0.0000000000
55231  31.419  5.272  -36.962 0.0000000000
55230  31.693  4.929  -37.507 0.0000000000
47113  23.980  -4.653  -29.527 0.0000000000
49575  26.649  -1.367  -31.138 0.0000000000
60090  31.181  10.948  -38.750 0.0000000000
60101  31.354  10.877  -39.647 0.0000000000
60872  31.048  12.723  -47.765 0.0000000000
60136  31.126  11.752  -46.737 0.0000000000
67010  28.260  20.346  -38.220 0.0000000000
67011  27.385  20.290  -38.073 0.0000000000
66282  27.295  19.245  -38.223 0.0000000000
100386  28.485  19.538  -38.360 0.0000000000
97275  30.758  20.177  -44.303 0.0000000000
65540  30.930  19.197  -44.684 0.0000000000
52024  32.124  1.430  -33.552 0.0000000000
52025  31.283  1.633  -33.520 0.0000000000
49576  25.760  -1.683  -31.415 0.0000000000
61661  31.095  13.064  -39.994 0.0000000000
61670  30.832  13.334  -41.113 0.0000000000
98337  30.287  14.268  -42.888 0.0000000000
62484  30.235  14.098  -43.911 0.0000000000
105439  30.305  13.954  -45.032 0.0000000000
98336  30.189  14.994  -45.018 0.0000000000
67733  28.796  21.817  -38.166 0.0000000000
54406  28.935  3.890  -35.373 0.0000000000
54405  29.622  4.411  -35.665 0.0000000000
54402  31.739  4.180  -36.337 0.0000000000
53637  31.166  3.805  -35.778 0.0000000000
53636  32.144  3.620  -35.800 0.0000000000
52864  32.548  3.090  -35.350 0.0000000000
47902  25.299  -3.916  -29.676 0.0000000000
56114  32.152  6.003  -39.854 0.0000000000
55251  32.477  5.320  -39.450 0.0000000000
56113  32.968  5.720  -40.528 0.0000000000
92670  29.581  7.129  -36.192 0.0000000000
58584  31.049  9.565  -37.479 0.0000000000
57740  31.085  8.754  -37.089 0.0000000000
102577  31.415  8.074  -37.469 0.0000000000
56946  31.741  7.418  -39.084 0.0000000000
94372  31.635  8.408  -38.973 0.0000000000
58608  31.501  9.185  -40.665 0.0000000000
100592  31.644  8.308  -41.214 0.0000000000
57780  31.860  8.214  -42.170 0.0000000000
57785  32.005  8.513  -43.012 0.0000000000
60119  30.824  12.028  -42.071 0.0000000000
108668  31.085  11.306  -41.917 0.0000000000
60127  30.618  11.863  -43.304 0.0000000000
59390  31.358  10.528  -45.076 0.0000000000
58625  32.140  9.653  -44.488 0.0000000000
101092  27.547  17.979  -38.397 0.0000000000
101130  26.622  17.853  -38.342 0.0000000000
64707  28.095  17.283  -38.375 0.0000000000
64706  29.042  17.368  -38.541 0.0000000000
67034  31.163  21.328  -42.386 0.0000000000
67023  31.532  21.611  -41.492 0.0000000000
99296  30.781  20.091  -40.379 0.0000000000
66301  30.861  19.570  -41.132 0.0000000000
64738  30.698  18.384  -42.872 0.0000000000
64731  30.739  17.932  -41.404 0.0000000000
101093  30.572  17.213  -41.958 0.0000000000
106713  30.656  17.156  -40.960 0.0000000000
63985  30.359  16.297  -42.548 0.0000000000
63989  30.272  16.956  -44.005 0.0000000000
64757  30.464  17.663  -46.455 0.0000000000
108138  29.913  17.354  -46.878 0.0000000000
111297  29.883  17.492  -47.735 0.0000000000
64013  29.811  17.071  -48.392 0.0000000000
51182  27.197  -0.210  -33.124 0.0000000000
53625  29.095  2.407  -34.695 0.0000000000
52850  28.175  2.166  -34.692 0.0000000000
52042  29.050  1.802  -34.351 0.0000000000
52018  29.722  0.647  -32.848 0.0000000000
51194  29.109  0.681  -33.331 0.0000000000
51180  29.170  0.309  -32.597 0.0000000000
51181  28.419  -0.061  -32.450 0.0000000000
54435  33.732  4.260  -38.813 0.0000000000
54428  33.370  4.333  -37.927 0.0000000000
54427  34.186  3.616  -38.431 0.0000000000
96158  30.927  14.061  -40.193 0.0000000000
98566  30.429  14.510  -41.900 0.0000000000
63228  30.262  15.186  -42.675 0.0000000000
55215  30.202  5.172  -36.040 0.0000000000
54404  30.558  4.421  -35.952 0.0000000000
54422  30.925  4.907  -36.445 0.0000000000
54421  31.513  4.701  -36.744 0.0000000000
53652  32.511  3.938  -36.444 0.0000000000
48715  26.742  -2.386  -30.172 0.0000000000
56121  32.691  6.658  -41.405 0.0000000000
56120  33.417  6.152  -41.496 0.0000000000
59341  30.535  10.287  -37.055 0.0000000000
58597  31.408  9.468  -38.485 0.0000000000
59355  31.415  10.213  -39.082 0.0000000000
59363  31.481  10.087  -40.130 0.0000000000
59370  31.381  10.017  -41.143 0.0000000000
60870  30.632  12.044  -45.679 0.0000000000
105212  30.670  11.572  -45.087 0.0000000000
60135  31.548  11.294  -46.200 0.0000000000
65500  27.969  18.863  -38.339 0.0000000000
67040  30.739  21.347  -43.121 0.0000000000
66307  30.817  20.401  -42.568 0.0000000000
65536  30.688  19.359  -44.166 0.0000000000
64744  30.549  18.242  -44.357 0.0000000000
65541  30.773  18.975  -44.745 0.0000000000
64751  30.704  18.386  -45.308 0.0000000000
52848  30.523  2.507  -34.523 0.0000000000
52838  29.763  1.609  -33.904 0.0000000000
52837  30.494  1.928  -33.985 0.0000000000
52017  30.374  0.861  -32.827 0.0000000000
47903  24.244  -3.847  -29.850 0.0000000000
47919  24.188  -3.018  -30.480 0.0000000000
48728  25.348  -2.257  -30.965 0.0000000000
60834  30.766  12.310  -38.450 0.0000000000
60108  31.315  11.503  -40.099 0.0000000000
99261  31.217  12.157  -40.248 0.0000000000
60850  31.016  12.510  -41.098 0.0000000000
102733  30.543  12.747  -42.631 0.0000000000
61677  30.513  13.575  -42.118 0.0000000000
61682  30.333  13.402  -43.170 0.0000000000
61692  30.444  13.152  -46.019 0.0000000000
61695  30.566  13.433  -47.531 0.0000000000
61698  30.635  14.163  -48.828 0.0000000000
67734  27.422  21.528  -37.703 0.0000000000
98720  28.173  21.282  -38.066 0.0000000000
67009  29.005  20.908  -38.366 0.0000000000
53640  28.787  3.078  -35.076 0.0000000000
53624  29.735  2.824  -34.859 0.0000000000
53638  30.319  3.839  -35.601 0.0000000000
53623  30.632  3.187  -35.145 0.0000000000
99621  31.395  2.641  -34.610 0.0000000000
52835  31.857  2.040  -34.101 0.0000000000
52041  32.589  1.766  -34.243 0.0000000000
55241  31.851  5.083  -38.405 0.0000000000
55250  33.519  4.592  -39.601 0.0000000000
55255  34.518  4.384  -41.486 0.0000000000
54440  34.749  3.422  -41.397 0.0000000000
53673  35.131  2.549  -41.316 0.0000000000
55233  29.982  6.096  -36.095 0.0000000000
56092  30.704  6.666  -36.451 0.0000000000
56091  31.452  6.220  -37.000 0.0000000000
56927  30.503  7.616  -36.536 0.0000000000
56940  31.527  7.142  -37.466 0.0000000000
56103  31.413  6.120  -38.094 0.0000000000
56108  31.608  6.658  -38.512 0.0000000000
56115  31.891  6.559  -39.431 0.0000000000
56950  32.195  6.761  -40.414 0.0000000000
57768  31.673  8.270  -40.090 0.0000000000
56957  31.866  7.545  -40.770 0.0000000000
56956  32.225  7.126  -41.276 0.0000000000
56962  32.772  7.160  -42.204 0.0000000000
99754  33.516  7.388  -42.944 0.0000000000
60118  31.258  10.783  -41.516 0.0000000000
59377  31.303  10.039  -42.139 0.0000000000
59384  30.956  10.826  -43.859 0.0000000000
59383  31.247  10.238  -43.169 0.0000000000
58621  31.602  9.330  -43.042 0.0000000000
58624  32.187  8.968  -43.815 0.0000000000
101331  29.216  16.121  -38.376 0.0000000000
67016  29.864  20.673  -38.851 0.0000000000
67015  30.641  20.771  -39.741 0.0000000000
109271  29.618  19.332  -38.896 0.0000000000
65511  29.961  18.757  -39.202 0.0000000000
65510  30.492  18.210  -39.816 0.0000000000
64718  30.404  17.423  -39.612 0.0000000000
63973  30.644  16.704  -40.134 0.0000000000
63207  30.492  15.917  -39.444 0.0000000000
100948  30.204  16.292  -45.010 0.0000000000
63993  30.398  17.632  -45.509 0.0000000000
95459  29.895  16.149  -46.650 0.0000000000
100789  29.769  15.919  -47.958 0.0000000000
63252  29.955  15.987  -48.684 0.0000000000
50387  26.763  -0.642  -32.561 0.0000000000
50373  27.262  -0.798  -31.600 0.0000000000
52029  27.795  0.895  -34.059 0.0000000000
93960  29.084  1.196  -33.884 0.0000000000
52028  28.374  0.825  -33.819 0.0000000000
51196  27.637  0.399  -33.593 0.0000000000
95822  27.894  -0.071  -33.017 0.0000000000
54429  32.331  4.671  -37.764 0.0000000000
54419  32.871  4.227  -37.125 0.0000000000
107446  33.221  3.705  -36.618 0.0000000000
53658  34.384  2.893  -37.838 0.0000000000
53651  33.787  3.035  -36.637 0.0000000000
109400  33.490  2.832  -35.939 0.0000000000
52863  33.186  2.606  -35.365 0.0000000000
52026  30.470  1.405  -33.394 0.0000000000
53664  35.187  2.023  -40.889 0.0000000000
55249  34.099  4.169  -40.625 0.0000000000
56926  31.149  7.900  -36.914 0.0000000000
57741  30.478  8.526  -36.642 0.0000000000
57779  32.642  7.824  -42.850 0.0000000000
58623  32.558  9.058  -43.886 0.0000000000
59387  31.541  10.066  -44.392 0.0000000000
60130  30.747  11.276  -44.564 0.0000000000
60843  31.094  12.376  -39.358 0.0000000000
61697  30.791  13.823  -48.661 0.0000000000
62499  30.233  14.763  -48.232 0.0000000000
62503  30.472  14.698  -48.847 0.0000000000
63974  30.248  16.710  -39.210 0.0000000000
64007  30.410  17.331  -47.553 0.0000000000
64719  29.860  17.382  -38.972 0.0000000000
65499  28.537  18.082  -38.489 0.0000000000
100016  30.690  14.967  -39.673 0.0000000000
100529  30.074  17.963  -39.270 0.0000000000
101183  28.097  1.100  -34.145 0.0000000000
102975  30.408  12.668  -43.467 0.0000000000
109894  31.759  7.860  -39.506 0.0000000000
110858  31.242  11.916  -39.708 0.0000000000
110931  31.146  10.743  -42.250 0.0000000000
111518  31.511  6.093  -38.495 0.0000000000
