#!ascii label  , from subject sub-v2s7x29668_ses-1 vox2ras=TkReg
1199
46290  -39.506  -24.398  23.656 0.0000000000
58398  -48.714  -9.467  20.926 0.0000000000
52957  -43.770  -17.154  22.196 0.0000000000
29502  -12.267  -44.155  47.634 0.0000000000
44502  -36.200  -26.558  29.354 0.0000000000
32190  -27.062  -41.414  43.743 0.0000000000
38004  -34.015  -34.778  41.680 0.0000000000
42013  -36.989  -29.664  36.088 0.0000000000
42809  -39.075  -28.840  34.341 0.0000000000
33018  -19.389  -40.331  41.651 0.0000000000
96961  -23.003  -40.517  45.339 0.0000000000
98411  -23.014  -39.448  39.844 0.0000000000
37273  -30.185  -35.216  37.863 0.0000000000
38084  -34.617  -34.070  36.623 0.0000000000
45317  -43.159  -25.465  28.850 0.0000000000
46259  -45.557  -24.547  25.231 0.0000000000
55310  -44.892  -13.063  23.103 0.0000000000
48737  -42.394  -21.235  21.734 0.0000000000
58432  -46.460  -9.678  16.552 0.0000000000
27614  -8.822  -46.435  47.682 0.0000000000
43649  -41.411  -27.395  31.543 0.0000000000
45358  -38.574  -25.088  26.892 0.0000000000
35527  -26.611  -37.245  38.407 0.0000000000
34672  -30.281  -38.130  42.620 0.0000000000
48716  -47.791  -21.318  23.806 0.0000000000
59222  -52.768  -7.876  12.990 0.0000000000
40400  -35.651  -31.067  34.581 0.0000000000
42044  -35.396  -29.243  33.766 0.0000000000
116002  -21.280  -39.755  40.679 0.0000000000
38120  -32.280  -34.031  34.919 0.0000000000
39635  -34.046  -32.765  33.905 0.0000000000
39613  -36.547  -32.421  36.661 0.0000000000
45375  -41.574  -24.985  25.605 0.0000000000
115377  -44.625  -24.926  27.042 0.0000000000
46275  -42.476  -24.633  24.589 0.0000000000
56906  -46.443  -11.558  22.236 0.0000000000
56080  -47.657  -12.269  24.394 0.0000000000
59147  -50.667  -7.991  20.367 0.0000000000
104225  -10.520  -43.682  44.426 0.0000000000
29500  -10.834  -44.866  48.011 0.0000000000
42853  -37.857  -28.102  31.486 0.0000000000
42843  -40.400  -28.610  32.218 0.0000000000
44482  -38.629  -26.704  30.231 0.0000000000
45292  -39.684  -25.601  29.150 0.0000000000
45311  -37.262  -25.451  28.581 0.0000000000
32167  -25.192  -41.179  45.049 0.0000000000
32945  -25.320  -40.560  47.842 0.0000000000
96028  -27.462  -40.881  47.431 0.0000000000
32972  -28.777  -40.359  46.251 0.0000000000
35559  -24.163  -36.802  37.250 0.0000000000
37286  -26.157  -35.346  36.577 0.0000000000
37239  -31.972  -35.356  39.242 0.0000000000
36349  -30.238  -36.708  39.631 0.0000000000
36326  -31.788  -36.660  41.905 0.0000000000
35464  -31.417  -37.189  44.838 0.0000000000
30507  -16.423  -43.683  44.320 0.0000000000
30472  -18.304  -43.184  47.524 0.0000000000
30449  -18.337  -43.389  50.381 0.0000000000
101373  -42.914  -19.043  21.425 0.0000000000
48724  -45.503  -21.080  22.656 0.0000000000
51316  -46.407  -18.910  22.605 0.0000000000
59977  -55.247  -6.587  12.500 0.0000000000
29460  -11.567  -44.475  50.556 0.0000000000
42762  -38.192  -28.503  38.414 0.0000000000
114433  -39.374  -28.267  36.675 0.0000000000
42791  -37.493  -28.589  35.673 0.0000000000
42839  -36.685  -27.903  33.114 0.0000000000
32175  -19.488  -40.852  44.293 0.0000000000
32953  -20.936  -40.647  46.302 0.0000000000
32993  -21.305  -40.403  43.787 0.0000000000
105810  -23.639  -40.658  42.408 0.0000000000
33008  -25.448  -40.852  41.967 0.0000000000
38079  -28.265  -34.676  36.416 0.0000000000
38118  -30.398  -34.268  34.880 0.0000000000
38067  -32.281  -34.572  37.436 0.0000000000
38039  -34.526  -34.653  39.383 0.0000000000
38852  -37.046  -33.878  39.045 0.0000000000
40352  -37.671  -31.447  38.747 0.0000000000
32207  -18.042  -41.481  41.214 0.0000000000
45261  -44.839  -25.601  31.232 0.0000000000
46165  -48.270  -24.319  32.425 0.0000000000
45299  -46.347  -25.363  29.493 0.0000000000
46217  -47.795  -24.625  27.451 0.0000000000
54550  -44.011  -14.593  23.112 0.0000000000
52938  -46.779  -16.612  23.360 0.0000000000
53746  -46.988  -14.806  24.186 0.0000000000
24735  -5.230  -49.214  49.511 0.0000000000
47890  -40.775  -22.677  22.212 0.0000000000
113461  -40.881  -19.011  20.388 0.0000000000
53772  -42.292  -15.258  22.119 0.0000000000
55321  -42.772  -13.716  21.960 0.0000000000
56117  -44.474  -12.007  20.464 0.0000000000
56942  -45.900  -10.862  19.449 0.0000000000
57687  -47.590  -9.651  19.204 0.0000000000
57694  -45.239  -10.376  17.338 0.0000000000
96769  -9.897  -45.579  50.018 0.0000000000
27591  -7.756  -47.286  51.035 0.0000000000
26604  -6.688  -48.624  50.613 0.0000000000
100688  -45.373  -25.933  35.591 0.0000000000
42795  -41.839  -28.254  35.580 0.0000000000
42812  -42.777  -28.093  34.278 0.0000000000
96084  -44.198  -26.371  32.923 0.0000000000
45275  -42.769  -25.676  30.245 0.0000000000
111810  -40.911  -25.236  27.907 0.0000000000
97176  -38.609  -24.911  25.134 0.0000000000
32936  -23.845  -40.609  48.780 0.0000000000
34704  -25.003  -38.693  39.276 0.0000000000
33890  -27.267  -39.853  41.161 0.0000000000
36371  -28.613  -35.860  38.082 0.0000000000
34695  -28.776  -38.393  40.531 0.0000000000
116170  -29.157  -39.504  43.259 0.0000000000
34653  -30.347  -38.728  45.514 0.0000000000
30503  -12.392  -43.568  44.090 0.0000000000
30491  -14.549  -43.852  44.826 0.0000000000
29503  -14.167  -44.248  47.507 0.0000000000
47093  -44.035  -22.989  23.116 0.0000000000
47080  -46.786  -23.100  24.020 0.0000000000
47872  -49.356  -22.980  24.229 0.0000000000
51306  -48.524  -18.832  23.733 0.0000000000
58423  -49.246  -8.686  17.766 0.0000000000
59180  -51.144  -8.323  17.061 0.0000000000
59189  -52.288  -8.114  15.842 0.0000000000
58468  -51.180  -8.939  13.944 0.0000000000
59197  -54.503  -7.662  15.159 0.0000000000
40409  -34.476  -31.734  33.457 0.0000000000
41233  -34.918  -30.063  33.404 0.0000000000
41242  -33.824  -30.532  32.212 0.0000000000
38912  -33.309  -33.096  33.667 0.0000000000
112964  -34.133  -32.252  33.437 0.0000000000
40399  -34.934  -31.823  34.082 0.0000000000
46254  -41.113  -24.941  24.947 0.0000000000
46255  -42.328  -24.876  25.429 0.0000000000
46292  -41.205  -24.339  23.719 0.0000000000
57665  -47.497  -10.573  21.407 0.0000000000
56908  -48.119  -10.884  22.970 0.0000000000
57660  -49.257  -9.985  22.775 0.0000000000
58392  -49.568  -9.417  22.109 0.0000000000
100859  -49.411  -9.102  21.219 0.0000000000
29539  -11.557  -44.103  46.233 0.0000000000
100537  -10.155  -44.592  45.915 0.0000000000
29520  -11.527  -44.281  47.056 0.0000000000
44480  -36.706  -27.175  30.255 0.0000000000
43666  -38.241  -27.522  30.753 0.0000000000
44481  -37.632  -26.977  30.194 0.0000000000
44504  -38.050  -26.139  29.578 0.0000000000
44521  -36.551  -25.924  28.905 0.0000000000
31351  -19.538  -42.295  48.545 0.0000000000
32179  -26.569  -41.490  44.494 0.0000000000
32971  -26.400  -40.972  46.318 0.0000000000
32169  -26.920  -41.246  45.499 0.0000000000
97802  -28.148  -40.708  46.911 0.0000000000
32983  -27.985  -40.782  44.731 0.0000000000
37222  -33.383  -35.020  40.246 0.0000000000
36341  -32.297  -36.109  40.732 0.0000000000
37200  -32.799  -35.735  41.269 0.0000000000
37166  -32.517  -35.742  43.141 0.0000000000
31377  -18.991  -41.824  45.791 0.0000000000
31358  -18.835  -42.579  47.130 0.0000000000
31342  -18.928  -42.823  48.990 0.0000000000
45234  -47.323  -25.728  34.953 0.0000000000
51325  -43.487  -18.510  21.639 0.0000000000
99784  -44.531  -19.206  21.969 0.0000000000
51314  -44.812  -18.390  22.137 0.0000000000
100103  -37.461  -29.250  37.186 0.0000000000
42781  -37.611  -28.803  36.555 0.0000000000
42025  -37.126  -28.990  35.900 0.0000000000
42822  -35.584  -27.957  33.361 0.0000000000
43617  -35.678  -27.507  32.729 0.0000000000
43645  -35.906  -27.302  31.887 0.0000000000
33002  -19.272  -40.635  43.003 0.0000000000
32977  -20.001  -40.475  44.152 0.0000000000
33003  -20.347  -40.313  42.689 0.0000000000
97427  -22.073  -39.606  40.265 0.0000000000
33021  -22.277  -40.270  41.667 0.0000000000
33043  -23.469  -40.144  40.959 0.0000000000
33007  -24.556  -40.797  42.124 0.0000000000
33044  -24.244  -40.155  40.895 0.0000000000
38117  -29.491  -34.117  34.475 0.0000000000
38101  -33.463  -34.041  35.829 0.0000000000
97323  -32.532  -34.223  35.801 0.0000000000
104324  -33.797  -34.223  36.548 0.0000000000
38054  -33.694  -34.537  38.189 0.0000000000
105681  -34.767  -34.454  37.985 0.0000000000
38057  -36.187  -34.346  38.792 0.0000000000
38071  -35.812  -34.212  37.897 0.0000000000
40380  -36.727  -31.450  36.517 0.0000000000
40366  -36.977  -31.975  37.208 0.0000000000
41171  -37.141  -30.866  37.179 0.0000000000
41162  -37.682  -30.134  38.694 0.0000000000
33017  -18.697  -40.783  41.428 0.0000000000
106824  -44.106  -25.543  29.813 0.0000000000
114739  -45.984  -25.515  30.023 0.0000000000
100474  -45.026  -25.447  28.938 0.0000000000
46234  -44.986  -24.663  25.860 0.0000000000
101012  -46.144  -24.888  27.734 0.0000000000
46236  -46.607  -24.695  26.269 0.0000000000
46238  -48.379  -24.686  26.534 0.0000000000
46261  -47.281  -24.674  25.622 0.0000000000
54542  -44.529  -13.947  23.279 0.0000000000
97988  -45.562  -15.017  23.627 0.0000000000
54543  -45.815  -14.243  23.877 0.0000000000
113715  -49.197  -12.563  25.660 0.0000000000
54559  -42.092  -14.393  21.936 0.0000000000
101381  -41.797  -13.531  20.880 0.0000000000
56131  -43.590  -12.068  19.481 0.0000000000
56941  -44.287  -11.733  19.420 0.0000000000
100616  -45.100  -11.403  19.575 0.0000000000
56948  -44.583  -11.313  18.784 0.0000000000
112525  -45.993  -10.593  18.806 0.0000000000
28537  -8.558  -45.588  46.217 0.0000000000
27605  -7.772  -47.163  48.045 0.0000000000
29448  -11.364  -44.498  52.288 0.0000000000
29459  -10.858  -44.708  50.875 0.0000000000
28503  -10.019  -45.084  52.667 0.0000000000
27580  -8.369  -46.709  53.124 0.0000000000
26589  -7.636  -47.849  52.711 0.0000000000
26605  -7.150  -47.904  50.623 0.0000000000
24721  -7.280  -48.722  51.942 0.0000000000
24725  -7.127  -49.167  51.487 0.0000000000
101728  -38.883  -28.570  35.404 0.0000000000
42783  -40.098  -28.268  36.491 0.0000000000
101346  -39.943  -28.885  35.001 0.0000000000
43631  -41.312  -27.996  32.084 0.0000000000
42829  -42.013  -28.470  33.139 0.0000000000
43632  -42.483  -27.803  32.692 0.0000000000
110324  -43.803  -26.890  33.382 0.0000000000
44448  -42.901  -27.044  32.251 0.0000000000
44463  -43.392  -26.278  31.783 0.0000000000
44486  -42.252  -26.146  30.763 0.0000000000
45313  -39.319  -25.369  28.412 0.0000000000
45314  -40.282  -25.361  28.372 0.0000000000
45359  -39.594  -25.225  26.877 0.0000000000
45373  -39.940  -25.149  25.846 0.0000000000
46233  -39.036  -25.087  25.967 0.0000000000
32967  -22.366  -40.404  45.711 0.0000000000
96024  -22.025  -40.425  47.032 0.0000000000
96741  -23.740  -40.223  47.261 0.0000000000
35542  -25.326  -37.157  37.898 0.0000000000
35525  -24.905  -37.708  38.300 0.0000000000
34705  -25.817  -38.535  39.362 0.0000000000
33909  -26.167  -39.474  40.336 0.0000000000
34693  -26.965  -38.919  40.129 0.0000000000
37289  -29.575  -35.004  37.225 0.0000000000
37271  -28.194  -35.459  37.454 0.0000000000
37272  -29.422  -35.502  37.969 0.0000000000
115570  -30.609  -37.441  40.746 0.0000000000
35516  -29.526  -37.315  39.859 0.0000000000
34696  -29.507  -38.407  41.159 0.0000000000
34682  -28.822  -38.930  41.272 0.0000000000
34671  -29.815  -38.649  42.621 0.0000000000
33870  -29.351  -39.370  44.078 0.0000000000
34666  -30.182  -38.214  43.643 0.0000000000
38827  -37.500  -33.403  41.427 0.0000000000
113302  -15.222  -43.869  44.635 0.0000000000
29543  -15.183  -44.029  45.309 0.0000000000
29542  -14.396  -43.997  45.667 0.0000000000
30438  -17.710  -43.807  51.782 0.0000000000
47911  -42.042  -21.950  22.018 0.0000000000
47091  -42.377  -23.276  22.913 0.0000000000
47893  -43.430  -22.411  22.591 0.0000000000
48725  -46.264  -21.155  23.052 0.0000000000
48714  -45.811  -21.777  23.118 0.0000000000
47881  -47.108  -22.137  23.765 0.0000000000
47060  -48.273  -23.755  24.306 0.0000000000
100023  -48.850  -22.289  24.236 0.0000000000
111172  -48.188  -17.094  23.748 0.0000000000
52150  -48.253  -17.899  23.560 0.0000000000
51294  -49.161  -18.197  24.183 0.0000000000
58421  -47.375  -9.519  18.025 0.0000000000
58422  -48.259  -9.021  18.099 0.0000000000
96539  -47.747  -9.306  17.232 0.0000000000
58435  -49.012  -9.274  16.177 0.0000000000
58436  -50.029  -9.162  16.101 0.0000000000
59181  -52.142  -7.933  16.622 0.0000000000
58446  -51.535  -8.816  15.207 0.0000000000
111035  -51.460  -7.525  12.494 0.0000000000
59957  -49.939  -7.832  13.247 0.0000000000
108492  -52.142  -8.438  13.640 0.0000000000
59196  -53.360  -7.744  14.724 0.0000000000
59211  -53.658  -7.594  14.021 0.0000000000
59223  -54.133  -7.228  13.520 0.0000000000
59225  -56.243  -7.077  12.750 0.0000000000
115845  -36.224  -30.749  35.254 0.0000000000
97550  -36.179  -29.916  34.849 0.0000000000
41222  -35.547  -30.103  34.098 0.0000000000
42043  -34.840  -29.100  33.280 0.0000000000
33040  -19.913  -39.939  41.095 0.0000000000
38911  -32.519  -33.350  33.493 0.0000000000
38899  -33.616  -33.366  34.429 0.0000000000
38876  -34.651  -33.407  35.427 0.0000000000
38868  -35.667  -33.452  36.429 0.0000000000
39619  -35.022  -32.847  35.028 0.0000000000
40388  -35.953  -31.590  35.329 0.0000000000
111488  -42.538  -25.251  27.516 0.0000000000
101325  -44.558  -25.325  28.202 0.0000000000
45363  -43.487  -24.970  26.676 0.0000000000
45377  -43.683  -24.757  25.863 0.0000000000
46277  -44.296  -24.358  24.577 0.0000000000
56097  -45.988  -12.117  22.846 0.0000000000
56088  -46.369  -12.497  23.553 0.0000000000
56098  -46.721  -11.783  23.106 0.0000000000
56880  -48.195  -11.700  24.345 0.0000000000
111228  -51.266  -7.672  20.036 0.0000000000
29518  -9.420  -45.076  46.127 0.0000000000
28527  -9.386  -45.986  47.600 0.0000000000
42841  -38.749  -28.804  32.545 0.0000000000
42826  -39.607  -29.156  33.567 0.0000000000
42855  -39.374  -28.645  31.983 0.0000000000
99308  -39.836  -28.074  31.481 0.0000000000
43668  -40.026  -27.167  31.014 0.0000000000
44484  -40.510  -26.451  30.458 0.0000000000
44505  -39.107  -25.969  29.793 0.0000000000
45291  -38.755  -25.600  29.072 0.0000000000
45336  -38.129  -25.085  27.725 0.0000000000
32982  -24.332  -40.940  44.804 0.0000000000
32955  -24.141  -40.394  46.588 0.0000000000
32970  -25.541  -40.897  46.067 0.0000000000
32958  -26.703  -40.827  47.342 0.0000000000
32959  -28.954  -40.670  46.968 0.0000000000
36385  -25.528  -36.061  37.004 0.0000000000
36369  -26.551  -36.606  37.798 0.0000000000
37255  -31.380  -35.304  38.696 0.0000000000
37254  -30.017  -35.713  38.461 0.0000000000
36358  -31.499  -35.837  39.481 0.0000000000
36340  -31.673  -36.778  41.073 0.0000000000
35499  -31.297  -37.121  41.883 0.0000000000
35489  -30.690  -37.634  43.159 0.0000000000
36310  -31.570  -36.732  42.694 0.0000000000
103638  -17.322  -42.751  42.812 0.0000000000
30508  -17.123  -43.456  44.661 0.0000000000
30479  -17.124  -44.041  47.273 0.0000000000
30470  -17.087  -44.161  48.165 0.0000000000
30464  -18.330  -43.329  48.385 0.0000000000
99290  -42.601  -20.398  21.514 0.0000000000
48722  -43.738  -21.594  22.314 0.0000000000
49593  -44.271  -19.970  21.996 0.0000000000
108522  -45.639  -20.193  22.455 0.0000000000
109926  -47.112  -19.942  23.125 0.0000000000
58440  -45.685  -9.097  15.405 0.0000000000
98668  -46.778  -9.427  15.897 0.0000000000
58441  -46.603  -9.153  15.235 0.0000000000
60652  -51.775  -6.892  12.029 0.0000000000
59967  -53.335  -7.364  12.480 0.0000000000
59975  -52.787  -7.041  11.806 0.0000000000
60664  -54.533  -6.216  11.573 0.0000000000
97052  -13.286  -44.300  48.964 0.0000000000
29484  -12.005  -44.301  48.597 0.0000000000
43570  -39.619  -27.694  38.237 0.0000000000
42770  -38.315  -28.334  37.651 0.0000000000
99653  -37.975  -28.497  36.259 0.0000000000
42808  -38.107  -28.455  35.023 0.0000000000
42035  -36.331  -28.994  34.683 0.0000000000
42807  -37.259  -28.433  34.753 0.0000000000
42824  -37.124  -28.226  33.784 0.0000000000
42840  -37.184  -28.001  32.291 0.0000000000
43664  -36.368  -27.411  30.974 0.0000000000
32165  -19.629  -41.325  46.019 0.0000000000
104048  -20.292  -40.893  46.193 0.0000000000
32176  -20.011  -40.643  44.828 0.0000000000
32979  -21.478  -40.428  44.598 0.0000000000
32980  -22.395  -40.500  44.730 0.0000000000
33020  -20.981  -40.286  42.147 0.0000000000
97434  -22.108  -40.468  43.196 0.0000000000
32981  -23.436  -40.744  44.494 0.0000000000
113381  -24.181  -41.058  44.031 0.0000000000
32188  -25.387  -41.440  43.445 0.0000000000
32201  -26.716  -41.326  42.868 0.0000000000
38098  -29.436  -34.350  35.375 0.0000000000
98562  -30.075  -34.668  36.610 0.0000000000
38119  -31.412  -34.172  34.859 0.0000000000
38081  -31.666  -34.414  36.200 0.0000000000
38066  -31.485  -34.620  37.132 0.0000000000
37256  -32.209  -34.934  38.717 0.0000000000
37241  -33.244  -34.867  39.555 0.0000000000
38014  -34.039  -34.788  40.639 0.0000000000
98145  -35.028  -34.463  41.990 0.0000000000
38026  -35.654  -34.578  40.349 0.0000000000
38843  -37.188  -34.023  40.094 0.0000000000
38836  -37.571  -33.429  40.533 0.0000000000
97093  -36.799  -32.855  37.345 0.0000000000
39580  -37.664  -32.472  39.234 0.0000000000
40339  -37.831  -31.691  39.729 0.0000000000
41985  -37.927  -29.791  39.879 0.0000000000
31405  -17.879  -42.225  42.905 0.0000000000
45251  -46.010  -25.340  32.416 0.0000000000
45263  -46.666  -25.144  31.781 0.0000000000
45280  -47.562  -24.877  30.676 0.0000000000
46188  -48.238  -24.565  30.265 0.0000000000
109580  -45.448  -25.206  28.197 0.0000000000
45320  -47.103  -25.058  28.931 0.0000000000
52948  -44.248  -16.493  22.642 0.0000000000
52949  -45.171  -16.721  22.888 0.0000000000
53758  -45.349  -15.804  23.279 0.0000000000
53760  -47.091  -15.619  23.922 0.0000000000
104790  -48.071  -15.726  24.244 0.0000000000
55292  -47.062  -13.534  24.383 0.0000000000
54536  -48.003  -14.402  24.766 0.0000000000
113239  -38.744  -23.431  22.535 0.0000000000
47074  -40.782  -23.816  23.183 0.0000000000
47889  -39.894  -22.769  22.081 0.0000000000
47909  -40.359  -22.111  21.668 0.0000000000
48735  -40.794  -21.418  21.372 0.0000000000
50482  -41.753  -20.142  21.140 0.0000000000
50491  -41.586  -19.364  20.850 0.0000000000
113231  -41.984  -18.187  20.985 0.0000000000
52166  -42.726  -17.503  21.565 0.0000000000
96896  -42.656  -16.167  22.057 0.0000000000
53773  -43.046  -15.389  22.494 0.0000000000
55308  -43.201  -13.983  22.533 0.0000000000
97347  -44.216  -13.207  22.728 0.0000000000
55342  -42.376  -12.915  20.157 0.0000000000
97509  -44.030  -12.420  20.839 0.0000000000
56106  -44.974  -12.173  21.895 0.0000000000
56917  -45.384  -11.692  21.220 0.0000000000
56932  -46.710  -10.874  20.867 0.0000000000
99408  -47.300  -10.318  20.393 0.0000000000
57680  -47.801  -9.740  19.854 0.0000000000
57678  -46.511  -10.395  19.187 0.0000000000
57685  -46.391  -10.275  18.565 0.0000000000
57695  -46.102  -10.042  17.300 0.0000000000
58431  -45.236  -9.579  15.987 0.0000000000
29472  -11.186  -44.687  48.820 0.0000000000
112574  -10.078  -45.609  49.059 0.0000000000
27599  -9.453  -46.204  49.140 0.0000000000
28502  -9.347  -45.563  52.236 0.0000000000
115269  -8.762  -46.001  51.915 0.0000000000
27598  -8.744  -46.712  49.573 0.0000000000
101203  -7.689  -47.498  48.849 0.0000000000
107318  -6.620  -48.226  49.906 0.0000000000
26616  -5.956  -48.600  49.755 0.0000000000
25672  -6.288  -49.037  50.393 0.0000000000
45232  -45.970  -25.677  35.487 0.0000000000
43594  -42.674  -27.380  36.494 0.0000000000
42810  -40.723  -29.177  34.301 0.0000000000
110966  -42.215  -28.417  34.694 0.0000000000
44432  -44.119  -26.808  35.490 0.0000000000
44440  -44.592  -26.307  33.810 0.0000000000
44441  -45.265  -25.689  33.579 0.0000000000
44449  -44.289  -25.921  32.110 0.0000000000
45276  -43.628  -25.612  30.400 0.0000000000
45295  -42.558  -25.523  29.459 0.0000000000
44507  -40.959  -25.885  29.940 0.0000000000
115538  -41.871  -25.515  29.252 0.0000000000
45316  -42.063  -25.328  27.986 0.0000000000
108361  -41.082  -25.177  27.228 0.0000000000
45374  -40.787  -25.077  25.709 0.0000000000
98391  -39.157  -24.758  24.358 0.0000000000
45309  -35.807  -25.553  28.298 0.0000000000
45333  -35.526  -24.891  27.624 0.0000000000
46213  -36.081  -24.526  27.077 0.0000000000
46231  -36.645  -24.505  26.418 0.0000000000
46252  -37.223  -24.614  25.805 0.0000000000
46270  -37.393  -24.474  24.465 0.0000000000
46288  -37.723  -24.287  23.714 0.0000000000
47071  -38.088  -23.793  22.934 0.0000000000
32937  -24.613  -40.675  48.423 0.0000000000
34702  -23.145  -38.821  39.141 0.0000000000
34717  -23.624  -38.290  38.614 0.0000000000
33924  -23.845  -39.319  39.749 0.0000000000
33908  -25.265  -39.638  40.314 0.0000000000
33025  -26.053  -40.509  41.449 0.0000000000
33010  -27.168  -40.821  42.286 0.0000000000
37287  -27.208  -34.896  36.480 0.0000000000
37270  -27.338  -35.541  37.234 0.0000000000
35528  -27.401  -37.126  38.603 0.0000000000
36348  -29.301  -36.675  39.132 0.0000000000
36355  -28.569  -36.849  38.936 0.0000000000
114424  -27.680  -37.853  39.385 0.0000000000
33911  -28.256  -38.957  40.812 0.0000000000
107433  -28.257  -39.952  42.041 0.0000000000
32995  -28.211  -40.529  43.338 0.0000000000
33858  -28.953  -39.799  44.684 0.0000000000
33859  -29.638  -39.240  45.156 0.0000000000
30502  -11.483  -43.667  44.457 0.0000000000
29540  -12.251  -43.918  45.893 0.0000000000
30519  -14.451  -43.462  43.449 0.0000000000
30529  -13.230  -43.148  43.075 0.0000000000
99055  -13.083  -43.696  44.603 0.0000000000
29541  -13.609  -43.953  46.021 0.0000000000
96281  -13.182  -44.133  47.644 0.0000000000
97051  -13.974  -44.373  49.103 0.0000000000
29465  -17.149  -44.153  49.850 0.0000000000
47075  -41.740  -23.696  23.196 0.0000000000
47077  -43.485  -23.654  23.527 0.0000000000
46296  -44.566  -24.032  24.133 0.0000000000
47894  -44.303  -22.163  22.688 0.0000000000
47879  -45.378  -22.947  23.509 0.0000000000
101311  -46.550  -23.860  24.324 0.0000000000
103190  -48.240  -24.306  24.617 0.0000000000
52161  -46.280  -18.063  22.668 0.0000000000
51305  -47.700  -18.648  23.274 0.0000000000
50465  -47.883  -19.628  23.456 0.0000000000
58406  -49.084  -8.680  19.539 0.0000000000
59155  -49.813  -8.229  19.123 0.0000000000
59165  -50.672  -7.917  18.795 0.0000000000
98437  -48.625  -9.042  17.090 0.0000000000
58424  -50.190  -8.505  17.452 0.0000000000
59173  -50.935  -8.064  17.939 0.0000000000
59174  -52.157  -7.698  17.568 0.0000000000
113698  -53.059  -7.597  16.335 0.0000000000
58467  -50.234  -9.039  13.928 0.0000000000
58454  -51.892  -8.656  14.470 0.0000000000
111189  -53.806  -7.582  15.441 0.0000000000
59969  -55.665  -6.817  13.214 0.0000000000
97143  -33.640  -31.371  32.356 0.0000000000
40416  -34.356  -30.966  32.918 0.0000000000
40415  -33.268  -32.075  32.475 0.0000000000
40408  -33.962  -31.861  32.927 0.0000000000
46273  -40.730  -24.730  24.273 0.0000000000
46291  -40.340  -24.388  23.669 0.0000000000
57666  -48.369  -10.072  21.620 0.0000000000
57659  -48.579  -10.342  22.491 0.0000000000
57667  -48.920  -9.905  22.100 0.0000000000
58391  -48.970  -9.609  21.574 0.0000000000
115983  -36.248  -26.927  29.805 0.0000000000
44503  -36.963  -26.552  29.580 0.0000000000
32139  -19.994  -41.792  48.216 0.0000000000
32149  -20.275  -41.467  47.625 0.0000000000
32180  -27.377  -41.224  44.669 0.0000000000
32170  -27.886  -40.814  45.716 0.0000000000
102531  -27.778  -40.993  43.943 0.0000000000
37201  -33.397  -35.213  41.009 0.0000000000
37182  -33.227  -35.311  41.859 0.0000000000
99412  -33.541  -34.977  42.690 0.0000000000
31359  -19.518  -42.012  47.558 0.0000000000
52168  -44.024  -17.998  21.976 0.0000000000
52159  -44.594  -17.411  22.358 0.0000000000
42014  -37.180  -29.876  36.822 0.0000000000
111276  -37.286  -29.282  36.508 0.0000000000
42838  -34.423  -27.873  32.618 0.0000000000
43629  -35.086  -27.712  32.918 0.0000000000
101422  -19.644  -40.397  42.439 0.0000000000
104514  -22.995  -39.832  40.472 0.0000000000
33042  -22.642  -40.088  40.976 0.0000000000
33023  -23.994  -40.469  41.536 0.0000000000
33906  -23.683  -39.773  40.379 0.0000000000
38102  -34.256  -33.876  35.950 0.0000000000
38069  -34.181  -34.366  37.295 0.0000000000
38070  -35.113  -34.192  37.227 0.0000000000
41190  -36.864  -30.494  36.336 0.0000000000
41172  -37.415  -29.977  37.645 0.0000000000
33001  -18.972  -40.681  42.271 0.0000000000
45318  -44.112  -25.467  29.029 0.0000000000
45297  -44.740  -25.528  29.641 0.0000000000
46235  -45.787  -24.667  26.054 0.0000000000
46260  -46.431  -24.584  25.396 0.0000000000
55298  -45.346  -13.628  23.545 0.0000000000
54573  -42.096  -13.857  21.542 0.0000000000
56956  -44.878  -10.840  18.082 0.0000000000
28526  -8.720  -46.159  47.028 0.0000000000
27613  -8.198  -46.637  47.453 0.0000000000
29447  -10.734  -44.782  53.016 0.0000000000
28499  -10.275  -45.405  53.472 0.0000000000
25665  -7.276  -48.341  52.088 0.0000000000
24722  -7.467  -49.051  52.052 0.0000000000
103552  -41.871  -28.122  32.512 0.0000000000
43650  -42.089  -27.409  31.963 0.0000000000
44462  -42.604  -26.597  31.502 0.0000000000
44461  -41.810  -26.796  31.238 0.0000000000
45337  -38.974  -25.219  27.684 0.0000000000
46232  -38.020  -24.912  26.051 0.0000000000
110569  -22.423  -40.345  46.516 0.0000000000
109815  -23.182  -40.330  46.326 0.0000000000
35543  -26.004  -37.010  38.032 0.0000000000
35526  -25.734  -37.551  38.396 0.0000000000
34720  -26.199  -37.933  38.946 0.0000000000
34706  -26.622  -38.408  39.485 0.0000000000
103947  -28.892  -35.348  37.556 0.0000000000
35498  -30.700  -37.740  42.018 0.0000000000
35506  -30.259  -37.851  41.087 0.0000000000
34684  -30.020  -38.314  41.854 0.0000000000
39554  -37.745  -32.694  41.992 0.0000000000
29505  -16.445  -44.375  47.640 0.0000000000
48721  -42.879  -21.806  22.184 0.0000000000
108058  -46.961  -21.230  23.408 0.0000000000
48705  -48.057  -22.141  24.082 0.0000000000
52928  -48.540  -16.496  24.186 0.0000000000
52139  -48.908  -17.303  24.164 0.0000000000
58420  -46.921  -9.671  17.275 0.0000000000
58444  -49.402  -9.395  15.311 0.0000000000
58445  -50.489  -9.248  15.287 0.0000000000
59221  -51.679  -8.121  12.862 0.0000000000
59212  -54.819  -7.346  14.237 0.0000000000
41243  -34.409  -29.883  32.738 0.0000000000
38923  -32.162  -33.050  32.758 0.0000000000
38875  -33.908  -33.621  35.209 0.0000000000
38900  -34.329  -33.119  34.685 0.0000000000
38877  -35.387  -33.155  35.759 0.0000000000
39637  -35.349  -32.118  34.747 0.0000000000
104997  -42.115  -25.032  26.241 0.0000000000
45362  -42.688  -25.094  26.847 0.0000000000
46256  -43.127  -24.730  25.245 0.0000000000
46257  -43.939  -24.599  25.150 0.0000000000
46276  -43.449  -24.465  24.576 0.0000000000
56894  -49.107  -10.911  24.280 0.0000000000
56881  -49.030  -11.461  24.872 0.0000000000
56882  -49.619  -10.994  25.036 0.0000000000
59148  -51.579  -7.652  20.752 0.0000000000
29519  -10.150  -44.952  46.703 0.0000000000
28538  -9.448  -45.596  46.828 0.0000000000
28528  -10.169  -45.336  47.594 0.0000000000
106268  -37.957  -28.486  32.313 0.0000000000
42854  -38.591  -28.538  31.877 0.0000000000
43667  -39.148  -27.290  30.768 0.0000000000
43647  -38.942  -28.066  31.313 0.0000000000
44483  -39.581  -26.553  30.351 0.0000000000
45290  -37.942  -25.558  28.881 0.0000000000
101768  -37.816  -25.262  28.293 0.0000000000
45335  -37.257  -24.970  27.894 0.0000000000
32969  -24.658  -40.741  45.812 0.0000000000
99178  -25.831  -36.619  37.521 0.0000000000
36386  -26.472  -35.950  37.244 0.0000000000
36327  -32.253  -36.252  41.564 0.0000000000
102424  -31.657  -36.333  40.214 0.0000000000
36279  -32.583  -35.846  44.389 0.0000000000
31394  -17.762  -42.558  43.612 0.0000000000
30522  -17.034  -43.233  43.692 0.0000000000
31383  -17.586  -42.930  44.303 0.0000000000
31366  -17.900  -43.167  46.088 0.0000000000
30480  -17.762  -43.543  46.984 0.0000000000
30471  -17.718  -43.714  47.829 0.0000000000
96323  -43.024  -19.733  21.503 0.0000000000
49592  -43.483  -20.217  21.745 0.0000000000
50483  -43.708  -19.347  21.685 0.0000000000
115836  -45.183  -19.064  22.163 0.0000000000
103444  -45.042  -19.729  22.198 0.0000000000
50473  -45.756  -19.386  22.376 0.0000000000
50474  -46.431  -19.823  22.718 0.0000000000
60651  -50.971  -6.946  12.577 0.0000000000
60662  -52.370  -6.393  11.651 0.0000000000
29474  -13.360  -44.358  49.705 0.0000000000
96640  -12.271  -44.781  53.636 0.0000000000
103187  -38.752  -28.060  38.101 0.0000000000
42792  -38.159  -28.470  35.768 0.0000000000
42034  -35.873  -29.326  34.295 0.0000000000
42823  -36.281  -28.035  33.689 0.0000000000
115278  -37.378  -28.240  32.912 0.0000000000
32166  -19.976  -40.840  45.530 0.0000000000
32992  -20.402  -40.374  43.538 0.0000000000
32978  -20.649  -40.444  44.392 0.0000000000
96713  -22.020  -40.465  44.018 0.0000000000
33041  -20.884  -40.027  41.295 0.0000000000
105464  -22.668  -40.456  42.379 0.0000000000
33006  -22.994  -40.600  43.040 0.0000000000
96445  -22.783  -40.606  43.807 0.0000000000
32994  -23.714  -40.839  43.419 0.0000000000
32199  -25.046  -41.178  42.720 0.0000000000
32200  -25.878  -41.353  42.731 0.0000000000
38099  -30.174  -34.460  35.877 0.0000000000
38897  -31.962  -33.810  34.154 0.0000000000
38896  -31.060  -33.948  34.072 0.0000000000
38082  -32.352  -34.429  36.709 0.0000000000
38052  -31.816  -34.794  38.003 0.0000000000
38053  -32.667  -34.625  38.082 0.0000000000
38055  -34.483  -34.588  38.726 0.0000000000
38038  -33.789  -34.656  39.097 0.0000000000
38024  -33.927  -34.733  39.842 0.0000000000
38025  -34.729  -34.674  40.110 0.0000000000
38041  -36.411  -34.397  39.710 0.0000000000
38844  -37.519  -33.319  39.629 0.0000000000
39612  -36.012  -32.817  36.187 0.0000000000
38869  -36.288  -33.204  36.842 0.0000000000
40367  -37.359  -31.679  37.869 0.0000000000
39594  -37.450  -32.433  38.424 0.0000000000
41144  -37.934  -30.840  40.327 0.0000000000
41155  -37.833  -30.790  39.447 0.0000000000
42004  -37.674  -29.206  38.099 0.0000000000
41997  -37.878  -29.083  39.112 0.0000000000
32195  -17.681  -42.192  41.957 0.0000000000
32174  -18.876  -41.426  44.370 0.0000000000
45250  -45.130  -25.620  32.003 0.0000000000
45262  -45.764  -25.496  31.371 0.0000000000
45279  -46.561  -25.335  30.602 0.0000000000
45300  -47.276  -25.086  29.845 0.0000000000
45342  -44.120  -25.122  27.368 0.0000000000
45343  -44.903  -25.074  27.513 0.0000000000
46216  -46.796  -24.730  27.164 0.0000000000
46200  -46.949  -24.803  28.049 0.0000000000
46201  -47.828  -24.662  28.414 0.0000000000
97142  -48.587  -24.355  28.057 0.0000000000
46239  -49.608  -24.680  26.411 0.0000000000
52947  -43.885  -15.482  22.918 0.0000000000
53766  -44.642  -15.918  23.069 0.0000000000
53759  -46.336  -14.949  23.960 0.0000000000
98831  -46.173  -15.735  23.530 0.0000000000
53747  -47.637  -14.976  24.389 0.0000000000
55300  -46.934  -12.810  24.135 0.0000000000
102397  -47.531  -13.020  24.632 0.0000000000
99580  -48.847  -14.243  25.281 0.0000000000
25682  -5.471  -48.964  49.740 0.0000000000
25681  -4.559  -48.804  49.379 0.0000000000
48734  -39.937  -21.484  21.150 0.0000000000
49605  -40.390  -20.798  20.854 0.0000000000
49606  -40.830  -19.962  20.623 0.0000000000
52176  -42.139  -17.613  21.205 0.0000000000
52954  -41.928  -16.129  21.628 0.0000000000
97450  -43.551  -13.362  22.289 0.0000000000
56132  -44.048  -12.118  20.049 0.0000000000
56116  -43.291  -12.630  20.310 0.0000000000
55322  -44.197  -12.636  21.840 0.0000000000
56118  -44.683  -12.089  21.106 0.0000000000
56931  -45.840  -11.215  20.413 0.0000000000
57672  -46.579  -10.634  19.978 0.0000000000
57679  -47.138  -10.099  19.569 0.0000000000
57684  -45.786  -10.450  18.109 0.0000000000
27612  -6.917  -47.132  47.664 0.0000000000
29473  -11.808  -44.403  49.563 0.0000000000
113507  -10.068  -45.136  51.280 0.0000000000
28514  -10.571  -45.128  49.404 0.0000000000
28498  -9.455  -45.786  53.353 0.0000000000
27588  -7.858  -46.953  51.829 0.0000000000
28501  -8.296  -46.514  52.286 0.0000000000
98286  -8.489  -46.589  50.924 0.0000000000
102792  -8.315  -47.106  48.834 0.0000000000
99600  -7.945  -47.344  49.842 0.0000000000
110189  -7.054  -48.332  51.454 0.0000000000
23783  -7.025  -49.873  51.108 0.0000000000
44425  -45.649  -26.089  36.103 0.0000000000
43571  -40.653  -27.184  38.875 0.0000000000
42772  -39.807  -27.935  37.264 0.0000000000
42784  -40.994  -28.210  36.303 0.0000000000
43593  -41.819  -27.675  36.645 0.0000000000
42827  -40.448  -29.189  33.324 0.0000000000
104966  -42.160  -28.605  33.915 0.0000000000
42796  -42.720  -27.879  35.274 0.0000000000
43610  -43.417  -27.503  34.801 0.0000000000
102488  -44.724  -25.959  32.894 0.0000000000
44487  -43.060  -25.899  31.025 0.0000000000
44506  -40.061  -25.927  29.873 0.0000000000
45293  -40.608  -25.587  29.245 0.0000000000
45315  -41.352  -25.382  28.600 0.0000000000
111634  -42.306  -25.437  28.715 0.0000000000
45339  -41.459  -25.243  27.786 0.0000000000
105680  -39.450  -25.005  25.118 0.0000000000
111251  -39.700  -24.896  24.632 0.0000000000
107856  -34.722  -24.919  27.534 0.0000000000
46214  -36.878  -24.721  27.142 0.0000000000
46230  -35.901  -24.224  26.281 0.0000000000
46251  -36.539  -24.342  25.613 0.0000000000
46269  -36.556  -24.243  24.659 0.0000000000
97541  -37.092  -24.492  25.127 0.0000000000
46289  -38.631  -24.352  23.652 0.0000000000
32150  -20.723  -40.964  47.021 0.0000000000
109630  -21.352  -40.616  46.802 0.0000000000
32935  -23.071  -40.399  48.575 0.0000000000
97094  -24.472  -40.338  47.615 0.0000000000
34718  -24.484  -38.255  38.721 0.0000000000
35524  -24.049  -37.778  38.185 0.0000000000
33925  -24.707  -39.232  39.771 0.0000000000
33907  -24.458  -39.715  40.331 0.0000000000
100183  -26.913  -39.527  40.630 0.0000000000
33889  -26.494  -39.972  41.012 0.0000000000
33026  -26.841  -40.451  41.601 0.0000000000
33027  -27.605  -40.232  41.792 0.0000000000
36370  -27.744  -36.003  37.838 0.0000000000
98329  -27.071  -36.124  37.644 0.0000000000
101277  -28.053  -36.604  38.434 0.0000000000
95934  -29.895  -36.175  38.981 0.0000000000
35504  -28.981  -37.783  40.038 0.0000000000
35515  -28.768  -37.334  39.451 0.0000000000
35529  -27.969  -37.348  39.089 0.0000000000
34708  -28.215  -37.969  39.753 0.0000000000
34694  -27.874  -38.644  40.248 0.0000000000
33892  -28.812  -39.457  41.934 0.0000000000
33880  -28.672  -39.911  42.733 0.0000000000
33011  -27.919  -40.474  42.504 0.0000000000
32984  -28.391  -40.440  44.237 0.0000000000
33869  -28.786  -39.931  43.691 0.0000000000
107506  -29.893  -38.703  44.491 0.0000000000
35478  -30.804  -37.577  44.316 0.0000000000
110452  -31.041  -37.679  45.151 0.0000000000
38016  -35.849  -34.458  41.248 0.0000000000
30488  -11.578  -43.906  45.411 0.0000000000
109804  -12.297  -43.781  45.007 0.0000000000
30521  -16.141  -43.509  43.514 0.0000000000
30532  -15.701  -43.297  42.804 0.0000000000
30505  -14.851  -43.706  44.101 0.0000000000
30518  -13.751  -43.382  43.444 0.0000000000
30504  -13.937  -43.641  44.176 0.0000000000
99833  -13.158  -43.472  43.769 0.0000000000
29523  -14.278  -44.136  46.531 0.0000000000
29522  -13.470  -44.053  46.862 0.0000000000
29486  -13.650  -44.270  48.343 0.0000000000
29487  -14.516  -44.415  48.416 0.0000000000
30455  -17.700  -43.809  49.642 0.0000000000
29490  -17.109  -44.201  49.059 0.0000000000
46157  -48.762  -24.355  33.072 0.0000000000
47089  -40.341  -23.323  22.622 0.0000000000
47090  -41.199  -23.233  22.668 0.0000000000
47092  -43.083  -23.134  22.975 0.0000000000
99181  -44.308  -23.628  23.688 0.0000000000
48723  -44.594  -21.353  22.455 0.0000000000
47895  -45.091  -21.892  22.850 0.0000000000
47880  -46.135  -22.489  23.541 0.0000000000
113685  -45.447  -22.333  23.230 0.0000000000
47079  -45.959  -23.344  23.919 0.0000000000
46280  -47.179  -24.397  24.797 0.0000000000
47059  -47.442  -23.821  24.340 0.0000000000
101744  -48.939  -23.582  24.273 0.0000000000
52160  -46.072  -17.202  22.968 0.0000000000
102502  -45.463  -17.723  22.498 0.0000000000
52148  -46.866  -17.584  23.061 0.0000000000
50450  -48.887  -19.734  24.133 0.0000000000
58405  -48.504  -9.302  20.086 0.0000000000
58412  -48.268  -9.155  19.154 0.0000000000
58413  -49.061  -8.605  18.660 0.0000000000
58414  -49.943  -8.309  18.298 0.0000000000
58434  -48.086  -9.328  16.335 0.0000000000
113158  -50.408  -8.745  16.720 0.0000000000
101644  -49.572  -8.887  16.890 0.0000000000
59183  -53.869  -7.805  16.493 0.0000000000
59190  -53.478  -7.630  15.881 0.0000000000
59210  -50.799  -8.557  13.412 0.0000000000
59209  -49.692  -8.622  13.628 0.0000000000
58453  -50.864  -9.160  14.512 0.0000000000
59191  -54.381  -7.898  15.751 0.0000000000
59968  -54.654  -6.906  13.022 0.0000000000
40410  -34.966  -30.989  33.738 0.0000000000
39646  -32.960  -32.805  32.932 0.0000000000
39647  -33.628  -32.487  33.211 0.0000000000
39636  -34.677  -32.526  34.347 0.0000000000
113966  -34.459  -32.257  33.820 0.0000000000
111342  -41.804  -24.870  24.961 0.0000000000
46274  -41.563  -24.678  24.360 0.0000000000
56919  -46.830  -11.119  21.649 0.0000000000
57658  -47.960  -10.599  22.174 0.0000000000
58382  -50.122  -9.499  23.205 0.0000000000
95929  -50.384  -8.932  22.491 0.0000000000
59127  -51.229  -8.250  22.343 0.0000000000
58393  -50.215  -8.723  21.663 0.0000000000
58399  -50.023  -8.507  20.777 0.0000000000
30487  -10.931  -43.894  45.041 0.0000000000
29556  -10.135  -44.133  45.111 0.0000000000
29538  -10.883  -44.170  45.714 0.0000000000
96096  -10.852  -44.440  46.496 0.0000000000
100612  -10.825  -44.689  47.298 0.0000000000
43665  -37.267  -27.582  30.822 0.0000000000
44522  -37.350  -25.874  29.140 0.0000000000
31343  -19.648  -42.381  49.644 0.0000000000
32178  -25.703  -41.512  44.310 0.0000000000
32168  -26.055  -41.362  45.277 0.0000000000
32158  -27.276  -40.891  46.597 0.0000000000
100449  -28.547  -40.340  45.220 0.0000000000
98292  -32.864  -35.232  39.919 0.0000000000
36350  -32.264  -35.664  39.919 0.0000000000
37221  -32.843  -35.515  40.515 0.0000000000
36311  -32.103  -36.218  42.484 0.0000000000
37181  -32.651  -35.780  42.132 0.0000000000
37167  -33.105  -35.277  43.580 0.0000000000
31367  -18.638  -42.504  46.317 0.0000000000
30481  -18.284  -42.990  46.810 0.0000000000
31350  -18.896  -42.726  48.015 0.0000000000
51326  -44.126  -18.700  21.843 0.0000000000
51315  -45.678  -18.588  22.360 0.0000000000
42769  -37.861  -28.718  37.478 0.0000000000
98441  -35.322  -28.574  33.522 0.0000000000
42805  -35.906  -28.553  33.976 0.0000000000
115849  -36.090  -27.708  33.149 0.0000000000
43630  -36.381  -27.639  32.477 0.0000000000
32186  -19.029  -40.976  43.635 0.0000000000
32991  -19.655  -40.570  43.625 0.0000000000
103031  -19.835  -40.399  43.073 0.0000000000
33888  -21.796  -40.036  41.067 0.0000000000
33022  -23.135  -40.356  41.631 0.0000000000
33024  -24.788  -40.513  41.409 0.0000000000
38874  -33.130  -33.864  35.045 0.0000000000
38083  -33.049  -34.289  36.428 0.0000000000
38068  -33.135  -34.439  37.242 0.0000000000
38040  -35.406  -34.594  39.433 0.0000000000
38056  -35.281  -34.524  38.640 0.0000000000
99467  -36.596  -33.917  38.266 0.0000000000
39621  -36.261  -31.995  35.992 0.0000000000
104612  -37.491  -30.821  38.007 0.0000000000
32196  -18.406  -41.338  42.070 0.0000000000
32197  -18.707  -41.111  42.881 0.0000000000
45277  -44.548  -25.569  30.386 0.0000000000
45278  -45.466  -25.543  30.448 0.0000000000
114465  -45.072  -25.554  30.025 0.0000000000
45298  -45.494  -25.503  29.638 0.0000000000
98622  -45.724  -25.384  28.959 0.0000000000
45365  -45.156  -24.786  26.763 0.0000000000
115675  -45.518  -24.922  27.437 0.0000000000
46215  -45.987  -24.743  26.915 0.0000000000
46237  -47.439  -24.710  26.492 0.0000000000
97188  -47.987  -24.750  25.867 0.0000000000
46262  -48.112  -24.652  25.154 0.0000000000
53757  -44.697  -15.018  23.328 0.0000000000
114957  -45.166  -14.363  23.559 0.0000000000
54534  -46.579  -14.181  24.180 0.0000000000
107950  -48.556  -12.087  25.075 0.0000000000
56081  -48.297  -12.809  25.116 0.0000000000
59168  -53.583  -7.861  18.382 0.0000000000
53771  -41.559  -15.174  21.683 0.0000000000
55334  -42.624  -13.286  21.065 0.0000000000
56929  -44.590  -11.797  19.966 0.0000000000
56930  -45.020  -11.700  20.441 0.0000000000
56949  -45.363  -10.914  18.786 0.0000000000
105382  -7.502  -46.774  47.321 0.0000000000
110642  -11.278  -44.509  51.398 0.0000000000
99955  -10.680  -44.678  51.940 0.0000000000
26583  -8.674  -46.973  53.480 0.0000000000
27579  -7.857  -47.148  52.662 0.0000000000
97449  -7.444  -47.699  51.906 0.0000000000
25664  -6.939  -48.798  51.322 0.0000000000
112085  -7.405  -49.513  51.541 0.0000000000
42793  -39.548  -28.498  35.941 0.0000000000
111516  -40.325  -28.591  35.789 0.0000000000
42794  -40.926  -28.762  35.245 0.0000000000
42844  -41.290  -28.692  32.777 0.0000000000
43618  -42.669  -28.049  33.447 0.0000000000
43619  -43.338  -27.567  33.826 0.0000000000
43633  -43.158  -27.400  32.995 0.0000000000
110144  -43.616  -26.661  32.556 0.0000000000
108203  -39.713  -25.277  27.769 0.0000000000
45338  -40.356  -25.242  27.463 0.0000000000
32954  -21.642  -40.458  46.134 0.0000000000
32943  -22.962  -40.218  47.411 0.0000000000
32944  -23.833  -40.286  48.119 0.0000000000
32939  -26.271  -40.993  48.238 0.0000000000
32938  -25.593  -40.900  48.296 0.0000000000
36368  -25.004  -36.722  37.370 0.0000000000
35541  -24.497  -37.274  37.764 0.0000000000
34719  -25.352  -38.132  38.832 0.0000000000
33926  -25.531  -39.092  39.807 0.0000000000
33927  -26.216  -38.893  39.820 0.0000000000
37288  -28.676  -34.977  37.032 0.0000000000
35517  -30.209  -37.394  40.365 0.0000000000
35505  -29.564  -37.883  40.504 0.0000000000
34683  -29.409  -38.867  41.867 0.0000000000
111042  -29.272  -39.247  42.598 0.0000000000
99160  -29.615  -38.960  43.409 0.0000000000
30493  -16.566  -43.857  45.164 0.0000000000
30506  -15.648  -43.746  44.135 0.0000000000
30492  -15.858  -43.953  44.871 0.0000000000
102571  -15.084  -44.219  46.133 0.0000000000
98919  -15.013  -44.335  46.958 0.0000000000
111290  -15.118  -44.452  47.768 0.0000000000
30439  -18.367  -43.443  51.412 0.0000000000
47891  -41.608  -22.602  22.324 0.0000000000
109528  -41.895  -23.115  22.677 0.0000000000
47892  -42.481  -22.629  22.505 0.0000000000
48715  -46.455  -21.756  23.363 0.0000000000
47870  -47.632  -22.971  24.130 0.0000000000
47871  -48.440  -22.939  24.197 0.0000000000
52149  -47.556  -17.273  23.394 0.0000000000
58411  -47.704  -9.419  18.659 0.0000000000
58437  -51.149  -8.744  16.112 0.0000000000
60640  -50.258  -6.991  13.071 0.0000000000
59965  -50.781  -7.737  12.866 0.0000000000
98018  -54.426  -7.503  14.667 0.0000000000
104901  -56.096  -6.646  12.668 0.0000000000
41208  -36.623  -30.194  35.617 0.0000000000
42821  -34.894  -28.291  33.143 0.0000000000
33905  -21.123  -39.470  40.198 0.0000000000
38910  -31.639  -33.542  33.377 0.0000000000
38898  -32.840  -33.624  34.249 0.0000000000
38867  -34.998  -33.676  36.129 0.0000000000
38085  -35.262  -33.879  36.680 0.0000000000
39620  -35.687  -32.458  35.499 0.0000000000
40389  -36.459  -31.056  35.844 0.0000000000
102499  -42.832  -25.363  28.119 0.0000000000
101709  -43.679  -25.355  28.171 0.0000000000
45341  -43.226  -25.213  27.453 0.0000000000
45376  -42.900  -24.905  26.039 0.0000000000
45364  -44.336  -24.809  26.466 0.0000000000
45378  -44.334  -24.655  25.671 0.0000000000
46258  -44.731  -24.560  25.125 0.0000000000
55323  -45.298  -12.427  22.632 0.0000000000
55311  -45.642  -12.832  23.326 0.0000000000
56089  -47.006  -12.158  23.766 0.0000000000
56892  -47.595  -11.550  23.552 0.0000000000
56073  -49.606  -11.992  25.858 0.0000000000
59128  -52.460  -7.787  22.787 0.0000000000
59929  -52.237  -7.415  20.142 0.0000000000
59157  -51.454  -7.642  19.384 0.0000000000
29517  -8.798  -45.004  45.706 0.0000000000
98030  -38.858  -28.908  33.388 0.0000000000
42842  -39.593  -29.055  32.784 0.0000000000
43648  -40.694  -27.736  31.515 0.0000000000
44460  -40.977  -26.935  31.082 0.0000000000
45312  -38.489  -25.331  28.358 0.0000000000
45357  -37.685  -24.904  27.047 0.0000000000
32968  -23.763  -40.614  45.542 0.0000000000
32956  -25.016  -40.511  46.880 0.0000000000
32957  -25.871  -40.682  47.132 0.0000000000
32946  -26.147  -40.751  47.955 0.0000000000
36384  -24.632  -36.219  36.869 0.0000000000
98875  -30.640  -35.425  38.395 0.0000000000
36357  -30.656  -35.912  39.074 0.0000000000
112452  -31.019  -36.377  39.749 0.0000000000
36339  -30.929  -36.957  40.409 0.0000000000
35507  -30.949  -37.378  41.169 0.0000000000
35490  -31.077  -37.234  42.679 0.0000000000
35479  -31.271  -36.961  43.740 0.0000000000
36292  -31.929  -36.258  43.564 0.0000000000
36278  -31.938  -36.544  44.558 0.0000000000
31393  -16.551  -43.153  42.799 0.0000000000
30463  -17.712  -43.797  48.712 0.0000000000
30456  -18.347  -43.384  49.338 0.0000000000
48738  -43.193  -21.009  21.915 0.0000000000
49582  -44.020  -20.781  22.117 0.0000000000
49583  -44.848  -20.526  22.295 0.0000000000
49584  -46.128  -20.563  22.751 0.0000000000
49574  -46.720  -20.535  23.077 0.0000000000
49575  -47.467  -20.527  23.416 0.0000000000
100490  -46.059  -9.497  15.905 0.0000000000
58442  -47.494  -9.358  15.542 0.0000000000
59966  -52.280  -7.606  12.355 0.0000000000
59976  -53.896  -6.827  11.986 0.0000000000
60663  -53.291  -6.227  11.385 0.0000000000
29485  -12.823  -44.222  48.410 0.0000000000
97437  -12.631  -44.301  49.260 0.0000000000
111153  -12.282  -44.471  52.530 0.0000000000
42771  -38.910  -28.155  37.323 0.0000000000
42782  -38.159  -28.430  36.954 0.0000000000
114172  -38.654  -28.388  36.346 0.0000000000
42825  -38.053  -28.529  34.082 0.0000000000
109097  -36.723  -29.368  35.359 0.0000000000
42790  -36.889  -28.766  35.134 0.0000000000
42806  -36.590  -28.488  34.333 0.0000000000
97783  -38.023  -28.588  33.143 0.0000000000
43646  -36.834  -27.719  31.610 0.0000000000
100947  -19.935  -41.413  46.836 0.0000000000
111650  -20.805  -40.555  45.407 0.0000000000
32966  -21.712  -40.430  45.298 0.0000000000
33019  -20.177  -40.193  41.895 0.0000000000
33004  -21.153  -40.365  42.964 0.0000000000
116446  -21.552  -40.229  41.685 0.0000000000
33005  -21.790  -40.358  42.346 0.0000000000
32177  -24.877  -41.329  44.149 0.0000000000
32198  -24.328  -40.948  42.807 0.0000000000
32187  -24.595  -41.186  43.413 0.0000000000
32189  -26.229  -41.548  43.551 0.0000000000
38116  -28.566  -34.140  34.926 0.0000000000
111254  -28.688  -34.410  35.765 0.0000000000
97092  -29.269  -34.604  36.347 0.0000000000
38065  -30.517  -34.804  37.196 0.0000000000
100838  -31.779  -34.269  35.485 0.0000000000
38100  -31.039  -34.386  35.620 0.0000000000
38080  -30.828  -34.551  36.434 0.0000000000
37274  -30.987  -34.980  37.897 0.0000000000
37257  -32.999  -34.708  38.849 0.0000000000
37240  -32.574  -35.099  39.373 0.0000000000
38015  -34.874  -34.645  40.992 0.0000000000
38027  -36.571  -34.367  40.620 0.0000000000
38017  -36.653  -34.191  41.376 0.0000000000
38835  -37.207  -34.005  40.978 0.0000000000
39561  -37.839  -32.739  41.039 0.0000000000
38860  -35.818  -33.819  37.073 0.0000000000
38861  -36.466  -33.602  37.566 0.0000000000
39593  -37.066  -33.233  38.162 0.0000000000
111097  -37.163  -32.462  37.784 0.0000000000
38853  -37.429  -33.129  38.877 0.0000000000
39569  -37.781  -32.627  40.116 0.0000000000
99157  -38.051  -30.935  41.368 0.0000000000
31404  -16.843  -42.815  42.008 0.0000000000
105241  -18.227  -41.732  42.662 0.0000000000
32185  -18.407  -41.744  43.518 0.0000000000
103679  -46.533  -25.000  33.247 0.0000000000
45264  -47.470  -24.793  31.516 0.0000000000
46177  -48.501  -24.253  31.419 0.0000000000
45319  -46.278  -25.152  28.560 0.0000000000
100737  -47.994  -24.697  29.313 0.0000000000
46189  -48.991  -24.098  29.769 0.0000000000
46218  -48.978  -24.404  27.377 0.0000000000
52937  -45.910  -16.417  23.194 0.0000000000
52939  -47.707  -16.474  23.757 0.0000000000
53749  -48.978  -15.777  24.757 0.0000000000
55299  -46.185  -13.369  23.938 0.0000000000
54535  -47.336  -14.239  24.466 0.0000000000
55293  -47.990  -13.641  24.949 0.0000000000
53748  -48.467  -15.018  24.773 0.0000000000
26615  -5.021  -48.558  49.348 0.0000000000
47072  -39.060  -23.891  23.078 0.0000000000
47073  -39.911  -23.880  23.138 0.0000000000
47088  -39.481  -23.378  22.560 0.0000000000
47908  -39.454  -22.174  21.484 0.0000000000
47910  -41.214  -22.025  21.851 0.0000000000
48736  -41.616  -21.368  21.571 0.0000000000
49591  -41.220  -20.734  21.166 0.0000000000
111226  -41.930  -20.783  21.410 0.0000000000
50492  -42.343  -19.597  21.268 0.0000000000
51334  -41.500  -18.559  20.696 0.0000000000
51335  -42.170  -18.830  21.123 0.0000000000
51324  -42.698  -18.205  21.367 0.0000000000
52167  -43.315  -17.726  21.746 0.0000000000
97388  -43.024  -16.964  21.946 0.0000000000
52955  -42.354  -16.911  21.586 0.0000000000
52956  -43.433  -16.274  22.394 0.0000000000
54560  -42.760  -14.530  22.376 0.0000000000
54549  -43.402  -14.635  22.790 0.0000000000
55309  -43.755  -13.920  22.894 0.0000000000
55335  -43.390  -12.954  21.427 0.0000000000
103208  -44.696  -12.664  22.463 0.0000000000
56107  -45.689  -11.844  22.046 0.0000000000
56918  -46.150  -11.363  21.402 0.0000000000
57673  -48.013  -9.903  20.713 0.0000000000
57686  -47.038  -9.886  18.756 0.0000000000
57696  -46.595  -9.964  18.011 0.0000000000
57702  -45.631  -9.905  16.610 0.0000000000
29501  -11.458  -44.482  47.894 0.0000000000
97064  -11.081  -44.690  49.895 0.0000000000
28521  -10.479  -45.253  48.517 0.0000000000
28520  -9.815  -45.810  48.344 0.0000000000
27607  -9.183  -46.372  48.268 0.0000000000
28497  -8.762  -46.063  52.862 0.0000000000
28508  -9.306  -45.830  51.047 0.0000000000
27592  -9.191  -46.182  50.107 0.0000000000
105221  -8.882  -46.679  48.773 0.0000000000
26617  -7.152  -47.819  49.404 0.0000000000
24728  -5.931  -49.519  49.998 0.0000000000
24729  -6.657  -49.390  50.820 0.0000000000
44427  -46.778  -26.105  35.513 0.0000000000
45233  -46.661  -25.629  35.292 0.0000000000
111897  -40.531  -27.859  37.031 0.0000000000
97572  -39.980  -29.241  34.090 0.0000000000
42811  -41.554  -28.805  34.547 0.0000000000
42828  -41.392  -28.976  33.644 0.0000000000
44433  -44.743  -26.268  35.065 0.0000000000
44439  -43.987  -26.920  34.358 0.0000000000
44434  -45.437  -25.716  34.699 0.0000000000
116284  -45.892  -25.342  34.136 0.0000000000
44450  -45.266  -25.599  32.738 0.0000000000
44464  -43.930  -25.704  31.183 0.0000000000
45296  -43.405  -25.521  29.638 0.0000000000
44485  -41.405  -26.315  30.568 0.0000000000
45274  -41.861  -25.721  29.988 0.0000000000
45294  -41.325  -25.605  29.418 0.0000000000
45340  -41.893  -25.179  27.149 0.0000000000
45361  -41.328  -25.102  26.417 0.0000000000
45360  -40.519  -25.180  26.585 0.0000000000
46253  -40.239  -24.977  24.937 0.0000000000
46272  -39.945  -24.748  24.211 0.0000000000
44520  -35.647  -26.333  28.952 0.0000000000
45310  -36.651  -25.314  28.302 0.0000000000
45334  -36.367  -24.915  27.760 0.0000000000
111063  -37.287  -24.727  26.496 0.0000000000
115240  -37.758  -24.718  25.135 0.0000000000
113654  -36.992  -24.251  23.922 0.0000000000
46271  -38.220  -24.633  24.373 0.0000000000
32151  -20.887  -41.111  47.843 0.0000000000
32942  -21.522  -40.706  47.646 0.0000000000
33936  -22.363  -38.598  38.819 0.0000000000
33045  -24.984  -40.147  40.823 0.0000000000
107649  -25.399  -40.442  41.295 0.0000000000
33046  -25.722  -40.048  40.869 0.0000000000
33009  -26.360  -40.934  42.132 0.0000000000
105662  -27.496  -41.031  43.068 0.0000000000
114179  -26.789  -35.417  36.909 0.0000000000
106845  -27.923  -35.063  36.967 0.0000000000
36354  -27.242  -36.615  38.107 0.0000000000
36356  -29.330  -36.032  38.536 0.0000000000
98469  -28.780  -36.398  38.595 0.0000000000
35514  -27.124  -37.755  39.076 0.0000000000
34707  -27.415  -38.281  39.661 0.0000000000
33910  -27.580  -39.266  40.693 0.0000000000
33891  -28.106  -39.552  41.353 0.0000000000
33845  -29.263  -39.817  45.713 0.0000000000
34661  -30.526  -38.113  44.911 0.0000000000
29521  -12.205  -44.025  46.724 0.0000000000
30520  -15.291  -43.531  43.456 0.0000000000
30490  -13.747  -43.827  45.128 0.0000000000
30489  -12.969  -43.837  45.516 0.0000000000
99058  -12.874  -43.935  46.362 0.0000000000
96949  -12.788  -44.032  47.058 0.0000000000
30448  -17.572  -43.848  50.696 0.0000000000
46293  -42.100  -24.288  23.832 0.0000000000
47076  -42.629  -23.722  23.401 0.0000000000
46294  -42.997  -24.200  23.970 0.0000000000
46295  -43.855  -24.096  24.058 0.0000000000
46278  -45.188  -24.258  24.531 0.0000000000
102746  -44.831  -22.582  23.140 0.0000000000
47878  -44.740  -23.178  23.458 0.0000000000
47078  -45.142  -23.660  23.896 0.0000000000
47058  -45.794  -23.913  24.279 0.0000000000
46279  -46.130  -24.315  24.719 0.0000000000
112218  -47.484  -17.957  23.193 0.0000000000
51304  -46.975  -18.396  22.953 0.0000000000
99476  -47.081  -19.219  23.017 0.0000000000
49576  -48.296  -20.518  23.892 0.0000000000
49565  -49.105  -20.584  24.349 0.0000000000
48706  -48.802  -21.417  24.249 0.0000000000
102898  -49.223  -8.860  20.397 0.0000000000
59146  -49.864  -8.315  19.949 0.0000000000
59156  -50.577  -7.919  19.602 0.0000000000
58433  -47.250  -9.459  16.467 0.0000000000
59166  -51.721  -7.676  18.519 0.0000000000
59167  -52.828  -7.507  18.383 0.0000000000
59175  -53.164  -7.579  17.702 0.0000000000
59182  -53.112  -7.581  16.974 0.0000000000
59176  -53.690  -7.885  17.416 0.0000000000
58452  -49.804  -9.303  14.505 0.0000000000
58447  -52.655  -8.027  15.224 0.0000000000
59224  -55.207  -7.001  13.731 0.0000000000
27606  -8.553  -46.780  48.150 0.0000000000
103601  -34.923  -34.627  39.048 0.0000000000
110318  -10.513  -45.013  50.278 0.0000000000
114823  -39.491  -27.671  31.131 0.0000000000
116638  -44.818  -25.762  32.389 0.0000000000
