#!ascii label  , from subject sub-v2s7x29668_ses-1 vox2ras=TkReg
321
66155  -23.343  0.552  -27.356 0.0000000000
110570  -20.155  -4.066  -25.219 0.0000000000
63117  -25.349  -3.306  -25.622 0.0000000000
111761  -22.959  -7.629  -25.709 0.0000000000
75307  -24.933  13.573  -24.968 0.0000000000
71903  -25.848  8.966  -24.275 0.0000000000
69163  -20.428  4.915  -27.491 0.0000000000
58061  -21.637  -10.926  -24.848 0.0000000000
61698  -21.014  -5.548  -25.486 0.0000000000
60283  -19.451  -7.327  -24.456 0.0000000000
74070  -25.142  11.360  -24.668 0.0000000000
72667  -21.895  9.483  -26.540 0.0000000000
66129  -20.666  0.308  -26.402 0.0000000000
67664  -19.420  2.558  -25.958 0.0000000000
104566  -21.846  2.520  -27.708 0.0000000000
69154  -23.456  4.979  -26.949 0.0000000000
67678  -24.432  2.238  -26.114 0.0000000000
108738  -25.172  0.242  -25.624 0.0000000000
64633  -18.907  -1.708  -24.384 0.0000000000
63854  -21.567  -1.927  -26.249 0.0000000000
64654  -24.068  -1.656  -26.430 0.0000000000
63842  -22.359  -3.153  -26.054 0.0000000000
61701  -24.238  -5.421  -25.601 0.0000000000
60299  -24.968  -7.047  -25.605 0.0000000000
71283  -19.166  7.349  -26.956 0.0000000000
71298  -22.694  7.035  -27.485 0.0000000000
70568  -26.459  7.126  -24.116 0.0000000000
58816  -19.879  -9.450  -24.368 0.0000000000
58827  -22.315  -9.632  -25.445 0.0000000000
60982  -19.116  -6.721  -24.279 0.0000000000
60270  -18.693  -7.431  -23.852 0.0000000000
73389  -21.623  10.212  -26.144 0.0000000000
72665  -20.488  9.559  -26.854 0.0000000000
104119  -21.384  0.453  -26.818 0.0000000000
66905  -20.979  1.260  -26.884 0.0000000000
66918  -22.234  1.677  -27.672 0.0000000000
115227  -23.199  2.825  -28.014 0.0000000000
66906  -24.075  1.577  -26.900 0.0000000000
66907  -24.715  1.219  -25.879 0.0000000000
66142  -24.350  0.494  -26.525 0.0000000000
63114  -19.589  -3.367  -24.914 0.0000000000
64642  -20.319  -1.519  -25.683 0.0000000000
63841  -21.011  -2.602  -25.948 0.0000000000
112771  -21.758  -2.661  -26.124 0.0000000000
106903  -21.428  -3.278  -25.892 0.0000000000
60992  -21.525  -6.461  -25.530 0.0000000000
61699  -22.056  -5.525  -25.653 0.0000000000
101892  -23.700  -6.237  -25.624 0.0000000000
101891  -24.774  -6.237  -25.578 0.0000000000
60297  -23.729  -7.676  -25.736 0.0000000000
96211  -23.151  13.045  -25.021 0.0000000000
75305  -23.540  13.806  -24.991 0.0000000000
75870  -24.314  13.925  -25.096 0.0000000000
76436  -25.518  15.371  -25.142 0.0000000000
96524  -26.146  13.357  -24.574 0.0000000000
72646  -25.074  9.912  -24.605 0.0000000000
68425  -19.569  3.964  -26.563 0.0000000000
69152  -19.123  4.824  -26.410 0.0000000000
100988  -20.010  6.436  -27.706 0.0000000000
71303  -21.390  7.452  -28.374 0.0000000000
70618  -21.832  6.578  -28.342 0.0000000000
69134  -24.992  4.496  -25.127 0.0000000000
70602  -24.168  6.185  -25.487 0.0000000000
69839  -26.294  5.500  -24.340 0.0000000000
63844  -24.858  -2.298  -25.789 0.0000000000
64656  -25.790  -1.912  -25.539 0.0000000000
103108  -20.703  -10.810  -24.461 0.0000000000
105305  -20.504  -10.033  -24.543 0.0000000000
58817  -20.736  -9.453  -24.825 0.0000000000
58071  -21.956  -10.274  -25.173 0.0000000000
62383  -19.043  -4.724  -24.359 0.0000000000
62392  -20.574  -4.775  -25.367 0.0000000000
61688  -20.092  -5.494  -25.068 0.0000000000
60991  -20.471  -6.270  -25.190 0.0000000000
60295  -21.565  -7.363  -25.508 0.0000000000
74079  -23.433  11.629  -25.249 0.0000000000
115354  -24.765  11.920  -24.846 0.0000000000
109750  -23.651  10.855  -25.246 0.0000000000
102791  -23.368  10.035  -25.423 0.0000000000
71918  -23.467  9.003  -25.516 0.0000000000
66116  -19.303  0.357  -25.087 0.0000000000
66128  -19.551  1.059  -25.622 0.0000000000
67677  -20.600  2.651  -27.035 0.0000000000
69164  -21.407  4.071  -27.707 0.0000000000
106900  -21.850  5.085  -28.095 0.0000000000
68448  -22.880  3.972  -28.207 0.0000000000
69166  -23.703  4.109  -26.829 0.0000000000
103152  -25.587  3.488  -24.879 0.0000000000
103756  -25.405  2.510  -25.154 0.0000000000
56586  -23.267  -12.592  -24.702 0.0000000000
57339  -23.111  -11.294  -25.261 0.0000000000
108686  -19.861  -1.055  -25.352 0.0000000000
65416  -21.340  -0.424  -26.532 0.0000000000
65417  -22.276  -0.677  -26.801 0.0000000000
65419  -23.785  -0.329  -27.057 0.0000000000
64653  -23.225  -1.722  -26.554 0.0000000000
63856  -23.778  -2.256  -26.238 0.0000000000
63116  -24.284  -3.226  -25.808 0.0000000000
62393  -21.508  -4.745  -25.658 0.0000000000
105196  -23.709  -4.632  -25.684 0.0000000000
105195  -24.928  -4.502  -25.596 0.0000000000
61702  -25.253  -5.355  -25.580 0.0000000000
60994  -25.990  -6.108  -25.626 0.0000000000
74681  -26.787  12.936  -24.394 0.0000000000
71944  -20.713  8.567  -28.150 0.0000000000
71946  -21.761  8.269  -28.040 0.0000000000
71271  -23.626  8.058  -25.565 0.0000000000
70612  -22.967  6.241  -27.805 0.0000000000
70586  -23.857  7.115  -25.571 0.0000000000
71257  -26.085  7.994  -24.181 0.0000000000
65420  -24.823  -1.248  -25.896 0.0000000000
65405  -26.685  -1.150  -25.444 0.0000000000
59597  -18.726  -8.341  -23.780 0.0000000000
106155  -19.435  -8.003  -24.345 0.0000000000
106789  -21.100  -8.082  -25.290 0.0000000000
60296  -22.222  -8.046  -25.611 0.0000000000
58073  -23.702  -10.436  -25.478 0.0000000000
58829  -23.830  -9.677  -25.679 0.0000000000
59620  -24.110  -8.386  -25.764 0.0000000000
72664  -19.777  9.399  -26.517 0.0000000000
66154  -22.545  0.780  -27.454 0.0000000000
66140  -21.762  1.027  -27.330 0.0000000000
66919  -23.062  1.460  -27.669 0.0000000000
66920  -23.702  1.118  -27.276 0.0000000000
66156  -23.904  0.304  -27.087 0.0000000000
107237  -19.469  -4.204  -24.742 0.0000000000
63840  -20.167  -2.419  -25.443 0.0000000000
102071  -20.557  -3.286  -25.544 0.0000000000
109690  -21.024  -4.010  -25.618 0.0000000000
105102  -22.355  -7.119  -25.647 0.0000000000
60993  -22.658  -6.290  -25.640 0.0000000000
104463  -23.270  -6.987  -25.659 0.0000000000
75306  -24.119  13.055  -25.043 0.0000000000
75871  -24.977  14.545  -25.118 0.0000000000
75864  -25.831  13.988  -24.767 0.0000000000
75299  -25.498  13.279  -24.741 0.0000000000
72647  -26.269  9.877  -24.141 0.0000000000
110063  -27.067  9.113  -23.890 0.0000000000
68435  -20.297  4.121  -27.216 0.0000000000
69153  -19.735  4.870  -27.085 0.0000000000
69853  -19.251  5.646  -26.906 0.0000000000
69862  -19.852  5.695  -27.468 0.0000000000
70617  -21.211  6.559  -28.167 0.0000000000
69870  -21.493  5.784  -28.100 0.0000000000
69135  -26.280  4.420  -24.493 0.0000000000
69838  -25.415  5.121  -24.704 0.0000000000
102198  -24.921  -2.892  -25.712 0.0000000000
63845  -25.924  -2.667  -25.529 0.0000000000
57329  -21.273  -11.677  -24.555 0.0000000000
103212  -21.174  -10.170  -24.843 0.0000000000
58062  -22.380  -10.940  -25.158 0.0000000000
61687  -19.289  -5.408  -24.525 0.0000000000
60983  -19.905  -6.864  -24.837 0.0000000000
60294  -20.758  -7.118  -25.279 0.0000000000
60284  -20.153  -7.664  -24.865 0.0000000000
74078  -22.451  11.578  -25.355 0.0000000000
73383  -22.942  10.851  -25.474 0.0000000000
72654  -22.449  10.126  -25.833 0.0000000000
72655  -22.668  9.288  -26.016 0.0000000000
72656  -24.176  9.543  -25.042 0.0000000000
105353  -19.947  0.271  -25.790 0.0000000000
66139  -20.185  1.102  -26.287 0.0000000000
66917  -21.468  1.869  -27.426 0.0000000000
66916  -20.921  2.069  -27.156 0.0000000000
67689  -21.164  2.643  -27.425 0.0000000000
68436  -20.778  3.388  -27.348 0.0000000000
68437  -21.405  3.378  -27.615 0.0000000000
109745  -21.828  3.767  -27.843 0.0000000000
67701  -22.195  3.192  -27.934 0.0000000000
101062  -23.846  2.364  -27.133 0.0000000000
67691  -23.508  2.886  -27.689 0.0000000000
68427  -23.940  3.144  -26.760 0.0000000000
68409  -24.376  3.834  -25.824 0.0000000000
68410  -24.641  3.049  -25.672 0.0000000000
67679  -25.194  1.773  -25.401 0.0000000000
66130  -26.155  0.019  -25.330 0.0000000000
97129  -22.782  -13.098  -24.640 0.0000000000
108477  -19.304  -1.010  -24.763 0.0000000000
64634  -19.632  -1.698  -25.069 0.0000000000
64643  -20.792  -1.969  -25.963 0.0000000000
64652  -20.973  -1.298  -26.212 0.0000000000
109763  -21.703  -1.162  -26.460 0.0000000000
104817  -22.424  -1.458  -26.538 0.0000000000
63855  -22.610  -2.303  -26.301 0.0000000000
63843  -23.401  -2.906  -26.067 0.0000000000
110947  -24.275  -2.696  -25.913 0.0000000000
63115  -23.216  -3.780  -25.847 0.0000000000
61700  -23.139  -5.464  -25.656 0.0000000000
105197  -22.570  -4.681  -25.736 0.0000000000
109280  -25.430  -6.492  -25.579 0.0000000000
97160  -25.693  -6.965  -25.540 0.0000000000
108113  -25.502  12.057  -24.628 0.0000000000
74680  -25.848  12.757  -24.579 0.0000000000
98687  -26.448  12.189  -24.369 0.0000000000
66890  -19.181  1.859  -25.454 0.0000000000
71270  -18.608  7.074  -26.002 0.0000000000
108183  -19.322  8.130  -26.894 0.0000000000
71943  -19.778  8.615  -27.185 0.0000000000
71294  -19.738  8.007  -27.566 0.0000000000
71297  -22.136  7.532  -28.348 0.0000000000
71284  -22.387  7.874  -27.212 0.0000000000
71933  -22.844  8.379  -26.209 0.0000000000
71285  -23.066  7.466  -26.386 0.0000000000
69863  -23.070  5.397  -27.960 0.0000000000
70620  -22.691  6.074  -28.298 0.0000000000
69854  -23.250  5.722  -27.075 0.0000000000
112356  -25.808  6.497  -24.371 0.0000000000
102298  -24.763  6.811  -24.867 0.0000000000
71272  -24.460  7.738  -24.958 0.0000000000
71273  -25.410  7.417  -24.469 0.0000000000
71258  -27.156  7.710  -23.912 0.0000000000
105867  -24.168  -1.099  -26.629 0.0000000000
114460  -24.240  -0.737  -26.689 0.0000000000
65404  -25.767  -1.356  -25.495 0.0000000000
113897  -19.305  -9.874  -23.890 0.0000000000
58807  -18.949  -9.177  -23.833 0.0000000000
59609  -19.424  -8.707  -24.249 0.0000000000
58818  -21.494  -9.550  -25.163 0.0000000000
59611  -21.065  -8.913  -25.140 0.0000000000
59618  -21.804  -8.860  -25.408 0.0000000000
59619  -22.717  -8.950  -25.661 0.0000000000
104905  -23.581  -9.063  -25.772 0.0000000000
61674  -18.817  -5.995  -24.068 0.0000000000
60971  -18.401  -6.618  -23.592 0.0000000000
73382  -22.083  10.861  -25.643 0.0000000000
73388  -20.848  10.214  -26.232 0.0000000000
72666  -21.151  9.553  -26.849 0.0000000000
67690  -22.744  2.431  -27.945 0.0000000000
115639  -23.448  2.105  -27.618 0.0000000000
108623  -18.771  -3.171  -24.204 0.0000000000
63833  -19.249  -2.457  -24.662 0.0000000000
107766  -21.993  -3.947  -25.848 0.0000000000
104462  -24.166  -6.994  -25.642 0.0000000000
60298  -24.464  -7.685  -25.665 0.0000000000
74679  -22.192  12.998  -24.829 0.0000000000
75866  -27.453  14.459  -24.587 0.0000000000
73373  -24.809  10.746  -24.739 0.0000000000
74071  -26.059  11.439  -24.376 0.0000000000
113442  -25.651  10.681  -24.416 0.0000000000
69133  -18.596  4.772  -25.690 0.0000000000
69852  -18.761  5.563  -26.146 0.0000000000
70599  -18.906  6.405  -26.566 0.0000000000
70600  -19.440  6.464  -27.291 0.0000000000
71295  -20.503  7.932  -28.154 0.0000000000
70610  -20.576  6.935  -28.050 0.0000000000
71304  -21.983  7.166  -28.519 0.0000000000
69155  -24.032  4.712  -25.994 0.0000000000
69855  -23.736  5.559  -26.199 0.0000000000
69837  -24.578  5.339  -25.389 0.0000000000
99377  -25.129  5.904  -24.771 0.0000000000
64655  -24.896  -1.819  -25.818 0.0000000000
64644  -25.663  -2.258  -25.580 0.0000000000
64645  -26.481  -2.374  -25.512 0.0000000000
58060  -19.919  -10.305  -24.191 0.0000000000
62384  -19.746  -4.793  -24.913 0.0000000000
98335  -19.598  -6.127  -24.694 0.0000000000
74686  -21.864  12.222  -25.021 0.0000000000
96636  -22.767  12.329  -25.195 0.0000000000
114551  -23.566  12.411  -25.135 0.0000000000
74687  -24.177  12.151  -25.014 0.0000000000
74688  -24.947  12.679  -24.862 0.0000000000
74080  -24.282  11.305  -24.981 0.0000000000
73384  -24.192  10.422  -25.013 0.0000000000
72657  -24.854  9.091  -24.671 0.0000000000
66903  -19.754  1.831  -26.125 0.0000000000
66904  -20.412  1.922  -26.675 0.0000000000
67676  -19.982  2.569  -26.534 0.0000000000
68426  -20.173  3.330  -26.866 0.0000000000
98606  -20.889  4.108  -27.533 0.0000000000
69173  -21.196  4.864  -27.790 0.0000000000
69174  -21.861  4.380  -27.964 0.0000000000
69175  -22.412  4.743  -28.177 0.0000000000
69165  -23.305  4.447  -27.749 0.0000000000
68438  -23.193  3.416  -28.075 0.0000000000
68439  -23.486  3.644  -27.652 0.0000000000
68411  -26.908  3.511  -24.558 0.0000000000
106846  -25.804  -3.800  -25.567 0.0000000000
56585  -22.544  -12.528  -24.790 0.0000000000
57330  -22.277  -11.718  -24.929 0.0000000000
65403  -19.629  -0.408  -25.259 0.0000000000
65415  -20.377  -0.617  -25.941 0.0000000000
66141  -22.038  0.159  -27.092 0.0000000000
65431  -22.889  -0.104  -27.222 0.0000000000
65418  -23.297  -0.999  -26.881 0.0000000000
108118  -24.431  -3.879  -25.701 0.0000000000
115529  -25.152  -3.854  -25.599 0.0000000000
105194  -25.938  -4.513  -25.584 0.0000000000
100607  -25.548  -5.947  -25.595 0.0000000000
71917  -19.259  8.715  -26.326 0.0000000000
72678  -20.306  8.932  -27.502 0.0000000000
71931  -21.417  8.919  -27.496 0.0000000000
71955  -21.141  8.171  -28.450 0.0000000000
71945  -21.215  8.491  -28.289 0.0000000000
71932  -22.108  8.677  -26.874 0.0000000000
71919  -24.256  8.644  -25.039 0.0000000000
69871  -22.121  5.702  -28.284 0.0000000000
70619  -22.299  6.348  -28.403 0.0000000000
70601  -23.333  6.462  -26.547 0.0000000000
71920  -25.107  8.318  -24.557 0.0000000000
71904  -26.769  8.423  -23.964 0.0000000000
106441  -24.299  -0.359  -26.630 0.0000000000
66143  -24.972  -0.567  -25.786 0.0000000000
116608  -25.690  -0.604  -25.463 0.0000000000
59596  -18.082  -7.900  -23.216 0.0000000000
59610  -20.264  -8.608  -24.758 0.0000000000
58072  -22.783  -10.411  -25.445 0.0000000000
58828  -23.176  -9.721  -25.655 0.0000000000
106213  -23.237  -8.303  -25.758 0.0000000000
67702  -22.828  3.276  -28.126 0.0000000000
68447  -22.386  3.873  -28.073 0.0000000000
69176  -22.900  4.662  -28.159 0.0000000000
69872  -22.600  5.525  -28.291 0.0000000000
70609  -19.846  7.218  -27.685 0.0000000000
70611  -22.454  6.732  -28.360 0.0000000000
71296  -21.604  7.895  -28.518 0.0000000000
72679  -20.861  9.028  -27.707 0.0000000000
75865  -26.613  14.561  -24.680 0.0000000000
76432  -27.242  15.020  -24.691 0.0000000000
106241  -23.162  4.001  -28.111 0.0000000000
108587  -20.629  5.875  -27.848 0.0000000000
115198  -20.182  8.484  -27.850 0.0000000000
