#!ascii label  , from subject sub-v2s7x29662_ses-1 vox2ras=TkReg
1557
77784  -47.178  19.786  17.511 0.0000000000
74064  -56.040  14.473  -0.154 0.0000000000
122116  -49.782  27.933  19.467 0.0000000000
76308  -52.043  17.346  8.116 0.0000000000
106696  -54.093  15.504  16.882 0.0000000000
80766  -52.446  23.704  7.420 0.0000000000
83425  -50.642  27.685  7.564 0.0000000000
88239  -52.252  36.170  5.648 0.0000000000
114078  -45.554  18.929  24.793 0.0000000000
76275  -48.072  18.061  11.496 0.0000000000
77841  -49.655  19.593  6.016 0.0000000000
79283  -50.302  21.831  12.232 0.0000000000
85824  -49.340  31.381  15.664 0.0000000000
108551  -50.627  26.576  13.361 0.0000000000
85839  -49.342  31.755  11.146 0.0000000000
86471  -50.824  32.333  6.294 0.0000000000
87584  -56.571  34.102  9.828 0.0000000000
119481  -55.827  18.538  -2.442 0.0000000000
82089  -43.446  25.501  17.675 0.0000000000
80697  -50.502  23.702  19.893 0.0000000000
76313  -56.801  18.145  8.499 0.0000000000
74807  -52.725  15.508  11.966 0.0000000000
73952  -47.531  14.638  15.485 0.0000000000
121779  -45.963  15.098  20.870 0.0000000000
77869  -54.478  19.731  1.171 0.0000000000
125427  -54.595  24.855  1.759 0.0000000000
80737  -55.044  24.219  15.145 0.0000000000
82767  -57.312  26.883  8.287 0.0000000000
83495  -54.079  28.640  1.627 0.0000000000
83481  -49.330  27.484  2.042 0.0000000000
86496  -49.100  32.823  1.379 0.0000000000
77795  -47.287  19.144  14.316 0.0000000000
77809  -48.353  19.745  11.786 0.0000000000
78522  -49.127  20.946  15.121 0.0000000000
86391  -53.177  32.583  16.761 0.0000000000
85827  -49.961  30.861  14.033 0.0000000000
86424  -52.786  32.309  13.589 0.0000000000
107774  -53.588  32.785  10.847 0.0000000000
75651  -55.999  15.883  -1.953 0.0000000000
83340  -41.269  27.705  19.987 0.0000000000
82685  -44.493  27.343  19.807 0.0000000000
117426  -53.394  14.904  14.146 0.0000000000
128472  -50.695  14.707  13.710 0.0000000000
73944  -50.420  14.678  15.983 0.0000000000
75447  -46.083  16.908  23.160 0.0000000000
77776  -41.013  19.161  18.706 0.0000000000
79260  -41.055  21.808  16.618 0.0000000000
113683  -38.777  21.547  17.554 0.0000000000
75588  -52.755  17.040  5.307 0.0000000000
115217  -50.125  21.806  6.430 0.0000000000
77855  -51.719  19.664  3.432 0.0000000000
80083  -52.154  22.427  3.217 0.0000000000
80098  -53.883  21.968  1.179 0.0000000000
80793  -53.440  23.889  3.946 0.0000000000
82665  -51.629  27.201  21.858 0.0000000000
80712  -53.229  23.662  18.001 0.0000000000
82711  -54.455  26.314  18.879 0.0000000000
107213  -51.138  27.609  10.138 0.0000000000
82761  -54.744  27.590  11.636 0.0000000000
106983  -53.666  28.147  7.772 0.0000000000
83466  -57.092  28.358  5.018 0.0000000000
83463  -52.461  27.987  4.807 0.0000000000
106974  -51.999  27.603  2.154 0.0000000000
126885  -49.789  27.547  4.690 0.0000000000
87051  -53.278  33.652  4.618 0.0000000000
86484  -50.537  32.612  3.518 0.0000000000
88270  -51.284  35.256  2.810 0.0000000000
87638  -47.550  35.535  2.709 0.0000000000
88249  -49.205  36.182  5.360 0.0000000000
75555  -49.543  16.531  9.559 0.0000000000
76334  -49.984  17.707  6.899 0.0000000000
77086  -48.604  18.755  8.778 0.0000000000
79290  -49.322  21.451  9.380 0.0000000000
80755  -50.931  23.008  9.502 0.0000000000
124701  -46.845  28.522  16.536 0.0000000000
82722  -50.525  26.421  16.632 0.0000000000
111808  -47.521  27.749  13.975 0.0000000000
84061  -47.647  28.489  11.831 0.0000000000
84065  -48.754  28.382  9.417 0.0000000000
84088  -48.418  28.762  6.777 0.0000000000
110430  -49.704  32.013  8.609 0.0000000000
118045  -53.831  32.827  7.392 0.0000000000
88216  -54.381  35.725  8.103 0.0000000000
78619  -54.970  20.663  -2.305 0.0000000000
80719  -45.794  23.146  17.383 0.0000000000
79993  -48.469  22.161  18.543 0.0000000000
81421  -47.046  24.937  18.976 0.0000000000
82671  -48.265  26.727  21.245 0.0000000000
83999  -49.467  29.947  22.479 0.0000000000
85786  -46.033  32.518  20.132 0.0000000000
84579  -46.939  30.322  19.215 0.0000000000
77074  -54.080  18.634  8.530 0.0000000000
76284  -54.457  18.403  10.473 0.0000000000
75544  -52.077  16.269  10.345 0.0000000000
106915  -49.860  15.488  11.286 0.0000000000
109577  -47.606  15.845  13.430 0.0000000000
109081  -52.693  16.723  19.641 0.0000000000
76179  -49.299  17.506  23.305 0.0000000000
111341  -49.647  16.343  21.184 0.0000000000
74755  -49.739  15.045  18.838 0.0000000000
73926  -46.627  14.157  18.255 0.0000000000
78511  -45.664  19.540  17.621 0.0000000000
74883  -56.676  15.531  2.115 0.0000000000
76350  -51.891  17.953  3.901 0.0000000000
76368  -54.966  17.513  2.228 0.0000000000
76384  -57.118  17.241  0.917 0.0000000000
77883  -57.168  19.033  -0.381 0.0000000000
80116  -56.184  22.323  -1.207 0.0000000000
81531  -55.585  24.438  -2.028 0.0000000000
80013  -50.690  22.105  16.678 0.0000000000
80029  -52.503  22.582  13.761 0.0000000000
80750  -53.276  23.641  10.826 0.0000000000
113979  -54.401  26.579  15.317 0.0000000000
110649  -56.580  25.803  12.180 0.0000000000
121514  -55.073  24.860  7.612 0.0000000000
82146  -56.018  25.707  4.094 0.0000000000
82806  -55.473  27.092  1.034 0.0000000000
82834  -54.396  26.666  -2.637 0.0000000000
116726  -48.272  30.236  4.834 0.0000000000
85297  -48.280  30.499  1.999 0.0000000000
85307  -47.170  30.597  0.603 0.0000000000
86494  -46.266  32.596  1.581 0.0000000000
86487  -45.073  32.796  3.162 0.0000000000
77789  -47.363  19.257  15.900 0.0000000000
116117  -48.155  20.038  15.144 0.0000000000
78518  -48.414  20.532  16.610 0.0000000000
110885  -53.218  32.267  15.294 0.0000000000
86426  -54.941  32.684  13.523 0.0000000000
74903  -55.864  15.261  -1.554 0.0000000000
73959  -53.933  15.059  15.280 0.0000000000
73957  -52.503  14.833  15.211 0.0000000000
73946  -52.273  15.256  16.775 0.0000000000
77772  -40.467  19.568  19.372 0.0000000000
78502  -40.246  20.163  18.145 0.0000000000
109716  -52.831  17.918  7.729 0.0000000000
112018  -51.937  17.302  6.718 0.0000000000
80059  -51.085  22.837  6.523 0.0000000000
116798  -51.060  21.869  4.449 0.0000000000
80783  -51.944  23.220  5.410 0.0000000000
80792  -52.737  23.523  4.343 0.0000000000
80784  -52.752  23.594  5.166 0.0000000000
83330  -51.976  27.644  21.412 0.0000000000
82063  -54.044  26.283  20.663 0.0000000000
82709  -52.506  27.041  19.532 0.0000000000
107158  -50.896  27.713  9.242 0.0000000000
107760  -52.713  27.787  9.662 0.0000000000
83427  -52.710  27.992  7.566 0.0000000000
106980  -53.507  28.290  6.106 0.0000000000
121620  -51.732  27.782  6.119 0.0000000000
83462  -51.433  27.640  4.545 0.0000000000
107396  -50.932  27.629  6.005 0.0000000000
108362  -53.082  35.778  5.222 0.0000000000
126242  -52.515  34.655  3.578 0.0000000000
109076  -52.315  35.840  4.552 0.0000000000
88259  -49.720  36.114  3.360 0.0000000000
126451  -50.697  36.295  4.912 0.0000000000
122985  -48.654  17.219  10.324 0.0000000000
76306  -48.814  17.854  8.862 0.0000000000
76282  -48.410  18.042  10.465 0.0000000000
78533  -49.177  20.918  12.442 0.0000000000
79285  -48.964  20.888  10.765 0.0000000000
79286  -49.439  21.472  11.095 0.0000000000
80045  -49.779  22.093  8.997 0.0000000000
125418  -50.708  22.285  11.665 0.0000000000
85238  -47.232  29.967  15.460 0.0000000000
83374  -47.292  27.751  15.374 0.0000000000
84607  -47.394  29.300  14.734 0.0000000000
85835  -49.683  31.461  12.246 0.0000000000
84616  -47.860  29.776  12.762 0.0000000000
85251  -48.281  30.527  11.528 0.0000000000
84063  -48.424  28.353  10.333 0.0000000000
84623  -48.100  29.726  10.206 0.0000000000
85846  -48.645  31.012  9.107 0.0000000000
85843  -49.310  31.895  10.187 0.0000000000
87005  -55.992  33.379  10.568 0.0000000000
87010  -53.592  32.816  9.158 0.0000000000
121477  -55.924  33.718  8.443 0.0000000000
87610  -55.238  34.393  7.271 0.0000000000
88200  -55.732  35.102  8.860 0.0000000000
115210  -55.883  20.355  -2.582 0.0000000000
82091  -45.104  24.769  17.578 0.0000000000
81420  -46.598  24.503  18.388 0.0000000000
108417  -45.062  25.514  18.134 0.0000000000
83324  -44.983  28.933  20.877 0.0000000000
83345  -46.428  27.096  20.475 0.0000000000
84006  -46.449  28.832  21.821 0.0000000000
106616  -49.109  28.741  22.488 0.0000000000
84552  -47.698  30.450  22.660 0.0000000000
86378  -44.821  33.167  18.100 0.0000000000
111119  -46.650  31.985  20.073 0.0000000000
124154  -46.431  32.646  18.451 0.0000000000
85215  -46.481  30.817  17.892 0.0000000000
86957  -47.229  33.713  16.827 0.0000000000
127518  -55.381  18.056  7.848 0.0000000000
77088  -55.491  18.909  8.374 0.0000000000
76278  -55.385  18.363  11.495 0.0000000000
75537  -53.504  16.742  11.212 0.0000000000
75545  -53.311  17.282  10.455 0.0000000000
74825  -52.715  16.386  10.825 0.0000000000
74823  -51.341  15.806  10.529 0.0000000000
73986  -51.268  15.062  11.981 0.0000000000
73963  -48.566  14.697  14.665 0.0000000000
74798  -48.456  15.263  13.294 0.0000000000
74791  -47.232  15.439  14.278 0.0000000000
76163  -47.117  17.860  24.177 0.0000000000
75459  -47.621  16.347  22.065 0.0000000000
74723  -48.061  15.674  21.018 0.0000000000
74737  -49.389  15.707  20.340 0.0000000000
73913  -47.899  14.795  19.908 0.0000000000
73928  -48.623  14.459  18.371 0.0000000000
73919  -46.322  14.364  19.247 0.0000000000
79252  -44.621  21.363  16.985 0.0000000000
79251  -43.753  21.139  16.790 0.0000000000
74045  -56.347  14.170  2.563 0.0000000000
125550  -49.714  18.804  6.245 0.0000000000
76343  -50.748  18.007  5.545 0.0000000000
77122  -50.582  18.855  4.942 0.0000000000
77861  -52.947  19.562  2.286 0.0000000000
77139  -52.681  18.814  2.689 0.0000000000
77149  -54.363  18.888  1.520 0.0000000000
76377  -55.970  17.600  1.777 0.0000000000
77150  -56.162  18.314  1.201 0.0000000000
124033  -57.086  18.659  0.184 0.0000000000
77870  -55.265  19.814  0.683 0.0000000000
80816  -54.323  23.367  0.786 0.0000000000
80107  -54.968  22.169  0.236 0.0000000000
80823  -54.932  23.046  0.100 0.0000000000
109308  -56.023  23.037  -1.560 0.0000000000
81519  -55.018  24.839  -0.061 0.0000000000
80707  -49.139  23.121  19.197 0.0000000000
79244  -49.645  22.191  18.022 0.0000000000
79994  -50.413  22.781  18.416 0.0000000000
81445  -54.533  24.060  17.025 0.0000000000
80731  -53.139  22.945  16.218 0.0000000000
80740  -54.042  23.435  14.592 0.0000000000
80747  -52.843  23.176  12.189 0.0000000000
80745  -54.491  23.890  13.036 0.0000000000
82729  -49.811  26.249  14.884 0.0000000000
82731  -51.983  26.384  15.547 0.0000000000
82744  -52.599  26.782  13.724 0.0000000000
83407  -56.694  27.270  9.941 0.0000000000
82762  -56.264  27.218  11.786 0.0000000000
82108  -56.881  26.505  10.299 0.0000000000
81469  -55.175  24.775  9.756 0.0000000000
121496  -56.130  25.449  8.072 0.0000000000
81494  -55.574  25.026  5.778 0.0000000000
82131  -57.044  26.184  7.042 0.0000000000
83486  -55.456  28.830  2.834 0.0000000000
83487  -56.457  28.525  3.085 0.0000000000
128043  -55.517  28.500  1.553 0.0000000000
83518  -55.086  27.533  -0.665 0.0000000000
83517  -54.645  28.038  -0.646 0.0000000000
83534  -53.284  27.218  -2.291 0.0000000000
83505  -53.433  28.043  -0.366 0.0000000000
83482  -50.155  27.233  2.547 0.0000000000
83492  -50.399  27.249  0.729 0.0000000000
85868  -48.912  31.174  6.618 0.0000000000
84650  -48.176  29.864  5.865 0.0000000000
85875  -49.376  31.566  5.609 0.0000000000
86497  -49.818  32.760  1.907 0.0000000000
124914  -48.754  31.316  3.018 0.0000000000
116997  -48.640  31.981  1.523 0.0000000000
84669  -47.600  30.563  0.649 0.0000000000
125469  -47.687  31.822  0.894 0.0000000000
85895  -46.904  31.236  0.753 0.0000000000
87074  -47.395  33.294  1.136 0.0000000000
87633  -46.881  35.541  3.468 0.0000000000
87063  -46.273  34.300  2.487 0.0000000000
87056  -45.622  34.523  3.444 0.0000000000
87055  -44.357  33.626  4.371 0.0000000000
111907  -47.467  18.730  12.950 0.0000000000
77053  -47.994  18.933  11.819 0.0000000000
77802  -48.080  19.872  13.370 0.0000000000
78527  -48.576  20.414  13.782 0.0000000000
79273  -49.884  21.246  13.931 0.0000000000
110169  -49.755  30.861  14.932 0.0000000000
122281  -51.228  31.478  15.131 0.0000000000
86423  -51.931  31.947  13.959 0.0000000000
86428  -51.260  32.160  12.392 0.0000000000
86435  -51.893  32.630  11.277 0.0000000000
86437  -53.644  32.681  12.251 0.0000000000
87001  -55.554  33.055  11.661 0.0000000000
75662  -55.812  17.317  -2.349 0.0000000000
82702  -42.554  26.385  18.872 0.0000000000
82704  -44.283  26.655  19.190 0.0000000000
83341  -42.147  27.797  20.023 0.0000000000
74800  -53.606  15.415  12.960 0.0000000000
73981  -51.817  14.896  12.670 0.0000000000
127788  -51.965  14.706  13.892 0.0000000000
121247  -49.961  14.620  15.312 0.0000000000
73953  -49.067  14.569  15.476 0.0000000000
76175  -45.724  17.456  23.731 0.0000000000
75455  -43.742  16.697  22.454 0.0000000000
77781  -42.231  19.547  17.684 0.0000000000
79250  -42.160  20.857  16.854 0.0000000000
78507  -41.622  20.183  17.417 0.0000000000
79248  -40.462  21.244  17.020 0.0000000000
79313  -49.873  21.178  5.992 0.0000000000
77848  -50.645  19.678  4.568 0.0000000000
79321  -50.667  21.237  4.639 0.0000000000
79329  -51.729  21.382  3.385 0.0000000000
79336  -52.898  21.377  2.104 0.0000000000
79344  -54.084  21.172  1.132 0.0000000000
80090  -52.682  22.308  2.455 0.0000000000
80808  -53.144  23.173  2.218 0.0000000000
81509  -54.396  24.630  2.660 0.0000000000
81397  -51.163  25.112  21.259 0.0000000000
80698  -51.398  23.751  19.775 0.0000000000
81399  -53.421  25.360  20.853 0.0000000000
81412  -54.785  25.364  18.942 0.0000000000
82095  -55.442  25.885  17.062 0.0000000000
82758  -51.298  27.211  11.866 0.0000000000
82752  -52.990  27.107  12.875 0.0000000000
83388  -53.425  27.658  11.078 0.0000000000
83397  -54.671  27.904  9.849 0.0000000000
83413  -56.067  28.044  8.545 0.0000000000
83442  -57.021  27.742  7.008 0.0000000000
83441  -56.074  28.404  6.674 0.0000000000
83452  -54.955  28.782  5.126 0.0000000000
106976  -53.258  28.381  3.252 0.0000000000
83494  -52.888  28.061  1.409 0.0000000000
83484  -52.238  27.802  3.002 0.0000000000
106978  -51.245  27.498  3.746 0.0000000000
83460  -49.582  27.513  3.976 0.0000000000
116006  -52.346  32.852  5.616 0.0000000000
86478  -50.277  32.157  4.954 0.0000000000
87049  -52.000  33.095  4.330 0.0000000000
87064  -51.260  33.656  2.520 0.0000000000
87647  -49.761  34.469  1.524 0.0000000000
87068  -47.950  34.245  1.371 0.0000000000
87640  -49.508  35.282  1.951 0.0000000000
88258  -48.638  36.114  3.462 0.0000000000
88247  -47.488  35.808  4.740 0.0000000000
75568  -50.588  16.618  8.677 0.0000000000
76322  -50.633  17.190  7.254 0.0000000000
76307  -49.415  17.409  8.224 0.0000000000
111956  -49.466  17.953  7.449 0.0000000000
77827  -48.764  19.286  8.036 0.0000000000
77811  -48.488  19.520  10.369 0.0000000000
78538  -48.668  20.073  9.227 0.0000000000
78541  -49.054  20.730  8.045 0.0000000000
80048  -49.869  22.070  8.102 0.0000000000
80049  -50.455  22.562  7.670 0.0000000000
80760  -51.765  23.487  8.617 0.0000000000
83360  -47.947  28.113  18.306 0.0000000000
107341  -50.432  27.035  18.385 0.0000000000
107340  -48.591  26.783  16.939 0.0000000000
82728  -48.812  26.340  15.134 0.0000000000
115231  -48.912  26.471  13.441 0.0000000000
84612  -47.805  29.625  13.447 0.0000000000
83379  -47.743  27.527  13.091 0.0000000000
82750  -49.564  26.874  12.147 0.0000000000
83386  -49.357  27.281  11.303 0.0000000000
83401  -49.352  27.873  9.564 0.0000000000
84072  -49.243  28.061  8.719 0.0000000000
83424  -49.631  27.794  7.252 0.0000000000
126384  -48.430  29.187  8.208 0.0000000000
85856  -48.695  31.039  8.142 0.0000000000
86455  -50.060  32.034  7.719 0.0000000000
86446  -51.491  32.651  9.489 0.0000000000
86457  -51.409  32.580  8.558 0.0000000000
87031  -52.327  32.682  7.210 0.0000000000
87041  -53.891  33.380  5.614 0.0000000000
87618  -54.362  34.411  5.624 0.0000000000
107408  -53.342  36.018  6.715 0.0000000000
79241  -46.809  21.577  18.080 0.0000000000
79256  -48.071  21.094  17.971 0.0000000000
80705  -47.230  23.007  18.318 0.0000000000
80706  -47.746  23.459  18.802 0.0000000000
81406  -48.786  24.412  19.986 0.0000000000
82059  -45.886  26.463  19.532 0.0000000000
82686  -46.890  26.246  20.009 0.0000000000
81395  -49.123  25.124  20.654 0.0000000000
82673  -50.215  26.987  21.894 0.0000000000
83318  -50.612  28.366  22.345 0.0000000000
84020  -50.211  29.358  21.505 0.0000000000
108375  -45.044  31.720  20.223 0.0000000000
85184  -47.319  31.460  21.788 0.0000000000
84566  -47.922  30.842  20.759 0.0000000000
84033  -48.518  28.671  19.407 0.0000000000
84031  -46.942  29.337  18.361 0.0000000000
84603  -46.749  29.933  16.248 0.0000000000
85812  -48.557  31.944  16.128 0.0000000000
76311  -54.254  18.440  7.784 0.0000000000
76309  -52.806  17.891  8.496 0.0000000000
77059  -55.990  19.161  10.940 0.0000000000
77076  -55.717  19.252  9.088 0.0000000000
76295  -54.348  18.679  9.775 0.0000000000
75559  -53.295  17.837  9.676 0.0000000000
75570  -52.194  17.260  9.054 0.0000000000
74835  -50.718  16.058  9.862 0.0000000000
74821  -49.713  15.870  10.641 0.0000000000
75535  -48.577  16.549  11.384 0.0000000000
73979  -49.887  14.883  12.870 0.0000000000
74805  -48.240  15.862  12.646 0.0000000000
75530  -47.655  16.591  12.744 0.0000000000
76262  -46.928  17.558  13.532 0.0000000000
76189  -51.285  17.703  22.527 0.0000000000
76177  -47.486  17.389  23.529 0.0000000000
118997  -49.076  16.857  22.302 0.0000000000
123806  -51.533  17.126  21.345 0.0000000000
75491  -51.855  16.514  19.992 0.0000000000
74750  -51.967  15.922  18.740 0.0000000000
106642  -51.784  15.578  18.056 0.0000000000
73936  -50.535  14.884  17.372 0.0000000000
73943  -48.624  14.354  16.947 0.0000000000
125437  -47.074  14.219  16.841 0.0000000000
121512  -46.336  20.082  17.810 0.0000000000
79253  -45.583  21.475  17.463 0.0000000000
80718  -45.039  23.061  16.907 0.0000000000
81444  -43.910  24.187  16.741 0.0000000000
127583  -42.200  25.352  17.404 0.0000000000
73213  -56.117  13.533  2.524 0.0000000000
74051  -56.417  14.022  1.373 0.0000000000
74059  -56.662  14.880  0.359 0.0000000000
76336  -51.437  17.369  5.963 0.0000000000
76345  -51.951  17.257  5.261 0.0000000000
77131  -51.458  18.858  3.899 0.0000000000
128919  -53.023  17.680  3.036 0.0000000000
76361  -54.384  17.071  3.016 0.0000000000
76369  -55.884  16.995  2.333 0.0000000000
75628  -57.076  16.295  1.132 0.0000000000
74899  -56.877  15.654  -0.091 0.0000000000
75643  -56.884  16.485  -0.596 0.0000000000
76391  -56.901  17.331  -1.010 0.0000000000
77170  -57.175  19.066  -1.663 0.0000000000
78602  -55.321  20.678  0.384 0.0000000000
78612  -56.475  20.933  -0.705 0.0000000000
77898  -56.494  20.289  -2.367 0.0000000000
79380  -56.237  21.442  -2.432 0.0000000000
80136  -55.458  22.527  -2.700 0.0000000000
122815  -54.930  23.323  -3.137 0.0000000000
78515  -48.787  21.103  17.022 0.0000000000
79267  -49.576  21.293  15.705 0.0000000000
79274  -50.515  21.548  14.523 0.0000000000
80004  -51.822  22.546  17.096 0.0000000000
80023  -51.836  22.021  14.793 0.0000000000
80031  -51.180  21.988  13.384 0.0000000000
80036  -51.484  22.594  11.976 0.0000000000
80753  -52.521  23.423  10.648 0.0000000000
80757  -52.399  23.656  9.240 0.0000000000
82723  -52.372  26.441  17.155 0.0000000000
82725  -54.718  26.323  16.973 0.0000000000
82099  -55.958  25.860  15.294 0.0000000000
109459  -55.444  27.227  13.276 0.0000000000
82747  -56.341  26.517  13.964 0.0000000000
81454  -56.105  25.348  13.860 0.0000000000
81461  -54.835  24.334  11.347 0.0000000000
81468  -54.088  24.194  9.829 0.0000000000
80762  -53.277  24.053  7.702 0.0000000000
121362  -54.086  24.277  6.463 0.0000000000
82152  -55.218  25.222  3.374 0.0000000000
82792  -57.164  27.465  4.419 0.0000000000
82153  -56.183  26.369  3.310 0.0000000000
109407  -55.182  25.933  1.361 0.0000000000
82172  -55.195  25.532  -0.599 0.0000000000
82184  -55.249  25.143  -2.606 0.0000000000
106969  -52.295  27.589  -0.685 0.0000000000
128626  -49.043  27.848  5.771 0.0000000000
84097  -48.528  28.320  4.531 0.0000000000
84101  -48.393  28.613  3.434 0.0000000000
85880  -48.871  31.268  4.728 0.0000000000
109773  -48.242  30.131  3.877 0.0000000000
84107  -48.306  29.012  2.227 0.0000000000
108543  -48.177  29.549  0.933 0.0000000000
84116  -47.633  29.107  -0.102 0.0000000000
84115  -47.054  29.313  0.173 0.0000000000
87067  -46.861  33.951  1.638 0.0000000000
86488  -45.648  32.686  2.374 0.0000000000
88826  -51.588  36.571  8.253 0.0000000000
88833  -50.692  36.540  7.082 0.0000000000
88832  -49.858  36.433  6.797 0.0000000000
88237  -48.453  35.899  6.264 0.0000000000
88235  -46.782  35.366  6.535 0.0000000000
77787  -47.347  19.438  16.766 0.0000000000
77790  -47.931  19.880  16.057 0.0000000000
77785  -47.830  20.062  17.133 0.0000000000
111737  -55.639  14.671  -1.103 0.0000000000
74776  -54.627  15.460  16.383 0.0000000000
110733  -54.448  15.269  15.711 0.0000000000
73948  -53.787  15.199  16.146 0.0000000000
73947  -52.839  15.082  16.120 0.0000000000
76325  -52.819  17.560  6.947 0.0000000000
76324  -52.248  17.494  7.370 0.0000000000
80765  -51.616  23.304  7.139 0.0000000000
80776  -51.771  23.227  6.236 0.0000000000
80777  -52.586  23.585  5.997 0.0000000000
83348  -51.359  28.207  21.177 0.0000000000
82687  -51.887  27.555  20.409 0.0000000000
83362  -50.688  27.664  19.658 0.0000000000
127198  -51.147  27.728  8.048 0.0000000000
83411  -51.581  27.778  8.554 0.0000000000
83426  -51.705  27.785  7.626 0.0000000000
106982  -52.401  27.943  6.695 0.0000000000
108481  -51.277  27.692  6.778 0.0000000000
107407  -51.257  36.103  4.274 0.0000000000
88250  -51.262  36.311  5.357 0.0000000000
76276  -48.432  17.276  11.000 0.0000000000
79278  -49.917  21.371  12.933 0.0000000000
79282  -49.637  21.428  11.956 0.0000000000
80035  -50.013  21.931  11.399 0.0000000000
85239  -47.910  30.584  15.383 0.0000000000
85242  -47.751  29.981  14.851 0.0000000000
85840  -50.049  31.925  11.748 0.0000000000
85834  -48.902  31.094  11.940 0.0000000000
85838  -48.666  31.113  11.116 0.0000000000
85254  -48.291  30.522  10.649 0.0000000000
85842  -48.755  31.289  10.210 0.0000000000
86433  -50.182  32.246  11.078 0.0000000000
87012  -55.765  33.415  9.394 0.0000000000
87587  -56.253  34.303  8.958 0.0000000000
88197  -56.228  34.968  9.620 0.0000000000
75660  -55.057  17.199  -2.869 0.0000000000
76404  -54.836  17.960  -2.642 0.0000000000
77176  -55.356  18.587  -2.455 0.0000000000
82090  -44.329  25.215  17.593 0.0000000000
82078  -44.123  25.992  18.340 0.0000000000
84557  -44.604  29.426  20.729 0.0000000000
83325  -45.520  28.418  21.008 0.0000000000
84005  -45.767  29.358  21.618 0.0000000000
83997  -47.265  29.597  22.526 0.0000000000
84558  -45.982  30.292  21.883 0.0000000000
86386  -46.568  33.480  17.466 0.0000000000
119684  -46.637  32.710  17.623 0.0000000000
76312  -55.937  18.255  8.176 0.0000000000
77089  -56.540  18.820  8.654 0.0000000000
74817  -53.073  16.004  11.561 0.0000000000
74816  -52.386  15.700  11.419 0.0000000000
73987  -52.091  15.240  11.999 0.0000000000
124593  -48.242  14.600  15.290 0.0000000000
73962  -47.725  14.874  14.748 0.0000000000
74783  -46.980  15.068  15.005 0.0000000000
74790  -46.590  15.788  14.815 0.0000000000
74782  -46.503  15.284  15.408 0.0000000000
76957  -46.735  18.408  24.732 0.0000000000
74722  -47.339  15.703  21.364 0.0000000000
74735  -47.573  15.177  20.616 0.0000000000
74736  -48.414  15.379  20.460 0.0000000000
73912  -46.971  14.640  20.031 0.0000000000
110475  -43.671  19.431  17.593 0.0000000000
108301  -44.239  19.898  17.453 0.0000000000
78509  -43.510  20.274  17.205 0.0000000000
75604  -55.462  15.777  3.461 0.0000000000
77114  -50.102  18.798  5.648 0.0000000000
77862  -53.580  19.702  1.713 0.0000000000
114194  -55.258  18.996  1.082 0.0000000000
77871  -56.011  19.186  0.697 0.0000000000
126321  -54.215  24.081  1.244 0.0000000000
81518  -54.653  24.039  0.428 0.0000000000
80828  -55.190  23.890  -0.429 0.0000000000
112911  -54.769  24.939  0.853 0.0000000000
80696  -49.528  23.768  19.824 0.0000000000
80708  -49.860  23.102  19.100 0.0000000000
80709  -50.685  23.291  19.204 0.0000000000
80733  -55.035  24.310  15.970 0.0000000000
80736  -54.369  23.677  15.456 0.0000000000
80744  -54.119  23.575  13.694 0.0000000000
80741  -54.909  24.012  14.281 0.0000000000
108547  -50.767  26.381  14.272 0.0000000000
107825  -52.038  26.498  14.638 0.0000000000
82743  -51.506  26.616  13.766 0.0000000000
83414  -56.859  27.291  8.994 0.0000000000
82764  -56.920  26.954  10.318 0.0000000000
121642  -57.126  26.783  8.984 0.0000000000
82110  -56.893  26.374  9.350 0.0000000000
82112  -56.936  26.233  8.556 0.0000000000
82122  -57.019  26.182  7.768 0.0000000000
82775  -57.461  26.983  7.416 0.0000000000
83496  -55.133  28.763  1.946 0.0000000000
108648  -54.838  28.547  0.948 0.0000000000
83506  -54.889  28.287  0.185 0.0000000000
109667  -54.353  28.314  -0.092 0.0000000000
83516  -53.872  27.960  -1.097 0.0000000000
106970  -53.794  28.399  0.632 0.0000000000
109239  -49.986  27.205  1.677 0.0000000000
83491  -49.413  27.581  0.931 0.0000000000
83480  -48.813  28.066  1.251 0.0000000000
85869  -49.520  31.613  6.562 0.0000000000
86470  -50.145  31.959  5.993 0.0000000000
85897  -48.222  32.298  1.162 0.0000000000
86502  -47.635  32.490  0.964 0.0000000000
87075  -48.296  33.188  1.054 0.0000000000
88256  -46.723  35.626  4.231 0.0000000000
87632  -46.120  35.287  3.850 0.0000000000
77801  -47.580  19.284  13.499 0.0000000000
78524  -48.595  20.474  14.694 0.0000000000
78528  -49.195  20.895  13.359 0.0000000000
78525  -49.184  20.906  14.279 0.0000000000
86406  -51.576  31.784  15.695 0.0000000000
107191  -52.369  31.993  15.521 0.0000000000
86420  -53.752  32.398  14.285 0.0000000000
86419  -52.632  32.093  14.591 0.0000000000
107663  -51.977  32.210  12.985 0.0000000000
86430  -52.811  32.535  12.614 0.0000000000
86425  -53.745  32.527  13.112 0.0000000000
108119  -56.008  33.090  13.233 0.0000000000
86996  -55.519  32.950  12.623 0.0000000000
87002  -56.475  33.694  11.396 0.0000000000
74078  -55.025  14.990  -2.881 0.0000000000
74918  -55.105  15.967  -3.090 0.0000000000
75661  -55.494  16.410  -2.615 0.0000000000
82682  -41.877  26.905  19.566 0.0000000000
82683  -42.778  27.094  19.582 0.0000000000
74793  -54.509  15.503  14.058 0.0000000000
73976  -53.836  15.210  13.737 0.0000000000
73975  -53.119  14.926  13.489 0.0000000000
108057  -52.657  14.746  14.199 0.0000000000
73945  -51.182  14.830  15.971 0.0000000000
73956  -51.563  14.792  15.261 0.0000000000
73954  -49.739  14.562  15.972 0.0000000000
77007  -41.987  17.654  19.098 0.0000000000
77013  -42.272  18.180  18.519 0.0000000000
77777  -41.857  18.876  18.265 0.0000000000
77780  -41.497  19.472  17.966 0.0000000000
78505  -39.930  20.765  17.608 0.0000000000
79247  -39.548  21.555  17.179 0.0000000000
79320  -50.253  21.189  5.320 0.0000000000
125310  -50.304  21.694  5.789 0.0000000000
80082  -51.531  22.125  3.917 0.0000000000
79335  -52.326  21.408  2.731 0.0000000000
80799  -52.666  23.346  3.519 0.0000000000
80800  -53.393  23.817  2.968 0.0000000000
114750  -54.215  24.427  3.615 0.0000000000
82051  -52.037  26.188  21.608 0.0000000000
81398  -52.322  25.202  21.202 0.0000000000
82052  -53.234  26.272  21.356 0.0000000000
82690  -54.262  26.478  19.875 0.0000000000
82064  -54.617  25.904  19.694 0.0000000000
82081  -54.880  25.965  18.837 0.0000000000
81424  -55.004  25.051  18.240 0.0000000000
82712  -54.920  26.143  18.219 0.0000000000
110794  -51.351  27.455  11.009 0.0000000000
83387  -52.298  27.485  11.448 0.0000000000
83395  -52.285  27.661  10.435 0.0000000000
106984  -53.646  28.057  8.542 0.0000000000
83404  -53.575  27.930  9.346 0.0000000000
83405  -54.736  28.047  8.979 0.0000000000
83412  -54.795  28.179  8.116 0.0000000000
83429  -56.122  28.244  7.612 0.0000000000
83428  -54.779  28.297  7.255 0.0000000000
106979  -53.685  28.443  5.152 0.0000000000
124288  -54.485  28.596  5.703 0.0000000000
83474  -54.522  28.805  3.496 0.0000000000
106977  -53.437  28.436  4.169 0.0000000000
83473  -52.237  27.854  3.852 0.0000000000
83449  -50.551  27.576  5.176 0.0000000000
83461  -50.492  27.473  4.271 0.0000000000
83472  -50.346  27.350  3.444 0.0000000000
87050  -52.573  33.152  4.758 0.0000000000
87059  -52.571  33.778  3.834 0.0000000000
88261  -51.942  35.439  3.503 0.0000000000
87634  -51.908  34.420  2.980 0.0000000000
87641  -51.038  34.694  2.280 0.0000000000
87648  -50.563  34.076  1.846 0.0000000000
120400  -50.291  34.867  1.910 0.0000000000
88269  -50.323  35.531  2.485 0.0000000000
120595  -50.143  36.261  4.431 0.0000000000
113120  -49.019  36.198  4.339 0.0000000000
127536  -48.184  36.099  4.251 0.0000000000
88248  -48.312  35.936  5.170 0.0000000000
75567  -49.788  16.747  8.780 0.0000000000
75581  -50.177  16.913  8.020 0.0000000000
77098  -48.948  18.296  8.071 0.0000000000
113785  -49.174  18.747  7.366 0.0000000000
77065  -48.266  18.990  11.016 0.0000000000
110215  -48.491  19.766  11.004 0.0000000000
79288  -48.884  20.718  9.845 0.0000000000
78539  -48.959  20.787  8.902 0.0000000000
78540  -48.756  20.082  8.440 0.0000000000
79294  -49.484  21.355  7.618 0.0000000000
115047  -49.383  21.452  8.503 0.0000000000
80043  -50.277  22.508  9.564 0.0000000000
80046  -50.476  22.706  8.661 0.0000000000
80759  -51.146  23.207  8.831 0.0000000000
83369  -47.554  27.857  17.497 0.0000000000
83370  -48.215  27.445  17.668 0.0000000000
83372  -47.623  27.367  16.763 0.0000000000
124471  -47.357  27.952  14.650 0.0000000000
82727  -47.717  26.978  15.335 0.0000000000
82736  -48.113  26.641  14.635 0.0000000000
82737  -48.904  26.353  14.285 0.0000000000
82741  -47.849  27.025  13.877 0.0000000000
85244  -49.112  30.584  14.223 0.0000000000
85246  -48.379  30.208  13.516 0.0000000000
84619  -47.594  29.137  12.239 0.0000000000
84059  -47.598  28.283  12.550 0.0000000000
128649  -47.775  27.655  12.455 0.0000000000
83383  -48.163  27.226  12.362 0.0000000000
83384  -48.822  27.033  11.961 0.0000000000
83385  -48.393  27.493  11.539 0.0000000000
118701  -48.289  28.956  9.819 0.0000000000
83392  -48.862  27.959  10.094 0.0000000000
107620  -50.000  27.752  8.980 0.0000000000
84071  -48.753  28.528  8.448 0.0000000000
121412  -48.450  29.018  8.993 0.0000000000
85847  -49.126  31.732  9.394 0.0000000000
85263  -48.451  30.414  8.489 0.0000000000
85857  -49.015  31.530  8.573 0.0000000000
114675  -49.264  31.560  7.580 0.0000000000
86456  -50.629  32.320  8.168 0.0000000000
86999  -52.633  32.775  10.683 0.0000000000
86441  -51.645  32.677  10.430 0.0000000000
87009  -52.503  32.794  9.784 0.0000000000
87022  -53.743  32.809  8.201 0.0000000000
87021  -52.467  32.772  8.746 0.0000000000
107662  -52.906  32.747  7.773 0.0000000000
121445  -52.060  32.691  8.025 0.0000000000
87032  -53.361  32.810  6.798 0.0000000000
87033  -54.378  33.161  6.650 0.0000000000
88217  -55.063  35.105  7.613 0.0000000000
87619  -54.805  34.421  6.455 0.0000000000
88231  -54.819  34.980  6.902 0.0000000000
88241  -54.281  35.279  6.187 0.0000000000
88230  -54.278  35.590  7.202 0.0000000000
77897  -54.891  19.867  -2.072 0.0000000000
79378  -55.071  21.412  -2.506 0.0000000000
80001  -46.230  22.226  17.683 0.0000000000
79991  -47.013  22.329  18.162 0.0000000000
80720  -46.572  23.094  17.879 0.0000000000
120498  -46.921  23.727  18.296 0.0000000000
126212  -47.261  24.244  18.739 0.0000000000
81405  -47.872  24.468  19.384 0.0000000000
82684  -43.649  27.212  19.635 0.0000000000
82705  -45.052  26.236  18.838 0.0000000000
116759  -45.032  26.833  19.478 0.0000000000
82670  -47.359  26.886  20.859 0.0000000000
82048  -47.767  26.021  20.462 0.0000000000
82049  -48.666  25.911  20.904 0.0000000000
82050  -49.635  25.927  21.361 0.0000000000
112637  -49.224  26.776  21.656 0.0000000000
83998  -48.308  29.702  22.711 0.0000000000
84000  -50.187  28.943  22.476 0.0000000000
84008  -50.243  29.354  22.204 0.0000000000
84007  -49.626  30.217  22.147 0.0000000000
86368  -45.420  33.120  18.974 0.0000000000
85781  -45.772  31.983  20.653 0.0000000000
85183  -46.175  31.300  21.494 0.0000000000
85782  -46.481  31.949  20.763 0.0000000000
121215  -47.051  31.375  20.107 0.0000000000
85191  -47.288  31.714  21.092 0.0000000000
84018  -48.253  29.611  20.033 0.0000000000
84580  -47.455  29.725  19.362 0.0000000000
84032  -47.643  28.896  18.839 0.0000000000
84591  -46.545  29.973  18.060 0.0000000000
85810  -46.862  31.722  16.849 0.0000000000
85228  -46.582  30.752  16.934 0.0000000000
85811  -47.668  31.681  16.290 0.0000000000
85229  -47.160  30.786  16.103 0.0000000000
74855  -55.084  16.533  7.832 0.0000000000
116212  -55.132  18.446  7.920 0.0000000000
76310  -53.479  18.337  8.121 0.0000000000
76277  -54.666  17.970  11.216 0.0000000000
76285  -55.178  18.772  10.701 0.0000000000
77067  -55.867  19.342  9.996 0.0000000000
77066  -55.001  19.071  9.826 0.0000000000
75558  -52.585  17.016  9.896 0.0000000000
76293  -52.849  17.686  9.211 0.0000000000
75557  -51.633  16.471  9.660 0.0000000000
74814  -50.793  15.351  11.263 0.0000000000
74822  -50.361  15.708  10.580 0.0000000000
75536  -49.182  16.000  11.091 0.0000000000
128519  -49.322  15.630  11.569 0.0000000000
73980  -50.923  14.803  12.744 0.0000000000
74806  -48.979  15.284  12.642 0.0000000000
75531  -48.148  16.545  12.059 0.0000000000
117605  -47.300  17.257  12.917 0.0000000000
75525  -47.137  16.688  13.368 0.0000000000
75497  -52.821  16.327  18.800 0.0000000000
76165  -48.872  17.868  24.046 0.0000000000
76180  -50.203  17.762  23.412 0.0000000000
76181  -51.018  17.960  23.182 0.0000000000
76188  -50.517  17.453  22.689 0.0000000000
76176  -46.605  17.404  23.659 0.0000000000
75448  -46.936  16.919  23.049 0.0000000000
107329  -48.997  16.480  21.743 0.0000000000
75460  -48.411  16.646  22.207 0.0000000000
75461  -49.861  16.940  22.096 0.0000000000
75473  -50.573  16.702  21.326 0.0000000000
75483  -51.195  16.562  20.663 0.0000000000
75482  -50.326  16.199  20.557 0.0000000000
74747  -49.579  15.291  19.489 0.0000000000
109478  -50.820  15.766  19.395 0.0000000000
74757  -51.106  15.576  18.671 0.0000000000
74765  -51.093  15.259  17.805 0.0000000000
74756  -50.293  15.062  18.245 0.0000000000
73927  -47.723  14.229  18.373 0.0000000000
112861  -49.004  14.461  17.659 0.0000000000
73934  -48.179  14.248  17.629 0.0000000000
118539  -47.785  14.234  16.873 0.0000000000
73933  -47.307  14.139  17.530 0.0000000000
77020  -45.149  18.632  17.504 0.0000000000
77026  -45.411  18.055  17.105 0.0000000000
77021  -45.974  18.879  17.402 0.0000000000
117812  -45.716  20.418  17.691 0.0000000000
79262  -43.994  22.010  16.585 0.0000000000
79999  -44.849  22.204  16.876 0.0000000000
109373  -42.009  21.676  16.568 0.0000000000
80009  -41.545  22.542  16.434 0.0000000000
82094  -41.882  24.978  17.003 0.0000000000
82088  -41.680  25.558  17.667 0.0000000000
82075  -41.597  26.188  18.645 0.0000000000
72396  -55.712  12.867  3.112 0.0000000000
74046  -56.684  14.748  1.985 0.0000000000
73214  -56.482  14.099  1.933 0.0000000000
74052  -56.722  14.670  1.264 0.0000000000
123517  -51.226  17.277  6.733 0.0000000000
76335  -50.664  17.563  6.421 0.0000000000
107644  -51.714  17.601  4.680 0.0000000000
76344  -51.395  17.616  5.206 0.0000000000
77849  -51.152  19.690  3.993 0.0000000000
77140  -53.477  18.690  2.129 0.0000000000
76366  -53.035  18.168  2.678 0.0000000000
76367  -53.757  17.734  2.554 0.0000000000
76362  -55.213  16.907  2.764 0.0000000000
76378  -56.682  17.505  1.403 0.0000000000
118602  -56.934  16.845  1.408 0.0000000000
74894  -57.004  15.538  0.785 0.0000000000
122658  -57.185  16.521  0.353 0.0000000000
76392  -57.254  17.858  -0.489 0.0000000000
77165  -57.264  18.671  -0.806 0.0000000000
76398  -57.044  18.199  -1.362 0.0000000000
77892  -57.259  19.466  -1.107 0.0000000000
118399  -54.632  21.508  0.626 0.0000000000
80108  -55.562  22.285  -0.349 0.0000000000
79362  -56.095  21.575  -0.582 0.0000000000
79363  -56.499  21.488  -1.276 0.0000000000
78620  -56.923  20.615  -1.903 0.0000000000
79372  -56.676  21.383  -1.992 0.0000000000
78626  -56.493  20.987  -2.319 0.0000000000
80117  -56.454  21.994  -1.830 0.0000000000
80835  -55.885  23.410  -2.266 0.0000000000
117007  -55.877  22.744  -2.481 0.0000000000
80842  -55.454  23.300  -2.780 0.0000000000
81540  -55.459  24.100  -2.776 0.0000000000
79242  -48.020  21.626  18.323 0.0000000000
125228  -48.559  21.246  17.664 0.0000000000
79243  -48.715  21.742  18.139 0.0000000000
80002  -50.496  22.353  17.505 0.0000000000
79264  -49.933  21.913  17.081 0.0000000000
79268  -50.175  21.714  16.213 0.0000000000
79271  -50.382  21.584  15.367 0.0000000000
80017  -50.945  21.921  15.884 0.0000000000
80711  -52.451  23.564  18.623 0.0000000000
80710  -51.474  23.249  18.743 0.0000000000
80721  -52.132  23.042  17.888 0.0000000000
80739  -53.025  22.807  14.539 0.0000000000
80019  -52.549  22.468  15.331 0.0000000000
80024  -52.357  22.347  14.473 0.0000000000
80028  -51.855  22.120  13.941 0.0000000000
80032  -51.852  22.421  12.965 0.0000000000
80746  -52.178  22.834  12.290 0.0000000000
80749  -53.032  23.422  11.433 0.0000000000
110907  -52.213  23.489  9.920 0.0000000000
80754  -53.087  23.725  10.024 0.0000000000
106936  -50.397  26.634  17.408 0.0000000000
107374  -51.315  26.534  17.268 0.0000000000
82732  -53.216  26.486  15.520 0.0000000000
113241  -52.619  26.390  16.287 0.0000000000
82733  -54.578  26.436  16.066 0.0000000000
82734  -55.278  26.236  16.411 0.0000000000
117457  -55.394  26.343  15.577 0.0000000000
82760  -53.403  27.429  12.028 0.0000000000
82753  -54.212  27.288  12.748 0.0000000000
113113  -55.290  27.412  12.443 0.0000000000
123512  -56.857  26.608  12.277 0.0000000000
82755  -56.623  26.582  13.240 0.0000000000
82105  -56.788  26.086  12.952 0.0000000000
82103  -56.634  26.102  13.692 0.0000000000
81458  -56.325  25.396  12.705 0.0000000000
112055  -55.704  24.836  12.100 0.0000000000
81462  -55.934  25.160  11.343 0.0000000000
116485  -55.388  24.956  9.123 0.0000000000
117152  -54.301  24.480  8.957 0.0000000000
124891  -53.459  24.147  8.440 0.0000000000
81472  -54.142  24.475  8.058 0.0000000000
81480  -54.092  24.373  7.207 0.0000000000
82138  -55.851  25.293  4.923 0.0000000000
83454  -57.151  28.064  6.033 0.0000000000
82786  -57.321  27.213  5.344 0.0000000000
83497  -55.784  27.875  1.712 0.0000000000
82801  -56.247  27.421  2.556 0.0000000000
82800  -55.670  26.870  1.817 0.0000000000
82158  -55.386  25.871  2.380 0.0000000000
82167  -55.193  26.026  0.317 0.0000000000
82825  -54.577  27.176  -1.911 0.0000000000
82826  -55.006  26.893  -1.429 0.0000000000
82835  -54.906  26.271  -2.286 0.0000000000
82183  -54.812  25.723  -3.044 0.0000000000
82841  -54.119  26.130  -3.267 0.0000000000
106971  -52.618  27.807  0.375 0.0000000000
83493  -51.696  27.389  1.143 0.0000000000
83504  -50.385  27.493  -0.459 0.0000000000
83514  -50.994  27.530  -1.223 0.0000000000
83423  -48.889  28.123  6.984 0.0000000000
83438  -49.398  27.780  6.297 0.0000000000
84655  -48.171  29.247  5.212 0.0000000000
121599  -48.409  28.545  5.337 0.0000000000
126313  -48.269  28.791  4.863 0.0000000000
107447  -48.188  29.239  4.289 0.0000000000
85881  -49.681  31.850  4.494 0.0000000000
85886  -49.352  31.765  3.533 0.0000000000
85891  -48.527  31.279  2.134 0.0000000000
85292  -48.388  30.624  3.049 0.0000000000
84660  -48.242  29.678  3.014 0.0000000000
84664  -48.200  29.822  1.832 0.0000000000
84674  -47.446  29.823  0.424 0.0000000000
84673  -46.945  29.989  0.525 0.0000000000
85894  -46.576  31.867  1.129 0.0000000000
85890  -46.378  31.147  1.250 0.0000000000
115475  -45.976  30.953  1.887 0.0000000000
85889  -45.887  31.748  1.909 0.0000000000
87645  -47.997  35.161  1.894 0.0000000000
87644  -47.155  34.836  2.122 0.0000000000
87062  -45.546  33.589  2.813 0.0000000000
88824  -49.932  36.677  7.760 0.0000000000
113809  -49.257  36.505  7.574 0.0000000000
88227  -48.203  35.904  7.133 0.0000000000
88236  -47.631  35.608  6.812 0.0000000000
114351  -47.600  19.502  15.125 0.0000000000
78521  -48.618  20.552  15.635 0.0000000000
86407  -52.881  32.271  16.063 0.0000000000
123734  -54.055  32.456  15.216 0.0000000000
86993  -55.788  32.906  14.253 0.0000000000
87576  -56.722  34.108  14.395 0.0000000000
83339  -40.207  28.786  19.521 0.0000000000
84014  -40.870  28.562  19.948 0.0000000000
74784  -54.697  15.383  14.946 0.0000000000
73967  -53.305  14.867  14.812 0.0000000000
73958  -53.280  14.976  15.519 0.0000000000
110547  -51.976  14.986  15.998 0.0000000000
117069  -50.814  14.822  16.650 0.0000000000
78503  -40.901  19.808  18.012 0.0000000000
77775  -40.492  19.713  18.634 0.0000000000
121754  -53.487  17.599  6.990 0.0000000000
76337  -52.336  17.207  6.051 0.0000000000
80058  -50.508  22.409  6.846 0.0000000000
80065  -50.634  22.268  6.064 0.0000000000
80066  -51.233  22.722  5.679 0.0000000000
80074  -51.456  22.628  4.729 0.0000000000
80075  -51.968  23.003  3.994 0.0000000000
80791  -52.124  23.242  4.716 0.0000000000
80785  -53.558  23.934  4.790 0.0000000000
83320  -51.667  27.677  21.685 0.0000000000
82688  -52.946  27.307  20.939 0.0000000000
82689  -53.696  26.851  20.406 0.0000000000
82710  -53.631  26.660  19.252 0.0000000000
83403  -51.848  27.733  9.484 0.0000000000
106985  -52.607  27.888  8.850 0.0000000000
124886  -52.927  27.994  8.180 0.0000000000
106981  -53.566  28.187  6.964 0.0000000000
83451  -52.535  28.008  5.713 0.0000000000
83450  -51.602  27.731  5.396 0.0000000000
87627  -53.760  34.382  4.804 0.0000000000
87635  -53.059  34.470  4.142 0.0000000000
88262  -52.681  35.171  3.966 0.0000000000
88260  -50.849  35.894  3.365 0.0000000000
88839  -50.144  36.363  5.627 0.0000000000
75554  -48.992  16.813  9.899 0.0000000000
76292  -49.169  17.082  9.127 0.0000000000
76291  -48.732  17.515  9.679 0.0000000000
77073  -48.538  18.375  9.570 0.0000000000
117508  -48.767  20.455  11.984 0.0000000000
78535  -48.714  20.340  11.287 0.0000000000
79281  -49.082  20.941  11.599 0.0000000000
116483  -49.329  21.449  10.244 0.0000000000
80038  -49.817  21.964  10.597 0.0000000000
111845  -50.168  22.340  10.206 0.0000000000
80751  -50.716  22.732  10.246 0.0000000000
84049  -46.711  29.169  16.413 0.0000000000
106661  -47.098  27.884  16.223 0.0000000000
84604  -46.979  29.241  15.613 0.0000000000
112229  -47.191  28.543  15.065 0.0000000000
84054  -47.399  28.514  14.265 0.0000000000
85831  -50.130  31.229  13.137 0.0000000000
85249  -49.243  30.812  13.066 0.0000000000
85248  -48.395  30.428  12.459 0.0000000000
109608  -47.814  29.871  11.906 0.0000000000
84620  -47.689  29.105  11.437 0.0000000000
84062  -47.976  28.221  11.159 0.0000000000
119484  -47.888  29.831  11.036 0.0000000000
84625  -48.281  29.666  9.433 0.0000000000
85257  -48.363  30.441  9.789 0.0000000000
86444  -49.781  32.180  9.663 0.0000000000
107782  -54.762  32.908  10.387 0.0000000000
87004  -53.567  32.806  10.070 0.0000000000
87011  -54.601  32.902  9.491 0.0000000000
119245  -54.958  33.116  8.524 0.0000000000
87023  -54.692  33.114  7.515 0.0000000000
87024  -55.513  33.687  7.703 0.0000000000
87598  -55.726  34.499  8.136 0.0000000000
108212  -55.192  35.293  8.302 0.0000000000
77175  -55.076  19.057  -2.337 0.0000000000
77903  -55.367  20.056  -2.403 0.0000000000
81434  -45.246  23.956  17.229 0.0000000000
81435  -46.125  23.998  17.745 0.0000000000
127774  -45.578  24.412  17.621 0.0000000000
81419  -45.825  24.886  18.079 0.0000000000
82080  -46.380  25.150  18.655 0.0000000000
83343  -44.692  28.093  20.404 0.0000000000
83344  -45.429  27.426  20.225 0.0000000000
108993  -46.142  27.905  20.955 0.0000000000
83326  -47.036  27.883  21.480 0.0000000000
83327  -48.036  27.631  21.757 0.0000000000
83316  -47.349  28.854  22.252 0.0000000000
86364  -45.856  32.864  19.543 0.0000000000
86365  -46.079  32.746  19.758 0.0000000000
86370  -46.159  32.917  19.274 0.0000000000
85792  -46.477  32.073  18.930 0.0000000000
85203  -46.618  31.071  18.978 0.0000000000
85802  -46.557  31.767  17.732 0.0000000000
86387  -47.193  32.706  16.928 0.0000000000
75571  -55.617  17.409  8.010 0.0000000000
77087  -54.759  18.740  8.264 0.0000000000
75538  -54.264  17.019  11.680 0.0000000000
75546  -53.980  17.598  10.894 0.0000000000
74824  -52.043  15.875  10.878 0.0000000000
74815  -51.650  15.461  11.340 0.0000000000
73964  -49.429  14.667  14.631 0.0000000000
73973  -49.733  14.769  13.836 0.0000000000
73972  -48.886  14.829  13.932 0.0000000000
74792  -48.016  15.066  13.990 0.0000000000
75520  -46.916  16.187  14.004 0.0000000000
75457  -45.570  16.409  22.610 0.0000000000
116512  -47.127  16.538  22.490 0.0000000000
74711  -46.804  16.071  21.988 0.0000000000
75472  -48.198  16.154  21.569 0.0000000000
74724  -48.777  15.971  21.046 0.0000000000
74746  -48.773  15.065  19.747 0.0000000000
73922  -49.081  14.806  19.010 0.0000000000
73921  -48.248  14.570  19.131 0.0000000000
73920  -47.310  14.344  19.202 0.0000000000
112831  -44.770  17.699  17.479 0.0000000000
77782  -44.576  19.196  17.606 0.0000000000
78510  -44.976  20.040  17.533 0.0000000000
122400  -45.069  20.764  17.373 0.0000000000
116130  -44.374  20.579  17.208 0.0000000000
79261  -43.013  21.753  16.512 0.0000000000
74039  -56.150  14.370  3.132 0.0000000000
74040  -56.404  14.882  2.629 0.0000000000
77106  -50.117  18.174  6.235 0.0000000000
77123  -51.228  18.238  4.631 0.0000000000
77856  -52.338  19.639  2.839 0.0000000000
77141  -54.332  18.166  1.921 0.0000000000
76376  -55.187  18.220  1.569 0.0000000000
77151  -56.874  17.978  1.017 0.0000000000
77159  -57.140  18.052  0.545 0.0000000000
77158  -56.682  18.674  0.580 0.0000000000
77881  -56.457  19.431  0.269 0.0000000000
80815  -53.755  23.089  1.403 0.0000000000
80099  -54.378  22.520  0.719 0.0000000000
80829  -55.643  23.069  -0.773 0.0000000000
107918  -55.648  23.745  -1.362 0.0000000000
111194  -55.376  24.671  -1.013 0.0000000000
113540  -49.163  22.482  18.669 0.0000000000
126755  -49.734  22.641  18.550 0.0000000000
80723  -53.665  23.518  17.034 0.0000000000
80722  -52.690  22.957  17.080 0.0000000000
116254  -53.530  23.112  15.383 0.0000000000
80033  -52.680  22.895  12.964 0.0000000000
109343  -53.475  23.366  12.951 0.0000000000
108484  -53.704  23.578  12.181 0.0000000000
81460  -53.889  23.786  11.418 0.0000000000
107102  -50.241  26.289  15.850 0.0000000000
111782  -51.362  26.378  16.243 0.0000000000
82730  -50.994  26.309  15.219 0.0000000000
107824  -53.532  26.670  14.586 0.0000000000
83390  -55.726  27.566  11.074 0.0000000000
83399  -56.536  27.214  10.776 0.0000000000
111399  -56.839  26.810  11.155 0.0000000000
82107  -56.766  26.193  11.348 0.0000000000
81466  -56.116  25.439  10.508 0.0000000000
81470  -56.228  25.559  9.664 0.0000000000
81474  -56.201  25.519  8.865 0.0000000000
82121  -56.165  25.436  7.259 0.0000000000
82130  -56.458  25.588  6.439 0.0000000000
82139  -56.815  25.958  5.569 0.0000000000
83475  -55.798  28.947  3.734 0.0000000000
83476  -56.893  28.530  4.022 0.0000000000
124163  -55.921  28.492  2.266 0.0000000000
82810  -55.303  27.303  0.148 0.0000000000
117930  -55.129  28.030  -0.054 0.0000000000
83527  -54.290  27.686  -1.482 0.0000000000
83535  -54.049  27.321  -2.198 0.0000000000
83526  -53.760  27.584  -1.788 0.0000000000
106975  -50.898  27.179  1.902 0.0000000000
85276  -48.371  30.365  6.760 0.0000000000
84646  -48.221  29.476  6.564 0.0000000000
85284  -48.575  30.806  5.754 0.0000000000
86490  -49.927  32.443  2.646 0.0000000000
86489  -49.205  31.999  2.255 0.0000000000
109673  -47.977  30.327  1.041 0.0000000000
85302  -48.026  31.279  1.147 0.0000000000
85896  -47.184  31.860  0.808 0.0000000000
86501  -46.939  32.565  1.033 0.0000000000
87057  -46.572  35.125  3.031 0.0000000000
87061  -44.945  33.630  3.593 0.0000000000
110068  -44.949  34.266  4.088 0.0000000000
77052  -47.696  18.437  12.310 0.0000000000
77807  -47.897  19.359  12.613 0.0000000000
77796  -47.954  19.856  14.261 0.0000000000
78532  -48.547  20.273  12.760 0.0000000000
85240  -48.838  30.775  15.136 0.0000000000
85825  -50.846  31.523  15.605 0.0000000000
85828  -50.597  31.152  14.805 0.0000000000
85829  -51.258  31.489  14.339 0.0000000000
86418  -51.833  31.730  14.913 0.0000000000
117048  -50.653  31.255  13.803 0.0000000000
127201  -50.625  31.464  13.173 0.0000000000
85836  -50.512  31.748  12.520 0.0000000000
86434  -50.697  32.192  11.754 0.0000000000
114269  -51.343  32.410  11.717 0.0000000000
86436  -52.933  32.718  11.614 0.0000000000
87000  -54.307  32.812  11.453 0.0000000000
86431  -54.614  32.750  12.434 0.0000000000
126501  -55.181  32.989  11.002 0.0000000000
87006  -56.670  34.047  10.615 0.0000000000
76406  -56.034  18.024  -2.316 0.0000000000
82077  -43.199  26.037  18.350 0.0000000000
82703  -43.421  26.552  18.988 0.0000000000
84015  -41.634  28.531  20.133 0.0000000000
83342  -43.140  28.000  19.984 0.0000000000
108233  -43.984  27.872  19.982 0.0000000000
73982  -52.728  15.135  12.652 0.0000000000
111019  -51.529  14.733  13.390 0.0000000000
73974  -51.431  14.691  14.013 0.0000000000
73966  -51.868  14.731  14.524 0.0000000000
107338  -51.095  14.706  14.562 0.0000000000
73965  -50.283  14.686  14.556 0.0000000000
76956  -45.228  18.208  24.261 0.0000000000
125373  -44.978  17.461  23.661 0.0000000000
75446  -45.232  16.929  23.201 0.0000000000
76174  -44.422  17.081  23.177 0.0000000000
75456  -44.694  16.468  22.600 0.0000000000
74709  -45.074  15.906  22.023 0.0000000000
77778  -42.856  18.921  17.944 0.0000000000
78508  -42.576  20.241  17.216 0.0000000000
79249  -41.328  20.994  16.907 0.0000000000
78506  -40.736  20.492  17.478 0.0000000000
79259  -40.245  22.059  16.691 0.0000000000
78558  -49.557  20.483  6.337 0.0000000000
77842  -50.173  19.626  5.239 0.0000000000
78564  -49.905  20.442  5.590 0.0000000000
78570  -50.362  20.456  4.894 0.0000000000
78571  -50.856  20.476  4.242 0.0000000000
80073  -50.722  21.994  5.194 0.0000000000
79328  -51.156  21.280  3.992 0.0000000000
78578  -51.415  20.504  3.650 0.0000000000
78579  -52.023  20.503  3.042 0.0000000000
78586  -52.676  20.447  2.403 0.0000000000
78587  -53.232  20.565  1.855 0.0000000000
78593  -53.868  20.498  1.375 0.0000000000
79343  -53.491  21.298  1.564 0.0000000000
80091  -53.238  22.209  1.788 0.0000000000
80807  -52.697  23.085  2.832 0.0000000000
81508  -53.746  24.024  2.022 0.0000000000
81407  -50.353  24.344  20.564 0.0000000000
81408  -51.325  24.328  20.622 0.0000000000
81409  -52.370  24.445  20.424 0.0000000000
81422  -53.317  24.173  19.073 0.0000000000
81411  -54.256  24.985  19.553 0.0000000000
81423  -54.214  24.558  18.627 0.0000000000
81436  -54.323  24.248  17.725 0.0000000000
81437  -55.233  24.911  17.391 0.0000000000
115246  -55.551  25.122  16.556 0.0000000000
82751  -50.502  26.853  12.474 0.0000000000
107755  -51.653  26.909  12.893 0.0000000000
82759  -52.280  27.250  12.224 0.0000000000
83396  -53.493  27.786  10.182 0.0000000000
83389  -54.649  27.760  10.712 0.0000000000
83398  -55.813  27.662  10.333 0.0000000000
83406  -55.915  27.818  9.461 0.0000000000
83430  -56.936  27.544  7.962 0.0000000000
83453  -55.868  28.671  5.672 0.0000000000
83440  -54.685  28.465  6.401 0.0000000000
83465  -56.020  28.903  4.661 0.0000000000
83464  -54.746  28.831  4.397 0.0000000000
83485  -54.292  28.731  2.586 0.0000000000
106973  -53.093  28.289  2.352 0.0000000000
127980  -51.717  27.608  3.389 0.0000000000
83483  -51.233  27.381  2.911 0.0000000000
83471  -49.380  27.468  3.065 0.0000000000
117796  -50.786  32.374  5.462 0.0000000000
86479  -51.618  32.706  5.378 0.0000000000
118351  -51.166  32.701  4.520 0.0000000000
87058  -51.665  33.389  3.535 0.0000000000
86491  -50.496  33.112  2.184 0.0000000000
87070  -49.896  33.528  1.535 0.0000000000
87069  -49.075  33.893  1.154 0.0000000000
87646  -48.837  34.864  1.561 0.0000000000
87639  -48.544  35.526  2.210 0.0000000000
88268  -49.159  35.865  2.620 0.0000000000
88267  -48.270  35.886  2.849 0.0000000000
88257  -47.605  35.936  3.614 0.0000000000
75582  -51.092  16.876  8.010 0.0000000000
76323  -51.545  17.206  7.367 0.0000000000
76321  -49.870  17.386  7.525 0.0000000000
77105  -49.613  18.389  6.793 0.0000000000
77113  -49.397  19.142  6.706 0.0000000000
77828  -49.097  19.583  7.263 0.0000000000
112310  -48.420  18.853  10.195 0.0000000000
77813  -48.510  19.302  9.540 0.0000000000
78537  -48.667  20.211  10.533 0.0000000000
117100  -48.604  19.974  9.898 0.0000000000
77818  -48.605  19.501  8.787 0.0000000000
78548  -48.904  20.046  7.773 0.0000000000
77835  -49.344  19.858  6.673 0.0000000000
79305  -49.647  21.242  6.765 0.0000000000
79295  -49.965  21.944  7.219 0.0000000000
80050  -50.926  22.898  7.228 0.0000000000
80764  -51.116  23.185  7.996 0.0000000000
110689  -51.877  23.525  7.900 0.0000000000
83361  -48.875  27.813  18.723 0.0000000000
82707  -49.646  27.331  18.566 0.0000000000
82706  -48.927  27.150  17.877 0.0000000000
82715  -49.550  26.815  17.594 0.0000000000
82721  -49.585  26.430  16.568 0.0000000000
128152  -47.473  27.296  15.940 0.0000000000
108272  -48.702  26.445  15.959 0.0000000000
115532  -49.398  26.290  15.666 0.0000000000
82742  -49.758  26.360  13.854 0.0000000000
85243  -48.359  30.277  14.574 0.0000000000
84608  -47.852  29.785  14.144 0.0000000000
84611  -47.548  29.123  13.818 0.0000000000
84615  -47.579  29.085  13.029 0.0000000000
84057  -47.510  28.384  13.438 0.0000000000
83380  -48.265  26.837  13.186 0.0000000000
82749  -48.847  26.725  12.641 0.0000000000
109776  -49.674  26.562  12.965 0.0000000000
82757  -50.318  27.134  11.651 0.0000000000
83394  -50.362  27.429  10.812 0.0000000000
108466  -48.665  27.750  10.769 0.0000000000
83393  -49.420  27.616  10.388 0.0000000000
83402  -50.173  27.634  9.847 0.0000000000
83410  -50.678  27.728  8.425 0.0000000000
83409  -49.834  27.803  8.133 0.0000000000
84083  -49.097  28.118  7.847 0.0000000000
84082  -48.599  28.635  7.606 0.0000000000
84632  -48.356  29.733  8.727 0.0000000000
119767  -48.338  29.865  8.110 0.0000000000
85270  -48.435  30.393  7.711 0.0000000000
85863  -48.708  30.948  7.365 0.0000000000
86463  -50.083  31.946  6.919 0.0000000000
86440  -50.595  32.450  10.196 0.0000000000
86445  -50.566  32.400  9.121 0.0000000000
86464  -50.771  32.289  7.245 0.0000000000
86472  -51.695  32.594  6.549 0.0000000000
87040  -52.788  32.812  6.174 0.0000000000
87034  -55.059  33.704  6.872 0.0000000000
87042  -54.594  33.795  6.187 0.0000000000
88252  -53.803  35.200  5.270 0.0000000000
109077  -53.531  35.702  5.809 0.0000000000
88240  -52.934  36.046  5.961 0.0000000000
78512  -46.962  20.207  17.937 0.0000000000
78513  -47.597  20.448  17.767 0.0000000000
79255  -47.385  20.999  18.111 0.0000000000
123865  -47.439  21.752  18.267 0.0000000000
79992  -47.793  22.414  18.518 0.0000000000
110744  -48.500  22.835  18.886 0.0000000000
80695  -48.589  23.651  19.364 0.0000000000
82079  -45.808  25.678  18.717 0.0000000000
82060  -46.573  25.656  19.240 0.0000000000
82061  -47.400  25.422  19.682 0.0000000000
82062  -48.243  25.197  20.174 0.0000000000
118504  -49.548  24.496  20.430 0.0000000000
81396  -50.088  25.104  21.060 0.0000000000
82042  -50.828  26.200  21.688 0.0000000000
82664  -50.949  27.305  22.040 0.0000000000
112747  -49.958  27.969  22.300 0.0000000000
112739  -50.640  27.811  22.241 0.0000000000
83319  -51.123  28.009  22.126 0.0000000000
83329  -51.287  28.242  21.833 0.0000000000
83328  -50.935  28.907  21.838 0.0000000000
83347  -50.491  28.512  20.668 0.0000000000
85173  -47.007  30.892  22.288 0.0000000000
85175  -48.504  31.173  22.384 0.0000000000
85185  -48.117  31.386  22.033 0.0000000000
84559  -48.866  30.966  22.239 0.0000000000
84567  -48.906  30.363  21.327 0.0000000000
84019  -49.239  29.518  20.779 0.0000000000
83346  -49.507  28.616  20.057 0.0000000000
84043  -47.216  28.493  17.850 0.0000000000
84042  -46.715  29.029  17.292 0.0000000000
84601  -46.510  29.884  17.101 0.0000000000
128281  -47.760  31.060  15.843 0.0000000000
85823  -48.357  31.237  15.710 0.0000000000
76327  -54.840  17.763  7.540 0.0000000000
76326  -54.029  17.858  7.156 0.0000000000
120768  -53.521  18.029  7.483 0.0000000000
77075  -54.745  18.963  8.969 0.0000000000
76294  -53.900  18.505  9.346 0.0000000000
76283  -53.833  18.111  10.152 0.0000000000
106534  -53.377  18.252  8.898 0.0000000000
75569  -51.418  16.829  8.808 0.0000000000
122605  -50.917  16.408  9.248 0.0000000000
75556  -50.200  16.351  9.333 0.0000000000
74834  -49.931  16.057  10.009 0.0000000000
75543  -49.356  16.293  10.298 0.0000000000
75542  -48.841  16.641  10.648 0.0000000000
76270  -48.147  17.180  11.623 0.0000000000
73985  -50.355  15.038  11.992 0.0000000000
74799  -49.180  14.957  13.303 0.0000000000
74813  -49.497  15.279  12.012 0.0000000000
74812  -48.814  15.824  11.893 0.0000000000
76269  -47.713  17.448  12.255 0.0000000000
76263  -47.294  18.000  12.874 0.0000000000
77045  -47.115  18.508  13.622 0.0000000000
122890  -46.890  18.575  14.374 0.0000000000
77040  -46.932  18.845  15.173 0.0000000000
74767  -53.946  15.859  17.578 0.0000000000
76980  -51.757  18.305  22.907 0.0000000000
76190  -51.974  18.039  22.291 0.0000000000
76203  -52.204  17.753  21.688 0.0000000000
76162  -46.233  17.937  24.247 0.0000000000
76178  -48.373  17.431  23.411 0.0000000000
75449  -47.816  16.928  22.775 0.0000000000
75450  -48.723  17.107  22.759 0.0000000000
124707  -49.361  17.154  22.657 0.0000000000
76187  -49.851  17.343  22.837 0.0000000000
76201  -50.885  17.211  22.008 0.0000000000
76212  -52.412  17.428  21.015 0.0000000000
114634  -51.910  16.913  20.674 0.0000000000
75484  -52.556  17.056  20.334 0.0000000000
74739  -50.983  16.118  19.978 0.0000000000
74749  -51.483  16.026  19.351 0.0000000000
124020  -52.160  16.304  19.299 0.0000000000
74758  -52.419  15.843  18.219 0.0000000000
74766  -52.414  15.564  17.552 0.0000000000
109933  -51.706  15.299  17.335 0.0000000000
127364  -51.149  15.031  17.171 0.0000000000
73929  -49.432  14.718  18.301 0.0000000000
73935  -49.779  14.682  17.572 0.0000000000
107932  -49.989  14.630  16.719 0.0000000000
110249  -49.178  14.492  16.376 0.0000000000
73942  -48.254  14.418  16.089 0.0000000000
113754  -47.322  14.411  16.227 0.0000000000
74745  -44.976  14.744  19.961 0.0000000000
73918  -45.377  14.510  19.216 0.0000000000
111540  -45.754  14.386  18.508 0.0000000000
73925  -44.989  14.828  18.257 0.0000000000
73932  -45.731  14.542  17.655 0.0000000000
118577  -46.482  14.306  17.224 0.0000000000
73941  -46.567  14.549  16.426 0.0000000000
74774  -46.172  15.081  15.985 0.0000000000
77028  -46.697  19.115  17.167 0.0000000000
79254  -46.475  20.832  17.933 0.0000000000
128839  -46.281  21.518  17.807 0.0000000000
80000  -45.492  22.433  17.225 0.0000000000
111826  -44.475  24.463  17.103 0.0000000000
81433  -43.701  24.803  17.074 0.0000000000
78517  -42.929  20.918  16.804 0.0000000000
81443  -43.209  24.260  16.655 0.0000000000
81432  -42.764  25.036  17.092 0.0000000000
82076  -42.487  25.752  17.933 0.0000000000
82701  -40.985  26.853  19.432 0.0000000000
126351  -40.733  26.320  18.738 0.0000000000
82700  -40.170  26.789  19.171 0.0000000000
83359  -40.336  27.746  19.714 0.0000000000
73220  -56.096  13.554  1.800 0.0000000000
73228  -55.935  13.689  1.036 0.0000000000
74058  -56.344  14.230  0.697 0.0000000000
116691  -50.985  19.043  4.370 0.0000000000
77132  -52.072  18.814  3.316 0.0000000000
76360  -53.475  17.230  3.395 0.0000000000
75613  -55.708  16.369  2.814 0.0000000000
75620  -56.385  16.306  2.263 0.0000000000
76370  -56.544  16.947  1.846 0.0000000000
75621  -56.842  16.230  1.698 0.0000000000
74888  -56.898  15.469  1.495 0.0000000000
74898  -56.287  15.087  -0.566 0.0000000000
74904  -56.401  15.807  -1.049 0.0000000000
75636  -57.192  17.124  -0.252 0.0000000000
75652  -56.340  16.676  -1.663 0.0000000000
76397  -56.481  17.694  -1.841 0.0000000000
77177  -56.551  18.631  -2.195 0.0000000000
78594  -54.584  20.557  0.863 0.0000000000
77880  -55.971  19.984  0.271 0.0000000000
78604  -56.596  20.133  -0.299 0.0000000000
79354  -55.451  21.507  0.055 0.0000000000
78603  -56.004  20.780  -0.157 0.0000000000
77891  -57.061  19.807  -0.701 0.0000000000
78614  -57.115  20.122  -1.341 0.0000000000
77899  -57.129  19.890  -1.839 0.0000000000
125456  -56.742  19.476  -2.220 0.0000000000
122798  -55.922  19.404  -2.516 0.0000000000
78624  -55.512  20.865  -2.550 0.0000000000
80125  -56.279  22.613  -2.063 0.0000000000
79379  -55.699  21.626  -2.598 0.0000000000
109934  -55.137  22.048  -2.668 0.0000000000
78514  -48.215  20.710  17.442 0.0000000000
78519  -48.971  21.021  16.201 0.0000000000
79257  -49.173  21.604  17.460 0.0000000000
79263  -49.441  21.453  16.613 0.0000000000
79270  -49.795  21.255  14.818 0.0000000000
79279  -50.559  21.621  13.665 0.0000000000
80003  -51.233  22.695  17.784 0.0000000000
80014  -51.441  22.228  16.427 0.0000000000
80015  -52.235  22.461  16.293 0.0000000000
80018  -51.715  22.088  15.632 0.0000000000
80022  -51.130  21.810  15.078 0.0000000000
80027  -51.199  21.829  14.243 0.0000000000
128870  -50.595  21.786  12.947 0.0000000000
106596  -51.009  22.162  12.525 0.0000000000
80040  -51.124  22.753  11.073 0.0000000000
80748  -52.092  23.058  11.406 0.0000000000
80752  -51.568  23.170  10.311 0.0000000000
80756  -51.639  23.371  9.401 0.0000000000
80761  -52.608  23.796  8.351 0.0000000000
107388  -51.325  26.839  18.265 0.0000000000
109495  -52.395  26.654  18.219 0.0000000000
82716  -53.511  26.459  18.089 0.0000000000
82724  -53.558  26.397  17.109 0.0000000000
82717  -54.483  26.308  17.851 0.0000000000
82097  -55.662  25.840  16.146 0.0000000000
81449  -55.724  25.099  15.720 0.0000000000
82745  -54.173  26.982  13.711 0.0000000000
111264  -54.984  26.716  14.722 0.0000000000
82754  -56.338  27.078  12.838 0.0000000000
82746  -55.712  26.928  14.077 0.0000000000
82738  -55.920  26.413  14.720 0.0000000000
82100  -56.342  25.969  14.481 0.0000000000
81451  -55.813  25.020  14.738 0.0000000000
81453  -55.318  24.433  13.772 0.0000000000
81456  -54.697  24.086  12.154 0.0000000000
81464  -53.995  23.971  10.649 0.0000000000
81465  -55.007  24.565  10.554 0.0000000000
80758  -53.273  23.986  9.135 0.0000000000
80767  -53.179  23.915  6.744 0.0000000000
120863  -53.623  23.989  5.748 0.0000000000
81488  -55.096  24.830  6.677 0.0000000000
82780  -57.374  26.863  6.398 0.0000000000
82147  -56.825  26.347  4.708 0.0000000000
82796  -56.848  27.515  3.526 0.0000000000
124248  -56.761  26.652  3.997 0.0000000000
82177  -55.227  25.644  -1.577 0.0000000000
82817  -55.191  26.528  -0.631 0.0000000000
81539  -55.071  24.670  -3.207 0.0000000000
106972  -51.384  27.371  0.007 0.0000000000
83439  -50.315  27.631  6.641 0.0000000000
111178  -50.122  27.592  5.910 0.0000000000
83448  -49.484  27.666  5.399 0.0000000000
84093  -48.224  28.969  5.983 0.0000000000
83447  -48.831  28.001  5.294 0.0000000000
124936  -49.087  27.748  4.603 0.0000000000
83459  -48.875  27.863  3.706 0.0000000000
83470  -48.727  28.038  2.503 0.0000000000
109814  -48.563  30.915  3.895 0.0000000000
124681  -48.466  28.680  1.454 0.0000000000
84111  -48.355  28.941  0.400 0.0000000000
84675  -47.906  29.453  0.132 0.0000000000
85301  -46.711  30.586  0.825 0.0000000000
84668  -46.598  30.027  0.985 0.0000000000
87066  -46.151  33.414  2.004 0.0000000000
86483  -44.543  32.797  3.860 0.0000000000
88193  -56.229  35.442  11.179 0.0000000000
115863  -54.597  35.755  8.898 0.0000000000
88215  -53.533  36.127  8.776 0.0000000000
88229  -53.401  36.094  7.831 0.0000000000
88835  -52.423  36.365  7.550 0.0000000000
88842  -52.315  36.318  6.593 0.0000000000
88809  -50.795  36.785  8.924 0.0000000000
88834  -51.518  36.522  7.307 0.0000000000
88841  -51.442  36.415  6.379 0.0000000000
88840  -50.665  36.439  6.259 0.0000000000
88238  -49.314  36.223  6.231 0.0000000000
88228  -48.937  36.178  7.000 0.0000000000
115973  -47.573  35.604  5.849 0.0000000000
73911  -45.950  14.681  20.137 0.0000000000
73937  -51.525  15.032  16.652 0.0000000000
73951  -46.781  14.785  15.712 0.0000000000
73955  -50.755  14.712  15.275 0.0000000000
73968  -53.965  15.093  14.499 0.0000000000
74734  -46.703  15.085  20.772 0.0000000000
74738  -50.228  15.747  19.820 0.0000000000
74748  -50.296  15.412  19.085 0.0000000000
74775  -53.203  15.471  17.002 0.0000000000
74910  -55.394  15.513  -2.563 0.0000000000
75458  -46.416  16.451  22.552 0.0000000000
76202  -51.566  17.544  21.971 0.0000000000
76385  -57.268  17.515  0.236 0.0000000000
76405  -55.437  17.945  -2.537 0.0000000000
77160  -57.271  18.295  -0.056 0.0000000000
77783  -46.518  19.586  17.667 0.0000000000
77882  -56.890  19.285  -0.021 0.0000000000
78549  -49.249  20.492  7.187 0.0000000000
78613  -56.822  20.654  -1.193 0.0000000000
78625  -56.079  20.971  -2.580 0.0000000000
79240  -39.144  20.984  17.826 0.0000000000
80039  -50.395  22.370  10.857 0.0000000000
80042  -49.743  22.010  9.821 0.0000000000
80126  -56.167  22.052  -2.381 0.0000000000
80699  -52.349  23.914  19.462 0.0000000000
80732  -54.185  23.640  16.238 0.0000000000
80743  -53.273  23.108  13.735 0.0000000000
81410  -53.364  24.664  20.022 0.0000000000
81446  -54.977  24.394  16.650 0.0000000000
81457  -55.628  24.707  12.980 0.0000000000
81473  -55.157  24.884  8.436 0.0000000000
81547  -55.174  23.879  -3.154 0.0000000000
82092  -55.264  25.727  17.872 0.0000000000
82672  -48.893  27.537  21.938 0.0000000000
82674  -52.579  27.116  21.437 0.0000000000
82708  -51.334  27.212  19.190 0.0000000000
82718  -55.076  26.178  17.630 0.0000000000
82720  -47.973  26.788  16.060 0.0000000000
82833  -53.676  26.872  -2.797 0.0000000000
83317  -47.951  28.532  22.258 0.0000000000
83376  -47.604  27.297  14.633 0.0000000000
83382  -47.817  27.819  11.925 0.0000000000
83437  -48.696  28.230  6.069 0.0000000000
83507  -55.380  28.146  0.782 0.0000000000
83528  -54.717  27.586  -1.238 0.0000000000
84001  -50.762  28.688  22.170 0.0000000000
84050  -47.043  28.124  17.011 0.0000000000
84052  -46.943  28.507  15.849 0.0000000000
84551  -46.622  29.950  22.361 0.0000000000
84553  -48.694  30.773  22.491 0.0000000000
84639  -48.309  29.513  7.397 0.0000000000
85174  -48.039  31.153  22.380 0.0000000000
85202  -44.613  31.889  19.453 0.0000000000
85785  -45.453  32.361  19.963 0.0000000000
85787  -46.234  32.517  19.917 0.0000000000
85832  -51.179  31.736  13.299 0.0000000000
86429  -52.006  32.477  12.098 0.0000000000
86439  -49.788  32.167  10.462 0.0000000000
86465  -51.447  32.529  7.658 0.0000000000
86495  -46.689  33.188  1.414 0.0000000000
86994  -56.525  33.439  13.827 0.0000000000
87585  -56.580  34.813  10.410 0.0000000000
88251  -53.192  35.208  4.565 0.0000000000
106843  -42.975  19.675  17.496 0.0000000000
108936  -52.315  14.799  13.368 0.0000000000
109114  -51.017  32.485  11.083 0.0000000000
112811  -45.989  18.511  24.671 0.0000000000
114489  -52.299  23.559  6.702 0.0000000000
115671  -53.727  26.429  16.378 0.0000000000
116120  -54.563  24.497  5.956 0.0000000000
116269  -54.119  25.454  20.287 0.0000000000
118374  -48.347  26.611  13.872 0.0000000000
119358  -48.387  30.270  9.115 0.0000000000
120637  -47.943  28.991  10.624 0.0000000000
121733  -56.428  25.582  13.263 0.0000000000
122081  -53.527  26.891  21.132 0.0000000000
122094  -48.219  26.581  15.419 0.0000000000
123523  -53.074  33.102  5.272 0.0000000000
124641  -57.071  26.917  9.671 0.0000000000
124656  -56.293  26.994  13.562 0.0000000000
124840  -49.055  20.997  15.652 0.0000000000
124939  -51.135  22.389  17.078 0.0000000000
125285  -55.065  25.702  18.425 0.0000000000
126211  -50.827  27.292  11.333 0.0000000000
126553  -52.275  27.882  8.158 0.0000000000
126854  -53.100  20.084  2.058 0.0000000000
127067  -49.197  30.578  22.379 0.0000000000
127474  -42.532  21.301  16.656 0.0000000000
127720  -54.694  23.913  13.673 0.0000000000
127782  -54.350  27.462  12.209 0.0000000000
128425  -49.328  14.508  17.061 0.0000000000
