#!ascii label  , from subject sub-v2s7x29662_ses-1 vox2ras=TkReg
944
50627  -25.372  -12.215  -28.657 0.4285714328
113522  -25.822  -11.475  -29.664 0.2857142985
50643  -25.772  -11.750  -29.002 0.4285714328
51496  -26.459  -11.326  -28.925 0.4285714328
51497  -27.113  -10.691  -29.166 0.4285714328
52449  -26.542  -10.654  -30.679 0.2857142985
126448  -27.018  -10.421  -29.865 0.4285714328
52450  -27.324  -9.941  -30.354 0.4285714328
53398  -27.188  -9.667  -32.064 0.4285714328
53379  -27.526  -9.404  -31.577 0.4285714328
53399  -27.735  -9.031  -32.204 0.4285714328
54358  -28.309  -8.501  -32.747 0.4285714328
54379  -28.404  -8.374  -34.035 0.5714285970
54370  -28.220  -8.515  -33.440 0.5714285970
54371  -28.865  -8.179  -33.447 0.4285714328
55283  -29.521  -7.511  -32.877 0.2857142985
55293  -29.150  -8.147  -34.408 0.7142857313
125762  -29.531  -7.876  -33.873 0.7142857313
56173  -30.850  -6.828  -34.151 0.7142857313
55294  -30.032  -7.761  -34.708 0.7142857313
55284  -30.106  -7.195  -33.485 0.5714285970
56187  -32.102  -5.974  -34.773 0.5714285970
56185  -30.698  -7.217  -35.369 0.5714285970
56198  -31.800  -6.199  -35.704 0.5714285970
57105  -32.635  -5.575  -35.470 0.5714285970
56197  -31.192  -6.623  -35.884 0.5714285970
57091  -32.767  -5.523  -34.293 0.4285714328
57114  -32.886  -5.165  -36.436 0.5714285970
58044  -34.188  -4.115  -35.686 0.5714285970
109604  -32.205  -5.361  -36.564 0.7142857313
58043  -33.613  -4.617  -36.243 0.7142857313
58061  -34.034  -4.125  -36.784 0.7142857313
58966  -34.543  -3.529  -36.127 0.5714285970
127123  -31.128  -5.093  -36.570 0.5714285970
58983  -33.329  -4.264  -37.401 0.8571428657
58967  -35.140  -3.029  -35.393 0.5714285970
58982  -32.539  -4.331  -37.149 0.5714285970
59964  -35.100  -2.418  -37.295 0.7142857313
119208  -35.409  -2.384  -35.550 0.5714285970
58984  -33.860  -3.966  -37.483 0.7142857313
126024  -34.745  -2.919  -37.342 0.7142857313
60890  -35.585  -1.689  -37.384 0.5714285970
58985  -34.395  -3.469  -37.324 0.7142857313
61763  -36.047  -0.973  -36.499 0.5714285970
58992  -34.142  -3.480  -38.069 0.5714285970
59975  -34.650  -2.882  -38.081 0.7142857313
121329  -36.557  -0.281  -37.951 0.7142857313
60904  -34.851  -2.264  -38.926 0.7142857313
60905  -35.570  -1.665  -38.540 0.7142857313
122157  -36.123  -0.973  -38.900 0.7142857313
62654  -36.852  0.478  -38.048 0.7142857313
60911  -35.421  -1.354  -39.520 0.7142857313
121416  -34.006  -2.209  -38.817 0.5714285970
64474  -36.934  1.659  -38.499 0.5714285970
107225  -36.871  2.452  -38.488 0.5714285970
61793  -35.598  -0.701  -40.142 0.8571428657
112923  -36.717  1.664  -39.542 0.7142857313
110023  -36.388  0.055  -40.103 0.8571428657
63533  -36.505  0.837  -40.285 0.7142857313
125871  -36.410  3.465  -40.631 0.8571428657
66312  -36.547  3.485  -39.677 0.5714285970
64480  -36.508  1.938  -40.493 0.8571428657
63540  -35.792  1.279  -41.379 0.8571428657
62670  -36.198  0.438  -40.771 0.8571428657
63541  -36.195  1.205  -41.117 0.8571428657
66319  -35.445  4.111  -42.411 0.8571428657
67095  -35.737  5.196  -42.141 0.8571428657
67937  -35.378  5.695  -42.793 0.8571428657
64486  -36.195  2.147  -41.376 0.8571428657
67094  -34.155  4.441  -42.279 1.0000000000
67105  -34.851  4.771  -42.971 1.0000000000
66327  -35.622  3.254  -42.152 0.8571428657
67104  -34.157  4.989  -43.108 1.0000000000
107998  -34.635  4.167  -42.725 1.0000000000
67941  -33.508  6.292  -43.555 1.0000000000
69539  -33.514  7.813  -41.066 0.7142857313
67103  -33.851  5.768  -43.603 1.0000000000
67936  -33.567  5.757  -43.017 1.0000000000
68762  -33.366  6.809  -42.405 1.0000000000
71959  -32.847  10.916  -42.344 1.0000000000
71942  -33.328  11.268  -41.068 0.8571428657
72781  -32.921  12.612  -42.217 0.8571428657
115126  -33.096  11.933  -41.700 1.0000000000
75201  -32.733  15.424  -42.983 0.8571428657
74393  -33.037  14.126  -42.121 0.8571428657
74398  -32.606  13.940  -43.088 1.0000000000
75939  -32.141  16.828  -44.515 0.8571428657
76703  -32.409  17.702  -43.743 0.7142857313
76686  -32.767  17.734  -41.645 0.5714285970
78195  -32.231  19.245  -42.705 0.7142857313
78199  -31.962  19.176  -43.676 0.5714285970
78186  -31.386  19.330  -40.763 0.5714285970
77454  -32.461  18.550  -41.385 0.5714285970
78885  -30.963  20.185  -41.161 0.4285714328
78890  -30.359  20.797  -41.574 0.4285714328
79661  -30.357  21.185  -42.428 0.4285714328
125650  -28.869  21.141  -39.873 0.2857142985
79628  -29.079  21.878  -39.540 0.2857142985
124062  -29.118  20.901  -40.586 0.2857142985
79617  -29.498  21.976  -38.641 0.2857142985
51518  -25.937  -11.228  -30.391 0.2857142985
59963  -34.944  -2.786  -36.456 0.5714285970
65459  -36.733  3.510  -38.471 0.5714285970
62664  -36.557  -0.219  -39.095 0.7142857313
63527  -36.788  0.777  -39.092 0.7142857313
65470  -36.461  2.780  -40.566 0.8571428657
66320  -36.204  3.925  -41.259 0.8571428657
67096  -36.169  4.880  -41.237 0.8571428657
69548  -33.237  7.874  -42.338 0.8571428657
79612  -31.641  22.205  -37.069 0.1428571492
52471  -26.312  -10.542  -31.538 0.2857142985
52472  -27.029  -10.014  -31.368 0.4285714328
53380  -28.045  -8.850  -31.279 0.4285714328
52488  -26.557  -10.019  -32.130 0.2857142985
54335  -28.464  -8.368  -31.788 0.4285714328
53411  -27.656  -8.874  -33.098 0.5714285970
55303  -29.458  -7.865  -35.177 0.2857142985
56186  -31.429  -6.634  -35.118 0.4285714328
57104  -30.958  -6.462  -36.108 0.5714285970
58020  -34.187  -4.850  -34.222 0.4285714328
57112  -31.487  -5.964  -36.250 0.7142857313
121673  -33.294  -5.051  -35.704 0.7142857313
58031  -33.853  -4.643  -35.226 0.4285714328
58981  -31.417  -4.381  -36.779 0.5714285970
128037  -32.208  -4.907  -36.803 0.5714285970
61764  -36.637  -0.409  -35.769 0.5714285970
58991  -33.010  -3.729  -37.644 0.5714285970
60884  -36.226  -1.115  -35.470 0.5714285970
59976  -35.161  -2.256  -38.167 0.7142857313
61773  -36.622  -0.209  -36.764 0.5714285970
59974  -34.279  -2.883  -38.559 0.8571428657
62663  -36.079  -0.714  -39.909 0.7142857313
123545  -36.454  4.026  -40.087 0.5714285970
64485  -35.783  1.838  -41.674 1.0000000000
67110  -34.439  5.504  -43.369 1.0000000000
124400  -34.164  4.201  -41.257 1.0000000000
114532  -33.501  9.696  -40.268 0.7142857313
70388  -33.083  8.881  -42.266 1.0000000000
69560  -32.847  8.062  -43.592 1.0000000000
71169  -33.191  10.393  -41.583 0.7142857313
70397  -32.668  9.252  -43.213 1.0000000000
113875  -33.310  9.692  -41.203 0.7142857313
119157  -32.879  14.780  -42.546 0.8571428657
73577  -32.769  13.279  -42.672 1.0000000000
117089  -32.441  12.375  -43.313 1.0000000000
76694  -32.680  17.770  -42.697 0.7142857313
124842  -32.519  18.031  -40.894 0.5714285970
78192  -32.307  19.237  -41.843 0.7142857313
78181  -30.534  19.192  -40.245 0.4285714328
79641  -28.989  21.611  -40.396 0.2857142985
128932  -29.899  21.236  -41.822 0.4285714328
78198  -31.643  19.921  -43.244 0.4285714328
114925  -29.382  21.232  -41.228 0.4285714328
56195  -29.745  -7.143  -35.781 0.4285714328
57103  -30.394  -6.403  -36.120 0.4285714328
78191  -31.819  19.787  -41.478 0.7142857313
51517  -25.242  -11.566  -30.319 0.2857142985
50642  -25.196  -11.924  -29.450 0.2857142985
52424  -26.456  -10.948  -29.777 0.4285714328
51538  -25.706  -11.040  -31.124 0.2857142985
119391  -27.112  -9.407  -32.603 0.2857142985
53410  -27.082  -9.149  -33.094 0.4285714328
54369  -27.868  -8.528  -33.657 0.4285714328
55292  -28.432  -8.002  -34.718 0.2857142985
55304  -30.166  -7.545  -35.470 0.5714285970
56196  -30.579  -7.015  -35.844 0.5714285970
56203  -31.538  -6.145  -36.042 0.5714285970
57113  -32.066  -5.786  -36.177 0.5714285970
57092  -33.390  -5.148  -34.757 0.4285714328
58060  -33.440  -4.519  -36.990 0.7142857313
58951  -34.821  -3.656  -35.023 0.5714285970
58058  -31.611  -5.306  -36.559 0.7142857313
58059  -32.846  -4.852  -36.986 0.7142857313
57111  -30.934  -5.724  -36.372 0.7142857313
126648  -33.688  -3.760  -37.812 0.5714285970
60883  -35.521  -1.824  -36.193 0.5714285970
61772  -36.104  -0.977  -37.674 0.7142857313
121656  -33.476  -2.968  -38.154 0.7142857313
60910  -34.549  -1.509  -39.243 0.8571428657
108582  -36.657  2.657  -39.510 0.8571428657
64492  -35.697  2.563  -41.911 0.8571428657
62676  -35.902  0.634  -41.091 0.8571428657
66326  -34.972  3.439  -42.514 1.0000000000
109420  -33.567  6.299  -41.813 1.0000000000
70379  -33.440  8.825  -40.935 0.8571428657
117924  -32.598  15.963  -43.394 0.8571428657
75934  -32.605  16.840  -43.323 0.8571428657
77461  -32.414  18.501  -43.166 0.7142857313
77456  -32.560  18.537  -42.203 0.5714285970
78187  -32.108  19.118  -41.199 0.5714285970
78185  -30.238  19.819  -40.577 0.4285714328
78891  -31.284  20.491  -41.910 0.4285714328
79616  -28.852  21.369  -38.998 0.2857142985
78884  -29.812  20.474  -40.948 0.2857142985
79611  -30.761  21.886  -37.493 0.1428571492
117225  -33.028  9.676  -42.141 1.0000000000
78892  -31.886  19.944  -42.285 0.5714285970
81091  -28.783  24.339  -43.051 0.2857142985
81779  -29.148  25.533  -41.840 0.1428571492
80394  -29.104  22.925  -42.918 0.2857142985
80399  -28.849  23.820  -43.637 0.2857142985
81789  -28.837  24.854  -42.438 0.1428571492
108870  -29.947  26.174  -41.292 0.1428571492
81084  -29.081  23.253  -40.936 0.1428571492
80388  -28.926  22.921  -41.882 0.2857142985
79676  -29.760  22.444  -45.438 0.2857142985
80400  -29.101  23.220  -44.095 0.2857142985
106400  -30.900  19.892  -49.611 0.2857142985
125481  -30.081  21.243  -47.183 0.2857142985
81780  -29.975  25.109  -40.874 0.1428571492
79670  -30.296  21.410  -43.609 0.2857142985
117285  -31.225  18.746  -45.842 0.2857142985
79677  -30.123  21.607  -44.739 0.2857142985
79660  -29.625  22.156  -43.263 0.2857142985
75957  -31.579  16.466  -47.832 0.1428571492
77488  -30.690  18.817  -47.250 0.2857142985
78921  -30.321  20.938  -46.171 0.2857142985
81068  -29.133  24.324  -41.420 0.1428571492
78912  -30.608  20.763  -45.034 0.2857142985
109187  -32.973  15.494  -46.989 0.1428571492
75229  -31.892  15.902  -47.615 0.1428571492
114874  -30.940  17.933  -47.726 0.4285714328
78202  -31.619  19.057  -44.665 0.2857142985
73602  -31.590  13.346  -46.249 0.2857142985
75944  -31.312  15.887  -46.336 0.4285714328
77469  -31.749  18.343  -44.950 0.2857142985
78896  -31.181  20.608  -42.856 0.2857142985
73596  -33.487  12.696  -45.628 0.1428571492
74418  -31.584  14.409  -46.690 0.2857142985
76712  -31.573  17.797  -45.568 0.4285714328
75211  -31.820  15.093  -44.932 0.5714285970
72800  -33.606  11.763  -45.307 0.1428571492
72807  -32.397  12.439  -46.248 0.1428571492
75938  -31.686  15.910  -45.318 0.7142857313
77470  -32.110  18.429  -44.140 0.4285714328
73594  -31.462  13.443  -45.760 0.4285714328
71965  -34.406  10.849  -44.199 0.2857142985
71971  -32.717  11.012  -45.566 0.7142857313
75205  -32.294  15.246  -43.894 0.7142857313
72788  -32.624  11.688  -42.851 0.8571428657
110721  -31.824  11.262  -45.099 0.8571428657
120133  -31.676  13.592  -44.988 0.5714285970
71178  -35.275  10.510  -42.707 0.2857142985
73588  -31.743  12.908  -44.694 0.7142857313
75196  -33.207  14.940  -41.612 0.5714285970
73583  -32.286  13.066  -43.706 0.8571428657
70412  -32.420  9.738  -45.093 0.7142857313
109872  -35.518  9.870  -42.258 0.1428571492
66301  -33.622  4.382  -38.597 0.5714285970
67928  -33.731  5.445  -41.834 0.8571428657
67932  -33.647  6.614  -40.624 0.8571428657
67927  -33.712  6.030  -40.113 0.4285714328
68756  -33.583  7.069  -41.110 0.5714285970
71177  -32.830  10.085  -42.495 0.8571428657
68780  -33.187  7.319  -43.950 0.8571428657
71176  -32.509  10.087  -43.313 0.8571428657
70389  -35.660  9.140  -41.972 0.2857142985
70414  -33.408  8.978  -44.623 0.8571428657
71192  -32.137  10.012  -44.861 0.8571428657
70390  -35.997  9.164  -41.103 0.4285714328
70406  -34.313  9.127  -44.151 0.7142857313
71193  -33.161  9.588  -45.058 0.7142857313
66287  -32.877  4.055  -37.913 0.2857142985
111013  -33.535  5.124  -38.760 0.5714285970
68769  -33.175  7.042  -43.491 0.8571428657
69572  -32.914  8.085  -44.180 0.8571428657
70405  -32.622  8.821  -44.215 0.8571428657
69549  -35.765  8.366  -41.752 0.4285714328
114208  -34.450  7.647  -43.799 0.8571428657
69581  -32.919  8.535  -44.481 0.8571428657
69550  -36.126  8.477  -40.824 0.4285714328
61783  -33.198  -0.480  -38.224 0.7142857313
63517  -32.095  1.308  -37.575 0.4285714328
62662  -34.391  0.233  -39.595 0.8571428657
64459  -33.240  2.085  -38.082 0.5714285970
65443  -33.444  2.836  -38.220 0.5714285970
65441  -32.097  3.431  -37.712 0.4285714328
64479  -34.745  1.761  -40.918 0.8571428657
65457  -34.038  2.910  -39.012 0.5714285970
64491  -35.335  2.412  -41.944 0.8571428657
66311  -34.327  3.469  -40.930 0.7142857313
66302  -34.045  3.645  -39.426 0.5714285970
67933  -35.999  6.317  -41.432 0.7142857313
67943  -35.076  6.271  -43.247 0.7142857313
68771  -34.772  6.990  -43.529 0.8571428657
115939  -36.461  7.436  -38.884 0.2857142985
68757  -36.287  7.090  -40.456 0.4285714328
68764  -35.921  7.686  -41.438 0.5714285970
127705  -32.498  -2.976  -37.579 0.4285714328
60901  -31.535  -1.261  -37.487 0.4285714328
61782  -32.211  -0.354  -37.666 0.4285714328
62668  -35.271  -0.181  -40.428 0.7142857313
62675  -35.580  0.348  -40.877 0.7142857313
115806  -34.992  2.287  -41.719 0.8571428657
121668  -36.381  5.504  -40.173 0.7142857313
67918  -36.470  6.612  -38.788 0.2857142985
67929  -36.392  6.195  -39.802 0.5714285970
125060  -36.230  5.778  -40.885 0.5714285970
58990  -31.996  -3.494  -37.169 0.4285714328
59972  -31.423  -2.421  -37.352 0.5714285970
60902  -32.956  -1.555  -38.055 0.5714285970
61789  -34.883  -0.816  -39.835 0.7142857313
67075  -36.536  5.145  -38.631 0.4285714328
113248  -36.498  5.969  -38.223 0.4285714328
115677  -36.472  5.731  -39.208 0.4285714328
57110  -30.201  -5.502  -36.328 0.5714285970
60873  -35.890  -1.831  -35.078 0.4285714328
111623  -37.226  2.615  -36.764 0.4285714328
63519  -37.041  1.269  -37.917 0.4285714328
65433  -37.097  3.429  -36.685 0.4285714328
65444  -37.018  3.026  -37.531 0.4285714328
120859  -29.161  -7.936  -31.458 0.1428571492
62641  -37.136  0.538  -36.480 0.4285714328
63506  -37.403  1.282  -36.232 0.4285714328
64446  -37.426  2.238  -35.950 0.4285714328
56159  -30.742  -6.521  -32.937 0.1428571492
58940  -36.005  -3.378  -33.779 0.2857142985
126136  -37.758  -0.706  -33.249 0.2857142985
60864  -36.870  -1.808  -33.679 0.2857142985
125123  -37.750  -0.225  -33.756 0.2857142985
60874  -36.658  -1.261  -34.505 0.2857142985
59936  -35.657  -2.549  -34.791 0.2857142985
61747  -37.699  0.294  -34.358 0.2857142985
61757  -37.264  0.055  -35.152 0.4285714328
55269  -29.660  -7.456  -31.918 0.1428571492
55270  -30.190  -6.975  -32.425 0.1428571492
54359  -28.971  -7.920  -32.340 0.1428571492
56160  -31.477  -6.209  -32.576 0.2857142985
56175  -31.996  -5.735  -33.114 0.2857142985
58010  -34.447  -4.884  -33.159 0.2857142985
123926  -35.622  -4.427  -33.375 0.2857142985
58022  -36.080  -4.031  -33.317 0.2857142985
56142  -30.931  -6.668  -32.103 0.1428571492
57050  -33.266  -5.844  -32.016 0.2857142985
56143  -31.804  -6.655  -31.919 0.2857142985
112905  -32.859  -5.435  -32.741 0.2857142985
56161  -32.328  -6.033  -32.344 0.2857142985
56174  -31.311  -6.188  -33.288 0.2857142985
57067  -33.811  -5.230  -32.478 0.2857142985
120168  -28.772  -8.381  -30.885 0.1428571492
127011  -29.317  -8.063  -30.963 0.1428571492
50608  -25.720  -12.433  -27.832 0.2857142985
49725  -24.941  -12.799  -28.207 0.2857142985
52451  -28.030  -9.318  -30.027 0.2857142985
50609  -26.597  -12.010  -27.469 0.1428571492
49708  -25.284  -13.036  -27.356 0.2857142985
112840  -24.526  -13.351  -27.717 0.1428571492
58021  -35.018  -4.613  -33.784 0.2857142985
59923  -36.455  -2.647  -33.644 0.2857142985
61756  -37.283  -0.456  -34.423 0.2857142985
62619  -37.901  0.965  -34.268 0.2857142985
62661  -33.538  0.370  -38.472 0.7142857313
63499  -37.591  1.481  -35.378 0.4285714328
65458  -34.319  2.763  -40.198 0.5714285970
64460  -37.112  2.075  -37.589 0.4285714328
108413  -36.550  4.286  -39.073 0.4285714328
115941  -36.479  7.259  -38.106 0.2857142985
116291  -36.417  6.938  -39.631 0.5714285970
73578  -33.161  13.475  -41.679 0.7142857313
68763  -35.512  7.378  -42.513 0.7142857313
71958  -32.336  10.773  -43.584 0.8571428657
117017  -32.857  17.096  -42.318 0.4285714328
75928  -32.881  16.302  -42.578 0.5714285970
74402  -32.442  14.594  -43.493 0.7142857313
116382  -36.231  7.800  -40.545 0.2857142985
71964  -32.016  10.561  -44.657 0.8571428657
118915  -32.134  13.749  -44.075 0.8571428657
71187  -34.051  9.788  -44.570 0.5714285970
110158  -31.357  19.894  -44.287 0.2857142985
72813  -31.975  12.773  -46.469 0.4285714328
74412  -31.452  13.977  -46.214 0.4285714328
81768  -31.001  25.097  -40.205 0.1428571492
76726  -31.190  17.038  -47.555 0.2857142985
75228  -31.528  15.744  -47.327 0.1428571492
78911  -29.985  21.798  -45.808 0.2857142985
51482  -26.751  -11.552  -28.168 0.1428571492
52411  -27.790  -10.468  -28.639 0.1428571492
53356  -28.263  -8.885  -30.561 0.1428571492
53355  -27.696  -9.376  -30.841 0.2857142985
55235  -30.800  -7.703  -31.040 0.1428571492
55251  -31.273  -7.202  -31.511 0.1428571492
126888  -32.234  -5.735  -33.873 0.2857142985
58012  -36.126  -4.655  -32.771 0.2857142985
58941  -36.630  -3.341  -33.049 0.2857142985
58032  -34.546  -4.284  -34.638 0.2857142985
62651  -31.001  -0.092  -37.479 0.2857142985
62606  -38.078  0.645  -33.612 0.2857142985
120312  -37.869  2.312  -34.128 0.2857142985
61788  -34.039  -0.649  -39.103 0.5714285970
64457  -31.329  2.041  -37.589 0.4285714328
63518  -33.005  1.290  -37.938 0.5714285970
63492  -37.809  1.566  -34.580 0.4285714328
66300  -32.807  4.992  -38.137 0.2857142985
64437  -37.653  2.323  -34.982 0.2857142985
63505  -37.198  1.022  -37.136 0.4285714328
64473  -34.239  2.206  -39.686 0.7142857313
65425  -37.154  3.695  -35.918 0.1428571492
108546  -36.695  4.762  -37.050 0.4285714328
107833  -36.662  4.527  -37.997 0.4285714328
67053  -36.597  5.607  -36.629 0.1428571492
122750  -33.482  6.645  -43.774 0.8571428657
113350  -36.511  6.199  -37.361 0.1428571492
123014  -36.301  6.487  -40.418 0.5714285970
68752  -36.401  7.683  -39.685 0.2857142985
69561  -34.748  8.582  -43.607 0.7142857313
119182  -32.098  11.420  -44.058 0.8571428657
71161  -36.186  10.410  -40.303 0.2857142985
71171  -35.882  10.016  -41.254 0.1428571492
106909  -29.017  22.197  -41.060 0.2857142985
70398  -35.065  9.576  -43.201 0.4285714328
71960  -35.404  11.408  -42.291 0.1428571492
71977  -32.084  11.552  -45.750 0.5714285970
71966  -34.994  11.157  -43.175 0.1428571492
71972  -33.651  10.936  -45.071 0.1428571492
81069  -29.540  23.919  -40.582 0.1428571492
72797  -31.575  12.803  -45.939 0.5714285970
73611  -32.248  13.233  -46.603 0.1428571492
76719  -31.163  17.432  -46.667 0.2857142985
75951  -31.247  16.238  -47.061 0.2857142985
74419  -31.953  13.982  -46.838 0.2857142985
74413  -32.620  13.972  -46.651 0.1428571492
75224  -32.388  14.760  -47.084 0.1428571492
75230  -32.420  15.872  -47.499 0.1428571492
123267  -30.538  19.057  -48.577 0.2857142985
77499  -31.276  18.658  -49.609 0.2857142985
120908  -32.228  17.583  -49.830 0.1428571492
75964  -32.677  17.087  -49.331 0.1428571492
51484  -27.940  -10.949  -27.964 0.1428571492
54336  -29.869  -7.758  -31.092 0.1428571492
59924  -37.049  -2.412  -33.026 0.2857142985
127972  -36.480  7.870  -38.327 0.2857142985
114035  -33.231  16.925  -48.110 0.1428571492
77504  -32.633  18.908  -51.354 0.2857142985
50626  -24.555  -12.425  -29.049 0.2857142985
50628  -26.106  -11.871  -28.333 0.2857142985
51483  -27.238  -11.077  -28.423 0.1428571492
52425  -27.702  -9.983  -29.427 0.1428571492
119490  -31.642  -6.128  -34.017 0.2857142985
60903  -33.769  -1.349  -38.783 0.5714285970
64484  -35.449  1.794  -41.554 0.7142857313
65476  -34.826  2.919  -42.062 0.8571428657
66318  -34.515  3.720  -42.220 0.8571428657
118090  -34.149  6.095  -43.762 0.8571428657
75195  -33.088  15.637  -42.055 0.5714285970
112771  -32.235  15.985  -44.229 0.7142857313
76713  -31.995  17.664  -44.763 0.5714285970
67089  -36.449  4.818  -39.925 0.4285714328
57080  -33.442  -5.167  -33.546 0.2857142985
62633  -37.018  0.152  -35.939 0.4285714328
70396  -32.339  9.474  -44.011 0.8571428657
72792  -31.915  12.143  -44.458 0.8571428657
79651  -29.455  21.939  -42.067 0.2857142985
78903  -30.940  20.700  -43.932 0.2857142985
63532  -34.940  0.661  -40.606 0.8571428657
80387  -28.870  23.570  -42.685 0.2857142985
108268  -29.308  23.396  -44.843 0.2857142985
81083  -28.874  23.858  -42.034 0.1428571492
79669  -29.566  22.521  -44.552 0.2857142985
116785  -30.484  20.055  -46.788 0.2857142985
116114  -29.612  24.598  -40.941 0.1428571492
117034  -30.972  19.855  -45.404 0.2857142985
127418  -31.266  16.521  -46.488 0.2857142985
75963  -32.000  16.932  -48.728 0.1428571492
75958  -32.379  16.533  -48.375 0.1428571492
75223  -31.824  15.028  -47.182 0.1428571492
76731  -31.318  17.588  -48.508 0.1428571492
75210  -31.362  14.901  -46.075 0.4285714328
75945  -31.538  16.838  -45.666 0.5714285970
73603  -32.986  13.281  -46.273 0.1428571492
72799  -32.747  11.764  -45.872 0.1428571492
75222  -31.461  15.303  -46.862 0.2857142985
74408  -31.564  14.210  -45.459 0.5714285970
74409  -32.000  14.411  -44.484 0.7142857313
72798  -31.701  12.199  -45.473 0.5714285970
127715  -33.684  10.238  -44.969 0.5714285970
71970  -32.132  10.499  -45.311 0.7142857313
71188  -34.737  10.186  -43.659 0.5714285970
123238  -35.324  9.095  -42.762 0.4285714328
70404  -32.390  9.542  -44.573 0.8571428657
66310  -33.990  4.537  -39.786 0.5714285970
67088  -33.912  5.029  -40.755 0.5714285970
113602  -33.561  6.941  -39.466 0.4285714328
67087  -33.710  5.552  -39.415 0.4285714328
68770  -33.728  6.806  -43.982 0.8571428657
69573  -33.552  7.996  -44.276 0.8571428657
69562  -35.298  8.179  -42.879 0.4285714328
62653  -32.664  0.482  -37.804 0.4285714328
63526  -33.770  1.266  -38.676 0.7142857313
116687  -34.323  1.367  -39.709 0.7142857313
117125  -33.590  3.576  -38.400 0.5714285970
65442  -32.710  2.749  -37.761 0.4285714328
65440  -30.991  2.960  -37.750 0.2857142985
65469  -34.646  2.591  -41.298 0.8571428657
123539  -36.079  7.160  -41.158 0.5714285970
67938  -35.721  6.756  -42.103 0.7142857313
59973  -32.399  -2.224  -37.683 0.5714285970
67908  -36.487  6.635  -37.918 0.2857142985
59937  -36.235  -2.134  -34.279 0.2857142985
128053  -36.800  -0.608  -35.027 0.4285714328
64445  -37.288  1.807  -36.813 0.4285714328
122759  -37.274  3.024  -36.137 0.4285714328
66288  -36.862  3.927  -37.348 0.4285714328
62634  -37.395  0.703  -35.671 0.4285714328
124280  -32.646  -5.480  -33.449 0.2857142985
61746  -37.334  -0.992  -33.769 0.2857142985
58952  -35.482  -3.250  -34.510 0.2857142985
58033  -35.394  -4.003  -34.060 0.2857142985
62629  -37.657  0.829  -34.902 0.4285714328
116762  -30.432  -7.227  -31.640 0.1428571492
58011  -35.344  -4.819  -32.963 0.2857142985
49709  -26.046  -12.652  -26.967 0.1428571492
67060  -36.565  5.383  -37.623 0.2857142985
81070  -30.309  24.225  -40.147 0.1428571492
81057  -29.773  23.274  -39.876 0.1428571492
74390  -33.281  14.418  -40.299 0.5714285970
72763  -33.369  12.340  -39.617 0.4285714328
120092  -33.159  13.134  -39.341 0.4285714328
73572  -33.343  13.644  -40.720 0.5714285970
72773  -33.388  12.160  -40.618 0.4285714328
72782  -33.280  12.825  -41.187 0.5714285970
71159  -33.475  10.546  -40.381 0.4285714328
116782  -33.438  10.951  -39.473 0.4285714328
71933  -33.506  11.508  -40.012 0.5714285970
68751  -33.604  7.649  -39.983 0.5714285970
60849  -38.264  -0.870  -31.894 0.1428571492
61733  -38.089  -0.080  -33.059 0.1428571492
54378  -27.767  -8.287  -34.099 0.2857142985
60817  -38.480  -1.799  -30.295 0.1428571492
60830  -38.091  -1.690  -31.695 0.1428571492
116933  -38.568  -1.035  -30.190 0.1428571492
61708  -38.627  -0.530  -29.617 0.1428571492
58933  -37.076  -3.735  -32.327 0.1428571492
58922  -37.647  -3.782  -31.345 0.1428571492
59911  -37.187  -2.971  -32.520 0.1428571492
59868  -37.974  -2.944  -31.145 0.1428571492
59854  -38.547  -2.364  -29.512 0.1428571492
59869  -38.280  -2.125  -31.050 0.1428571492
61684  -39.267  -0.432  -27.212 0.1428571492
60797  -38.703  -1.726  -28.637 0.1428571492
61695  -38.928  -0.147  -28.057 0.1428571492
54368  -27.269  -8.663  -33.556 0.2857142985
54367  -26.585  -8.377  -33.514 0.2857142985
57052  -35.253  -5.813  -31.879 0.1428571492
57053  -36.093  -5.754  -31.798 0.1428571492
57070  -36.464  -5.156  -32.100 0.1428571492
57068  -34.812  -5.254  -32.386 0.1428571492
58013  -36.785  -4.502  -32.252 0.1428571492
57993  -37.825  -4.332  -30.767 0.1428571492
113362  -37.098  -5.023  -31.624 0.1428571492
128093  -38.179  -4.094  -30.194 0.1428571492
124731  -37.488  -4.512  -31.312 0.1428571492
58879  -38.541  -3.686  -28.991 0.1428571492
58852  -38.747  -3.682  -27.493 0.1428571492
59811  -39.376  -2.483  -26.532 0.1428571492
122056  -38.896  -1.672  -27.813 0.1428571492
53397  -26.523  -9.438  -32.678 0.2857142985
52487  -26.033  -10.007  -32.290 0.2857142985
56145  -33.815  -6.774  -31.624 0.1428571492
56146  -34.825  -6.528  -31.607 0.1428571492
57042  -37.684  -5.737  -30.417 0.1428571492
124012  -36.683  -5.606  -31.593 0.1428571492
115171  -38.288  -5.009  -29.281 0.1428571492
118570  -38.479  -4.414  -28.767 0.1428571492
60770  -40.154  -1.294  -26.016 0.1428571492
60769  -39.509  -1.654  -26.510 0.1428571492
56144  -32.738  -6.657  -31.754 0.1428571492
116345  -36.113  -7.056  -31.135 0.1428571492
55255  -35.325  -7.197  -31.350 0.1428571492
109011  -37.396  -6.998  -30.191 0.1428571492
56147  -35.718  -6.427  -31.527 0.1428571492
56119  -37.768  -6.380  -29.963 0.1428571492
56126  -36.862  -6.825  -30.784 0.1428571492
57036  -38.065  -5.698  -29.683 0.1428571492
57928  -38.929  -4.329  -26.789 0.1428571492
57017  -38.507  -5.564  -27.793 0.1428571492
58837  -39.749  -2.870  -25.984 0.1428571492
58836  -39.257  -3.428  -26.485 0.1428571492
55253  -33.142  -7.428  -31.478 0.1428571492
112744  -34.819  -8.556  -31.266 0.1428571492
117518  -34.894  -7.819  -31.311 0.1428571492
55254  -34.564  -7.268  -31.458 0.1428571492
122523  -37.355  -8.272  -29.283 0.1428571492
54298  -37.010  -8.342  -29.931 0.1428571492
124535  -38.005  -6.948  -28.758 0.1428571492
56115  -38.283  -6.387  -28.327 0.1428571492
56114  -37.742  -7.014  -29.479 0.1428571492
123897  -38.728  -5.052  -27.023 0.1428571492
56120  -38.060  -6.361  -29.217 0.1428571492
53382  -34.651  -9.403  -31.368 0.1428571492
124769  -34.177  -8.874  -31.347 0.1428571492
54339  -33.985  -7.992  -31.414 0.1428571492
54317  -36.124  -9.125  -30.630 0.1428571492
53383  -35.467  -9.119  -31.042 0.1428571492
54297  -36.622  -9.029  -30.091 0.1428571492
56101  -38.464  -6.455  -27.286 0.1428571492
54289  -37.462  -8.595  -28.537 0.1428571492
54340  -35.691  -8.047  -31.011 0.1428571492
57054  -37.132  -5.854  -31.049 0.1428571492
57069  -35.732  -5.273  -32.354 0.1428571492
59812  -39.942  -2.107  -25.952 0.1428571492
61659  -40.819  -0.991  -25.827 0.1428571492
60783  -39.073  -2.033  -27.211 0.1428571492
58904  -38.422  -3.385  -29.791 0.1428571492
59828  -38.771  -2.314  -28.015 0.1428571492
60865  -37.528  -1.478  -33.003 0.1428571492
61734  -38.332  -0.083  -32.281 0.1428571492
56987  -38.731  -5.776  -26.732 0.1428571492
116044  -39.214  -5.105  -26.162 0.1428571492
60758  -40.831  -1.809  -25.690 0.1428571492
61660  -41.144  -0.309  -25.960 0.1428571492
70372  -33.504  9.180  -39.740 0.4285714328
62541  -40.040  0.783  -26.639 0.1428571492
110967  -39.191  -1.271  -27.179 0.1428571492
61669  -39.642  -0.830  -26.514 0.1428571492
61694  -38.719  -0.798  -28.799 0.1428571492
62556  -39.416  0.573  -27.272 0.1428571492
62607  -38.322  0.652  -32.735 0.1428571492
63480  -38.053  1.519  -33.851 0.1428571492
75190  -33.263  15.042  -40.712 0.4285714328
75914  -33.204  15.730  -41.104 0.4285714328
106198  -34.049  19.068  -52.480 0.1428571492
106199  -31.909  19.930  -50.334 0.1428571492
110599  -38.014  -0.772  -32.641 0.1428571492
57051  -34.277  -5.805  -31.888 0.1428571492
58023  -36.548  -4.073  -32.751 0.1428571492
65426  -37.427  3.086  -35.425 0.1428571492
59912  -37.596  -2.208  -32.286 0.1428571492
60848  -37.906  -1.403  -32.306 0.1428571492
107144  -38.434  -1.130  -30.995 0.1428571492
122184  -38.344  -2.702  -30.417 0.1428571492
121396  -37.895  -2.409  -31.602 0.1428571492
60811  -38.608  -1.386  -29.522 0.1428571492
121447  -38.481  -0.069  -31.336 0.1428571492
62592  -38.572  0.533  -30.548 0.1428571492
58000  -37.261  -4.236  -31.809 0.1428571492
59891  -37.547  -3.116  -31.877 0.1428571492
59844  -38.644  -2.506  -28.725 0.1428571492
117831  -38.664  -3.128  -28.293 0.1428571492
58903  -38.093  -3.543  -30.618 0.1428571492
61683  -38.912  -1.012  -27.955 0.1428571492
108296  -37.565  -5.086  -30.923 0.1428571492
57976  -38.020  -4.908  -30.150 0.1428571492
57977  -38.351  -4.258  -29.554 0.1428571492
118123  -38.587  -3.888  -28.286 0.1428571492
56148  -36.470  -6.253  -31.329 0.1428571492
56127  -37.382  -6.368  -30.504 0.1428571492
57037  -38.303  -5.688  -28.843 0.1428571492
57941  -38.598  -4.564  -27.801 0.1428571492
55225  -37.393  -7.667  -29.715 0.1428571492
55236  -36.951  -7.635  -30.364 0.1428571492
125206  -36.430  -7.586  -30.773 0.1428571492
55218  -37.742  -7.713  -28.803 0.1428571492
55219  -38.156  -7.270  -27.816 0.1428571492
54318  -36.426  -8.353  -30.547 0.1428571492
128598  -35.945  -8.668  -30.818 0.1428571492
49707  -23.792  -13.590  -27.895 0.1428571492
49724  -24.149  -13.082  -28.420 0.1428571492
49723  -23.377  -13.225  -28.355 0.1428571492
50625  -23.683  -12.629  -28.861 0.1428571492
50660  -24.695  -11.937  -29.777 0.1428571492
119212  -24.395  -11.165  -30.595 0.1428571492
52469  -25.251  -10.764  -31.444 0.1428571492
51537  -24.983  -11.341  -30.929 0.1428571492
52470  -25.880  -10.533  -31.855 0.1428571492
52447  -23.923  -10.607  -30.503 0.1428571492
52448  -24.583  -10.756  -31.029 0.1428571492
53378  -25.355  -10.044  -31.949 0.1428571492
53395  -25.125  -9.242  -32.131 0.1428571492
54355  -25.390  -8.630  -32.525 0.1428571492
54356  -26.162  -8.816  -32.933 0.1428571492
54377  -27.093  -8.178  -33.986 0.1428571492
55291  -27.393  -7.758  -34.494 0.1428571492
55282  -26.496  -7.591  -34.018 0.2857142985
56194  -28.742  -7.372  -35.432 0.2857142985
120790  -30.285  -3.844  -36.795 0.4285714328
59962  -30.817  -3.213  -37.059 0.4285714328
69524  -33.446  8.525  -39.297 0.2857142985
69534  -33.564  8.436  -40.111 0.2857142985
118543  -31.446  12.239  -38.357 0.2857142985
120123  -32.734  13.280  -38.849 0.2857142985
73563  -33.269  13.775  -39.833 0.2857142985
74385  -33.027  14.477  -39.605 0.4285714328
54357  -26.763  -8.932  -33.169 0.1428571492
114430  -26.866  -7.001  -34.686 0.2857142985
51495  -23.971  -11.955  -29.560 0.1428571492
53377  -24.500  -9.399  -31.563 0.1428571492
55268  -25.748  -7.895  -33.178 0.1428571492
125299  -26.398  -6.373  -34.721 0.2857142985
56184  -27.753  -7.177  -35.058 0.2857142985
57090  -27.065  -6.260  -35.230 0.2857142985
56193  -28.020  -6.502  -35.570 0.2857142985
122758  -28.844  -6.579  -35.804 0.2857142985
58056  -29.574  -4.664  -36.458 0.4285714328
58980  -29.368  -3.619  -36.749 0.2857142985
67917  -33.508  6.327  -39.128 0.2857142985
68742  -32.698  7.826  -38.539 0.2857142985
68743  -33.348  7.774  -38.959 0.2857142985
69522  -32.180  8.559  -38.439 0.2857142985
70361  -33.246  9.326  -38.958 0.2857142985
71148  -33.416  10.111  -39.375 0.2857142985
71917  -31.929  11.487  -38.383 0.2857142985
71916  -30.931  11.457  -38.357 0.2857142985
72762  -32.911  12.473  -38.852 0.2857142985
113445  -33.097  6.951  -38.652 0.2857142985
110384  -32.285  7.198  -38.409 0.2857142985
70360  -32.580  9.329  -38.566 0.2857142985
71132  -31.502  10.730  -38.383 0.2857142985
71134  -32.933  10.090  -38.697 0.2857142985
71932  -33.261  11.632  -39.159 0.2857142985
69521  -31.110  8.492  -38.419 0.2857142985
70358  -30.561  9.190  -38.470 0.2857142985
112559  -32.072  10.039  -38.418 0.2857142985
126417  -29.938  -4.219  -36.645 0.4285714328
57102  -29.419  -5.845  -36.093 0.4285714328
71133  -32.462  10.804  -38.529 0.2857142985
53396  -25.788  -9.429  -32.451 0.1428571492
51516  -24.534  -11.606  -30.273 0.1428571492
118151  -24.766  -10.263  -31.456 0.1428571492
56172  -26.218  -6.821  -34.304 0.2857142985
119941  -32.291  12.162  -38.491 0.2857142985
114878  -30.028  9.883  -38.503 0.2857142985
59971  -30.134  -2.282  -37.267 0.2857142985
80407  -31.782  23.068  -45.197 0.1428571492
79678  -32.559  22.383  -45.237 0.1428571492
124629  -30.796  22.618  -46.756 0.1428571492
78937  -30.348  21.159  -48.403 0.1428571492
78938  -31.075  20.651  -49.242 0.1428571492
80395  -32.837  23.114  -43.612 0.1428571492
79691  -30.230  22.245  -46.961 0.1428571492
80406  -29.684  23.103  -45.403 0.1428571492
108355  -29.575  25.924  -43.368 0.1428571492
60900  -30.490  -1.616  -37.379 0.2857142985
121378  -30.018  -0.705  -37.428 0.2857142985
78947  -32.800  20.211  -50.246 0.1428571492
110621  -32.805  21.788  -45.870 0.1428571492
78224  -30.302  20.468  -48.759 0.1428571492
79698  -30.771  21.523  -48.273 0.1428571492
78217  -30.174  19.935  -47.978 0.1428571492
79684  -30.060  22.604  -46.215 0.1428571492
78216  -30.054  20.934  -47.973 0.1428571492
115084  -30.654  23.520  -45.229 0.1428571492
81093  -30.620  24.562  -43.807 0.1428571492
80401  -29.627  23.599  -45.192 0.1428571492
81092  -28.910  24.563  -43.857 0.1428571492
81796  -28.905  25.172  -43.270 0.1428571492
81099  -29.047  23.967  -44.564 0.1428571492
79697  -30.264  21.687  -47.611 0.1428571492
78920  -30.007  21.922  -46.795 0.1428571492
79686  -31.563  22.713  -46.068 0.1428571492
80402  -31.802  23.432  -44.397 0.1428571492
110596  -31.675  22.178  -46.830 0.1428571492
80416  -30.333  22.540  -46.775 0.1428571492
79685  -30.445  22.883  -46.318 0.1428571492
112042  -32.835  23.584  -43.135 0.1428571492
108940  -30.030  23.237  -45.798 0.1428571492
79693  -31.666  21.641  -47.729 0.1428571492
68740  -30.625  7.691  -38.558 0.1428571492
68741  -31.696  7.786  -38.391 0.1428571492
71131  -30.489  10.658  -38.409 0.1428571492
71930  -27.405  11.467  -39.413 0.1428571492
125326  -28.527  11.815  -38.809 0.1428571492
67916  -32.335  6.453  -38.375 0.1428571492
71915  -29.896  11.370  -38.440 0.1428571492
124279  -28.442  12.475  -38.760 0.1428571492
118117  -29.197  12.831  -38.536 0.1428571492
127990  -29.022  13.578  -38.539 0.2857142985
114826  -31.713  5.142  -38.116 0.1428571492
67073  -32.329  5.705  -38.257 0.1428571492
67915  -31.266  6.872  -38.434 0.1428571492
70380  -36.215  9.130  -40.371 0.1428571492
69520  -30.093  8.413  -38.661 0.1428571492
73547  -31.392  13.868  -38.480 0.1428571492
73546  -30.007  13.370  -38.450 0.1428571492
73545  -29.421  14.195  -38.499 0.2857142985
75172  -31.504  15.455  -38.757 0.2857142985
76677  -30.355  18.083  -39.554 0.2857142985
76675  -29.484  17.849  -39.078 0.2857142985
77447  -30.185  18.827  -39.847 0.2857142985
80372  -29.226  22.425  -40.164 0.1428571492
78865  -29.525  21.051  -37.567 0.1428571492
116038  -32.746  15.056  -39.481 0.2857142985
74372  -31.005  14.765  -38.502 0.2857142985
75179  -31.937  16.110  -39.184 0.2857142985
76680  -32.730  17.298  -40.701 0.2857142985
75907  -31.457  16.789  -39.305 0.2857142985
75906  -30.500  17.138  -39.127 0.2857142985
116975  -31.365  17.546  -39.650 0.2857142985
77448  -31.210  18.485  -40.116 0.2857142985
78880  -29.311  20.397  -40.222 0.1428571492
77443  -28.281  19.300  -38.549 0.2857142985
80361  -29.676  22.509  -39.336 0.1428571492
80362  -30.425  22.525  -38.701 0.1428571492
115514  -28.560  17.597  -38.683 0.1428571492
75901  -27.997  16.870  -38.495 0.1428571492
118743  -28.650  18.448  -38.815 0.2857142985
78180  -29.491  19.656  -39.843 0.1428571492
78179  -28.622  19.972  -38.961 0.2857142985
78871  -28.601  20.787  -38.517 0.1428571492
78174  -28.211  20.089  -38.075 0.1428571492
121622  -26.632  13.215  -38.963 0.2857142985
77442  -27.825  19.329  -37.821 0.1428571492
73530  -25.307  13.492  -38.021 0.1428571492
117262  -36.160  9.694  -40.531 0.1428571492
66286  -31.962  4.335  -37.849 0.1428571492
116363  -30.454  6.080  -38.609 0.1428571492
114531  -36.373  9.642  -39.585 0.1428571492
67914  -30.091  6.906  -38.748 0.1428571492
69533  -29.172  8.353  -39.104 0.1428571492
70371  -28.704  9.083  -39.224 0.1428571492
70357  -29.587  9.117  -38.756 0.1428571492
71146  -27.762  10.694  -39.389 0.1428571492
121978  -27.588  12.861  -38.996 0.1428571492
72747  -30.247  12.321  -38.406 0.1428571492
73543  -27.356  13.733  -38.791 0.2857142985
74371  -29.998  14.893  -38.502 0.1428571492
75171  -30.563  15.574  -38.619 0.1428571492
75904  -31.055  16.256  -38.884 0.2857142985
75902  -29.047  16.577  -38.658 0.1428571492
75903  -30.061  16.379  -38.761 0.1428571492
78173  -28.037  19.655  -37.576 0.1428571492
109519  -27.887  18.587  -38.313 0.2857142985
78879  -28.789  20.599  -39.417 0.1428571492
78859  -29.417  20.372  -37.278 0.1428571492
79609  -28.998  21.366  -38.186 0.1428571492
69535  -36.452  8.173  -38.956 0.1428571492
69540  -36.344  8.553  -39.831 0.1428571492
70373  -36.436  8.878  -38.990 0.1428571492
77451  -32.074  18.583  -40.715 0.2857142985
75189  -33.087  15.632  -40.354 0.2857142985
65456  -31.241  3.770  -37.866 0.1428571492
75913  -32.939  16.381  -40.469 0.2857142985
67074  -33.129  5.907  -38.569 0.1428571492
67902  -36.512  7.069  -37.223 0.1428571492
75180  -32.674  15.809  -39.713 0.2857142985
72748  -31.018  13.064  -38.384 0.1428571492
73548  -32.315  13.875  -38.718 0.1428571492
74373  -31.888  14.649  -38.688 0.1428571492
70356  -29.082  9.836  -38.884 0.1428571492
68739  -29.656  7.644  -38.943 0.1428571492
71129  -28.607  10.581  -39.022 0.1428571492
71914  -28.977  11.266  -38.696 0.1428571492
115011  -27.871  12.049  -39.123 0.1428571492
72746  -29.212  12.004  -38.552 0.1428571492
67072  -31.466  5.928  -38.349 0.1428571492
73544  -28.294  13.296  -38.701 0.1428571492
117404  -30.756  5.257  -38.394 0.1428571492
118565  -30.444  14.109  -38.457 0.2857142985
75173  -32.277  15.296  -39.086 0.2857142985
77446  -29.219  18.863  -39.332 0.2857142985
79599  -30.365  21.296  -37.342 0.1428571492
75908  -32.246  16.866  -39.814 0.2857142985
76678  -32.102  17.830  -40.259 0.2857142985
124065  -29.548  17.080  -38.862 0.1428571492
126837  -30.449  22.941  -39.235 0.1428571492
74370  -28.876  15.054  -38.535 0.1428571492
108380  -28.702  20.715  -37.840 0.1428571492
56171  -25.712  -6.158  -34.253 0.1428571492
57100  -27.571  -5.717  -35.668 0.1428571492
57089  -25.505  -5.384  -34.477 0.1428571492
58039  -26.092  -4.024  -35.547 0.1428571492
57099  -26.911  -5.284  -35.530 0.1428571492
110735  -26.581  -3.363  -36.047 0.1428571492
58040  -26.797  -4.308  -35.827 0.1428571492
57101  -28.332  -5.718  -35.927 0.1428571492
58977  -27.035  -2.761  -36.393 0.1428571492
58965  -28.069  -3.889  -36.445 0.1428571492
58042  -28.639  -4.804  -36.276 0.1428571492
58979  -28.446  -3.228  -36.688 0.1428571492
58055  -28.819  -4.023  -36.534 0.1428571492
59948  -26.430  -2.530  -36.217 0.1428571492
59958  -27.405  -2.226  -36.566 0.1428571492
59960  -28.789  -2.659  -36.906 0.1428571492
59970  -29.103  -2.059  -37.126 0.1428571492
117648  -28.222  14.266  -38.617 0.1428571492
56170  -25.049  -6.301  -33.510 0.1428571492
57079  -24.983  -5.569  -33.939 0.1428571492
58030  -26.326  -4.819  -35.348 0.1428571492
62652  -31.670  0.593  -37.537 0.1428571492
59961  -29.721  -2.941  -37.062 0.1428571492
56183  -26.200  -5.600  -34.962 0.1428571492
116475  -25.548  -3.813  -35.122 0.1428571492
58964  -27.286  -3.639  -36.270 0.1428571492
58041  -27.645  -4.753  -36.032 0.1428571492
58978  -27.684  -2.984  -36.545 0.1428571492
59957  -26.881  -2.036  -36.477 0.1428571492
59959  -28.018  -2.429  -36.727 0.1428571492
58057  -30.503  -4.785  -36.549 0.4285714328
58853  -38.903  -2.838  -27.320 0.1428571492
59797  -40.439  -2.726  -25.657 0.1428571492
61670  -40.347  -0.477  -26.114 0.1428571492
62669  -35.917  -0.108  -40.590 0.8571428657
63539  -35.473  1.023  -41.200 0.8571428657
64458  -32.416  2.032  -37.683 0.4285714328
64472  -33.890  2.143  -38.810 0.7142857313
65477  -36.186  2.993  -41.474 0.8571428657
65483  -35.261  2.897  -42.267 0.8571428657
66299  -31.001  4.461  -38.115 0.1428571492
67942  -33.681  6.224  -43.811 0.8571428657
69523  -33.014  8.582  -38.715 0.2857142985
70359  -31.598  9.270  -38.400 0.2857142985
70413  -32.714  9.150  -44.717 0.8571428657
71130  -29.509  10.585  -38.595 0.1428571492
71147  -33.131  10.867  -38.888 0.4285714328
71186  -32.188  10.008  -44.245 0.8571428657
71918  -32.753  11.585  -38.665 0.2857142985
71931  -28.189  11.311  -39.097 0.1428571492
72749  -32.101  13.004  -38.484 0.2857142985
72806  -31.807  12.345  -46.162 0.5714285970
72812  -31.728  12.868  -46.307 0.4285714328
73562  -32.892  13.856  -39.190 0.2857142985
73595  -31.524  12.941  -45.416 0.5714285970
73604  -33.667  13.631  -45.569 0.1428571492
73610  -31.820  13.285  -46.565 0.1428571492
74384  -32.562  14.547  -39.083 0.2857142985
74394  -33.287  14.287  -41.187 0.4285714328
75181  -33.091  15.093  -40.001 0.4285714328
76742  -32.063  18.457  -50.540 0.2857142985
76744  -34.228  18.794  -52.485 0.1428571492
77503  -31.731  19.343  -50.458 0.2857142985
77505  -34.499  19.247  -52.463 0.1428571492
79692  -30.624  22.199  -47.347 0.1428571492
106196  -33.674  18.701  -52.157 0.1428571492
106197  -33.375  19.295  -51.922 0.1428571492
108361  -34.195  19.642  -52.187 0.1428571492
108720  -39.810  0.036  -26.559 0.1428571492
109010  -32.479  19.521  -51.108 0.2857142985
112335  -30.451  1.629  -37.636 0.1428571492
112736  -38.710  0.071  -28.934 0.1428571492
113505  -33.040  16.639  -41.533 0.2857142985
114288  -31.042  9.962  -38.385 0.2857142985
116371  -36.896  0.315  -37.248 0.5714285970
116397  -32.885  10.216  -45.369 0.7142857313
118569  -38.576  -3.015  -29.085 0.1428571492
118632  -31.882  2.652  -37.630 0.2857142985
119284  -31.681  13.788  -46.538 0.2857142985
119522  -33.397  12.999  -40.187 0.4285714328
121811  -37.186  1.554  -37.332 0.4285714328
121839  -30.825  23.213  -45.820 0.1428571492
124783  -30.732  13.599  -38.428 0.1428571492
126047  -38.439  -5.050  -28.524 0.1428571492
126127  -37.388  -3.731  -31.853 0.1428571492
127591  -36.503  1.363  -40.430 0.7142857313
128250  -35.954  -2.791  -34.170 0.2857142985
128473  -32.982  3.362  -37.857 0.5714285970
