#!ascii label  , from subject sub-v2s7x29662_ses-1 vox2ras=TkReg
1221
110974  9.759  -6.076  60.202 0.0000000000
41767  0.764  -16.543  40.228 0.0000000000
115768  -1.521  -10.730  55.613 0.0000000000
50577  1.692  -7.207  50.505 0.0000000000
54637  -0.768  -3.323  44.822 0.0000000000
50480  3.554  -7.953  60.870 0.0000000000
52656  2.924  -5.950  57.094 0.0000000000
119698  13.384  -10.091  59.171 0.0000000000
120160  5.375  -11.401  60.294 0.0000000000
45608  0.832  -12.373  56.126 0.0000000000
55465  2.282  -1.686  51.716 0.0000000000
52706  3.422  -5.218  47.194 0.0000000000
57280  -1.446  -0.739  51.924 0.0000000000
42606  -3.262  -15.971  51.243 0.0000000000
44650  -2.341  -13.361  48.277 0.0000000000
49507  -1.944  -8.269  52.832 0.0000000000
53583  3.647  -4.665  53.711 0.0000000000
46696  -0.982  -10.981  44.898 0.0000000000
48651  -0.042  -9.860  41.238 0.0000000000
50760  -2.169  -7.608  38.222 0.0000000000
119717  -1.291  -0.845  41.964 0.0000000000
50470  5.640  -7.188  61.342 0.0000000000
52630  5.599  -5.584  60.381 0.0000000000
107445  11.248  -8.044  59.606 0.0000000000
120192  9.343  -11.589  59.929 0.0000000000
47580  7.474  -9.880  60.768 0.0000000000
46598  3.192  -11.180  61.628 0.0000000000
55467  -0.196  -1.885  52.000 0.0000000000
114661  -2.650  -13.883  53.334 0.0000000000
106882  -2.788  -11.621  52.453 0.0000000000
48514  -2.404  -9.708  54.786 0.0000000000
54527  5.295  -4.015  56.106 0.0000000000
53577  2.954  -4.925  55.401 0.0000000000
127337  -0.740  -11.340  56.735 0.0000000000
43559  -1.510  -14.597  54.415 0.0000000000
43560  -2.235  -14.301  53.778 0.0000000000
40683  -3.261  -16.973  52.760 0.0000000000
49549  -2.313  -8.925  48.795 0.0000000000
110410  -1.605  -11.678  46.672 0.0000000000
114147  -1.254  -8.564  47.348 0.0000000000
53654  1.032  -3.960  45.969 0.0000000000
50664  2.664  -7.327  43.836 0.0000000000
52750  2.337  -5.355  42.477 0.0000000000
49698  -0.843  -8.578  39.491 0.0000000000
53704  0.282  -4.440  40.565 0.0000000000
49464  0.794  -8.738  57.377 0.0000000000
50498  0.681  -7.704  57.056 0.0000000000
51544  3.873  -6.621  58.125 0.0000000000
115685  5.729  -4.975  57.898 0.0000000000
49472  13.927  -8.215  57.554 0.0000000000
119134  10.912  -8.533  55.164 0.0000000000
125574  10.326  -8.606  58.375 0.0000000000
120167  7.255  -8.987  57.721 0.0000000000
47608  3.765  -10.220  57.475 0.0000000000
47603  2.447  -9.685  57.881 0.0000000000
126210  4.068  -4.445  50.653 0.0000000000
50596  2.713  -7.046  48.752 0.0000000000
54577  2.361  -3.191  49.806 0.0000000000
54588  -0.260  -2.881  49.023 0.0000000000
54598  -0.813  -2.340  47.477 0.0000000000
53535  12.230  -4.029  59.401 0.0000000000
113346  14.996  -7.226  53.781 0.0000000000
111278  17.844  -5.547  55.099 0.0000000000
49457  16.244  -8.571  58.046 0.0000000000
51538  14.522  -6.571  59.108 0.0000000000
39875  -3.075  -18.323  49.672 0.0000000000
40753  -2.393  -17.315  47.917 0.0000000000
43620  -2.651  -14.556  50.038 0.0000000000
48547  -3.102  -9.770  50.537 0.0000000000
50563  -0.464  -7.693  51.808 0.0000000000
51570  0.361  -6.561  55.831 0.0000000000
51580  1.026  -6.179  54.082 0.0000000000
52681  2.930  -5.539  52.857 0.0000000000
54560  4.684  -2.980  52.127 0.0000000000
41722  -1.362  -16.169  46.554 0.0000000000
42647  0.211  -15.284  44.312 0.0000000000
44756  1.617  -13.929  42.509 0.0000000000
49592  0.146  -8.363  45.458 0.0000000000
47690  -0.627  -10.230  43.495 0.0000000000
45816  0.568  -12.271  40.572 0.0000000000
45837  -1.570  -11.851  39.028 0.0000000000
47761  -2.107  -11.243  37.739 0.0000000000
58126  -0.917  -0.227  50.229 0.0000000000
57316  -0.709  -1.340  47.019 0.0000000000
58168  -0.486  -0.148  46.387 0.0000000000
126274  -1.798  -2.314  43.461 0.0000000000
54695  -1.709  -2.790  39.211 0.0000000000
51522  7.889  -6.980  60.915 0.0000000000
114716  7.669  -5.115  60.533 0.0000000000
119887  8.770  -4.801  60.114 0.0000000000
50475  10.178  -7.621  60.146 0.0000000000
48483  9.321  -8.943  60.282 0.0000000000
49439  8.328  -8.297  60.642 0.0000000000
48478  6.274  -9.170  61.206 0.0000000000
40854  -0.988  -18.042  39.496 0.0000000000
111701  -0.585  -15.753  39.618 0.0000000000
45617  -2.122  -12.113  54.677 0.0000000000
47618  -2.394  -11.329  54.454 0.0000000000
47616  -1.859  -10.599  55.283 0.0000000000
49494  12.221  -8.227  53.996 0.0000000000
46625  -1.319  -11.026  56.140 0.0000000000
44542  -1.650  -12.535  55.624 0.0000000000
44544  -1.989  -12.231  54.939 0.0000000000
128082  -2.492  -14.022  53.530 0.0000000000
50579  -0.375  -7.919  50.254 0.0000000000
49548  -1.715  -8.645  48.417 0.0000000000
110484  0.858  -7.617  49.304 0.0000000000
54636  0.222  -3.843  45.189 0.0000000000
53676  1.865  -4.606  43.866 0.0000000000
53677  0.880  -4.313  43.566 0.0000000000
53703  1.296  -4.939  40.894 0.0000000000
53689  -0.309  -4.052  42.344 0.0000000000
49462  3.342  -8.365  58.487 0.0000000000
105494  2.590  -7.347  57.848 0.0000000000
50478  4.539  -7.455  59.019 0.0000000000
53542  6.081  -5.167  58.818 0.0000000000
54518  6.459  -4.195  56.847 0.0000000000
48496  13.839  -8.854  57.984 0.0000000000
49461  11.868  -8.122  58.101 0.0000000000
105290  12.367  -10.768  58.668 0.0000000000
105356  7.274  -11.570  59.920 0.0000000000
120151  8.054  -10.298  59.255 0.0000000000
105245  6.969  -9.869  58.692 0.0000000000
105150  5.298  -10.109  59.481 0.0000000000
49443  1.966  -8.900  62.054 0.0000000000
48485  3.422  -9.849  60.641 0.0000000000
48494  3.910  -8.826  58.863 0.0000000000
48501  1.923  -9.188  57.890 0.0000000000
55472  3.131  -2.237  51.021 0.0000000000
54576  3.477  -3.506  50.089 0.0000000000
55473  1.783  -2.187  51.167 0.0000000000
56421  -0.951  -1.545  51.825 0.0000000000
55484  -0.508  -2.370  50.389 0.0000000000
55485  -0.888  -1.933  49.916 0.0000000000
54597  -0.611  -2.602  48.252 0.0000000000
56436  -0.853  -1.598  49.726 0.0000000000
50495  16.146  -7.992  57.429 0.0000000000
41693  -3.126  -16.789  50.269 0.0000000000
41702  -2.875  -16.855  49.506 0.0000000000
106392  -2.882  -15.359  50.661 0.0000000000
48528  -2.886  -9.476  52.957 0.0000000000
106881  -2.854  -11.301  51.209 0.0000000000
48537  -2.813  -9.208  51.651 0.0000000000
49518  -2.460  -8.819  51.376 0.0000000000
50547  -1.243  -7.913  52.285 0.0000000000
51552  1.730  -6.526  56.816 0.0000000000
51562  0.055  -7.033  56.259 0.0000000000
52660  1.931  -5.869  56.435 0.0000000000
53580  3.198  -4.812  54.504 0.0000000000
52669  2.215  -5.292  54.933 0.0000000000
52673  2.728  -5.226  53.814 0.0000000000
52674  1.948  -5.844  53.398 0.0000000000
116802  3.735  -4.901  53.007 0.0000000000
54561  4.412  -4.135  51.996 0.0000000000
53582  4.430  -4.103  53.009 0.0000000000
120038  9.267  -9.057  55.099 0.0000000000
48516  9.432  -9.176  53.642 0.0000000000
45615  1.309  -12.774  55.319 0.0000000000
44580  0.683  -14.060  53.884 0.0000000000
43557  0.045  -14.345  54.349 0.0000000000
41605  -2.032  -16.092  53.403 0.0000000000
41623  -1.877  -16.174  53.540 0.0000000000
41662  -3.527  -16.612  51.790 0.0000000000
106521  -3.793  -18.197  51.354 0.0000000000
110393  -2.437  -14.891  48.317 0.0000000000
108232  -1.954  -16.923  47.415 0.0000000000
42635  -2.002  -15.056  47.494 0.0000000000
46687  -1.235  -11.360  45.652 0.0000000000
44717  -0.981  -13.337  45.650 0.0000000000
44716  -0.686  -13.224  44.873 0.0000000000
43678  0.534  -14.532  43.793 0.0000000000
45757  -0.467  -12.047  43.806 0.0000000000
51625  3.334  -6.280  48.340 0.0000000000
50623  1.852  -7.519  47.453 0.0000000000
50638  3.094  -6.668  46.354 0.0000000000
50698  1.920  -7.932  42.520 0.0000000000
49626  0.118  -8.845  43.564 0.0000000000
48641  -0.267  -9.911  42.495 0.0000000000
46717  0.395  -11.326  41.816 0.0000000000
126700  -0.259  -10.413  40.630 0.0000000000
45817  -0.364  -11.885  40.148 0.0000000000
47720  -0.823  -10.512  39.970 0.0000000000
49706  -1.502  -7.787  38.853 0.0000000000
48674  -1.932  -9.547  38.640 0.0000000000
109626  -2.290  -9.177  38.134 0.0000000000
59017  -0.399  0.786  50.062 0.0000000000
57305  -0.705  -0.972  48.490 0.0000000000
58141  -0.583  -0.323  48.411 0.0000000000
58222  -0.364  -0.046  43.765 0.0000000000
58223  -0.908  -0.537  44.020 0.0000000000
57349  -1.111  -1.320  44.406 0.0000000000
56518  -1.566  -1.514  42.965 0.0000000000
55593  -2.076  -2.484  41.282 0.0000000000
56529  -1.908  -1.832  41.267 0.0000000000
51520  4.255  -7.049  61.835 0.0000000000
52622  4.951  -6.312  60.586 0.0000000000
125274  5.766  -5.899  61.123 0.0000000000
48490  12.088  -8.799  59.107 0.0000000000
46614  11.781  -10.944  59.508 0.0000000000
48482  10.220  -9.678  59.902 0.0000000000
46606  8.421  -10.897  60.298 0.0000000000
45594  6.096  -11.407  60.760 0.0000000000
124940  4.250  -12.699  61.288 0.0000000000
47574  5.282  -10.323  61.357 0.0000000000
49436  4.597  -8.972  61.939 0.0000000000
56403  0.666  -1.052  53.469 0.0000000000
55466  0.964  -1.844  51.921 0.0000000000
56404  -0.478  -1.099  53.520 0.0000000000
120936  -1.204  -0.756  53.282 0.0000000000
57274  -1.520  -0.337  52.683 0.0000000000
115481  -3.082  -14.983  52.325 0.0000000000
43597  -2.865  -14.203  51.657 0.0000000000
124848  -2.707  -12.664  52.948 0.0000000000
48520  -2.880  -10.349  53.459 0.0000000000
49493  -2.344  -8.882  54.366 0.0000000000
53557  4.248  -4.944  56.901 0.0000000000
53569  3.053  -5.061  56.197 0.0000000000
53575  4.134  -4.351  55.629 0.0000000000
54552  4.600  -4.004  54.816 0.0000000000
54554  5.054  -3.258  53.966 0.0000000000
54555  4.970  -3.174  53.072 0.0000000000
45609  -0.301  -12.539  56.182 0.0000000000
44540  -0.445  -13.237  55.566 0.0000000000
44541  -1.212  -12.938  55.740 0.0000000000
42531  -1.956  -14.470  54.075 0.0000000000
121724  -2.544  -16.221  53.099 0.0000000000
120679  -3.077  -17.265  53.010 0.0000000000
42566  -2.853  -15.322  52.906 0.0000000000
42580  -3.111  -15.672  52.677 0.0000000000
47651  -2.751  -10.682  48.751 0.0000000000
45718  -1.776  -12.328  47.195 0.0000000000
47659  -2.076  -10.177  47.302 0.0000000000
48582  -1.763  -10.132  46.620 0.0000000000
48595  -1.554  -10.140  46.027 0.0000000000
53641  2.153  -4.211  46.369 0.0000000000
108674  3.272  -5.806  45.565 0.0000000000
53663  2.838  -4.908  45.068 0.0000000000
51685  2.933  -6.481  43.337 0.0000000000
50716  1.230  -8.127  41.187 0.0000000000
49684  -0.353  -9.016  40.128 0.0000000000
50731  1.169  -7.501  40.376 0.0000000000
51742  0.841  -5.998  39.675 0.0000000000
52775  -0.916  -5.769  38.909 0.0000000000
58260  -0.328  -0.012  41.582 0.0000000000
57401  -1.694  -0.923  40.071 0.0000000000
58297  -1.408  -0.388  39.463 0.0000000000
48507  -0.427  -9.479  57.001 0.0000000000
49476  -0.838  -9.044  56.705 0.0000000000
50491  0.666  -8.197  57.231 0.0000000000
51546  2.020  -7.063  57.327 0.0000000000
52647  3.255  -6.266  57.483 0.0000000000
52631  5.189  -6.220  59.632 0.0000000000
52645  4.663  -5.766  58.029 0.0000000000
53547  4.278  -5.468  57.463 0.0000000000
53556  5.806  -4.518  57.064 0.0000000000
50516  13.422  -7.561  55.782 0.0000000000
49488  12.361  -8.184  54.849 0.0000000000
49480  12.119  -7.933  56.613 0.0000000000
120150  9.646  -10.004  59.451 0.0000000000
120152  8.747  -8.812  58.461 0.0000000000
119993  7.752  -9.173  56.355 0.0000000000
46627  3.266  -11.341  56.300 0.0000000000
46628  2.318  -11.519  56.528 0.0000000000
47587  4.029  -11.277  60.471 0.0000000000
110510  3.044  -10.072  57.714 0.0000000000
46621  1.843  -11.130  57.128 0.0000000000
47611  0.473  -10.543  57.256 0.0000000000
48506  0.163  -9.849  57.211 0.0000000000
51604  3.008  -6.341  50.678 0.0000000000
51605  2.538  -6.868  50.161 0.0000000000
118998  3.489  -5.779  50.157 0.0000000000
52696  3.706  -5.059  49.432 0.0000000000
54594  3.112  -4.047  48.760 0.0000000000
105858  1.261  -2.537  50.750 0.0000000000
54586  1.406  -3.227  49.461 0.0000000000
53626  1.291  -3.695  47.830 0.0000000000
54609  0.288  -3.530  47.313 0.0000000000
106316  -0.331  -3.245  46.742 0.0000000000
54625  -0.834  -2.551  46.222 0.0000000000
52624  11.165  -5.667  59.766 0.0000000000
125565  14.333  -7.407  54.154 0.0000000000
51579  18.052  -5.932  52.936 0.0000000000
51573  18.204  -5.047  54.500 0.0000000000
50525  17.265  -6.277  53.284 0.0000000000
51575  16.320  -6.333  54.733 0.0000000000
50514  15.474  -6.711  55.137 0.0000000000
50515  14.722  -7.056  55.560 0.0000000000
48504  15.321  -9.315  57.824 0.0000000000
47598  14.621  -9.276  58.419 0.0000000000
50488  15.574  -7.450  58.564 0.0000000000
49453  14.202  -7.771  59.059 0.0000000000
50483  13.031  -6.966  59.225 0.0000000000
52623  11.954  -5.920  59.520 0.0000000000
122258  -2.720  -16.254  49.100 0.0000000000
120939  -2.564  -14.109  49.341 0.0000000000
44623  -2.676  -13.935  50.676 0.0000000000
45678  -2.552  -12.880  50.103 0.0000000000
47643  -2.861  -11.107  49.603 0.0000000000
48546  -2.864  -9.188  50.087 0.0000000000
49525  -1.089  -8.170  50.593 0.0000000000
50562  0.395  -7.460  51.415 0.0000000000
50510  -1.108  -7.946  56.029 0.0000000000
50518  -1.312  -7.666  55.306 0.0000000000
50523  -0.742  -7.025  54.897 0.0000000000
52665  1.618  -5.719  55.692 0.0000000000
51576  0.545  -6.250  55.045 0.0000000000
50532  -0.521  -7.121  53.926 0.0000000000
110772  0.645  -6.882  52.665 0.0000000000
125590  1.334  -6.633  52.344 0.0000000000
108169  1.752  -6.686  51.714 0.0000000000
52687  3.258  -5.691  51.978 0.0000000000
54568  4.218  -2.780  51.337 0.0000000000
55464  3.720  -1.824  51.712 0.0000000000
55460  4.624  -1.937  52.387 0.0000000000
56411  3.799  -1.156  52.311 0.0000000000
56402  1.945  -0.750  53.178 0.0000000000
42578  0.416  -15.328  52.390 0.0000000000
42546  -1.176  -15.161  54.160 0.0000000000
43647  -1.419  -14.339  46.619 0.0000000000
42640  -0.643  -15.779  45.471 0.0000000000
42671  2.279  -15.163  40.963 0.0000000000
50612  0.996  -7.690  48.293 0.0000000000
50624  0.598  -7.844  47.255 0.0000000000
49607  -0.947  -9.494  45.066 0.0000000000
50665  1.686  -8.082  44.764 0.0000000000
49627  -0.502  -9.066  44.418 0.0000000000
47691  -0.832  -10.551  44.249 0.0000000000
45776  -0.085  -11.518  42.912 0.0000000000
44787  1.765  -13.281  40.940 0.0000000000
42672  0.742  -15.128  40.158 0.0000000000
43705  -0.293  -13.874  39.778 0.0000000000
47721  -1.374  -10.502  39.355 0.0000000000
125983  -1.927  -11.595  38.523 0.0000000000
58112  -1.535  -0.138  52.088 0.0000000000
59882  -1.164  1.547  51.649 0.0000000000
122007  -1.146  -0.699  50.606 0.0000000000
57294  -0.673  -1.258  48.817 0.0000000000
56458  -0.718  -1.754  47.255 0.0000000000
55541  -0.837  -2.220  45.724 0.0000000000
58169  -0.804  -0.759  46.629 0.0000000000
56490  -1.209  -1.817  44.613 0.0000000000
54668  -1.715  -2.971  43.500 0.0000000000
54677  -1.208  -3.583  42.070 0.0000000000
53705  -0.824  -3.735  40.159 0.0000000000
52776  -1.700  -5.347  38.536 0.0000000000
52785  -2.358  -4.835  37.824 0.0000000000
51532  8.557  -6.475  60.530 0.0000000000
52627  8.479  -5.407  60.371 0.0000000000
123985  9.163  -6.031  60.334 0.0000000000
51531  9.476  -6.919  60.294 0.0000000000
50476  9.442  -7.759  60.305 0.0000000000
50477  8.679  -7.522  60.513 0.0000000000
50467  7.985  -7.766  60.829 0.0000000000
40852  0.445  -17.374  40.287 0.0000000000
40853  -0.447  -17.620  39.904 0.0000000000
40863  -0.962  -17.117  39.341 0.0000000000
41768  -0.300  -16.622  39.802 0.0000000000
46633  -1.739  -11.272  55.319 0.0000000000
125740  -2.046  -10.958  54.881 0.0000000000
48511  -1.547  -10.067  55.775 0.0000000000
50530  12.851  -7.950  53.538 0.0000000000
50522  12.834  -8.037  54.264 0.0000000000
46632  -1.500  -11.210  55.758 0.0000000000
44543  -1.858  -12.203  55.344 0.0000000000
45612  -1.699  -11.892  55.507 0.0000000000
45613  -1.931  -11.823  55.033 0.0000000000
50578  0.657  -7.578  50.377 0.0000000000
50598  -0.104  -7.867  49.548 0.0000000000
105820  1.685  -7.355  49.809 0.0000000000
53666  -0.008  -3.933  44.217 0.0000000000
53665  1.043  -4.257  44.455 0.0000000000
53688  0.741  -4.368  42.618 0.0000000000
53678  -0.185  -4.037  43.291 0.0000000000
49449  4.344  -8.011  59.626 0.0000000000
50485  4.001  -7.926  58.846 0.0000000000
50479  4.330  -7.695  60.225 0.0000000000
46617  14.019  -10.378  58.857 0.0000000000
47600  13.090  -10.134  58.702 0.0000000000
46618  13.549  -10.929  58.778 0.0000000000
105149  6.424  -11.582  60.123 0.0000000000
120156  6.922  -10.868  59.518 0.0000000000
120149  6.472  -10.352  59.216 0.0000000000
120168  6.313  -9.764  58.689 0.0000000000
119973  5.801  -9.919  59.023 0.0000000000
105271  5.114  -9.484  58.665 0.0000000000
49451  3.056  -8.526  61.074 0.0000000000
111704  3.822  -9.027  60.349 0.0000000000
49450  4.131  -8.355  60.214 0.0000000000
56422  -1.200  -1.212  51.501 0.0000000000
55475  -0.938  -1.741  50.921 0.0000000000
56428  -1.015  -1.447  50.554 0.0000000000
107643  -3.393  -16.698  51.036 0.0000000000
49499  -2.471  -8.830  53.371 0.0000000000
110603  -2.915  -9.462  52.187 0.0000000000
49517  -1.913  -8.398  51.878 0.0000000000
50533  -1.138  -7.673  53.261 0.0000000000
52657  2.336  -6.085  56.889 0.0000000000
53579  4.215  -4.116  54.039 0.0000000000
44552  0.574  -13.350  55.130 0.0000000000
40670  -2.334  -16.857  53.347 0.0000000000
127381  -3.634  -17.168  51.522 0.0000000000
40713  -3.541  -17.450  50.900 0.0000000000
43628  -2.334  -13.986  48.072 0.0000000000
46697  -1.220  -10.699  45.515 0.0000000000
116748  -0.953  -12.595  45.287 0.0000000000
45742  -1.014  -11.797  45.171 0.0000000000
44738  -0.285  -12.956  44.038 0.0000000000
45758  -0.878  -11.516  44.426 0.0000000000
118093  3.478  -5.362  47.878 0.0000000000
51637  3.350  -6.222  47.332 0.0000000000
49665  0.548  -8.803  41.499 0.0000000000
49647  0.397  -8.888  42.502 0.0000000000
48640  0.077  -9.429  41.933 0.0000000000
47713  -0.095  -10.157  41.441 0.0000000000
46745  -0.519  -11.030  40.266 0.0000000000
108034  -0.374  -10.120  40.499 0.0000000000
122237  -1.514  -6.980  38.665 0.0000000000
49707  -2.030  -8.581  38.477 0.0000000000
49715  -2.353  -8.274  37.955 0.0000000000
59888  -0.179  1.672  50.554 0.0000000000
59033  -0.171  0.476  49.132 0.0000000000
58242  -0.912  -0.426  43.186 0.0000000000
57374  -1.237  -0.802  42.687 0.0000000000
57362  -1.182  -0.837  43.423 0.0000000000
121214  -1.514  -1.196  42.309 0.0000000000
124661  -1.664  -1.351  41.621 0.0000000000
51519  4.887  -7.157  61.471 0.0000000000
51526  4.666  -6.523  61.128 0.0000000000
51525  5.318  -6.451  61.194 0.0000000000
53529  8.141  -4.677  60.197 0.0000000000
49444  11.735  -8.238  59.319 0.0000000000
48481  11.154  -9.688  59.273 0.0000000000
107178  10.846  -8.960  59.601 0.0000000000
48477  8.061  -9.395  60.680 0.0000000000
107259  8.790  -9.577  60.379 0.0000000000
47579  8.150  -9.946  60.549 0.0000000000
46599  7.251  -10.896  60.475 0.0000000000
47581  6.909  -10.420  60.795 0.0000000000
46601  5.601  -11.373  61.179 0.0000000000
110722  5.946  -10.558  61.126 0.0000000000
122415  5.927  -7.849  61.356 0.0000000000
109215  5.153  -8.977  61.523 0.0000000000
49435  5.033  -8.491  61.623 0.0000000000
110251  4.101  -8.679  62.070 0.0000000000
57265  -0.903  -0.458  54.035 0.0000000000
57266  -1.328  -0.183  53.651 0.0000000000
125247  -1.421  -0.437  53.119 0.0000000000
107065  -1.538  0.058  53.298 0.0000000000
109472  -2.866  -14.062  52.677 0.0000000000
44581  -2.698  -13.284  53.169 0.0000000000
48515  -2.559  -10.511  54.375 0.0000000000
47619  -2.647  -11.141  53.848 0.0000000000
48519  -2.695  -9.608  53.913 0.0000000000
53567  4.559  -4.377  56.232 0.0000000000
53568  3.763  -4.743  56.308 0.0000000000
54541  4.978  -3.981  55.537 0.0000000000
46631  -0.599  -11.791  56.636 0.0000000000
45610  -1.227  -12.187  56.162 0.0000000000
44555  -1.992  -12.813  54.870 0.0000000000
43542  -1.885  -13.718  54.529 0.0000000000
42548  -2.266  -15.243  53.508 0.0000000000
42549  -2.526  -15.296  53.247 0.0000000000
44569  -2.455  -13.197  53.725 0.0000000000
43583  -2.808  -14.691  53.043 0.0000000000
48560  -2.939  -9.905  48.856 0.0000000000
46675  -2.301  -10.948  47.838 0.0000000000
48559  -2.547  -9.491  48.377 0.0000000000
105667  -1.228  -8.431  48.030 0.0000000000
123732  -1.711  -8.796  47.759 0.0000000000
48569  -1.860  -9.218  47.168 0.0000000000
48581  -1.651  -9.627  46.345 0.0000000000
49579  -1.351  -8.865  46.515 0.0000000000
53640  2.964  -4.765  45.927 0.0000000000
53653  2.096  -4.365  45.522 0.0000000000
53686  2.476  -5.141  43.375 0.0000000000
111319  2.812  -5.738  43.034 0.0000000000
51701  2.640  -6.347  42.337 0.0000000000
50697  2.273  -7.277  42.027 0.0000000000
51714  2.259  -6.658  41.509 0.0000000000
50715  1.875  -7.378  41.219 0.0000000000
51715  1.865  -6.611  40.730 0.0000000000
52766  0.810  -5.140  40.023 0.0000000000
52774  0.305  -5.441  39.555 0.0000000000
51743  -0.041  -6.186  39.267 0.0000000000
124759  -0.313  -5.323  39.296 0.0000000000
106998  0.668  0.137  42.617 0.0000000000
58279  0.178  0.160  40.894 0.0000000000
126140  -0.637  -0.060  40.896 0.0000000000
111933  -0.539  0.131  40.029 0.0000000000
48503  0.307  -9.247  57.235 0.0000000000
49465  -0.028  -8.754  57.104 0.0000000000
108869  1.348  -8.205  57.432 0.0000000000
51545  3.487  -7.268  58.235 0.0000000000
106567  2.910  -6.781  57.647 0.0000000000
52644  5.408  -5.554  58.382 0.0000000000
110461  4.981  -5.343  57.793 0.0000000000
105619  4.994  -4.922  57.313 0.0000000000
50497  13.439  -7.706  57.233 0.0000000000
50508  12.979  -7.637  56.574 0.0000000000
49474  12.599  -7.787  57.318 0.0000000000
105323  11.138  -8.413  58.221 0.0000000000
49475  11.692  -8.013  57.525 0.0000000000
105326  10.670  -8.229  57.594 0.0000000000
46603  11.052  -10.608  59.419 0.0000000000
105160  11.141  -10.360  58.917 0.0000000000
105367  9.964  -10.855  59.777 0.0000000000
120158  7.705  -9.784  58.815 0.0000000000
119983  8.423  -9.567  58.952 0.0000000000
120196  7.941  -8.793  58.069 0.0000000000
119990  7.839  -8.793  57.237 0.0000000000
120174  7.279  -9.126  56.933 0.0000000000
105237  6.652  -9.304  57.154 0.0000000000
120664  5.455  -10.484  56.163 0.0000000000
47607  4.431  -9.655  57.942 0.0000000000
46620  2.902  -10.881  57.135 0.0000000000
46602  3.719  -11.868  61.420 0.0000000000
47588  3.144  -10.931  60.793 0.0000000000
48499  3.922  -9.155  58.674 0.0000000000
120278  3.230  -9.534  58.117 0.0000000000
47609  2.177  -10.347  57.484 0.0000000000
46622  0.889  -11.247  57.122 0.0000000000
47610  1.313  -10.502  57.365 0.0000000000
48502  1.009  -9.363  57.496 0.0000000000
47612  -0.701  -10.117  56.877 0.0000000000
52692  3.624  -5.571  50.983 0.0000000000
53602  3.301  -3.825  49.500 0.0000000000
54585  2.348  -3.464  49.233 0.0000000000
55474  0.555  -2.249  51.308 0.0000000000
54587  0.249  -2.926  49.802 0.0000000000
111733  0.631  -3.264  48.958 0.0000000000
54595  1.724  -3.521  48.666 0.0000000000
125136  0.900  -3.484  48.438 0.0000000000
54596  0.136  -3.302  48.218 0.0000000000
55504  -0.782  -2.129  48.256 0.0000000000
54610  -0.467  -2.964  47.480 0.0000000000
112842  -0.804  -2.593  46.773 0.0000000000
55526  -0.758  -2.384  46.766 0.0000000000
52636  11.630  -4.893  59.574 0.0000000000
53536  11.168  -3.903  59.414 0.0000000000
107004  15.076  -7.250  52.986 0.0000000000
120350  14.506  -7.375  52.585 0.0000000000
50528  14.235  -7.429  53.338 0.0000000000
51557  18.181  -6.331  55.749 0.0000000000
51566  18.664  -5.769  55.309 0.0000000000
51574  17.655  -5.636  53.950 0.0000000000
110385  17.050  -5.684  54.896 0.0000000000
119071  17.006  -6.178  54.095 0.0000000000
50505  15.475  -6.929  56.224 0.0000000000
49470  15.982  -8.773  57.841 0.0000000000
47597  15.373  -9.178  57.762 0.0000000000
48495  15.328  -8.860  58.315 0.0000000000
51536  15.874  -6.166  58.705 0.0000000000
50481  14.801  -7.248  58.998 0.0000000000
50482  13.911  -7.107  59.153 0.0000000000
49454  13.263  -7.762  59.110 0.0000000000
51539  13.645  -6.302  59.198 0.0000000000
52635  12.528  -5.234  59.385 0.0000000000
51540  12.785  -6.128  59.322 0.0000000000
38971  -2.972  -19.113  49.365 0.0000000000
40741  -2.830  -17.656  49.203 0.0000000000
112227  -2.714  -15.432  49.849 0.0000000000
42623  -2.650  -15.556  49.101 0.0000000000
108076  -2.585  -14.773  49.198 0.0000000000
44596  -2.763  -13.191  52.233 0.0000000000
44609  -2.699  -13.305  51.216 0.0000000000
45655  -2.682  -12.531  51.542 0.0000000000
47637  -3.043  -10.604  50.956 0.0000000000
46654  -2.661  -11.930  50.954 0.0000000000
109034  -2.866  -11.251  50.473 0.0000000000
46660  -2.594  -12.045  50.035 0.0000000000
112179  -3.105  -10.477  50.093 0.0000000000
121990  -3.043  -10.370  49.389 0.0000000000
49516  -1.164  -8.077  51.428 0.0000000000
49526  -1.836  -8.468  50.990 0.0000000000
105703  -0.334  -7.834  50.983 0.0000000000
116706  -0.062  -8.007  56.970 0.0000000000
49483  -1.313  -8.784  56.191 0.0000000000
50509  -0.387  -7.618  56.403 0.0000000000
50517  -0.551  -7.144  55.753 0.0000000000
51571  -0.113  -6.683  55.232 0.0000000000
52664  2.350  -5.362  55.915 0.0000000000
115104  1.800  -5.629  54.228 0.0000000000
52670  1.308  -5.795  54.935 0.0000000000
51577  0.086  -6.663  54.461 0.0000000000
51581  0.386  -6.747  53.523 0.0000000000
51588  2.154  -6.178  52.419 0.0000000000
51596  2.694  -6.288  51.499 0.0000000000
122548  11.678  -8.266  55.657 0.0000000000
49489  11.589  -8.401  54.587 0.0000000000
49490  10.836  -8.632  54.257 0.0000000000
43568  0.390  -14.530  53.538 0.0000000000
43540  -1.143  -14.220  54.941 0.0000000000
43558  -0.786  -14.571  54.589 0.0000000000
106574  -3.383  -18.975  50.098 0.0000000000
118412  -3.265  -19.580  49.735 0.0000000000
122552  -1.589  -16.736  46.910 0.0000000000
40768  -1.647  -17.490  46.987 0.0000000000
124086  -1.229  -17.190  46.379 0.0000000000
40781  -0.711  -17.329  45.638 0.0000000000
44680  -1.688  -13.750  47.007 0.0000000000
45729  -1.556  -12.636  46.725 0.0000000000
43671  -0.650  -14.202  45.176 0.0000000000
42649  -0.832  -14.963  45.727 0.0000000000
111608  -0.044  -15.931  44.784 0.0000000000
41740  -0.376  -16.633  45.168 0.0000000000
127603  0.529  -15.977  44.180 0.0000000000
44736  1.076  -13.986  43.151 0.0000000000
42656  1.638  -15.880  43.159 0.0000000000
42663  2.110  -15.508  42.478 0.0000000000
42667  2.382  -15.341  41.625 0.0000000000
43687  2.128  -14.610  42.175 0.0000000000
50597  2.452  -7.106  49.452 0.0000000000
108786  1.807  -7.424  48.994 0.0000000000
50640  1.316  -7.745  46.664 0.0000000000
49562  0.367  -8.060  46.316 0.0000000000
49578  -0.643  -8.539  45.976 0.0000000000
51665  3.135  -6.440  44.987 0.0000000000
110530  3.028  -6.746  45.540 0.0000000000
50651  2.630  -7.403  44.914 0.0000000000
126802  0.209  -8.608  44.314 0.0000000000
121196  -0.477  -9.431  43.820 0.0000000000
48608  -0.748  -9.709  44.396 0.0000000000
110188  -0.697  -11.314  43.748 0.0000000000
46706  -0.630  -10.755  43.352 0.0000000000
45794  0.962  -12.000  41.285 0.0000000000
45815  1.298  -12.630  40.888 0.0000000000
119764  1.711  -13.860  40.651 0.0000000000
44788  0.901  -13.366  40.367 0.0000000000
43704  0.447  -14.336  40.076 0.0000000000
45836  -1.114  -12.406  39.511 0.0000000000
109938  -1.634  -12.756  38.823 0.0000000000
50733  -0.169  -8.360  39.869 0.0000000000
48672  -0.941  -9.401  39.642 0.0000000000
47745  -2.234  -10.190  38.205 0.0000000000
46765  -2.084  -11.009  38.384 0.0000000000
46796  -2.211  -11.654  38.098 0.0000000000
46795  -2.048  -11.887  37.752 0.0000000000
59009  -1.094  0.584  51.094 0.0000000000
58117  -1.318  -0.069  51.279 0.0000000000
120498  -0.829  -0.861  49.526 0.0000000000
110740  -0.739  -1.015  47.614 0.0000000000
57306  -0.686  -1.310  47.855 0.0000000000
55527  -0.805  -2.022  46.809 0.0000000000
56468  -0.753  -1.799  46.417 0.0000000000
124190  0.059  0.184  45.835 0.0000000000
58167  0.368  0.335  46.516 0.0000000000
111609  -0.099  0.223  47.127 0.0000000000
58155  -0.577  -0.306  47.359 0.0000000000
58186  -0.833  -0.684  45.763 0.0000000000
56505  -1.447  -1.722  43.754 0.0000000000
55566  -1.538  -2.203  43.976 0.0000000000
124738  -1.406  -2.384  44.396 0.0000000000
55565  -1.707  -2.475  43.796 0.0000000000
54678  -1.863  -3.076  42.625 0.0000000000
55600  -1.786  -2.474  40.195 0.0000000000
54690  -1.637  -3.002  40.759 0.0000000000
116349  -1.479  -3.529  39.161 0.0000000000
53713  -1.008  -4.608  39.105 0.0000000000
53720  -1.887  -4.312  38.544 0.0000000000
56540  -1.781  -1.953  39.069 0.0000000000
50469  6.436  -7.304  61.249 0.0000000000
51524  6.100  -6.515  61.254 0.0000000000
51533  7.585  -5.895  60.885 0.0000000000
50474  10.956  -7.490  59.887 0.0000000000
49446  10.690  -8.321  59.972 0.0000000000
49447  9.813  -8.339  60.211 0.0000000000
48484  8.596  -8.910  60.510 0.0000000000
110837  7.999  -8.827  60.787 0.0000000000
111096  7.267  -9.121  60.988 0.0000000000
49440  7.618  -8.333  60.955 0.0000000000
50468  7.310  -7.592  61.087 0.0000000000
41779  -1.014  -16.165  39.274 0.0000000000
45623  -2.269  -12.442  54.295 0.0000000000
106960  -2.520  -12.592  53.624 0.0000000000
46638  -2.225  -11.860  54.618 0.0000000000
47617  -2.226  -10.882  54.782 0.0000000000
48512  -2.014  -9.830  55.360 0.0000000000
45606  -1.149  -11.440  56.390 0.0000000000
45611  -1.496  -11.932  56.044 0.0000000000
43543  -2.125  -13.409  54.249 0.0000000000
113324  -2.296  -13.689  53.834 0.0000000000
44556  -2.173  -12.804  54.398 0.0000000000
49534  -1.005  -8.182  49.765 0.0000000000
111597  -0.878  -8.199  48.811 0.0000000000
50613  0.095  -7.840  48.776 0.0000000000
112824  1.276  -4.222  45.172 0.0000000000
53664  2.020  -4.513  44.706 0.0000000000
53687  1.726  -4.708  42.956 0.0000000000
52758  2.133  -5.706  41.375 0.0000000000
52751  1.583  -4.831  41.949 0.0000000000
53695  0.571  -4.392  41.606 0.0000000000
123049  1.513  -8.696  57.637 0.0000000000
119840  1.873  -8.196  57.719 0.0000000000
50489  3.133  -7.734  58.280 0.0000000000
52637  5.616  -5.611  59.310 0.0000000000
53546  6.492  -4.836  58.308 0.0000000000
53555  6.480  -4.633  57.509 0.0000000000
53554  7.085  -4.319  57.094 0.0000000000
49459  13.456  -8.423  57.907 0.0000000000
49473  13.076  -8.015  57.754 0.0000000000
48497  12.768  -8.842  58.470 0.0000000000
120079  11.767  -9.106  58.686 0.0000000000
125436  10.871  -9.107  58.656 0.0000000000
120017  8.411  -11.591  60.180 0.0000000000
105254  8.889  -11.488  59.784 0.0000000000
105244  7.676  -11.046  59.585 0.0000000000
120094  7.302  -10.419  59.167 0.0000000000
105256  4.763  -9.594  57.854 0.0000000000
47578  2.630  -9.933  62.196 0.0000000000
47589  2.610  -10.291  61.373 0.0000000000
48486  2.408  -9.449  61.323 0.0000000000
48493  4.290  -9.230  59.697 0.0000000000
48500  2.965  -9.027  58.322 0.0000000000
49463  2.288  -8.559  58.044 0.0000000000
54569  4.011  -3.363  50.785 0.0000000000
55482  2.484  -2.722  50.460 0.0000000000
108653  -0.427  -2.142  51.220 0.0000000000
55493  -0.531  -2.486  49.656 0.0000000000
117147  -0.706  -2.231  49.023 0.0000000000
55494  -0.745  -1.876  49.057 0.0000000000
55495  -0.702  -1.923  48.383 0.0000000000
50527  15.790  -7.055  53.371 0.0000000000
116299  15.993  -7.379  56.796 0.0000000000
111385  16.714  -7.853  57.552 0.0000000000
49456  16.955  -7.682  57.829 0.0000000000
52633  14.275  -5.736  59.147 0.0000000000
40727  -3.162  -17.525  49.998 0.0000000000
42616  -3.017  -16.093  50.459 0.0000000000
46649  -2.764  -11.771  51.744 0.0000000000
47630  -3.009  -10.939  51.919 0.0000000000
48538  -3.080  -9.870  51.527 0.0000000000
108781  -2.887  -9.195  50.939 0.0000000000
50546  -0.574  -7.557  52.516 0.0000000000
51553  1.153  -7.194  56.941 0.0000000000
51554  0.355  -7.378  56.702 0.0000000000
51561  0.795  -6.801  56.492 0.0000000000
52661  1.206  -6.232  56.195 0.0000000000
53576  3.716  -4.489  55.027 0.0000000000
121029  3.793  -5.133  52.323 0.0000000000
105272  10.359  -8.588  55.691 0.0000000000
105317  10.105  -8.800  54.899 0.0000000000
128055  9.553  -9.066  54.382 0.0000000000
105824  1.893  -12.827  54.604 0.0000000000
44567  1.277  -13.241  54.551 0.0000000000
44568  0.611  -13.770  54.516 0.0000000000
42547  -1.847  -15.294  53.802 0.0000000000
41643  -3.367  -16.481  52.496 0.0000000000
40693  -3.604  -17.393  52.230 0.0000000000
106971  -3.815  -18.957  51.002 0.0000000000
39863  -3.508  -18.224  50.466 0.0000000000
41712  -2.372  -16.425  47.923 0.0000000000
40769  -2.016  -17.637  47.450 0.0000000000
42628  -2.304  -15.625  47.896 0.0000000000
41723  -1.866  -15.993  47.281 0.0000000000
42634  -1.530  -15.200  46.779 0.0000000000
115186  -1.413  -11.746  46.230 0.0000000000
44697  -1.314  -13.440  46.369 0.0000000000
45728  -1.206  -12.372  45.910 0.0000000000
127250  -0.138  -14.617  44.496 0.0000000000
43670  -0.173  -13.866  44.305 0.0000000000
44737  0.430  -13.521  43.534 0.0000000000
50610  2.818  -7.056  47.896 0.0000000000
50622  2.794  -7.096  47.125 0.0000000000
50639  2.251  -7.467  46.540 0.0000000000
50679  2.040  -7.987  43.411 0.0000000000
119825  2.109  -7.911  44.201 0.0000000000
49625  1.119  -8.397  43.005 0.0000000000
49648  -0.223  -9.424  43.003 0.0000000000
46718  -0.126  -10.807  42.400 0.0000000000
47702  -0.252  -10.324  42.469 0.0000000000
46730  0.038  -10.619  41.376 0.0000000000
46729  0.294  -11.395  40.856 0.0000000000
44789  -0.269  -12.834  39.970 0.0000000000
45818  -1.032  -11.644  39.671 0.0000000000
46746  -1.240  -11.103  39.515 0.0000000000
50748  -0.400  -7.635  39.431 0.0000000000
49699  -1.500  -8.990  39.063 0.0000000000
47762  -2.174  -10.467  37.743 0.0000000000
59018  -0.767  0.429  50.368 0.0000000000
58142  -0.695  -0.602  49.060 0.0000000000
58125  -0.642  0.037  49.541 0.0000000000
126811  -0.708  -0.808  48.189 0.0000000000
58156  -0.748  -0.805  47.488 0.0000000000
58204  -0.487  -0.136  44.603 0.0000000000
58185  -0.529  -0.185  45.451 0.0000000000
57348  -1.088  -0.917  44.243 0.0000000000
57363  -1.296  -1.220  43.592 0.0000000000
55578  -1.846  -2.060  43.120 0.0000000000
55586  -2.184  -2.521  42.193 0.0000000000
55587  -2.163  -2.137  41.744 0.0000000000
55594  -1.928  -2.187  40.836 0.0000000000
51521  3.489  -7.313  62.062 0.0000000000
125667  4.150  -7.268  60.726 0.0000000000
51527  4.153  -6.969  61.063 0.0000000000
52621  5.286  -5.873  60.944 0.0000000000
124887  6.042  -5.154  60.508 0.0000000000
52620  6.535  -5.829  61.112 0.0000000000
123539  6.544  -4.915  60.459 0.0000000000
47592  13.009  -9.521  59.133 0.0000000000
116791  12.837  -10.200  59.242 0.0000000000
47594  11.889  -10.090  59.335 0.0000000000
47584  11.121  -9.905  59.296 0.0000000000
46604  9.781  -10.451  60.055 0.0000000000
125702  9.538  -9.445  60.200 0.0000000000
47586  9.308  -9.964  60.211 0.0000000000
117639  8.886  -11.407  60.173 0.0000000000
45601  7.619  -11.557  60.200 0.0000000000
117714  6.522  -11.334  60.309 0.0000000000
44537  5.855  -11.763  60.645 0.0000000000
105318  5.125  -12.467  61.492 0.0000000000
110064  5.466  -12.167  61.245 0.0000000000
45592  4.110  -11.805  61.977 0.0000000000
46597  3.789  -11.198  61.983 0.0000000000
47582  5.782  -9.836  61.235 0.0000000000
118028  4.995  -9.659  61.557 0.0000000000
48474  3.452  -9.990  62.142 0.0000000000
49437  3.709  -9.155  62.066 0.0000000000
50466  3.329  -8.079  62.144 0.0000000000
56413  1.445  -1.341  52.548 0.0000000000
56414  0.187  -1.520  52.743 0.0000000000
56415  -0.834  -1.365  52.691 0.0000000000
56405  -1.351  -0.922  52.469 0.0000000000
120639  -3.073  -15.204  51.486 0.0000000000
106959  -2.708  -12.299  52.364 0.0000000000
46639  -2.466  -11.864  53.994 0.0000000000
46644  -2.652  -11.968  53.167 0.0000000000
47624  -2.845  -11.123  53.005 0.0000000000
49498  -1.943  -8.178  53.851 0.0000000000
53558  3.412  -5.372  56.847 0.0000000000
114107  3.474  -4.675  55.737 0.0000000000
45616  0.352  -12.972  55.654 0.0000000000
44553  -1.168  -13.642  55.270 0.0000000000
43541  -1.689  -13.990  54.766 0.0000000000
44554  -1.751  -13.258  55.145 0.0000000000
40672  -2.956  -16.697  52.974 0.0000000000
41624  -3.080  -16.257  52.806 0.0000000000
43570  -2.522  -14.567  53.418 0.0000000000
42594  -3.356  -15.830  52.061 0.0000000000
45689  -2.359  -12.645  48.584 0.0000000000
45705  -2.095  -12.527  47.805 0.0000000000
46664  -2.208  -11.886  48.067 0.0000000000
46674  -1.870  -11.555  47.276 0.0000000000
113827  -1.856  -10.671  46.938 0.0000000000
48570  -2.182  -9.664  47.613 0.0000000000
46680  -1.678  -11.033  46.605 0.0000000000
47665  -1.602  -10.531  46.337 0.0000000000
47672  -1.426  -10.494  45.895 0.0000000000
47671  -1.251  -10.247  45.510 0.0000000000
53624  3.052  -4.592  46.756 0.0000000000
52715  3.372  -5.525  46.506 0.0000000000
51677  3.089  -6.512  44.244 0.0000000000
53675  2.649  -5.013  44.222 0.0000000000
52739  2.975  -5.691  43.789 0.0000000000
50678  2.551  -7.292  42.895 0.0000000000
108648  1.754  -7.834  41.793 0.0000000000
49666  0.098  -9.311  40.894 0.0000000000
49683  0.405  -8.458  40.530 0.0000000000
50732  0.340  -7.845  39.907 0.0000000000
52765  1.498  -5.782  40.376 0.0000000000
51729  0.508  -6.990  39.612 0.0000000000
126716  -0.192  -6.929  39.287 0.0000000000
51744  -0.880  -6.816  38.972 0.0000000000
117536  -1.577  -6.321  38.591 0.0000000000
58241  -0.201  0.038  42.929 0.0000000000
58261  -0.858  -0.347  42.298 0.0000000000
57389  -1.462  -0.912  41.198 0.0000000000
58280  -1.191  -0.422  40.519 0.0000000000
58296  -0.831  0.158  38.930 0.0000000000
46626  -1.314  -10.549  55.918 0.0000000000
48509  -1.203  -10.029  56.150 0.0000000000
48508  -1.015  -9.784  56.526 0.0000000000
126055  -0.456  -8.521  56.859 0.0000000000
50490  1.924  -7.715  57.573 0.0000000000
51547  1.330  -7.706  57.247 0.0000000000
52648  2.554  -6.475  57.152 0.0000000000
52655  3.572  -5.779  57.308 0.0000000000
51535  4.742  -7.024  59.976 0.0000000000
51534  4.843  -6.702  58.842 0.0000000000
52638  5.085  -6.053  58.702 0.0000000000
52639  4.467  -6.221  58.230 0.0000000000
52646  3.916  -5.945  57.817 0.0000000000
127688  3.848  -5.426  57.151 0.0000000000
53566  5.143  -4.428  56.679 0.0000000000
49485  12.633  -7.975  55.735 0.0000000000
114339  10.881  -8.413  55.970 0.0000000000
49481  11.200  -8.176  56.692 0.0000000000
120110  9.678  -8.736  55.821 0.0000000000
105265  8.907  -8.956  55.886 0.0000000000
105164  12.373  -10.290  59.089 0.0000000000
120077  11.652  -10.981  58.726 0.0000000000
105301  10.228  -9.406  58.965 0.0000000000
119992  8.774  -10.073  59.392 0.0000000000
120157  9.215  -9.321  59.074 0.0000000000
121400  9.614  -8.792  58.613 0.0000000000
120169  8.588  -8.504  57.547 0.0000000000
120134  8.409  -8.794  56.584 0.0000000000
105409  7.748  -9.535  55.445 0.0000000000
105377  6.097  -10.003  56.454 0.0000000000
46636  2.748  -11.860  55.685 0.0000000000
45607  1.814  -12.123  55.925 0.0000000000
46629  1.341  -11.735  56.653 0.0000000000
46608  4.571  -11.918  60.523 0.0000000000
47595  4.752  -10.049  59.626 0.0000000000
47601  4.657  -9.324  58.715 0.0000000000
47596  4.161  -10.079  60.181 0.0000000000
48492  4.542  -9.315  59.262 0.0000000000
47602  3.917  -9.570  58.190 0.0000000000
46630  0.323  -11.879  56.740 0.0000000000
46623  -0.127  -11.229  57.035 0.0000000000
47605  0.901  -9.967  57.425 0.0000000000
118599  -0.269  -10.494  57.086 0.0000000000
46624  -0.874  -10.850  56.712 0.0000000000
47613  -1.083  -10.356  56.347 0.0000000000
111539  2.178  -6.799  50.964 0.0000000000
127159  3.119  -6.360  50.122 0.0000000000
124401  3.242  -6.321  49.417 0.0000000000
119086  3.868  -4.736  50.119 0.0000000000
52700  3.565  -5.321  48.690 0.0000000000
127256  3.332  -4.568  48.166 0.0000000000
54578  1.316  -2.892  50.171 0.0000000000
55483  0.336  -2.578  50.637 0.0000000000
53614  2.544  -3.958  48.008 0.0000000000
53625  2.280  -4.077  47.218 0.0000000000
53642  1.233  -3.863  46.886 0.0000000000
124348  0.376  -3.675  46.606 0.0000000000
54623  -0.085  -3.538  46.049 0.0000000000
126146  -0.590  -3.264  45.553 0.0000000000
54638  -0.988  -2.695  45.477 0.0000000000
52625  10.353  -5.604  60.026 0.0000000000
53526  10.755  -4.732  59.704 0.0000000000
50521  13.549  -7.707  54.060 0.0000000000
122152  18.222  -5.328  53.412 0.0000000000
50526  16.448  -6.613  53.720 0.0000000000
50519  15.689  -6.913  54.224 0.0000000000
51568  16.725  -6.303  55.614 0.0000000000
50520  14.858  -7.140  54.621 0.0000000000
116121  14.014  -7.448  54.992 0.0000000000
122045  14.086  -7.261  55.870 0.0000000000
115317  15.280  -7.687  57.096 0.0000000000
49471  14.783  -8.400  57.518 0.0000000000
111511  14.506  -9.406  58.031 0.0000000000
46619  14.190  -9.773  58.602 0.0000000000
47590  14.075  -9.969  59.045 0.0000000000
51542  16.976  -6.967  58.202 0.0000000000
50487  16.347  -7.699  58.242 0.0000000000
51543  16.191  -6.915  58.460 0.0000000000
49458  15.659  -8.265  58.376 0.0000000000
123830  15.034  -8.519  58.593 0.0000000000
110916  14.423  -8.396  58.898 0.0000000000
48488  13.819  -8.994  59.097 0.0000000000
48489  13.081  -8.681  59.063 0.0000000000
122687  12.440  -8.170  59.140 0.0000000000
50484  12.386  -7.559  59.266 0.0000000000
51528  12.209  -6.802  59.422 0.0000000000
50473  11.658  -7.461  59.514 0.0000000000
51529  11.340  -6.620  59.726 0.0000000000
125863  10.852  -6.157  59.952 0.0000000000
41713  -2.651  -16.889  48.661 0.0000000000
42629  -2.563  -15.913  48.520 0.0000000000
43629  -2.488  -14.113  48.703 0.0000000000
120606  -2.793  -14.673  50.898 0.0000000000
45669  -2.617  -12.665  50.721 0.0000000000
120749  -2.608  -13.286  50.500 0.0000000000
44636  -2.571  -13.581  49.857 0.0000000000
45690  -2.511  -12.743  49.421 0.0000000000
46665  -2.502  -11.731  48.901 0.0000000000
115804  -2.770  -9.279  49.231 0.0000000000
49527  -2.430  -8.793  50.528 0.0000000000
111914  -1.797  -8.457  50.131 0.0000000000
50561  1.293  -7.179  51.159 0.0000000000
48510  -1.292  -9.555  56.196 0.0000000000
49484  -1.779  -9.279  55.813 0.0000000000
49486  -1.692  -8.465  55.639 0.0000000000
49492  -1.896  -8.230  54.848 0.0000000000
50524  -1.328  -7.594  54.370 0.0000000000
52659  2.640  -5.621  56.612 0.0000000000
52666  0.966  -6.062  55.574 0.0000000000
116903  -0.172  -7.206  53.010 0.0000000000
106741  0.143  -7.308  52.219 0.0000000000
51589  1.250  -6.429  53.065 0.0000000000
51590  0.929  -7.023  51.911 0.0000000000
53594  4.106  -4.855  51.480 0.0000000000
56412  2.742  -1.130  52.306 0.0000000000
53527  9.926  -4.644  59.816 0.0000000000
49495  11.486  -8.407  53.678 0.0000000000
49505  10.589  -8.513  52.499 0.0000000000
49491  10.126  -8.882  53.925 0.0000000000
43539  -0.267  -13.905  55.088 0.0000000000
43569  -0.353  -14.936  53.986 0.0000000000
42564  -0.647  -15.623  53.565 0.0000000000
39916  -1.857  -18.248  47.214 0.0000000000
44664  -2.003  -13.275  47.523 0.0000000000
43648  -1.740  -14.514  47.106 0.0000000000
43660  -1.042  -14.202  46.027 0.0000000000
123048  -1.169  -14.860  46.292 0.0000000000
41732  -0.880  -16.439  45.919 0.0000000000
40793  -0.021  -17.492  44.932 0.0000000000
42657  0.941  -15.485  43.720 0.0000000000
41766  1.718  -16.338  40.586 0.0000000000
50625  -0.350  -8.054  47.905 0.0000000000
50611  2.055  -7.401  48.288 0.0000000000
111450  -0.505  -8.256  46.870 0.0000000000
49594  -1.243  -9.193  45.733 0.0000000000
47680  -0.948  -10.404  44.958 0.0000000000
107773  2.586  -7.305  45.823 0.0000000000
50652  1.500  -7.921  45.693 0.0000000000
50666  0.751  -8.331  44.848 0.0000000000
49606  -0.086  -8.614  44.819 0.0000000000
49593  -0.668  -8.854  45.197 0.0000000000
48609  -0.986  -9.980  45.007 0.0000000000
46707  -0.882  -10.968  44.156 0.0000000000
45756  0.264  -12.553  43.179 0.0000000000
44757  1.126  -13.136  42.659 0.0000000000
45775  0.813  -12.136  42.239 0.0000000000
126898  1.627  -13.357  42.159 0.0000000000
44775  2.104  -13.941  40.957 0.0000000000
117905  1.772  -15.358  40.547 0.0000000000
108540  1.077  -15.849  40.261 0.0000000000
112224  0.186  -15.820  39.971 0.0000000000
42673  -0.311  -14.934  39.755 0.0000000000
42679  -1.112  -15.183  39.232 0.0000000000
114153  -0.405  -9.688  40.316 0.0000000000
48660  -0.935  -10.029  39.799 0.0000000000
48673  -1.461  -9.837  39.219 0.0000000000
46764  -1.690  -11.092  38.907 0.0000000000
45849  -1.951  -12.235  38.395 0.0000000000
105739  -1.551  0.812  53.432 0.0000000000
58109  -1.614  0.386  52.816 0.0000000000
59005  -1.479  0.799  52.066 0.0000000000
105815  -1.377  -0.583  51.444 0.0000000000
56429  -0.937  -1.222  49.927 0.0000000000
56437  -0.663  -1.580  49.019 0.0000000000
56448  -0.679  -1.659  48.121 0.0000000000
55516  -0.738  -2.115  47.536 0.0000000000
55540  -0.762  -2.535  46.009 0.0000000000
57325  -0.783  -1.004  46.824 0.0000000000
108782  -0.922  -0.963  45.112 0.0000000000
57335  -0.837  -0.971  45.993 0.0000000000
57326  -0.762  -1.332  46.194 0.0000000000
55554  -1.166  -2.226  44.812 0.0000000000
54653  -1.403  -2.727  44.448 0.0000000000
54652  -0.994  -3.468  43.900 0.0000000000
54667  -1.145  -3.591  42.982 0.0000000000
53696  -0.457  -3.942  41.343 0.0000000000
54684  -1.844  -3.040  41.725 0.0000000000
54683  -1.225  -3.462  41.225 0.0000000000
53712  -0.061  -4.719  39.709 0.0000000000
52784  -2.107  -6.019  38.222 0.0000000000
57402  -1.725  -1.420  40.693 0.0000000000
122711  -1.713  -2.263  39.974 0.0000000000
54703  -2.011  -3.398  38.542 0.0000000000
116385  -2.238  -5.075  38.154 0.0000000000
51759  -2.311  -6.678  37.975 0.0000000000
40851  1.484  -17.162  40.641 0.0000000000
41606  -2.791  -16.022  52.931 0.0000000000
41747  1.145  -16.379  43.747 0.0000000000
41765  2.319  -16.051  41.076 0.0000000000
42641  -1.049  -15.565  46.154 0.0000000000
42648  -0.429  -15.134  44.997 0.0000000000
43522  7.829  -11.759  60.167 0.0000000000
43639  -2.065  -14.245  47.583 0.0000000000
43677  1.475  -14.842  43.034 0.0000000000
43696  2.279  -14.533  41.355 0.0000000000
43697  2.006  -13.713  41.671 0.0000000000
43702  2.036  -14.525  40.752 0.0000000000
43703  1.323  -14.416  40.387 0.0000000000
44536  6.800  -11.509  60.147 0.0000000000
44538  5.329  -12.919  61.222 0.0000000000
44539  9.107  -11.856  60.091 0.0000000000
44651  -2.498  -13.454  49.023 0.0000000000
44800  -1.956  -12.947  38.251 0.0000000000
45593  7.138  -10.951  60.511 0.0000000000
45595  5.021  -12.501  61.580 0.0000000000
45596  4.167  -12.407  61.375 0.0000000000
45597  3.345  -11.963  61.190 0.0000000000
45598  10.085  -10.842  59.748 0.0000000000
45599  8.948  -11.834  60.108 0.0000000000
45600  8.325  -11.706  60.173 0.0000000000
45602  13.685  -10.911  59.091 0.0000000000
45603  13.400  -10.153  58.925 0.0000000000
45604  12.094  -11.022  59.529 0.0000000000
45605  11.279  -11.024  59.387 0.0000000000
45741  -0.771  -12.348  44.625 0.0000000000
45774  1.499  -12.811  41.664 0.0000000000
45858  -1.843  -12.371  37.592 0.0000000000
46595  5.099  -11.037  61.397 0.0000000000
46596  4.339  -11.316  61.783 0.0000000000
46600  6.428  -10.876  60.827 0.0000000000
46605  9.195  -10.641  60.187 0.0000000000
46607  7.989  -10.872  60.392 0.0000000000
46609  3.057  -12.240  60.831 0.0000000000
46610  2.911  -11.167  61.276 0.0000000000
46611  13.819  -10.290  59.117 0.0000000000
46612  13.261  -10.609  59.235 0.0000000000
46613  12.594  -10.769  59.363 0.0000000000
46615  4.959  -10.861  60.052 0.0000000000
46616  14.161  -9.806  58.735 0.0000000000
46637  -2.045  -11.565  54.908 0.0000000000
46688  -1.481  -11.012  46.105 0.0000000000
47575  4.573  -10.482  61.695 0.0000000000
47576  3.646  -10.664  62.050 0.0000000000
47577  2.928  -10.397  62.155 0.0000000000
47583  2.659  -10.382  61.781 0.0000000000
47585  10.424  -9.910  59.102 0.0000000000
47591  13.767  -10.113  59.111 0.0000000000
47593  12.413  -9.745  59.187 0.0000000000
47599  13.702  -9.079  58.282 0.0000000000
47604  1.596  -9.810  57.608 0.0000000000
47606  14.640  -9.380  58.086 0.0000000000
47650  -2.552  -10.111  48.063 0.0000000000
47732  -1.818  -10.386  38.776 0.0000000000
48473  4.185  -9.859  62.083 0.0000000000
48475  3.065  -9.417  62.103 0.0000000000
48476  2.546  -9.480  62.156 0.0000000000
48479  5.553  -9.229  61.351 0.0000000000
48480  1.914  -9.678  61.863 0.0000000000
48487  14.472  -8.968  58.720 0.0000000000
48491  11.431  -9.011  59.263 0.0000000000
48498  12.550  -9.818  58.724 0.0000000000
48505  14.384  -8.870  57.826 0.0000000000
48513  -2.224  -10.315  54.976 0.0000000000
48529  -3.047  -10.192  52.513 0.0000000000
48553  -3.074  -9.760  49.695 0.0000000000
48594  -1.331  -9.817  45.607 0.0000000000
48624  -0.589  -9.836  43.635 0.0000000000
48625  -0.803  -10.130  44.334 0.0000000000
49438  2.897  -8.802  62.186 0.0000000000
49441  6.665  -8.297  61.185 0.0000000000
49442  5.662  -8.569  61.379 0.0000000000
49445  11.182  -8.544  59.546 0.0000000000
49448  9.041  -8.322  60.391 0.0000000000
49452  14.983  -7.967  58.766 0.0000000000
49455  4.226  -8.574  59.478 0.0000000000
49460  12.543  -8.090  58.030 0.0000000000
49482  -0.735  -8.331  56.553 0.0000000000
49487  -2.156  -9.022  55.249 0.0000000000
49508  -2.551  -8.875  52.316 0.0000000000
49535  -1.725  -8.497  49.260 0.0000000000
49536  -2.391  -8.812  49.666 0.0000000000
49563  -2.137  -9.149  47.973 0.0000000000
49605  1.155  -8.316  44.017 0.0000000000
49646  1.171  -8.360  42.074 0.0000000000
50464  5.261  -7.873  61.513 0.0000000000
50465  4.575  -7.956  61.947 0.0000000000
50471  3.565  -7.300  61.368 0.0000000000
50472  3.582  -8.129  62.108 0.0000000000
50531  12.139  -8.138  53.129 0.0000000000
50770  -2.357  -7.376  37.675 0.0000000000
51523  6.978  -6.654  61.163 0.0000000000
51530  10.453  -6.670  60.072 0.0000000000
51537  15.373  -6.644  58.814 0.0000000000
51728  1.301  -6.590  40.048 0.0000000000
51745  -1.940  -6.907  38.410 0.0000000000
52626  9.371  -5.291  60.139 0.0000000000
52732  3.110  -5.677  44.639 0.0000000000
53721  -2.296  -4.128  38.140 0.0000000000
54624  -0.676  -3.038  45.971 0.0000000000
55553  -1.076  -2.443  45.078 0.0000000000
55577  -2.031  -2.480  43.050 0.0000000000
56479  -0.897  -1.825  45.498 0.0000000000
56535  -1.778  -1.951  40.275 0.0000000000
57286  -1.257  -1.023  51.043 0.0000000000
57336  -0.880  -1.337  45.294 0.0000000000
57375  -1.377  -1.100  42.966 0.0000000000
57409  -1.800  -1.573  39.625 0.0000000000
58205  -0.848  -0.620  44.875 0.0000000000
105153  5.538  -12.581  60.811 0.0000000000
105292  11.953  -10.407  58.714 0.0000000000
105293  12.781  -11.320  59.013 0.0000000000
105316  5.965  -11.655  60.512 0.0000000000
105374  11.998  -10.764  58.797 0.0000000000
105379  4.406  -12.751  61.367 0.0000000000
106283  -2.813  -16.164  49.720 0.0000000000
106549  2.456  -7.942  58.027 0.0000000000
106776  8.598  -10.281  60.363 0.0000000000
108351  10.107  -8.959  60.122 0.0000000000
108518  -1.037  -0.460  41.433 0.0000000000
108522  13.877  -7.999  59.117 0.0000000000
110256  -2.207  -11.458  54.725 0.0000000000
111085  15.605  -8.601  57.495 0.0000000000
113647  -1.913  -1.763  42.229 0.0000000000
113911  -0.021  0.050  42.241 0.0000000000
113917  12.380  -9.067  59.090 0.0000000000
114201  9.474  -11.245  60.138 0.0000000000
115128  11.946  -9.527  59.159 0.0000000000
115438  3.166  -4.524  47.518 0.0000000000
115989  -2.324  -10.954  38.044 0.0000000000
116906  -1.889  -9.774  46.988 0.0000000000
117525  6.623  -9.830  61.043 0.0000000000
118152  7.809  -10.481  60.520 0.0000000000
118511  4.898  -11.778  61.546 0.0000000000
119987  9.009  -10.730  59.645 0.0000000000
119988  6.243  -11.017  59.824 0.0000000000
119994  8.056  -9.250  58.520 0.0000000000
119995  5.703  -10.578  59.651 0.0000000000
120010  9.413  -11.162  59.788 0.0000000000
120011  7.759  -11.657  59.820 0.0000000000
120032  6.956  -11.455  59.867 0.0000000000
120095  10.739  -10.872  58.942 0.0000000000
120106  8.445  -10.901  59.587 0.0000000000
120107  7.218  -11.636  60.080 0.0000000000
120109  11.194  -10.130  58.828 0.0000000000
120133  7.415  -9.283  58.339 0.0000000000
120159  9.816  -10.279  59.565 0.0000000000
120173  8.275  -9.165  55.886 0.0000000000
120191  8.255  -11.527  59.751 0.0000000000
121647  2.478  -8.237  61.886 0.0000000000
121859  -2.120  -2.187  42.479 0.0000000000
122859  3.376  -8.766  62.115 0.0000000000
123415  12.389  -7.982  57.826 0.0000000000
124197  3.745  -7.831  62.103 0.0000000000
124711  -1.380  -3.130  40.040 0.0000000000
124715  3.804  -12.404  61.068 0.0000000000
124776  3.714  -12.573  61.178 0.0000000000
124965  0.063  -13.369  55.381 0.0000000000
125455  -1.463  -1.096  41.798 0.0000000000
126080  -2.645  -11.540  53.534 0.0000000000
126231  3.300  -10.812  62.067 0.0000000000
126608  9.804  -10.118  60.075 0.0000000000
127498  14.171  -10.146  59.038 0.0000000000
127946  2.723  -7.986  62.092 0.0000000000
