#!ascii label  , from subject sub-v2s7x29662_ses-1 vox2ras=TkReg
1517
3081  15.146  -68.633  -19.372 0.6999999881
3567  14.515  -67.855  -20.258 0.8000000119
4084  14.317  -66.946  -20.022 0.8000000119
126242  13.948  -66.614  -20.535 0.6999999881
2622  15.227  -69.919  -20.280 0.6000000238
3088  14.838  -68.967  -20.183 0.6000000238
3577  14.187  -67.375  -21.267 0.6000000238
2628  15.281  -70.542  -20.763 0.6000000238
106715  14.490  -66.710  -19.216 0.8000000119
4070  13.979  -66.374  -19.910 0.6999999881
4619  13.137  -65.948  -19.212 0.6999999881
3087  15.529  -69.469  -19.539 0.6000000238
3557  14.797  -67.652  -19.287 0.6999999881
4071  13.577  -66.166  -19.785 0.6999999881
2158  16.409  -71.153  -20.917 0.6000000238
1769  16.768  -71.555  -21.608 0.6000000238
2167  15.193  -71.453  -21.750 0.6000000238
1431  15.810  -72.714  -22.725 0.6000000238
1779  15.507  -72.151  -22.132 0.6000000238
4602  14.333  -65.818  -18.066 0.8000000119
4587  13.990  -65.425  -17.504 0.8000000119
116359  13.156  -65.510  -17.467 0.6999999881
4573  12.565  -65.455  -16.418 0.6999999881
4574  10.962  -65.824  -16.255 0.6999999881
4054  14.751  -66.439  -18.364 0.8000000119
4603  13.610  -65.665  -18.333 0.6999999881
4588  12.235  -65.813  -17.298 0.6999999881
3539  15.149  -67.326  -18.499 0.6999999881
4618  14.063  -65.978  -19.079 0.8000000119
4604  12.712  -65.871  -18.215 0.6999999881
3556  15.514  -68.246  -18.665 0.6999999881
122284  15.889  -70.049  -19.731 0.6999999881
2157  17.087  -70.882  -21.182 0.6000000238
2150  16.724  -70.506  -20.443 0.6000000238
1778  16.376  -72.137  -22.136 0.6000000238
1770  16.065  -71.733  -21.465 0.6000000238
1437  16.228  -73.391  -23.353 0.6000000238
1156  16.410  -74.011  -23.615 0.6999999881
1157  15.421  -73.968  -23.066 0.6000000238
680  17.125  -74.788  -23.094 0.5000000000
914  16.727  -74.411  -23.378 0.6000000238
674  17.157  -75.252  -22.425 0.5000000000
5117  14.013  -64.894  -15.791 0.8999999762
5118  13.163  -65.133  -15.892 0.8000000119
4557  12.426  -65.187  -15.328 0.6999999881
4038  15.186  -66.170  -17.494 0.6999999881
4571  14.559  -65.283  -16.661 0.8999999762
4558  11.538  -65.481  -15.582 0.6999999881
3538  15.923  -67.762  -18.038 0.8000000119
4053  15.541  -66.981  -17.831 0.8000000119
3067  16.835  -68.386  -18.686 0.8000000119
3086  17.203  -68.955  -19.778 0.6999999881
3080  15.830  -69.045  -18.908 0.6999999881
2619  17.031  -69.755  -20.087 0.8000000119
2627  17.328  -69.988  -20.920 0.8000000119
2166  17.306  -71.165  -22.042 0.6999999881
1777  17.026  -71.911  -22.406 0.6999999881
1430  16.575  -72.545  -22.972 0.6000000238
5116  15.055  -64.926  -15.791 0.8999999762
5098  13.205  -64.854  -15.113 0.8000000119
108657  11.682  -65.090  -14.741 0.6999999881
4585  15.928  -66.034  -16.790 0.8000000119
4570  15.569  -65.397  -16.334 0.8000000119
4036  16.907  -66.699  -17.511 0.6999999881
125155  17.396  -67.996  -19.390 0.6999999881
3078  16.975  -68.836  -19.165 0.8000000119
110788  17.413  -69.060  -20.644 0.8000000119
2636  17.491  -70.198  -21.870 0.8000000119
113297  17.573  -70.513  -22.674 0.6999999881
1787  17.524  -72.066  -24.153 0.8000000119
1443  17.586  -72.672  -24.847 0.8000000119
920  17.972  -74.160  -24.468 0.6999999881
1165  17.158  -73.432  -24.355 0.6999999881
1436  16.965  -72.810  -23.941 0.6999999881
913  17.554  -74.518  -23.744 0.6999999881
921  17.211  -74.114  -24.213 0.6999999881
6751  9.979  -61.156  -23.727 0.6000000238
7888  8.695  -60.108  -23.702 0.6000000238
7350  8.118  -60.483  -25.446 0.6000000238
7909  7.476  -59.707  -25.662 0.6999999881
113621  13.902  -64.612  -14.955 0.8999999762
5082  12.336  -64.726  -14.326 0.6999999881
105836  17.432  -66.136  -17.734 0.6000000238
3555  17.613  -67.041  -19.782 0.6000000238
106842  17.545  -67.007  -18.972 0.6000000238
3094  17.560  -68.146  -21.180 0.6999999881
3102  17.614  -68.472  -22.765 0.6999999881
3587  17.567  -67.772  -22.232 0.6999999881
7232  11.539  -61.032  -14.615 0.6999999881
6674  11.247  -61.615  -15.297 0.6999999881
108585  17.677  -69.470  -22.918 0.8000000119
107941  17.565  -69.007  -21.781 0.8000000119
7240  11.502  -60.852  -15.636 0.6000000238
6147  11.083  -62.153  -16.895 0.6999999881
110355  11.464  -60.768  -16.990 0.5000000000
6703  11.349  -61.744  -18.398 0.6999999881
2182  17.819  -71.151  -24.450 0.8000000119
124612  17.487  -71.372  -23.150 0.8000000119
7246  11.452  -60.573  -16.376 0.5000000000
7810  11.205  -59.848  -16.923 0.5000000000
1164  17.834  -73.154  -25.179 0.6999999881
122157  10.642  -58.739  -17.280 0.6000000238
7811  10.878  -59.614  -17.892 0.5000000000
7272  10.897  -60.192  -19.284 0.6000000238
7281  10.580  -60.128  -20.241 0.6999999881
126952  10.665  -61.223  -21.962 0.6999999881
8423  10.164  -58.915  -18.987 0.5000000000
115987  10.565  -60.487  -20.996 0.6000000238
7321  9.647  -60.732  -23.040 0.6000000238
107299  10.375  -58.835  -18.267 0.6000000238
7860  9.986  -59.822  -21.051 0.6000000238
7294  9.533  -59.680  -21.721 0.6000000238
114877  9.996  -58.229  -18.792 0.5000000000
7841  9.826  -59.205  -20.384 0.5000000000
7880  8.834  -59.638  -23.024 0.6000000238
7331  8.443  -60.321  -24.524 0.6000000238
7889  7.836  -59.698  -24.755 0.6999999881
9127  6.672  -57.882  -26.087 0.6000000238
9141  6.571  -57.630  -27.345 0.6999999881
7861  9.389  -59.012  -21.259 0.6000000238
7873  9.024  -59.049  -22.211 0.6000000238
126436  8.581  -59.371  -23.599 0.6000000238
8488  8.222  -58.660  -24.321 0.6999999881
9114  7.216  -57.990  -25.120 0.5000000000
5081  13.358  -64.466  -14.314 0.8999999762
4584  16.774  -66.149  -17.032 0.6000000238
4569  16.546  -65.420  -16.370 0.6999999881
5628  12.719  -64.129  -13.616 0.8000000119
5084  10.426  -64.418  -14.117 0.6999999881
119627  11.024  -63.346  -13.642 0.6999999881
126773  12.216  -63.631  -13.263 0.8000000119
3566  17.596  -67.407  -20.576 0.6999999881
6645  11.604  -61.527  -13.637 0.8000000119
6661  11.136  -61.871  -14.281 0.6000000238
6644  12.072  -61.093  -13.077 0.6999999881
7219  11.746  -60.634  -13.751 0.6000000238
2650  17.863  -70.193  -24.851 0.8000000119
3113  17.694  -69.385  -24.170 0.8000000119
2191  18.153  -70.955  -25.740 0.8000000119
109743  11.597  -60.233  -14.428 0.5000000000
1794  17.925  -71.894  -25.208 0.8000000119
110111  11.346  -59.864  -15.838 0.5000000000
8387  11.309  -58.561  -14.887 0.5000000000
8394  11.015  -58.153  -15.747 0.6000000238
114313  10.960  -58.971  -16.312 0.6000000238
9012  10.540  -57.741  -17.133 0.6000000238
106382  10.248  -57.927  -17.977 0.6000000238
10470  7.183  -55.506  -25.211 0.5000000000
8443  9.428  -58.310  -20.658 0.5000000000
9115  6.924  -57.112  -25.392 0.5000000000
9128  6.472  -56.943  -26.445 0.6000000238
9061  9.381  -57.495  -21.000 0.6000000238
8478  8.825  -58.713  -23.194 0.6999999881
8487  8.714  -58.694  -23.994 0.6999999881
8505  7.482  -58.854  -24.937 0.6999999881
9721  9.638  -56.869  -20.494 0.6000000238
118065  9.445  -57.887  -24.732 0.6000000238
9734  9.677  -56.857  -21.290 0.6999999881
117704  9.297  -57.964  -23.219 0.6000000238
9099  10.363  -57.646  -24.604 0.5000000000
110947  16.003  -64.980  -15.727 0.6999999881
5097  14.668  -64.561  -15.094 0.6999999881
5080  14.266  -64.289  -14.352 0.6999999881
5627  13.709  -63.967  -13.624 0.8000000119
5616  13.016  -63.436  -13.003 0.6999999881
6631  12.569  -61.414  -12.682 0.6999999881
119812  12.713  -62.654  -12.728 0.6999999881
11907  7.361  -53.919  -25.164 0.5000000000
8990  11.388  -57.011  -14.951 0.5000000000
8999  10.820  -57.444  -16.387 0.6000000238
10471  6.249  -55.182  -25.627 0.5000000000
9671  11.134  -56.528  -16.279 0.5000000000
10342  11.900  -55.830  -14.779 0.5000000000
9672  10.707  -56.915  -17.048 0.6000000238
9049  9.772  -57.613  -19.298 0.6000000238
9100  8.462  -57.781  -24.767 0.5000000000
10374  11.589  -55.691  -16.439 0.5000000000
9689  11.120  -56.146  -17.178 0.6000000238
9712  10.238  -56.413  -19.414 0.6000000238
10394  11.136  -55.866  -18.157 0.6000000238
5095  16.391  -64.336  -15.396 0.6999999881
5079  15.186  -64.089  -14.497 0.6999999881
5626  14.693  -63.715  -13.758 0.6999999881
9733  10.302  -56.428  -21.560 0.5000000000
10359  12.228  -55.109  -15.095 0.5000000000
9749  11.048  -57.206  -24.076 0.5000000000
10384  11.687  -55.432  -17.370 0.5000000000
10405  10.886  -55.940  -19.115 0.5000000000
122397  9.969  -56.427  -20.076 0.5000000000
9741  9.896  -56.907  -22.105 0.5000000000
115702  11.124  -56.174  -21.935 0.5000000000
125962  11.892  -55.963  -22.280 0.5000000000
10393  12.139  -55.188  -19.132 0.5000000000
10419  11.554  -55.638  -20.522 0.5000000000
125823  10.615  -56.589  -22.305 0.5000000000
11081  12.444  -54.724  -17.472 0.5000000000
10404  11.489  -55.588  -19.611 0.5000000000
10433  10.835  -55.957  -21.050 0.5000000000
111010  12.067  -55.070  -16.745 0.5000000000
125980  11.493  -55.539  -18.848 0.5000000000
10403  12.287  -55.292  -20.026 0.5000000000
12669  4.815  -52.228  -24.919 0.6000000238
11154  3.830  -53.729  -25.866 0.6000000238
105605  5.497  -51.965  -25.015 0.5000000000
12649  4.277  -51.949  -24.652 0.6999999881
11155  3.218  -53.280  -25.258 0.6000000238
109477  3.014  -53.860  -25.894 0.6000000238
10460  2.692  -54.979  -24.460 0.6999999881
13347  4.249  -51.281  -23.743 0.6000000238
11892  3.411  -52.452  -24.471 0.6999999881
11142  2.786  -54.089  -24.973 0.6999999881
106921  2.824  -54.882  -25.603 0.6999999881
114170  2.750  -54.789  -22.729 0.8000000119
13346  4.875  -51.019  -23.032 0.5000000000
13358  4.852  -50.588  -24.070 0.5000000000
108724  2.774  -53.407  -24.250 0.8000000119
107721  2.919  -52.773  -23.403 0.6000000238
122642  3.242  -54.800  -20.989 0.6999999881
13345  5.952  -50.936  -22.807 0.5000000000
13357  5.429  -50.249  -23.688 0.5000000000
110408  2.639  -54.097  -22.206 0.6999999881
10441  3.437  -55.562  -22.262 0.6999999881
11876  2.803  -53.227  -22.305 0.6999999881
12630  4.038  -51.672  -22.788 0.6999999881
10421  4.629  -56.043  -21.061 0.6999999881
11860  3.348  -53.283  -20.529 0.6999999881
12629  5.656  -51.525  -22.098 0.6000000238
12620  3.914  -52.125  -21.760 0.8000000119
118943  6.950  -54.083  -13.425 0.6999999881
11061  6.625  -54.112  -14.571 0.8000000119
12615  9.283  -52.129  -22.100 0.4000000060
10422  4.106  -55.265  -20.444 0.6999999881
12616  8.466  -52.717  -22.023 0.5000000000
11116  3.265  -54.245  -20.332 0.6999999881
12628  6.732  -51.821  -22.259 0.6000000238
12618  6.412  -52.142  -21.501 0.6000000238
12609  3.286  -52.823  -21.483 0.6999999881
12619  5.346  -51.917  -21.256 0.8000000119
107212  4.512  -52.050  -21.206 0.8000000119
16363  -0.951  -47.372  -14.265 0.5000000000
15547  -0.521  -47.976  -14.961 0.5000000000
15546  0.304  -48.700  -14.567 0.5000000000
13284  4.604  -50.935  -13.927 0.5000000000
13283  5.470  -50.606  -13.603 0.6000000238
14015  4.892  -50.197  -14.307 0.6000000238
14016  3.994  -50.743  -14.661 0.6000000238
116463  1.702  -50.846  -14.716 0.6000000238
13273  6.017  -51.205  -12.929 0.6999999881
121143  5.155  -51.194  -13.358 0.6999999881
12520  6.952  -52.294  -12.674 0.6999999881
12506  6.437  -52.743  -12.270 0.6999999881
11832  4.282  -53.746  -18.222 0.6999999881
11812  4.643  -53.938  -17.499 0.6999999881
11791  5.712  -53.782  -16.456 0.8000000119
107660  9.336  -52.769  -21.462 0.5000000000
10407  3.961  -54.551  -19.468 0.6999999881
118567  7.868  -52.992  -21.293 0.6000000238
11847  3.471  -53.658  -19.777 0.8000000119
12606  6.037  -52.275  -20.486 0.6999999881
12596  4.372  -52.787  -19.211 0.8000000119
12608  3.948  -52.504  -20.703 0.8000000119
124583  -1.125  -46.176  -14.607 0.5000000000
17171  -0.817  -46.157  -15.530 0.6000000238
17182  -0.480  -45.973  -16.279 0.5000000000
16378  -0.685  -46.980  -16.218 0.6000000238
15555  -0.647  -47.741  -15.728 0.6000000238
15554  -0.113  -48.574  -15.772 0.6000000238
15567  -0.071  -48.517  -17.021 0.6000000238
14750  0.753  -49.374  -15.324 0.5000000000
14029  4.325  -49.933  -15.145 0.5000000000
14014  5.810  -49.901  -14.008 0.6000000238
14030  3.354  -50.541  -15.437 0.6000000238
118580  3.079  -51.271  -14.872 0.6999999881
14736  1.361  -50.159  -14.984 0.6000000238
14006  6.397  -50.534  -13.377 0.6000000238
13272  7.028  -51.349  -12.964 0.6999999881
12521  5.261  -51.739  -12.867 0.6999999881
108593  3.744  -51.431  -14.166 0.8000000119
14017  2.252  -51.291  -14.737 0.6999999881
12519  7.550  -52.171  -13.198 0.6999999881
11746  7.465  -53.089  -13.261 0.6999999881
11759  7.947  -52.709  -13.927 0.6999999881
11760  7.407  -53.523  -14.210 0.8000000119
11790  6.576  -53.563  -16.119 0.8000000119
11776  6.127  -53.954  -15.552 0.8000000119
12604  8.688  -53.214  -20.895 0.5000000000
11828  8.295  -53.377  -18.708 0.6000000238
11831  4.767  -53.330  -17.989 0.8000000119
11811  5.262  -53.576  -17.279 0.8000000119
109096  7.067  -52.657  -20.967 0.6000000238
11845  7.924  -53.286  -19.468 0.6999999881
12583  5.053  -52.824  -18.651 0.8000000119
12594  6.279  -52.588  -19.715 0.6999999881
12582  6.184  -52.848  -18.880 0.6999999881
12607  4.889  -52.180  -20.481 0.8000000119
17984  -0.315  -45.042  -14.989 0.4000000060
17994  -0.439  -45.446  -15.629 0.5000000000
17181  -0.236  -46.609  -17.063 0.4000000060
16377  -0.362  -47.500  -17.049 0.5000000000
14765  0.638  -49.290  -16.365 0.5000000000
14028  5.282  -49.554  -14.853 0.5000000000
124883  2.992  -50.013  -16.631 0.6000000238
14039  2.755  -50.343  -16.168 0.6000000238
14041  1.346  -49.998  -15.843 0.6000000238
14013  6.808  -49.899  -13.895 0.6000000238
13298  2.467  -50.920  -15.513 0.6999999881
14031  1.799  -50.769  -15.383 0.6999999881
14005  7.258  -50.638  -13.430 0.6000000238
11775  7.034  -53.632  -15.207 0.8000000119
111297  7.770  -53.359  -18.020 0.6999999881
107682  6.744  -53.260  -18.022 0.6999999881
11830  5.671  -53.147  -17.976 0.8000000119
122114  7.144  -53.434  -16.581 0.8000000119
11829  7.326  -53.204  -18.778 0.6999999881
17993  0.130  -44.976  -15.640 0.4000000060
18749  0.402  -44.723  -14.901 0.4000000060
18733  0.433  -44.498  -13.336 0.4000000060
18002  0.084  -45.755  -16.774 0.5000000000
110993  -0.084  -45.368  -16.175 0.4000000060
14778  1.704  -49.307  -18.627 0.5000000000
14764  1.399  -49.821  -16.770 0.5000000000
15586  2.038  -49.075  -19.522 0.5000000000
14040  1.954  -50.452  -16.157 0.6999999881
13271  7.966  -51.513  -13.656 0.6000000238
108512  7.511  -53.383  -15.856 0.8000000119
109725  8.702  -53.343  -17.914 0.6000000238
11808  8.200  -53.354  -17.349 0.6000000238
12561  8.764  -52.890  -16.117 0.6999999881
12562  8.204  -53.126  -15.775 0.6999999881
11809  7.358  -53.389  -17.277 0.6999999881
18709  1.012  -44.069  -11.558 0.3000000119
17992  0.658  -45.177  -16.385 0.4000000060
18758  0.979  -44.785  -15.571 0.3000000119
18748  1.320  -44.645  -14.775 0.4000000060
110761  0.795  -44.544  -14.124 0.4000000060
18732  1.380  -44.473  -13.357 0.4000000060
18724  1.110  -44.344  -12.522 0.5000000000
18016  0.407  -46.245  -17.442 0.4000000060
19545  1.636  -44.026  -11.975 0.3000000119
119645  -0.155  -47.206  -17.486 0.4000000060
14777  2.570  -49.318  -18.753 0.5000000000
16410  0.638  -47.506  -18.574 0.4000000060
14769  3.483  -49.225  -18.147 0.6000000238
17191  0.843  -46.673  -18.243 0.4000000060
110307  3.180  -48.988  -19.421 0.4000000060
15587  1.201  -48.722  -19.231 0.5000000000
11774  7.939  -53.154  -14.986 0.6999999881
11789  8.070  -53.310  -16.551 0.6999999881
18725  0.249  -44.447  -12.437 0.4000000060
18723  2.133  -44.288  -12.620 0.4000000060
19544  2.240  -43.588  -12.025 0.3000000119
123211  0.708  -45.662  -17.058 0.3000000119
16409  1.087  -47.949  -19.449 0.4000000060
16430  2.459  -48.052  -20.601 0.4000000060
118803  1.686  -48.401  -20.043 0.4000000060
108627  1.870  -44.782  -15.335 0.3000000119
18747  2.415  -44.788  -14.544 0.3000000119
18731  2.353  -44.610  -13.543 0.4000000060
18722  3.281  -44.345  -13.094 0.3000000119
112921  2.914  -43.788  -12.486 0.3000000119
18766  1.819  -44.958  -16.202 0.3000000119
18015  1.143  -45.891  -17.731 0.3000000119
17223  1.821  -47.432  -20.232 0.3000000119
17213  1.255  -47.093  -19.219 0.3000000119
16444  2.714  -47.217  -20.944 0.3000000119
122549  3.209  -44.778  -13.870 0.3000000119
19543  4.012  -43.464  -12.703 0.3000000119
18746  3.620  -44.738  -14.781 0.3000000119
125723  4.080  -44.114  -13.199 0.3000000119
18037  2.153  -45.534  -19.017 0.3000000119
121364  2.334  -45.649  -19.648 0.3000000119
110098  2.403  -46.680  -20.588 0.3000000119
19537  1.617  -43.318  -11.554 0.3000000119
17983  2.709  -44.860  -15.501 0.3000000119
18756  4.203  -44.171  -15.459 0.3000000119
18813  2.715  -44.935  -19.559 0.3000000119
7263  11.420  -60.974  -18.201 0.6000000238
7271  11.351  -60.938  -18.916 0.6999999881
6716  11.266  -61.693  -20.082 0.6999999881
6717  10.836  -61.122  -21.324 0.6999999881
121086  0.311  -48.640  -17.922 0.4000000060
14771  1.516  -49.562  -17.688 0.6000000238
110908  3.048  -42.999  -12.148 0.3000000119
3095  14.434  -68.344  -21.088 0.6999999881
4605  11.779  -66.231  -17.947 0.6999999881
2611  16.709  -69.425  -19.466 0.8000000119
3536  17.169  -67.536  -18.411 0.6000000238
5083  11.287  -64.636  -14.108 0.6999999881
2644  17.716  -70.332  -23.655 0.8000000119
106389  18.099  -72.410  -25.543 0.8000000119
8506  7.001  -58.813  -25.838 0.6999999881
7264  11.112  -60.283  -18.458 0.5000000000
7293  10.185  -60.459  -21.719 0.6000000238
9142  6.204  -56.818  -27.597 0.6000000238
8467  9.128  -58.130  -22.438 0.6999999881
6107  11.397  -62.514  -13.501 0.8000000119
7771  11.742  -59.679  -13.797 0.5000000000
7786  11.428  -59.510  -14.836 0.6000000238
9029  10.246  -57.094  -18.247 0.6000000238
12584  4.371  -53.170  -18.576 0.8000000119
112441  16.927  -75.249  -16.568 0.4000000060
110819  17.518  -74.537  -16.550 0.4000000060
470  18.174  -76.286  -17.597 0.3000000119
463  17.070  -76.306  -16.851 0.4000000060
640  16.352  -75.726  -16.558 0.4000000060
874  16.635  -74.341  -16.465 0.4000000060
107516  20.547  -74.234  -18.678 0.4000000060
117456  19.900  -74.933  -17.498 0.5000000000
894  19.978  -74.863  -19.277 0.3000000119
116839  19.564  -75.341  -17.898 0.4000000060
638  18.851  -75.341  -17.018 0.4000000060
116221  19.475  -75.533  -18.757 0.3000000119
648  18.544  -75.784  -17.265 0.3000000119
639  17.996  -75.544  -16.819 0.3000000119
474  18.410  -76.371  -18.542 0.3000000119
893  20.063  -74.240  -19.773 0.4000000060
1146  19.951  -73.755  -20.392 0.4000000060
1143  20.439  -73.661  -19.296 0.5000000000
899  19.844  -74.208  -20.791 0.3000000119
661  19.484  -75.371  -19.863 0.3000000119
117635  18.362  -76.170  -20.167 0.4000000060
662  18.920  -75.730  -20.477 0.3000000119
669  17.219  -75.734  -21.644 0.4000000060
486  17.239  -76.160  -20.987 0.4000000060
675  16.369  -75.621  -22.048 0.4000000060
1427  19.885  -73.241  -21.150 0.4000000060
116899  20.147  -72.443  -21.872 0.4000000060
1149  19.885  -73.775  -21.487 0.4000000060
110336  20.143  -73.197  -22.242 0.4000000060
1786  20.933  -71.629  -23.639 0.5000000000
903  19.781  -74.225  -21.634 0.4000000060
1154  20.259  -73.230  -23.206 0.4000000060
663  18.050  -75.860  -20.998 0.4000000060
673  18.049  -75.415  -21.966 0.5000000000
907  19.500  -74.361  -22.462 0.4000000060
909  18.004  -74.984  -22.980 0.4000000060
915  15.768  -74.451  -22.899 0.6000000238
681  16.228  -74.976  -22.667 0.4000000060
1785  21.179  -71.136  -24.512 0.6000000238
1793  20.972  -71.665  -25.062 0.6000000238
1161  20.220  -73.105  -24.301 0.6000000238
1441  20.655  -72.389  -24.733 0.6000000238
1162  19.394  -73.547  -24.847 0.6000000238
1442  19.927  -72.910  -25.266 0.6999999881
912  18.420  -74.486  -23.731 0.5000000000
1155  18.859  -74.098  -24.371 0.6000000238
1169  18.425  -72.748  -25.685 0.6999999881
2190  20.596  -70.398  -26.277 0.6999999881
1808  19.366  -71.047  -26.701 0.6999999881
1799  20.654  -71.377  -25.801 0.6000000238
1800  19.925  -71.721  -26.288 0.6999999881
2199  18.348  -70.411  -26.582 0.6999999881
2659  17.983  -69.985  -25.984 0.6999999881
1448  19.443  -72.461  -26.001 0.6999999881
1809  18.524  -70.953  -26.478 0.6999999881
1450  18.463  -72.090  -25.938 0.6999999881
2679  18.722  -69.455  -27.556 0.5000000000
2680  18.226  -69.220  -27.519 0.6000000238
106818  18.749  -70.750  -26.754 0.6999999881
2669  18.126  -69.714  -26.975 0.6000000238
114280  17.712  -69.435  -25.195 0.6999999881
3123  17.493  -68.564  -24.921 0.6999999881
1801  18.717  -71.522  -26.385 0.6999999881
112174  17.596  -68.525  -23.680 0.6000000238
3134  17.644  -69.151  -26.104 0.6000000238
3619  17.248  -68.180  -26.163 0.6000000238
3611  17.426  -67.722  -24.182 0.6000000238
108662  17.255  -67.734  -25.083 0.6000000238
4069  17.645  -66.274  -19.563 0.5000000000
4055  12.132  -66.342  -18.830 0.6000000238
4072  12.338  -66.375  -19.744 0.6000000238
3599  17.527  -67.731  -23.231 0.6000000238
109884  17.497  -67.077  -22.885 0.6000000238
4094  17.563  -66.568  -21.339 0.5000000000
4083  17.597  -66.435  -20.456 0.5000000000
4590  10.527  -66.134  -16.890 0.6000000238
4589  11.365  -66.045  -17.114 0.6000000238
4056  11.233  -66.595  -18.540 0.6000000238
4116  17.182  -67.006  -24.634 0.6000000238
4103  17.526  -66.777  -22.202 0.5000000000
3576  17.577  -67.320  -21.525 0.5000000000
5102  8.095  -64.555  -15.138 0.6000000238
5101  8.934  -64.513  -14.759 0.6000000238
4560  9.482  -65.389  -15.223 0.6000000238
4576  9.056  -65.845  -15.998 0.6000000238
4575  10.055  -65.825  -16.068 0.6000000238
5100  9.919  -64.902  -14.586 0.6000000238
4559  10.466  -65.497  -15.336 0.6000000238
5115  16.687  -64.742  -15.909 0.6000000238
4111  17.373  -66.978  -23.673 0.6000000238
110900  8.295  -63.714  -15.160 0.6000000238
6133  9.464  -62.743  -15.558 0.6000000238
5085  9.602  -64.024  -14.281 0.6000000238
6132  10.209  -62.523  -14.908 0.6000000238
5641  9.612  -63.188  -14.533 0.6000000238
6131  10.804  -62.126  -14.851 0.5000000000
5630  10.242  -63.445  -14.012 0.6000000238
6120  10.691  -62.604  -14.100 0.5000000000
5103  7.388  -64.719  -15.378 0.6999999881
5653  7.337  -63.613  -16.088 0.6000000238
116265  8.690  -63.126  -15.559 0.6000000238
6140  10.411  -62.406  -16.302 0.6000000238
5166  9.153  -64.093  -21.040 0.6000000238
5652  7.999  -63.204  -16.037 0.6000000238
5651  8.882  -62.861  -16.440 0.6000000238
6148  10.624  -62.521  -17.558 0.5000000000
5675  9.394  -63.162  -18.458 0.6000000238
5687  10.392  -63.119  -19.234 0.6000000238
5697  9.665  -63.758  -20.339 0.6000000238
5707  10.019  -63.952  -21.194 0.6000000238
5676  8.462  -63.076  -18.099 0.6000000238
118757  11.173  -62.158  -17.715 0.6000000238
5674  10.070  -63.132  -18.734 0.6000000238
6163  10.602  -62.760  -18.605 0.5000000000
6170  10.883  -62.777  -19.441 0.6000000238
117043  10.396  -63.554  -20.759 0.5000000000
5706  10.698  -63.427  -21.487 0.5000000000
6711  11.347  -61.659  -19.289 0.6000000238
125640  11.206  -62.243  -19.604 0.6000000238
5695  10.829  -63.135  -20.752 0.6000000238
6181  11.017  -62.700  -22.073 0.6000000238
6194  10.944  -62.741  -22.986 0.6999999881
6216  10.634  -63.404  -24.431 0.6999999881
6227  10.547  -63.166  -25.351 0.6999999881
113946  10.412  -62.891  -26.250 0.6999999881
6725  11.137  -61.810  -20.878 0.6000000238
6726  11.004  -61.890  -21.678 0.6999999881
119291  10.551  -61.894  -24.222 0.6999999881
6209  10.857  -62.725  -23.887 0.6999999881
6779  10.415  -62.238  -25.611 0.6999999881
6798  10.201  -62.257  -26.480 0.6000000238
7320  10.302  -61.289  -23.048 0.6000000238
4617  17.694  -65.432  -19.350 0.5000000000
122435  17.628  -66.171  -18.681 0.5000000000
5672  17.507  -63.592  -18.731 0.5000000000
5157  17.688  -64.542  -19.079 0.5000000000
5143  17.721  -64.493  -18.094 0.6000000238
6161  16.692  -62.302  -18.531 0.6000000238
6160  17.261  -62.917  -18.089 0.6000000238
5657  17.581  -63.723  -17.633 0.6000000238
5648  17.449  -63.855  -16.673 0.6000000238
5649  17.061  -64.068  -15.880 0.6000000238
6146  16.806  -62.285  -17.653 0.5000000000
113617  16.872  -62.277  -16.742 0.6000000238
5640  16.071  -63.898  -14.750 0.6000000238
6673  16.180  -61.244  -14.993 0.6000000238
6660  16.100  -61.676  -14.207 0.5000000000
6118  16.231  -62.525  -14.403 0.6000000238
5614  15.670  -63.301  -14.075 0.6000000238
7231  15.843  -60.758  -14.257 0.5000000000
6119  15.699  -62.364  -13.649 0.6000000238
7206  12.608  -60.711  -12.646 0.5000000000
7205  13.364  -60.270  -12.402 0.5000000000
6105  13.519  -62.663  -12.647 0.6000000238
6104  14.424  -62.482  -12.723 0.6000000238
1163  18.400  -73.579  -25.111 0.6999999881
114485  17.609  -65.212  -17.653 0.5000000000
126781  11.131  -62.327  -18.923 0.6000000238
6750  10.721  -61.909  -23.422 0.6999999881
4583  17.287  -65.416  -16.998 0.6000000238
120632  15.013  -62.952  -13.288 0.6000000238
6630  13.231  -61.211  -12.409 0.6000000238
471  17.508  -76.620  -17.372 0.3000000119
653  18.958  -75.862  -17.909 0.3000000119
647  19.224  -75.359  -17.385 0.4000000060
657  18.878  -76.020  -19.438 0.3000000119
667  19.430  -75.137  -20.799 0.4000000060
668  18.865  -75.377  -21.378 0.4000000060
1429  20.522  -72.464  -22.963 0.4000000060
906  19.969  -73.766  -22.354 0.3000000119
1435  20.697  -72.435  -23.839 0.6000000238
123616  19.705  -73.735  -23.878 0.5000000000
118149  18.855  -74.651  -22.988 0.5000000000
1447  20.384  -72.172  -25.598 0.6000000238
2198  18.562  -70.254  -26.937 0.6999999881
5650  9.839  -62.733  -16.923 0.6000000238
6244  10.188  -62.664  -27.074 0.6000000238
6137  17.314  -62.994  -17.118 0.6000000238
6681  15.777  -61.057  -16.809 0.5000000000
6138  17.158  -63.058  -16.066 0.6000000238
6130  16.680  -62.602  -15.223 0.6000000238
123789  16.409  -61.657  -16.375 0.5000000000
6672  16.483  -61.761  -15.548 0.6000000238
7239  15.678  -60.469  -15.271 0.5000000000
6642  15.530  -61.366  -13.322 0.5000000000
6629  14.101  -60.965  -12.343 0.5000000000
1342  14.746  -71.100  -6.912 0.4000000060
113649  15.488  -71.984  -6.900 0.4000000060
1060  14.550  -72.010  -7.494 0.5000000000
1335  12.665  -71.792  -6.235 0.5000000000
1053  12.461  -73.038  -5.623 0.5000000000
1054  11.597  -73.671  -5.876 0.5000000000
1343  13.303  -71.198  -6.742 0.5000000000
1334  13.485  -71.371  -5.898 0.5000000000
805  16.200  -73.563  -6.507 0.4000000060
797  17.007  -74.372  -6.247 0.4000000060
1407  14.488  -72.433  -15.176 0.3000000119
119494  14.003  -72.034  -14.219 0.3000000119
1120  14.291  -73.227  -15.620 0.3000000119
1130  15.004  -73.914  -16.191 0.3000000119
1327  13.875  -71.814  -5.165 0.4000000060
1052  13.250  -72.439  -5.387 0.5000000000
798  13.408  -73.986  -5.027 0.5000000000
1333  14.243  -71.061  -5.534 0.4000000060
1636  14.694  -70.781  -6.121 0.4000000060
1340  16.253  -71.984  -6.156 0.3000000119
122825  16.088  -71.099  -5.721 0.3000000119
576  16.898  -75.226  -7.436 0.4000000060
1051  17.122  -73.360  -5.663 0.3000000119
796  17.691  -74.220  -6.059 0.4000000060
111099  16.517  -74.804  -6.827 0.5000000000
795  18.206  -73.833  -5.928 0.3000000119
1401  14.794  -71.678  -14.671 0.3000000119
1395  13.943  -71.950  -13.361 0.3000000119
1119  15.119  -72.970  -15.967 0.3000000119
1414  16.022  -72.754  -16.093 0.3000000119
114967  15.915  -73.683  -16.330 0.3000000119
1326  14.716  -71.701  -4.539 0.3000000119
1045  13.970  -72.909  -4.702 0.4000000060
1627  14.959  -70.853  -5.257 0.3000000119
1050  17.970  -73.529  -5.408 0.3000000119
811  18.534  -74.370  -7.441 0.4000000060
812  18.131  -74.813  -7.338 0.4000000060
804  18.103  -74.396  -6.682 0.4000000060
1049  18.557  -73.145  -5.645 0.3000000119
121089  16.309  -69.936  -13.859 0.4000000060
2079  15.752  -70.409  -13.615 0.4000000060
2064  15.739  -70.561  -13.073 0.4000000060
1670  15.580  -71.188  -12.731 0.4000000060
1380  16.065  -72.009  -12.544 0.4000000060
1394  16.723  -72.944  -12.857 0.5000000000
1702  16.283  -71.277  -15.384 0.3000000119
1703  15.563  -71.435  -15.091 0.3000000119
1405  16.107  -71.946  -15.730 0.3000000119
1129  16.958  -73.485  -16.404 0.3000000119
873  18.628  -74.671  -16.721 0.3000000119
1325  15.603  -71.654  -3.731 0.3000000119
108968  18.690  -73.383  -7.238 0.3000000119
1066  18.974  -73.876  -7.741 0.3000000119
825  18.828  -74.776  -8.571 0.4000000060
1048  18.954  -72.437  -5.019 0.3000000119
1057  18.593  -73.183  -6.282 0.3000000119
114298  18.850  -72.657  -5.566 0.3000000119
847  19.356  -75.032  -12.845 0.5000000000
616  18.934  -75.477  -12.362 0.5000000000
3010  19.219  -68.534  -13.872 0.3000000119
3011  18.297  -68.659  -13.823 0.3000000119
2553  18.061  -68.782  -14.430 0.3000000119
2541  16.951  -69.479  -13.685 0.3000000119
2078  16.298  -70.090  -13.300 0.4000000060
1378  18.048  -71.991  -12.786 0.5000000000
1104  18.420  -73.972  -13.363 0.5000000000
2554  17.412  -69.182  -14.257 0.3000000119
2063  16.315  -70.602  -12.818 0.4000000060
1668  17.251  -70.985  -12.631 0.4000000060
1379  17.048  -72.028  -12.650 0.5000000000
1393  17.747  -72.979  -13.050 0.5000000000
122419  16.732  -71.713  -15.828 0.3000000119
1413  16.848  -72.414  -16.160 0.3000000119
123682  17.915  -72.888  -16.403 0.3000000119
1128  17.964  -73.870  -16.504 0.3000000119
1127  18.821  -73.739  -16.571 0.4000000060
1065  19.440  -73.217  -7.909 0.3000000119
823  20.124  -73.989  -8.704 0.4000000060
1330  19.173  -72.114  -5.064 0.3000000119
1338  18.753  -72.553  -6.313 0.3000000119
122673  18.637  -72.864  -6.923 0.3000000119
835  19.342  -74.754  -9.527 0.4000000060
127969  19.015  -72.234  -5.663 0.3000000119
612  19.254  -75.328  -11.324 0.4000000060
842  20.564  -74.480  -11.806 0.4000000060
843  19.992  -74.891  -11.282 0.5000000000
2551  21.935  -69.005  -14.447 0.3000000119
853  19.721  -74.445  -13.109 0.5000000000
846  20.075  -74.595  -12.651 0.5000000000
2539  18.760  -69.269  -13.426 0.3000000119
1102  20.203  -73.901  -13.219 0.4000000060
1094  20.724  -73.937  -13.040 0.5000000000
2565  19.350  -68.224  -15.061 0.3000000119
2076  18.503  -70.119  -13.012 0.4000000060
1391  19.960  -73.034  -13.376 0.5000000000
1103  19.391  -73.925  -13.346 0.5000000000
2567  17.755  -69.400  -15.005 0.3000000119
2077  16.974  -69.993  -12.960 0.4000000060
126014  17.753  -70.261  -12.861 0.5000000000
1700  17.728  -71.025  -15.891 0.3000000119
122485  18.022  -71.519  -16.158 0.4000000060
1714  19.403  -71.953  -16.519 0.3000000119
1412  19.049  -72.869  -16.488 0.4000000060
1795  13.800  -71.465  -25.296 0.5000000000
637  19.467  -74.929  -17.024 0.3000000119
2479  19.448  -70.070  -4.534 0.3000000119
1640  18.685  -71.564  -6.324 0.3000000119
1074  20.729  -73.304  -8.635 0.3000000119
1633  19.206  -71.599  -5.287 0.3000000119
1073  21.420  -73.116  -9.145 0.3000000119
1089  21.182  -74.061  -11.101 0.5000000000
1088  21.403  -73.854  -11.962 0.4000000060
108153  21.791  -73.524  -10.978 0.3000000119
116400  22.799  -69.316  -14.806 0.3000000119
122211  21.860  -73.371  -12.440 0.5000000000
3009  20.139  -68.523  -14.036 0.3000000119
1390  20.821  -72.709  -13.411 0.4000000060
1377  21.576  -73.257  -13.022 0.4000000060
2075  19.250  -70.056  -13.194 0.4000000060
124121  20.006  -70.600  -13.280 0.4000000060
119808  20.181  -71.817  -13.265 0.4000000060
2566  18.722  -68.801  -15.250 0.3000000119
2582  18.823  -69.691  -15.855 0.3000000119
1680  19.216  -70.927  -13.047 0.4000000060
1392  19.082  -71.962  -13.047 0.5000000000
112977  19.266  -71.037  -16.401 0.3000000119
108681  20.092  -71.301  -16.605 0.4000000060
1411  19.956  -72.859  -16.629 0.4000000060
2175  14.094  -70.913  -23.490 0.5000000000
1126  19.820  -73.657  -16.746 0.4000000060
1410  20.580  -73.317  -16.933 0.5000000000
1444  13.735  -72.188  -24.221 0.5000000000
2027  18.866  -70.542  -5.518 0.3000000119
4040  9.160  -66.343  -16.981 0.5000000000
1083  22.463  -72.786  -10.943 0.3000000119
1368  22.428  -72.284  -9.992 0.3000000119
4057  10.288  -66.698  -18.369 0.5000000000
4027  8.271  -66.267  -16.319 0.6000000238
2563  24.213  -69.673  -15.669 0.3000000119
2564  22.807  -68.682  -15.502 0.3000000119
2537  21.421  -69.649  -13.930 0.3000000119
2092  22.512  -70.242  -14.174 0.3000000119
1376  22.204  -72.954  -12.801 0.4000000060
1092  22.494  -72.966  -12.011 0.4000000060
4097  12.960  -66.446  -21.366 0.5000000000
4579  5.552  -65.805  -16.134 0.5000000000
2074  20.733  -70.145  -13.554 0.3000000119
1679  20.944  -71.237  -13.473 0.3000000119
107485  21.138  -72.138  -13.465 0.3000000119
1388  22.544  -72.400  -13.166 0.3000000119
4096  13.709  -66.691  -21.242 0.5000000000
2581  19.537  -69.158  -15.960 0.3000000119
2117  19.606  -70.249  -16.374 0.3000000119
3103  14.340  -68.864  -21.874 0.5000000000
115632  14.153  -69.878  -23.215 0.5000000000
121793  20.538  -70.631  -16.712 0.4000000060
1712  21.108  -71.482  -17.015 0.4000000060
1728  21.485  -72.259  -17.419 0.5000000000
1417  21.633  -72.637  -17.872 0.4000000060
1418  21.209  -72.990  -17.349 0.3000000119
121604  20.432  -73.847  -17.052 0.4000000060
1438  14.132  -72.935  -23.464 0.6000000238
2618  20.019  -70.265  -20.038 0.3000000119
2149  19.914  -71.354  -19.964 0.4000000060
1425  20.875  -72.980  -18.933 0.4000000060
110899  21.021  -73.901  -18.016 0.3000000119
1439  13.582  -72.915  -24.220 0.5000000000
107475  20.133  -69.289  -20.440 0.3000000119
2156  19.873  -70.892  -20.924 0.5000000000
1768  19.824  -71.851  -20.812 0.4000000060
122356  20.074  -73.061  -19.868 0.4000000060
1158  14.389  -73.829  -23.194 0.6000000238
2626  20.287  -69.099  -21.481 0.3000000119
117720  20.046  -69.944  -21.126 0.5000000000
124206  19.859  -72.607  -20.686 0.4000000060
122506  20.425  -69.725  -22.095 0.4000000060
2165  20.331  -70.524  -22.056 0.5000000000
109451  20.217  -71.472  -21.942 0.4000000060
1776  20.782  -71.049  -22.960 0.5000000000
4577  8.009  -65.692  -15.582 0.6000000238
4562  7.131  -65.548  -15.351 0.6000000238
2562  25.393  -69.639  -16.082 0.3000000119
2106  24.242  -70.228  -15.115 0.3000000119
2090  24.634  -70.564  -14.555 0.3000000119
4563  6.446  -65.653  -15.461 0.6000000238
3035  23.610  -68.843  -16.082 0.3000000119
1688  23.374  -71.193  -13.920 0.3000000119
1676  23.799  -71.575  -13.368 0.3000000119
5121  5.798  -64.877  -16.704 0.6000000238
3044  24.774  -68.871  -17.771 0.3000000119
2072  22.544  -71.232  -13.778 0.3000000119
1677  22.986  -71.811  -13.502 0.3000000119
4606  5.838  -64.659  -18.912 0.6000000238
2580  20.536  -69.580  -16.537 0.3000000119
5169  6.564  -64.295  -20.468 0.6000000238
4627  5.921  -64.708  -20.095 0.6000000238
4631  5.990  -64.752  -20.973 0.6000000238
126326  6.434  -64.835  -22.582 0.5000000000
1735  21.742  -72.034  -18.294 0.4000000060
2143  20.671  -71.878  -19.317 0.4000000060
2635  20.698  -69.078  -22.600 0.4000000060
2634  20.888  -70.026  -23.104 0.5000000000
110708  25.868  -69.511  -16.042 0.3000000119
2561  26.204  -69.341  -15.509 0.3000000119
2105  24.928  -70.122  -15.408 0.3000000119
2089  25.339  -70.267  -14.649 0.3000000119
2071  24.274  -71.100  -13.921 0.3000000119
110072  24.441  -71.073  -13.098 0.3000000119
4561  8.562  -65.227  -15.228 0.5000000000
2576  25.760  -69.275  -16.715 0.3000000119
3045  24.182  -68.810  -16.928 0.3000000119
5130  6.841  -63.737  -16.556 0.5000000000
5120  6.373  -64.439  -16.215 0.6000000238
2592  25.512  -69.033  -17.452 0.3000000119
5131  6.341  -63.994  -17.330 0.6000000238
3054  25.358  -68.619  -18.434 0.3000000119
5145  6.342  -64.050  -18.504 0.6000000238
2133  22.128  -70.993  -18.561 0.3000000119
1727  21.865  -71.542  -17.755 0.3000000119
113387  6.771  -64.402  -21.322 0.6000000238
4641  6.869  -64.884  -23.583 0.6000000238
5144  6.925  -63.462  -18.129 0.6000000238
5690  7.732  -63.265  -18.642 0.5000000000
5689  7.958  -63.512  -19.641 0.6000000238
5168  7.328  -64.061  -20.805 0.6000000238
5178  7.647  -64.290  -21.550 0.6000000238
5187  6.961  -64.698  -23.007 0.6000000238
105771  7.966  -64.676  -24.123 0.6000000238
108957  7.744  -64.562  -22.849 0.6000000238
5208  8.058  -64.845  -24.877 0.5000000000
5677  7.596  -63.175  -17.707 0.5000000000
110755  8.704  -63.363  -18.988 0.5000000000
5167  8.194  -64.036  -20.997 0.5000000000
5195  8.509  -64.579  -23.500 0.6000000238
5245  9.021  -64.763  -27.834 0.5000000000
5792  9.799  -62.946  -28.018 0.6000000238
5781  9.778  -63.508  -27.864 0.6000000238
5794  8.837  -64.070  -28.416 0.5000000000
5799  8.928  -63.346  -28.409 0.6000000238
5800  8.407  -63.974  -28.696 0.6000000238
5698  8.619  -63.800  -20.366 0.5000000000
106120  9.539  -64.434  -23.888 0.5000000000
5206  9.720  -64.382  -24.724 0.5000000000
5207  8.799  -64.612  -24.390 0.6000000238
5744  10.283  -63.884  -25.049 0.6000000238
121858  9.802  -64.279  -25.620 0.5000000000
5234  9.128  -64.701  -26.901 0.5000000000
5757  10.208  -63.643  -26.136 0.6000000238
6780  10.057  -61.557  -25.306 0.6000000238
5780  10.133  -63.075  -27.608 0.6000000238
6271  8.061  -62.488  -28.801 0.5000000000
8409  4.643  -58.568  -18.855 0.5000000000
5688  9.705  -63.408  -19.352 0.5000000000
5185  9.497  -64.364  -22.302 0.5000000000
124664  10.128  -64.234  -23.478 0.6000000238
9014  3.932  -58.048  -17.261 0.5000000000
9015  3.184  -57.681  -17.114 0.6000000238
9031  4.205  -58.358  -18.002 0.6000000238
9050  5.325  -57.754  -19.218 0.6000000238
8410  3.552  -58.603  -18.652 0.5000000000
8444  5.250  -58.507  -20.226 0.5000000000
8458  5.265  -58.863  -20.982 0.5000000000
6819  6.514  -61.627  -29.026 0.5000000000
6272  7.074  -62.495  -29.045 0.5000000000
11071  5.514  -54.417  -15.933 0.6000000238
11062  5.882  -54.629  -15.039 0.6999999881
11072  5.311  -55.115  -16.287 0.6000000238
10361  5.573  -55.391  -14.572 0.6999999881
9658  4.678  -56.600  -14.973 0.6000000238
9659  3.920  -57.018  -15.028 0.6000000238
106788  5.309  -55.930  -16.600 0.6000000238
10375  5.169  -56.278  -15.741 0.6000000238
11792  5.154  -54.206  -16.788 0.6000000238
11082  5.044  -54.906  -17.249 0.6000000238
9673  5.110  -57.022  -16.473 0.6000000238
113871  4.555  -57.134  -15.662 0.5000000000
9675  2.907  -57.288  -16.571 0.6000000238
107370  4.476  -54.353  -17.890 0.6000000238
10385  5.277  -56.246  -17.402 0.6000000238
9001  4.585  -57.677  -16.846 0.5000000000
9002  3.763  -57.698  -16.599 0.6000000238
10395  5.227  -56.010  -18.430 0.6000000238
9705  5.251  -57.116  -17.935 0.6000000238
10406  4.940  -55.749  -19.485 0.6000000238
117308  5.380  -56.912  -18.855 0.6000000238
9714  5.344  -56.811  -19.791 0.6000000238
9071  5.405  -57.745  -21.096 0.5000000000
8468  5.165  -59.082  -22.539 0.5000000000
109327  4.875  -57.993  -22.917 0.5000000000
8479  4.837  -58.892  -23.406 0.5000000000
7890  4.464  -59.591  -24.758 0.5000000000
9648  5.056  -56.092  -14.207 0.6000000238
109576  5.180  -55.841  -13.420 0.6999999881
109509  4.620  -55.109  -18.808 0.5000000000
107108  4.965  -56.091  -20.322 0.6000000238
9735  4.961  -56.753  -21.523 0.6000000238
108670  5.289  -58.399  -21.899 0.5000000000
125262  4.555  -56.670  -22.192 0.6000000238
9090  4.146  -57.268  -23.681 0.5000000000
9750  3.609  -56.429  -23.533 0.6000000238
9102  3.990  -57.597  -24.566 0.6000000238
13282  8.653  -51.251  -14.498 0.4000000060
11735  6.542  -53.493  -12.177 0.6999999881
11737  5.173  -53.587  -11.380 0.5000000000
11020  4.837  -54.916  -10.966 0.5000000000
12546  8.558  -52.658  -15.390 0.6000000238
12532  8.435  -52.321  -14.579 0.5000000000
11019  5.426  -54.642  -11.411 0.6000000238
10303  4.584  -55.751  -11.739 0.5000000000
12545  9.208  -52.219  -15.706 0.5000000000
11747  7.001  -53.373  -12.627 0.6000000238
11030  6.108  -54.865  -12.154 0.8000000119
11050  6.202  -54.775  -14.050 0.6999999881
10323  5.695  -55.484  -12.801 0.8000000119
10324  4.791  -55.934  -12.732 0.6999999881
120316  4.249  -56.114  -21.847 0.6000000238
9743  3.908  -56.228  -22.647 0.6000000238
11738  4.246  -53.201  -11.344 0.5000000000
14012  7.869  -50.308  -13.914 0.5000000000
12507  5.500  -52.468  -12.252 0.6999999881
11719  4.627  -54.146  -10.825 0.5000000000
13296  9.681  -51.607  -15.639 0.4000000060
13297  9.178  -51.498  -15.187 0.4000000060
109781  9.354  -52.592  -16.401 0.4000000060
111719  9.766  -52.573  -17.032 0.5000000000
11827  9.235  -53.270  -18.654 0.4000000060
121023  3.971  -52.464  -12.495 0.5000000000
12502  3.494  -52.849  -11.300 0.5000000000
14027  8.361  -49.925  -14.406 0.3000000119
12508  4.615  -52.773  -12.015 0.6000000238
12559  10.382  -52.116  -17.031 0.4000000060
106423  10.328  -52.466  -17.761 0.4000000060
11844  8.812  -53.381  -19.409 0.4000000060
13275  3.567  -51.931  -13.545 0.6000000238
13274  4.435  -51.606  -13.493 0.6000000238
12581  10.075  -52.796  -18.611 0.4000000060
12523  3.485  -52.253  -12.867 0.5000000000
12509  3.627  -52.575  -12.091 0.5000000000
14745  8.366  -49.330  -14.635 0.3000000119
14734  7.243  -49.419  -14.530 0.3000000119
14735  6.233  -49.374  -14.697 0.3000000119
127676  10.452  -52.532  -19.306 0.3000000119
11857  9.109  -53.329  -20.098 0.4000000060
12602  10.329  -52.448  -20.136 0.4000000060
14747  6.593  -48.947  -15.309 0.4000000060
13285  2.907  -51.678  -14.175 0.6000000238
12524  2.985  -52.219  -12.581 0.4000000060
112884  5.744  -49.074  -15.524 0.4000000060
15551  8.142  -48.675  -14.858 0.3000000119
125521  7.377  -48.424  -15.274 0.3000000119
126309  2.337  -51.548  -13.982 0.5000000000
14748  4.835  -49.327  -15.720 0.4000000060
14749  3.740  -49.708  -16.185 0.4000000060
14762  3.176  -49.669  -17.156 0.5000000000
105612  4.613  -49.158  -16.494 0.4000000060
14761  4.095  -49.223  -17.157 0.4000000060
17211  5.210  -46.718  -19.549 0.3000000119
16427  4.710  -47.425  -20.080 0.3000000119
16408  4.525  -48.078  -19.323 0.3000000119
15606  3.276  -48.444  -20.304 0.3000000119
16429  3.342  -47.772  -20.961 0.3000000119
127725  -0.781  -45.001  -13.903 0.4000000060
17222  4.818  -46.541  -20.871 0.3000000119
1665  23.888  -71.543  -12.608 0.3000000119
127962  21.832  -72.200  -17.857 0.4000000060
14768  4.419  -48.833  -17.859 0.3000000119
10449  3.032  -55.562  -23.359 0.6000000238
18726  -0.522  -44.707  -12.290 0.4000000060
12570  8.974  -53.131  -16.997 0.5000000000
110046  4.174  -48.670  -18.766 0.3000000119
109198  21.034  -73.495  -18.487 0.3000000119
1747  20.582  -72.525  -19.307 0.4000000060
5177  8.670  -64.336  -21.753 0.5000000000
1341  15.500  -71.069  -6.307 0.4000000060
1646  13.592  -71.138  -7.148 0.5000000000
1691  14.516  -71.441  -13.746 0.4000000060
1635  15.523  -70.847  -5.486 0.4000000060
813  17.450  -74.824  -6.812 0.4000000060
586  17.301  -75.315  -8.186 0.4000000060
1689  15.899  -70.885  -14.806 0.4000000060
1682  14.476  -71.532  -13.133 0.4000000060
1381  15.092  -71.956  -12.572 0.4000000060
1044  14.642  -73.323  -4.108 0.3000000119
117441  18.657  -72.672  -4.922 0.3000000119
1058  18.448  -73.833  -6.673 0.3000000119
116055  18.598  -74.716  -7.836 0.4000000060
826  18.153  -75.132  -7.941 0.4000000060
2109  16.501  -70.574  -15.016 0.3000000119
2108  17.282  -70.314  -15.325 0.4000000060
824  19.227  -74.280  -8.195 0.4000000060
120752  19.083  -75.110  -10.337 0.4000000060
117985  18.793  -73.003  -13.229 0.5000000000
2651  13.993  -69.875  -24.302 0.5000000000
1716  17.497  -71.808  -16.106 0.4000000060
1080  20.800  -73.798  -9.207 0.4000000060
834  20.160  -74.385  -9.518 0.4000000060
845  20.746  -74.156  -12.600 0.5000000000
123557  20.616  -69.239  -13.782 0.3000000119
127701  19.600  -68.498  -15.508 0.3000000119
2107  18.150  -70.210  -15.733 0.3000000119
2118  18.846  -70.482  -16.142 0.3000000119
121712  13.866  -71.433  -24.181 0.6000000238
1085  21.253  -73.751  -10.073 0.3000000119
127770  20.710  -74.113  -9.798 0.4000000060
1389  21.623  -72.734  -13.279 0.3000000119
1713  20.640  -72.352  -16.821 0.4000000060
114168  22.888  -71.866  -10.465 0.3000000119
112261  22.883  -72.523  -12.430 0.3000000119
110770  20.714  -71.021  -19.397 0.4000000060
1746  21.279  -72.313  -18.792 0.4000000060
1422  21.403  -72.786  -18.348 0.4000000060
116833  20.353  -67.817  -20.147 0.3000000119
2535  25.534  -69.912  -14.048 0.3000000119
113558  7.012  -63.597  -19.116 0.6000000238
111478  21.583  -71.574  -18.905 0.3000000119
2070  24.997  -70.538  -13.754 0.3000000119
2528  24.755  -70.199  -12.706 0.3000000119
5220  8.996  -64.638  -25.266 0.5000000000
5219  9.753  -64.207  -26.580 0.6000000238
10302  5.406  -55.448  -11.952 0.6999999881
11039  6.335  -54.883  -13.051 0.6999999881
114219  5.537  -53.127  -11.776 0.6000000238
14746  7.487  -48.979  -14.946 0.3000000119
2160  14.883  -70.696  -21.463 0.5000000000
2629  14.723  -69.894  -21.196 0.5000000000
2196  19.967  -70.246  -26.905 0.6000000238
5193  10.227  -64.144  -22.789 0.4000000060
5713  10.717  -63.497  -22.463 0.5000000000
6270  8.843  -62.606  -28.364 0.5000000000
7360  8.808  -61.063  -26.333 0.5000000000
6804  9.321  -61.588  -27.211 0.5000000000
6258  9.489  -62.049  -27.741 0.5000000000
6818  7.575  -61.475  -28.900 0.5000000000
6810  8.599  -61.557  -28.198 0.5000000000
7349  9.190  -61.052  -25.206 0.5000000000
7381  6.888  -60.686  -29.019 0.4000000060
7367  8.594  -60.956  -27.366 0.5000000000
7372  8.484  -60.852  -28.010 0.5000000000
7380  7.625  -60.551  -28.814 0.5000000000
7374  5.534  -60.129  -28.963 0.5000000000
7368  7.990  -60.179  -27.631 0.6000000238
7933  7.995  -60.152  -28.194 0.5000000000
7941  6.582  -59.335  -29.058 0.5000000000
8490  3.969  -58.031  -25.350 0.5000000000
7928  7.522  -59.327  -27.865 0.6000000238
7929  4.336  -59.362  -27.533 0.5000000000
7922  4.219  -59.306  -26.540 0.5000000000
7934  7.449  -59.468  -28.411 0.6000000238
8545  5.464  -58.555  -29.023 0.6000000238
7937  4.646  -59.398  -28.438 0.5000000000
8520  6.937  -58.569  -27.032 0.6000000238
8534  7.018  -58.402  -28.221 0.6000000238
8544  6.386  -58.205  -28.764 0.6000000238
8537  3.688  -57.408  -27.632 0.6000000238
113807  5.671  -56.814  -28.242 0.6000000238
8508  3.636  -57.649  -26.181 0.5000000000
9116  3.362  -56.998  -25.695 0.5000000000
9158  5.579  -57.584  -28.695 0.6000000238
8536  4.321  -58.619  -28.249 0.6000000238
9650  3.249  -56.524  -14.576 0.5000000000
10344  3.390  -56.297  -13.861 0.5000000000
9649  4.160  -56.563  -14.194 0.5000000000
120264  2.932  -55.767  -24.408 0.6000000238
9783  4.969  -56.197  -28.064 0.6000000238
9770  2.904  -55.912  -25.753 0.6000000238
9144  3.999  -57.124  -28.263 0.6000000238
9129  3.284  -56.860  -27.009 0.6000000238
9779  3.277  -55.717  -27.632 0.6000000238
14760  5.352  -48.865  -16.330 0.3000000119
17985  -0.794  -45.279  -14.417 0.3000000119
2174  21.184  -70.663  -23.890 0.4000000060
2181  21.211  -70.205  -24.845 0.5000000000
916  14.703  -74.522  -22.952 0.5000000000
2189  20.962  -70.307  -25.730 0.4000000060
117483  15.097  -73.318  -22.988 0.4000000060
2678  19.445  -69.576  -27.446 0.4000000060
2637  14.385  -69.852  -22.165 0.4000000060
1780  14.647  -71.696  -22.567 0.4000000060
2168  14.472  -70.787  -22.389 0.4000000060
1788  14.136  -71.976  -23.375 0.4000000060
1432  14.846  -72.540  -22.777 0.4000000060
3642  17.843  -67.379  -28.517 0.4000000060
114681  17.407  -67.924  -27.990 0.4000000060
3144  17.684  -68.863  -27.161 0.4000000060
105880  14.646  -69.226  -20.903 0.4000000060
3635  18.526  -68.071  -28.221 0.4000000060
3154  18.328  -68.812  -27.861 0.4000000060
3620  16.867  -67.508  -26.672 0.4000000060
4122  16.931  -67.257  -25.673 0.5000000000
9778  5.259  -55.714  -27.419 0.5000000000
9769  6.584  -56.119  -25.791 0.5000000000
10479  4.695  -55.047  -27.006 0.5000000000
9777  5.714  -55.459  -26.505 0.5000000000
11152  5.924  -54.458  -25.467 0.5000000000
11168  4.230  -54.364  -26.475 0.5000000000
11909  5.310  -52.937  -25.144 0.5000000000
10304  3.847  -56.042  -12.340 0.4000000060
10287  4.467  -55.451  -11.010 0.4000000060
10472  5.284  -54.716  -26.127 0.5000000000
10481  2.853  -55.044  -26.825 0.5000000000
2197  18.980  -70.155  -27.181 0.5000000000
3153  19.059  -68.956  -27.864 0.4000000060
3627  17.254  -67.971  -27.464 0.4000000060
1061  11.787  -72.321  -6.512 0.4000000060
121875  10.969  -72.825  -6.742 0.4000000060
263  8.536  -76.557  -9.389 0.4000000060
1345  11.375  -72.230  -7.325 0.4000000060
426  9.599  -76.127  -9.248 0.4000000060
125410  10.761  -72.631  -7.435 0.4000000060
115430  11.465  -77.154  -8.514 0.4000000060
117829  10.320  -75.760  -9.062 0.4000000060
594  9.661  -74.975  -9.275 0.4000000060
1647  13.067  -71.367  -7.310 0.5000000000
1344  12.322  -71.682  -7.182 0.5000000000
1354  12.646  -71.867  -7.850 0.4000000060
1356  11.007  -72.437  -7.855 0.4000000060
593  10.614  -74.978  -8.992 0.4000000060
1353  13.581  -71.564  -7.559 0.5000000000
1067  13.657  -72.524  -7.941 0.5000000000
1361  11.975  -72.511  -8.283 0.4000000060
1077  10.731  -72.806  -8.291 0.4000000060
816  13.704  -74.108  -7.973 0.4000000060
1068  12.825  -72.908  -8.247 0.4000000060
590  13.540  -75.980  -8.100 0.4000000060
591  12.657  -75.779  -8.222 0.4000000060
592  11.623  -75.330  -8.541 0.4000000060
115988  11.044  -74.157  -8.767 0.4000000060
118650  10.615  -73.411  -8.638 0.4000000060
423  12.089  -76.490  -8.394 0.4000000060
424  11.134  -76.102  -8.661 0.4000000060
579  13.944  -75.392  -7.933 0.5000000000
817  12.812  -73.925  -8.288 0.4000000060
1076  12.214  -73.311  -8.438 0.4000000060
121333  11.420  -73.219  -8.522 0.4000000060
589  14.323  -75.854  -8.064 0.5000000000
827  12.140  -74.394  -8.447 0.4000000060
429  14.885  -75.949  -9.861 0.3000000119
436  14.601  -76.699  -10.458 0.3000000119
610  15.728  -75.865  -10.311 0.4000000060
601  14.597  -75.939  -8.672 0.3000000119
609  16.706  -75.498  -10.287 0.4000000060
600  15.629  -75.497  -9.189 0.4000000060
443  16.366  -76.709  -12.698 0.3000000119
440  16.067  -77.091  -12.188 0.4000000060
111015  16.236  -76.556  -11.245 0.4000000060
434  17.086  -76.258  -11.439 0.4000000060
439  16.780  -76.580  -12.156 0.4000000060
109789  17.754  -75.878  -11.099 0.4000000060
607  18.492  -75.442  -10.731 0.3000000119
422  13.783  -76.289  -8.471 0.3000000119
598  17.333  -75.122  -9.331 0.3000000119
599  16.579  -75.218  -9.010 0.4000000060
447  16.579  -76.310  -13.042 0.4000000060
608  17.744  -75.250  -10.123 0.3000000119
614  17.627  -76.180  -12.159 0.4000000060
118670  18.239  -75.805  -12.512 0.4000000060
613  18.439  -75.786  -11.762 0.4000000060
448  15.890  -76.773  -13.071 0.4000000060
597  18.494  -75.025  -9.649 0.3000000119
856  17.105  -74.885  -13.341 0.4000000060
621  16.791  -75.687  -13.234 0.4000000060
1105  17.418  -73.953  -13.273 0.4000000060
855  18.034  -74.855  -13.318 0.4000000060
618  17.720  -75.965  -12.834 0.4000000060
578  14.810  -75.069  -7.709 0.4000000060
588  15.231  -75.618  -8.096 0.4000000060
587  16.245  -75.461  -8.116 0.4000000060
585  18.033  -75.059  -8.776 0.3000000119
1106  16.393  -73.909  -13.107 0.4000000060
854  18.948  -74.711  -13.225 0.4000000060
617  18.435  -75.434  -12.967 0.4000000060
815  14.642  -73.581  -7.600 0.4000000060
1059  15.329  -73.102  -7.183 0.4000000060
814  15.623  -74.378  -7.167 0.4000000060
577  15.950  -75.202  -7.538 0.4000000060
4112  17.094  -66.250  -24.091 0.4000000060
620  17.575  -75.554  -13.135 0.4000000060
435  15.385  -76.490  -10.681 0.3000000119
442  17.047  -76.303  -12.715 0.4000000060
444  15.788  -77.138  -12.748 0.3000000119
446  17.185  -76.039  -13.045 0.4000000060
575  17.618  -75.141  -7.509 0.4000000060
580  13.173  -75.046  -8.093 0.4000000060
649  17.912  -76.188  -17.145 0.3000000119
839  20.536  -74.398  -10.568 0.5000000000
840  19.738  -74.847  -10.426 0.4000000060
852  20.335  -74.232  -12.959 0.5000000000
882  20.139  -74.343  -17.166 0.4000000060
887  20.511  -74.391  -17.786 0.5000000000
888  20.094  -74.935  -18.283 0.4000000060
900  19.776  -74.729  -20.274 0.4000000060
904  19.430  -74.799  -21.606 0.4000000060
908  18.859  -75.016  -22.249 0.5000000000
911  19.255  -74.248  -23.434 0.5000000000
1069  10.360  -72.818  -7.873 0.4000000060
1093  21.251  -73.709  -12.808 0.5000000000
1101  20.919  -73.390  -13.217 0.4000000060
1134  21.327  -73.311  -17.895 0.4000000060
1135  20.846  -73.788  -17.418 0.4000000060
1168  19.039  -73.097  -25.596 0.6999999881
1339  18.618  -72.123  -7.080 0.3000000119
1352  14.097  -71.206  -7.240 0.5000000000
1355  11.703  -72.096  -7.817 0.4000000060
1362  11.327  -72.499  -8.220 0.4000000060
1406  15.321  -72.178  -15.509 0.3000000119
1449  18.756  -72.239  -26.136 0.6999999881
1453  19.191  -71.845  -26.409 0.6999999881
1626  15.723  -70.951  -4.568 0.3000000119
1634  16.293  -70.866  -5.012 0.3000000119
1637  13.948  -70.923  -6.268 0.5000000000
1641  14.040  -70.926  -6.760 0.5000000000
1666  23.341  -72.114  -12.875 0.3000000119
1667  18.312  -71.033  -12.809 0.5000000000
1669  16.426  -71.320  -12.596 0.4000000060
1671  14.831  -71.486  -12.834 0.4000000060
1678  21.958  -71.836  -13.545 0.3000000119
1681  15.094  -70.995  -13.256 0.4000000060
1690  15.281  -70.919  -14.187 0.4000000060
1701  16.983  -71.111  -15.630 0.3000000119
1715  18.519  -71.181  -16.221 0.4000000060
1758  19.947  -72.231  -19.908 0.4000000060
1792  21.074  -70.893  -25.326 0.6000000238
1802  18.353  -71.689  -25.956 0.8000000119
1807  20.274  -70.939  -26.380 0.6999999881
2073  21.687  -70.740  -13.710 0.3000000119
2091  23.689  -70.435  -14.582 0.3000000119
2093  16.840  -69.811  -14.460 0.3000000119
2094  16.033  -70.348  -14.296 0.4000000060
2104  25.626  -69.877  -15.413 0.3000000119
2159  15.647  -71.173  -20.978 0.6000000238
2536  25.279  -69.622  -13.329 0.3000000119
2538  19.806  -69.427  -13.502 0.3000000119
2540  17.773  -69.404  -13.324 0.4000000060
2550  23.573  -69.492  -15.288 0.3000000119
2552  21.016  -68.702  -14.274 0.3000000119
2575  26.280  -69.067  -16.557 0.3000000119
2577  25.118  -69.246  -16.861 0.3000000119
2578  24.605  -69.434  -16.211 0.3000000119
2612  16.137  -69.596  -19.318 0.8000000119
2620  16.395  -70.050  -19.830 0.6999999881
2621  15.972  -70.647  -20.261 0.6000000238
2657  21.039  -69.817  -25.584 0.4000000060
3012  17.607  -68.922  -13.882 0.3000000119
3026  19.680  -68.171  -14.571 0.3000000119
3027  18.822  -68.335  -14.485 0.3000000119
3047  20.267  -68.601  -15.995 0.3000000119
3064  25.428  -68.201  -19.229 0.3000000119
3068  16.178  -68.485  -18.502 0.8000000119
3079  16.440  -69.028  -18.943 0.6999999881
3093  20.264  -68.418  -20.814 0.3000000119
3155  17.781  -68.532  -27.785 0.4000000060
3162  17.788  -68.101  -28.130 0.4000000060
3526  16.614  -67.320  -17.820 0.8000000119
3537  16.556  -67.944  -18.251 0.8000000119
3578  13.708  -67.061  -21.982 0.5000000000
4035  17.160  -66.925  -17.905 0.6000000238
4037  16.193  -66.737  -17.344 0.8000000119
4039  10.881  -66.384  -17.720 0.6000000238
4052  17.415  -66.762  -18.308 0.6000000238
4085  13.437  -66.378  -20.519 0.6999999881
4086  12.586  -66.392  -20.606 0.6000000238
4095  14.201  -66.985  -20.730 0.6000000238
4572  13.585  -65.240  -16.674 0.8000000119
4578  6.067  -65.292  -15.775 0.6000000238
4586  14.639  -65.615  -17.379 0.8000000119
4591  9.779  -66.141  -16.688 0.6000000238
4592  5.757  -64.661  -17.858 0.6000000238
4601  17.722  -65.341  -18.406 0.5000000000
4620  5.882  -64.675  -19.529 0.6000000238
4626  13.047  -66.168  -20.010 0.6999999881
4630  17.517  -65.755  -21.100 0.5000000000
4639  17.345  -66.241  -23.067 0.5000000000
4648  7.179  -64.950  -24.274 0.6000000238
5096  15.582  -64.493  -15.173 0.6999999881
5099  10.867  -65.106  -14.636 0.6000000238
5104  6.675  -64.960  -15.509 0.6000000238
5114  17.202  -64.713  -16.440 0.6000000238
5119  6.987  -64.183  -15.778 0.6999999881
5129  17.560  -64.577  -17.215 0.6000000238
5158  7.814  -63.785  -20.386 0.6000000238
5159  7.125  -63.806  -20.026 0.6000000238
5160  6.378  -64.237  -19.536 0.6000000238
5176  9.549  -64.220  -21.648 0.6000000238
5184  10.217  -64.049  -21.967 0.6000000238
5186  8.633  -64.497  -22.612 0.5000000000
5194  9.460  -64.448  -23.091 0.5000000000
5196  7.503  -64.686  -23.558 0.6000000238
5205  10.270  -64.067  -24.167 0.6000000238
5218  10.029  -63.634  -27.169 0.6000000238
5233  9.581  -64.151  -27.497 0.6000000238
5244  9.243  -64.091  -28.116 0.6000000238
5257  8.667  -64.795  -28.364 0.5000000000
5615  14.100  -63.289  -13.065 0.6999999881
5617  12.106  -62.969  -12.998 0.6999999881
5625  16.329  -63.217  -14.689 0.6000000238
5629  11.685  -64.066  -13.585 0.6999999881
5639  16.684  -63.547  -15.291 0.6000000238
5642  9.003  -63.485  -14.821 0.6000000238
5643  7.641  -63.949  -15.516 0.6000000238
5658  10.014  -62.928  -17.992 0.6000000238
5659  9.166  -62.919  -17.527 0.6000000238
5660  8.248  -63.006  -17.117 0.6000000238
5661  7.463  -63.297  -16.805 0.5000000000
5673  17.120  -62.808  -18.870 0.6000000238
5696  10.517  -63.303  -20.004 0.6000000238
5729  10.641  -63.602  -23.461 0.6999999881
5793  9.340  -63.409  -28.178 0.6000000238
6096  13.838  -61.858  -12.384 0.6000000238
6097  12.967  -61.993  -12.524 0.6999999881
6103  15.149  -62.203  -13.012 0.6000000238
6106  12.122  -62.023  -12.935 0.6999999881
6139  10.926  -62.120  -15.807 0.6999999881
6162  11.024  -62.380  -18.235 0.6000000238
6175  11.110  -62.566  -20.286 0.6000000238
6180  11.041  -62.621  -21.199 0.6000000238
6257  9.918  -62.522  -27.762 0.6000000238
6265  9.388  -62.453  -28.004 0.5000000000
6643  14.720  -61.618  -12.619 0.6000000238
6659  16.390  -61.947  -14.863 0.5000000000
6682  11.405  -61.452  -16.379 0.6999999881
6691  11.421  -61.448  -17.476 0.6999999881
6739  10.819  -61.804  -22.543 0.6999999881
6760  10.671  -62.566  -24.727 0.6999999881
6761  9.970  -61.328  -24.598 0.6000000238
6799  9.805  -61.617  -26.221 0.6000000238
6803  9.884  -62.072  -27.186 0.6000000238
6809  9.023  -61.917  -27.957 0.5000000000
6816  8.883  -62.108  -28.135 0.5000000000
6817  8.419  -61.848  -28.498 0.5000000000
6820  5.740  -61.765  -28.795 0.5000000000
7255  11.318  -60.481  -17.671 0.6000000238
7280  11.212  -60.895  -19.761 0.6999999881
7312  10.203  -60.902  -22.477 0.6000000238
7313  9.410  -60.117  -22.439 0.6000000238
7330  9.178  -60.769  -24.178 0.6000000238
7361  7.910  -60.409  -26.529 0.6999999881
7373  7.846  -60.279  -28.498 0.5000000000
7375  5.026  -60.150  -28.535 0.5000000000
7379  8.146  -61.034  -28.545 0.5000000000
7382  5.988  -60.862  -29.011 0.5000000000
7819  10.622  -59.546  -18.738 0.6000000238
7826  10.291  -59.427  -19.544 0.5000000000
7827  9.782  -58.479  -19.665 0.5000000000
7921  7.383  -59.510  -26.776 0.6000000238
7935  6.969  -58.893  -28.817 0.6000000238
7936  5.074  -59.411  -29.009 0.6000000238
7940  7.242  -59.781  -28.929 0.5000000000
7942  5.849  -59.376  -29.096 0.6000000238
8395  10.747  -58.208  -16.565 0.6000000238
8408  10.009  -57.564  -18.642 0.6000000238
8424  4.682  -58.904  -19.593 0.5000000000
8457  9.205  -58.205  -21.568 0.6000000238
8489  4.422  -58.670  -24.410 0.5000000000
8507  3.990  -58.492  -26.135 0.5000000000
8521  3.983  -58.419  -27.305 0.6000000238
8522  3.654  -57.787  -26.846 0.6000000238
8535  6.314  -57.521  -28.232 0.6000000238
8546  4.622  -57.903  -28.645 0.6000000238
8547  6.293  -58.825  -29.050 0.6000000238
8998  11.122  -57.192  -15.608 0.6000000238
9000  5.136  -57.288  -17.204 0.6000000238
9013  4.811  -57.880  -17.534 0.5000000000
9030  5.090  -57.908  -18.333 0.6000000238
9048  9.979  -56.971  -18.956 0.6000000238
9062  5.396  -57.651  -20.100 0.5000000000
9070  9.389  -57.463  -21.836 0.6999999881
9080  9.614  -57.475  -22.700 0.5000000000
9081  5.025  -57.388  -22.098 0.5000000000
9088  10.066  -57.586  -23.656 0.6000000238
9089  9.438  -58.076  -24.000 0.6999999881
9101  4.477  -58.082  -23.788 0.5000000000
9143  4.781  -56.923  -28.475 0.6000000238
9638  4.632  -56.174  -13.592 0.6999999881
9647  11.699  -56.547  -14.532 0.5000000000
9657  11.479  -56.401  -15.389 0.5000000000
9660  3.099  -56.793  -15.279 0.5000000000
9674  3.583  -57.287  -15.863 0.6000000238
9690  10.657  -56.588  -17.803 0.6000000238
9704  10.492  -56.452  -18.612 0.6000000238
9713  9.757  -56.933  -19.707 0.6000000238
9720  10.083  -56.338  -20.755 0.5000000000
9722  5.241  -56.822  -20.669 0.6000000238
9740  10.453  -57.035  -22.983 0.5000000000
9742  4.386  -56.980  -22.831 0.6000000238
9748  11.491  -56.500  -23.054 0.5000000000
9758  3.379  -56.588  -24.610 0.6000000238
9768  7.549  -56.367  -25.190 0.5000000000
9782  6.049  -56.178  -26.948 0.5000000000
9784  4.041  -56.273  -28.136 0.6000000238
9785  3.506  -56.612  -27.871 0.6000000238
10286  5.021  -55.301  -11.350 0.5000000000
10325  3.977  -56.255  -13.301 0.5000000000
10343  5.686  -55.436  -13.682 0.8000000119
10360  11.773  -55.678  -15.599 0.5000000000
10362  5.192  -56.016  -14.976 0.6999999881
10373  12.124  -55.063  -15.973 0.5000000000
10420  10.651  -55.964  -20.074 0.5000000000
10432  11.738  -55.754  -21.458 0.5000000000
10473  3.362  -54.293  -26.496 0.6000000238
10480  3.719  -54.906  -27.161 0.5000000000
10492  4.246  -55.586  -27.666 0.6000000238
11005  4.290  -54.913  -10.641 0.5000000000
11029  6.643  -54.190  -12.486 0.6999999881
11063  5.421  -55.310  -15.413 0.6000000238
11094  4.209  -54.376  -18.549 0.6999999881
11106  12.887  -54.851  -19.523 0.5000000000
11120  2.980  -54.830  -21.766 0.6999999881
11127  2.561  -53.767  -23.115 0.8000000119
11134  2.614  -54.465  -23.834 0.6999999881
11151  6.790  -54.649  -25.183 0.5000000000
11153  4.994  -53.846  -25.605 0.5000000000
11730  3.776  -53.519  -10.664 0.5000000000
11736  6.144  -53.918  -11.711 0.6000000238
11807  9.547  -53.006  -17.812 0.5000000000
11810  6.302  -53.422  -17.106 0.8000000119
11843  9.734  -53.064  -19.543 0.4000000060
11846  3.873  -53.543  -19.019 0.8000000119
11858  8.445  -53.324  -20.035 0.5000000000
11859  3.813  -52.987  -19.827 0.8000000119
11868  2.865  -53.862  -21.299 0.6999999881
11910  4.248  -52.924  -25.135 0.6000000238
12522  4.357  -52.206  -12.824 0.6000000238
12531  8.830  -52.046  -15.082 0.6000000238
12560  9.934  -52.003  -16.306 0.4000000060
12593  7.055  -52.930  -19.550 0.6999999881
12595  5.298  -52.449  -19.579 0.8000000119
12603  9.641  -52.956  -20.588 0.4000000060
12605  7.688  -53.088  -20.345 0.5000000000
12617  7.399  -52.541  -21.853 0.6000000238
12627  7.667  -52.029  -22.505 0.6000000238
12631  3.343  -52.361  -22.542 0.6000000238
12638  3.568  -51.960  -23.576 0.6000000238
13258  6.155  -51.947  -12.491 0.6999999881
13276  2.755  -51.941  -13.355 0.5000000000
13332  10.037  -52.141  -21.233 0.4000000060
13359  4.526  -51.164  -24.399 0.5000000000
14763  2.262  -50.059  -16.973 0.6000000238
14770  2.443  -49.587  -17.899 0.5000000000
14772  0.713  -49.195  -17.392 0.5000000000
15576  0.906  -48.998  -18.317 0.4000000060
15588  0.629  -48.290  -18.626 0.4000000060
15607  2.473  -48.705  -20.122 0.4000000060
16369  -0.898  -47.068  -15.238 0.6000000238
16387  0.049  -47.821  -17.859 0.5000000000
16428  4.151  -47.319  -21.070 0.3000000119
17192  0.179  -46.991  -17.812 0.4000000060
17212  1.984  -46.368  -19.698 0.3000000119
17973  -0.171  -44.760  -14.161 0.4000000060
18038  1.541  -46.155  -18.647 0.3000000119
18052  2.577  -45.862  -20.296 0.3000000119
18730  4.031  -44.468  -13.768 0.3000000119
105778  4.805  -55.102  -18.064 0.6000000238
105876  19.584  -74.447  -8.834 0.4000000060
106147  4.398  -52.488  -19.923 0.8000000119
106557  15.203  -65.642  -16.960 0.6999999881
106579  7.839  -65.130  -15.286 0.6000000238
106865  11.744  -65.752  -16.539 0.6999999881
107350  9.057  -60.251  -23.116 0.6000000238
107511  8.946  -63.611  -19.734 0.5000000000
107574  18.379  -72.035  -16.356 0.4000000060
107702  4.666  -51.681  -22.003 0.8000000119
108204  5.122  -59.391  -21.649 0.5000000000
108409  7.934  -57.137  -24.940 0.5000000000
108415  20.586  -71.842  -22.754 0.4000000060
109365  11.177  -59.010  -15.533 0.6000000238
109782  11.508  -60.305  -15.096 0.5000000000
110762  3.793  -55.457  -21.395 0.6999999881
111189  22.713  -71.361  -10.082 0.3000000119
111488  9.529  -57.585  -20.126 0.6000000238
111587  6.973  -63.435  -17.322 0.5000000000
111834  10.018  -66.413  -17.443 0.5000000000
111922  15.988  -61.073  -15.896 0.5000000000
112038  2.948  -56.042  -26.678 0.6000000238
113404  9.246  -60.597  -23.528 0.6000000238
113539  4.252  -58.827  -25.254 0.5000000000
113889  7.070  -64.512  -22.208 0.6000000238
114091  9.108  -57.050  -25.361 0.5000000000
114225  7.938  -64.439  -22.196 0.5000000000
114377  6.843  -52.687  -20.194 0.6999999881
114396  1.629  -44.590  -14.075 0.4000000060
114424  19.755  -75.069  -12.158 0.5000000000
114554  6.337  -60.009  -29.075 0.5000000000
114780  11.034  -60.991  -20.574 0.6999999881
114972  11.930  -55.219  -18.254 0.5000000000
115777  20.989  -71.843  -24.340 0.6000000238
116174  6.065  -52.709  -25.143 0.5000000000
117218  6.927  -51.261  -22.729 0.5000000000
117233  19.689  -74.578  -21.042 0.4000000060
117415  8.457  -63.200  -28.660 0.5000000000
117760  8.956  -61.543  -27.799 0.5000000000
118311  6.110  -53.100  -11.918 0.6999999881
118658  10.260  -63.207  -26.879 0.6000000238
119021  11.467  -56.065  -15.931 0.5000000000
119041  22.071  -73.347  -11.707 0.3000000119
119180  10.875  -64.049  -13.750 0.6000000238
119238  5.177  -58.352  -19.549 0.5000000000
121146  8.289  -59.550  -24.099 0.6000000238
121255  17.476  -68.334  -20.291 0.6999999881
121407  -0.496  -47.912  -16.380 0.5000000000
121880  18.839  -72.677  -25.934 0.6999999881
122207  17.880  -75.094  -9.475 0.3000000119
122382  11.635  -63.324  -13.341 0.6999999881
122501  3.925  -48.529  -19.703 0.3000000119
122578  8.330  -60.881  -28.245 0.5000000000
123064  4.722  -58.774  -28.845 0.6000000238
123076  4.071  -48.038  -20.349 0.3000000119
123079  18.541  -69.748  -27.293 0.6999999881
123123  3.953  -51.700  -24.225 0.6999999881
123291  6.197  -64.813  -21.875 0.5000000000
123572  17.138  -72.192  -23.268 0.6000000238
123790  18.356  -73.255  -5.377 0.3000000119
124038  19.433  -74.332  -16.815 0.3000000119
124088  18.326  -69.478  -15.468 0.3000000119
124423  10.443  -57.238  -17.628 0.6000000238
124512  19.838  -73.889  -23.054 0.4000000060
124571  9.325  -62.913  -28.176 0.6000000238
124586  16.806  -62.245  -15.973 0.6000000238
124622  -0.736  -45.580  -15.047 0.5000000000
124634  20.785  -70.762  -25.917 0.6000000238
124639  17.717  -73.705  -24.747 0.6999999881
124799  4.368  -57.512  -16.233 0.5000000000
125073  2.889  -55.838  -25.060 0.6000000238
125820  18.962  -75.993  -18.662 0.3000000119
126492  8.693  -61.390  -28.047 0.5000000000
126882  10.403  -61.878  -24.895 0.6999999881
127004  16.056  -67.277  -17.699 0.8000000119
127094  6.560  -51.664  -12.710 0.6999999881
127425  4.042  -57.876  -28.112 0.6000000238
127652  5.711  -56.285  -27.756 0.5000000000
127803  22.644  -71.618  -10.068 0.3000000119
127834  9.222  -64.592  -26.055 0.5000000000
