#!ascii label  , from subject sub-v2s7x29661_ses-1 vox2ras=TkReg
315
63316  -26.143  2.583  -39.833 0.0000000000
59849  -22.762  -1.792  -36.784 0.0000000000
59873  -28.121  -0.919  -38.052 0.0000000000
55466  -25.663  -6.140  -37.637 0.0000000000
71464  -27.021  12.993  -40.159 0.0000000000
69765  -27.945  10.047  -39.848 0.0000000000
66504  -22.858  6.168  -37.764 0.0000000000
52679  -24.452  -9.474  -35.791 0.0000000000
58078  -23.809  -3.394  -37.482 0.0000000000
56335  -23.075  -5.663  -36.145 0.0000000000
70595  -27.410  11.389  -39.984 0.0000000000
110810  -25.080  9.917  -39.388 0.0000000000
63288  -22.641  2.110  -37.527 0.0000000000
64853  -21.441  4.325  -36.440 0.0000000000
64870  -24.025  4.658  -39.118 0.0000000000
66515  -26.592  6.331  -39.617 0.0000000000
65725  -27.487  4.919  -39.272 0.0000000000
64091  -28.416  3.232  -38.687 0.0000000000
61657  -21.487  0.095  -35.821 0.0000000000
61674  -24.311  0.665  -38.873 0.0000000000
105341  -26.966  0.958  -39.476 0.0000000000
59870  -25.284  -1.581  -39.283 0.0000000000
123151  -26.908  -3.311  -38.545 0.0000000000
56338  -28.145  -5.011  -36.349 0.0000000000
68181  -22.986  8.206  -37.569 0.0000000000
68195  -25.542  8.330  -39.547 0.0000000000
68198  -28.257  8.296  -39.360 0.0000000000
55428  -22.233  -6.912  -35.043 0.0000000000
54624  -24.699  -7.643  -36.771 0.0000000000
114951  -22.237  -3.937  -35.655 0.0000000000
57202  -22.149  -4.732  -35.400 0.0000000000
69762  -25.205  10.766  -39.331 0.0000000000
68993  -24.021  9.347  -39.069 0.0000000000
63296  -24.203  2.163  -38.929 0.0000000000
64088  -23.127  3.733  -38.143 0.0000000000
114476  -24.902  3.279  -39.635 0.0000000000
64879  -25.765  4.320  -40.011 0.0000000000
64892  -26.339  4.082  -39.878 0.0000000000
64882  -27.941  4.385  -38.996 0.0000000000
115063  -27.240  3.104  -39.473 0.0000000000
59856  -22.503  -0.994  -36.725 0.0000000000
61666  -22.838  0.436  -37.446 0.0000000000
59868  -23.870  -0.972  -38.170 0.0000000000
59885  -25.271  -0.853  -39.379 0.0000000000
59858  -24.198  -1.778  -38.285 0.0000000000
56348  -24.947  -4.871  -37.987 0.0000000000
104966  -25.738  -4.052  -38.691 0.0000000000
57225  -26.687  -4.884  -38.003 0.0000000000
57226  -27.286  -4.337  -37.722 0.0000000000
56350  -26.816  -5.586  -37.478 0.0000000000
71456  -25.636  12.833  -39.327 0.0000000000
72196  -25.959  13.561  -39.358 0.0000000000
72202  -26.639  13.652  -39.895 0.0000000000
72881  -27.727  14.336  -41.321 0.0000000000
71473  -27.998  12.555  -41.458 0.0000000000
119987  -27.739  10.668  -39.942 0.0000000000
65708  -22.456  5.263  -37.430 0.0000000000
66486  -21.774  6.791  -36.587 0.0000000000
66500  -22.932  7.030  -37.817 0.0000000000
114345  -24.468  7.970  -39.409 0.0000000000
67363  -24.769  7.206  -39.622 0.0000000000
67366  -27.958  7.077  -39.141 0.0000000000
108975  -27.698  7.753  -39.326 0.0000000000
67367  -28.511  7.758  -39.100 0.0000000000
61685  -27.568  0.332  -39.036 0.0000000000
61675  -28.268  0.919  -38.511 0.0000000000
52677  -22.810  -9.025  -34.846 0.0000000000
53674  -23.050  -8.380  -35.291 0.0000000000
122026  -23.472  -7.176  -36.068 0.0000000000
53684  -24.487  -8.361  -36.371 0.0000000000
58968  -22.668  -2.625  -36.461 0.0000000000
58977  -24.035  -2.608  -37.872 0.0000000000
58077  -23.127  -3.367  -36.753 0.0000000000
57223  -23.590  -4.166  -37.072 0.0000000000
56336  -23.953  -5.950  -36.855 0.0000000000
106963  -26.075  12.247  -39.492 0.0000000000
70604  -27.649  11.775  -40.447 0.0000000000
70594  -26.615  11.568  -39.621 0.0000000000
123585  -27.070  10.960  -39.663 0.0000000000
69764  -27.101  10.216  -39.547 0.0000000000
108404  -21.082  1.930  -35.754 0.0000000000
64072  -21.776  3.570  -36.762 0.0000000000
64863  -22.788  4.487  -37.781 0.0000000000
65716  -23.671  5.345  -38.755 0.0000000000
66513  -25.056  6.348  -39.819 0.0000000000
107996  -25.608  5.630  -39.881 0.0000000000
114389  -26.897  5.512  -39.580 0.0000000000
66506  -28.233  6.407  -38.907 0.0000000000
115740  -28.913  5.114  -38.410 0.0000000000
117275  -25.267  -10.156  -35.057 0.0000000000
52680  -25.308  -9.524  -35.681 0.0000000000
62482  -22.225  1.148  -36.889 0.0000000000
62487  -23.816  1.345  -38.562 0.0000000000
62493  -24.911  1.773  -39.469 0.0000000000
62495  -26.547  1.806  -39.674 0.0000000000
61683  -25.630  0.565  -39.609 0.0000000000
60793  -26.443  -0.707  -39.470 0.0000000000
59888  -27.043  -1.110  -39.108 0.0000000000
58988  -24.700  -2.582  -38.609 0.0000000000
58990  -26.639  -2.747  -38.926 0.0000000000
58991  -27.338  -2.583  -38.329 0.0000000000
58978  -27.914  -2.937  -37.567 0.0000000000
57215  -29.067  -3.639  -36.192 0.0000000000
71474  -28.672  11.763  -41.955 0.0000000000
112661  -23.826  8.798  -38.851 0.0000000000
68995  -25.572  9.158  -39.438 0.0000000000
68996  -26.718  9.336  -39.455 0.0000000000
67364  -25.456  7.060  -39.750 0.0000000000
68197  -27.443  8.578  -39.441 0.0000000000
68998  -28.541  9.643  -39.817 0.0000000000
62497  -27.963  1.752  -38.949 0.0000000000
63289  -29.243  2.463  -37.872 0.0000000000
114171  -21.604  -5.871  -34.489 0.0000000000
55443  -22.817  -6.206  -35.754 0.0000000000
55455  -24.039  -6.978  -36.598 0.0000000000
54637  -24.918  -6.769  -37.270 0.0000000000
53676  -25.706  -8.770  -36.117 0.0000000000
54626  -26.564  -7.624  -36.309 0.0000000000
55456  -26.593  -6.891  -36.852 0.0000000000
68987  -23.752  9.014  -38.607 0.0000000000
63303  -24.873  2.575  -39.524 0.0000000000
64090  -24.309  3.116  -39.177 0.0000000000
63304  -25.489  2.985  -39.784 0.0000000000
64110  -25.955  3.504  -39.961 0.0000000000
64098  -26.545  3.266  -39.750 0.0000000000
59848  -21.962  -1.269  -36.038 0.0000000000
60775  -22.669  -0.354  -37.071 0.0000000000
59857  -23.221  -1.097  -37.429 0.0000000000
124441  -23.713  -1.434  -37.871 0.0000000000
56349  -25.604  -5.367  -38.014 0.0000000000
119247  -25.645  -4.673  -38.367 0.0000000000
121975  -26.121  -5.025  -38.235 0.0000000000
118312  -26.238  -5.581  -37.877 0.0000000000
71457  -26.373  12.942  -39.696 0.0000000000
72203  -27.406  13.559  -40.735 0.0000000000
71465  -27.543  12.482  -40.633 0.0000000000
69770  -28.564  10.311  -40.266 0.0000000000
111093  -28.872  10.705  -40.816 0.0000000000
69771  -29.420  10.477  -40.440 0.0000000000
65697  -22.105  6.034  -37.041 0.0000000000
66499  -22.376  6.871  -37.235 0.0000000000
66505  -23.456  6.761  -38.464 0.0000000000
67354  -23.746  7.382  -38.834 0.0000000000
66511  -23.934  6.898  -39.082 0.0000000000
67355  -28.731  7.097  -38.786 0.0000000000
60782  -27.598  -0.589  -38.727 0.0000000000
60783  -28.189  -0.056  -38.310 0.0000000000
60777  -28.810  -0.447  -37.547 0.0000000000
51840  -24.013  -9.949  -35.326 0.0000000000
52669  -23.222  -9.811  -34.906 0.0000000000
52678  -23.614  -9.165  -35.485 0.0000000000
109353  -23.743  -8.404  -35.879 0.0000000000
53675  -24.243  -8.918  -36.015 0.0000000000
58967  -22.191  -2.595  -35.824 0.0000000000
58070  -22.506  -3.297  -36.113 0.0000000000
57211  -22.666  -4.822  -35.959 0.0000000000
57212  -22.878  -4.094  -36.383 0.0000000000
113764  -23.374  -4.945  -36.625 0.0000000000
56346  -24.170  -4.985  -37.334 0.0000000000
70593  -25.660  11.564  -39.388 0.0000000000
69763  -26.288  10.880  -39.480 0.0000000000
109404  -25.984  10.067  -39.431 0.0000000000
110642  -21.787  1.986  -36.616 0.0000000000
63287  -22.151  2.837  -37.104 0.0000000000
64089  -23.814  3.823  -38.825 0.0000000000
115981  -23.418  4.557  -38.447 0.0000000000
65722  -24.271  5.414  -39.371 0.0000000000
64877  -24.595  4.817  -39.588 0.0000000000
64880  -26.828  4.598  -39.647 0.0000000000
65724  -26.158  4.980  -39.930 0.0000000000
65726  -27.783  5.671  -39.087 0.0000000000
65717  -28.558  5.752  -38.654 0.0000000000
115729  -28.199  5.055  -38.814 0.0000000000
115735  -28.311  3.915  -38.760 0.0000000000
64871  -28.580  4.463  -38.574 0.0000000000
64092  -29.097  3.165  -38.148 0.0000000000
51810  -25.198  -10.784  -34.341 0.0000000000
51811  -26.005  -10.571  -33.686 0.0000000000
110420  -21.184  0.653  -35.512 0.0000000000
62473  -21.380  1.253  -36.033 0.0000000000
113633  -21.622  0.669  -36.186 0.0000000000
61673  -23.570  0.544  -38.228 0.0000000000
62483  -23.066  1.274  -37.841 0.0000000000
62488  -24.443  1.378  -39.079 0.0000000000
61682  -24.942  0.952  -39.422 0.0000000000
60792  -25.748  -0.336  -39.558 0.0000000000
59886  -25.828  -1.181  -39.506 0.0000000000
59887  -26.422  -1.543  -39.366 0.0000000000
58091  -24.547  -3.384  -38.202 0.0000000000
58093  -26.272  -3.572  -38.870 0.0000000000
58079  -27.364  -3.513  -37.986 0.0000000000
57213  -27.723  -4.647  -37.057 0.0000000000
57214  -28.346  -4.153  -36.617 0.0000000000
57203  -28.811  -4.536  -35.921 0.0000000000
71466  -28.148  11.767  -41.095 0.0000000000
64071  -21.116  3.463  -36.038 0.0000000000
68169  -22.441  8.119  -36.880 0.0000000000
68187  -23.493  8.452  -38.297 0.0000000000
112828  -24.877  8.558  -39.472 0.0000000000
68196  -26.334  8.479  -39.489 0.0000000000
66514  -25.833  6.350  -39.783 0.0000000000
112300  -26.253  7.029  -39.646 0.0000000000
113840  -28.396  8.937  -39.532 0.0000000000
68999  -29.161  9.270  -39.519 0.0000000000
62496  -27.263  1.756  -39.419 0.0000000000
62489  -28.698  1.856  -38.278 0.0000000000
54611  -22.608  -7.650  -35.164 0.0000000000
55427  -21.665  -6.725  -34.444 0.0000000000
55442  -21.971  -6.115  -34.983 0.0000000000
116853  -22.437  -6.358  -35.381 0.0000000000
54623  -23.930  -7.741  -36.275 0.0000000000
54625  -25.401  -7.494  -37.057 0.0000000000
52681  -26.140  -9.111  -35.391 0.0000000000
111101  -24.719  11.029  -39.181 0.0000000000
69761  -24.454  10.077  -39.214 0.0000000000
121386  -23.118  2.511  -37.999 0.0000000000
63294  -22.846  2.964  -37.789 0.0000000000
63295  -23.534  2.907  -38.458 0.0000000000
64096  -24.571  4.000  -39.506 0.0000000000
64878  -25.146  4.563  -39.908 0.0000000000
64881  -27.374  4.280  -39.368 0.0000000000
64099  -26.976  3.832  -39.600 0.0000000000
64100  -27.728  3.671  -39.174 0.0000000000
115479  -27.845  2.973  -39.118 0.0000000000
60769  -21.997  -0.462  -36.293 0.0000000000
61665  -22.152  0.263  -36.606 0.0000000000
60776  -23.400  -0.265  -37.818 0.0000000000
60780  -24.124  -0.186  -38.558 0.0000000000
60781  -24.925  -0.047  -39.281 0.0000000000
59869  -24.619  -1.058  -38.898 0.0000000000
105679  -24.820  -1.897  -38.915 0.0000000000
57224  -24.369  -4.162  -37.750 0.0000000000
57236  -25.113  -4.105  -38.374 0.0000000000
57237  -26.243  -4.413  -38.510 0.0000000000
58094  -26.822  -4.038  -38.347 0.0000000000
108610  -27.201  -5.010  -37.454 0.0000000000
56337  -27.435  -5.522  -36.845 0.0000000000
109727  -28.442  12.527  -42.303 0.0000000000
70605  -28.189  11.082  -40.561 0.0000000000
66485  -21.251  6.711  -36.037 0.0000000000
67332  -22.114  7.528  -36.715 0.0000000000
67346  -23.328  7.686  -38.181 0.0000000000
68188  -23.828  8.105  -38.945 0.0000000000
68194  -25.133  7.790  -39.639 0.0000000000
67365  -27.104  7.045  -39.404 0.0000000000
68199  -29.037  8.480  -39.208 0.0000000000
61686  -27.623  1.139  -39.123 0.0000000000
53666  -22.426  -8.298  -34.739 0.0000000000
55444  -22.865  -6.933  -35.598 0.0000000000
54612  -23.274  -7.712  -35.677 0.0000000000
107422  -22.268  -2.035  -36.117 0.0000000000
107421  -23.540  -1.890  -37.571 0.0000000000
58976  -23.320  -2.617  -37.153 0.0000000000
56347  -24.882  -5.717  -37.587 0.0000000000
71455  -25.194  12.594  -39.172 0.0000000000
71458  -27.012  12.229  -39.934 0.0000000000
64081  -22.468  3.668  -37.464 0.0000000000
64854  -22.115  4.414  -37.118 0.0000000000
65715  -23.137  5.294  -38.069 0.0000000000
114864  -23.416  5.937  -38.415 0.0000000000
115634  -23.918  6.165  -39.086 0.0000000000
118011  -24.530  6.028  -39.581 0.0000000000
112321  -25.542  4.984  -39.973 0.0000000000
121937  -26.194  5.753  -39.790 0.0000000000
66516  -27.414  6.343  -39.296 0.0000000000
66507  -28.971  6.424  -38.515 0.0000000000
65718  -29.238  5.790  -38.232 0.0000000000
59860  -28.567  -1.469  -37.456 0.0000000000
112728  -24.550  -10.467  -34.977 0.0000000000
51841  -24.724  -9.970  -35.444 0.0000000000
113189  -23.388  2.051  -38.239 0.0000000000
62494  -25.526  2.195  -39.730 0.0000000000
119661  -26.014  1.839  -39.816 0.0000000000
103780  -25.562  1.423  -39.673 0.0000000000
104488  -26.197  1.152  -39.708 0.0000000000
61684  -26.450  0.235  -39.562 0.0000000000
105769  -27.065  -0.269  -39.294 0.0000000000
59872  -27.578  -1.523  -38.418 0.0000000000
58989  -25.338  -2.371  -39.142 0.0000000000
58092  -25.379  -3.298  -38.833 0.0000000000
58103  -25.999  -2.760  -39.239 0.0000000000
59002  -25.879  -1.978  -39.432 0.0000000000
59871  -26.900  -1.955  -38.933 0.0000000000
117794  -28.053  -1.481  -37.915 0.0000000000
59859  -27.984  -2.055  -37.790 0.0000000000
58979  -28.543  -2.406  -37.189 0.0000000000
58080  -27.847  -3.811  -37.299 0.0000000000
58071  -28.468  -3.280  -36.899 0.0000000000
70616  -28.782  11.164  -41.307 0.0000000000
68994  -24.611  9.338  -39.321 0.0000000000
68193  -24.201  8.724  -39.212 0.0000000000
68997  -27.714  9.451  -39.614 0.0000000000
66512  -24.398  6.690  -39.468 0.0000000000
112148  -25.894  7.720  -39.626 0.0000000000
112719  -26.782  7.757  -39.462 0.0000000000
69766  -29.325  9.921  -39.934 0.0000000000
63305  -26.858  2.489  -39.626 0.0000000000
63306  -27.570  2.419  -39.278 0.0000000000
63297  -28.223  2.469  -38.805 0.0000000000
63298  -28.751  2.632  -38.367 0.0000000000
56310  -21.775  -5.169  -34.861 0.0000000000
56323  -22.397  -5.580  -35.500 0.0000000000
55454  -23.355  -6.486  -36.177 0.0000000000
52689  -24.931  -8.974  -36.254 0.0000000000
53685  -25.348  -8.221  -36.663 0.0000000000
53686  -26.034  -8.176  -36.445 0.0000000000
110048  -25.994  -7.642  -36.909 0.0000000000
54638  -25.852  -6.934  -37.325 0.0000000000
55467  -26.372  -6.255  -37.432 0.0000000000
55468  -26.908  -6.145  -37.038 0.0000000000
59003  -26.385  -2.202  -39.263 0.0000000000
64097  -25.336  3.779  -39.875 0.0000000000
65723  -24.960  5.413  -39.856 0.0000000000
67362  -24.187  7.391  -39.277 0.0000000000
121789  -27.035  0.306  -39.392 0.0000000000
