#!ascii label  , from subject sub-v2s7x29661_ses-1 vox2ras=TkReg
844
121391  23.750  -17.940  46.773 0.0000000000
53307  42.406  -3.587  38.469 0.0000000000
53380  47.048  -2.733  31.276 0.0000000000
45742  52.403  -12.150  33.354 0.0000000000
40985  32.344  -17.213  43.339 0.0000000000
121361  27.312  -21.651  46.085 0.0000000000
54264  44.716  -2.279  35.040 0.0000000000
51493  42.932  -6.065  37.980 0.0000000000
50703  47.048  -6.631  38.273 0.0000000000
43871  37.281  -14.946  45.145 0.0000000000
61690  50.556  6.166  26.067 0.0000000000
57985  46.947  1.766  30.975 0.0000000000
125070  47.570  1.696  34.416 0.0000000000
52373  47.296  -4.053  35.457 0.0000000000
39117  27.556  -19.548  44.717 0.0000000000
39071  25.071  -19.708  46.271 0.0000000000
54237  43.436  -2.260  36.366 0.0000000000
52375  44.339  -4.190  35.191 0.0000000000
52364  42.889  -5.085  37.942 0.0000000000
44752  44.026  -13.480  42.317 0.0000000000
39084  31.453  -19.494  45.100 0.0000000000
42928  34.663  -16.056  44.164 0.0000000000
39081  34.060  -18.752  43.866 0.0000000000
63353  48.114  7.271  27.192 0.0000000000
108064  49.321  4.853  26.716 0.0000000000
61671  48.364  5.497  28.991 0.0000000000
57052  45.272  0.128  32.498 0.0000000000
119627  44.558  0.664  31.030 0.0000000000
56177  47.330  0.129  31.329 0.0000000000
56200  48.461  -0.376  28.935 0.0000000000
54326  46.869  -2.547  28.880 0.0000000000
49904  49.056  -7.781  36.160 0.0000000000
54234  48.063  -2.809  36.164 0.0000000000
54259  49.854  -3.025  34.248 0.0000000000
124891  48.000  -1.400  33.610 0.0000000000
52388  49.547  -4.981  33.744 0.0000000000
50743  47.667  -6.318  35.860 0.0000000000
103876  50.990  -10.608  33.106 0.0000000000
39973  30.183  -19.618  45.605 0.0000000000
56124  43.888  -0.540  33.547 0.0000000000
53370  46.033  -2.629  33.207 0.0000000000
53344  45.682  -3.916  33.662 0.0000000000
51517  43.926  -5.358  34.264 0.0000000000
114517  41.522  -10.731  44.177 0.0000000000
116958  44.208  -10.330  42.250 0.0000000000
48340  47.340  -9.282  38.002 0.0000000000
45679  50.829  -12.600  35.462 0.0000000000
103796  51.692  -17.328  33.321 0.0000000000
46481  38.763  -11.251  45.069 0.0000000000
122676  39.644  -14.993  45.301 0.0000000000
59834  50.888  3.790  24.082 0.0000000000
59787  46.293  3.169  29.211 0.0000000000
58874  48.526  2.460  29.245 0.0000000000
56216  47.173  -0.594  26.608 0.0000000000
119646  44.676  -4.048  38.169 0.0000000000
51476  45.008  -5.414  38.033 0.0000000000
50715  44.181  -7.434  38.954 0.0000000000
39958  23.200  -18.214  47.026 0.0000000000
39975  24.290  -18.439  46.433 0.0000000000
38194  24.171  -19.551  46.585 0.0000000000
54225  43.133  -2.950  37.339 0.0000000000
53319  43.410  -3.818  37.016 0.0000000000
53306  42.653  -4.278  38.385 0.0000000000
39970  32.509  -19.149  44.537 0.0000000000
62526  46.444  6.407  26.559 0.0000000000
61679  48.018  6.302  28.416 0.0000000000
61680  46.949  5.802  28.149 0.0000000000
55186  47.020  -1.210  31.925 0.0000000000
56160  46.906  -0.291  31.898 0.0000000000
55185  47.367  -1.841  31.256 0.0000000000
55197  47.803  -1.518  30.517 0.0000000000
48364  51.013  -9.795  34.867 0.0000000000
51488  49.314  -5.800  35.641 0.0000000000
49147  51.118  -8.905  34.105 0.0000000000
52402  50.102  -4.369  33.374 0.0000000000
103839  52.297  -8.977  32.775 0.0000000000
103706  50.901  -7.912  32.892 0.0000000000
117957  52.058  -11.803  32.312 0.0000000000
119678  28.895  -19.374  44.921 0.0000000000
38189  28.807  -20.648  45.647 0.0000000000
37235  29.733  -21.066  45.633 0.0000000000
55152  43.531  -1.269  34.878 0.0000000000
56108  43.311  -0.844  34.097 0.0000000000
56107  44.070  -0.919  34.191 0.0000000000
55162  45.260  -1.065  33.707 0.0000000000
55150  44.986  -1.622  34.319 0.0000000000
110243  45.744  -2.922  33.834 0.0000000000
53345  45.309  -3.165  34.471 0.0000000000
126030  43.092  -5.313  37.041 0.0000000000
51504  43.700  -5.022  35.145 0.0000000000
51505  43.043  -5.582  36.218 0.0000000000
111500  42.760  -6.199  35.747 0.0000000000
50732  42.899  -6.518  36.969 0.0000000000
45540  41.935  -12.311  44.194 0.0000000000
47409  43.104  -10.150  43.251 0.0000000000
46492  43.322  -11.656  43.112 0.0000000000
46513  45.229  -11.485  41.203 0.0000000000
47469  49.276  -11.062  37.060 0.0000000000
42927  35.359  -15.721  44.401 0.0000000000
44725  37.115  -13.905  44.294 0.0000000000
44724  37.854  -13.602  45.096 0.0000000000
121378  38.942  -13.061  45.222 0.0000000000
42915  38.441  -14.763  45.318 0.0000000000
63391  49.240  7.642  25.255 0.0000000000
59822  50.824  4.448  24.938 0.0000000000
59808  48.279  3.499  26.203 0.0000000000
57986  46.146  1.611  30.893 0.0000000000
58001  45.070  1.430  29.624 0.0000000000
58000  45.755  1.883  30.126 0.0000000000
58885  45.603  2.382  28.782 0.0000000000
58876  46.973  3.061  30.084 0.0000000000
59785  47.737  3.773  29.975 0.0000000000
105772  48.122  2.213  30.009 0.0000000000
55237  47.557  -1.398  28.002 0.0000000000
56215  47.759  -0.379  27.184 0.0000000000
50695  46.278  -6.829  39.375 0.0000000000
52333  46.698  -4.464  38.300 0.0000000000
103465  48.110  -0.139  35.472 0.0000000000
103921  47.024  0.774  36.195 0.0000000000
54261  47.385  -2.325  34.571 0.0000000000
54262  47.025  -1.450  34.913 0.0000000000
120634  46.645  -2.705  35.815 0.0000000000
53318  45.574  -3.463  37.334 0.0000000000
53317  46.131  -3.891  36.783 0.0000000000
53304  45.314  -4.393  37.651 0.0000000000
52363  45.965  -4.826  37.122 0.0000000000
49925  47.660  -7.095  36.110 0.0000000000
50729  47.075  -6.642  36.556 0.0000000000
49906  45.669  -7.739  37.720 0.0000000000
49908  44.119  -7.933  39.107 0.0000000000
118790  26.275  -19.977  45.871 0.0000000000
38191  25.998  -21.032  46.196 0.0000000000
37252  26.010  -21.699  46.140 0.0000000000
37240  25.004  -20.597  46.343 0.0000000000
54251  44.085  -2.202  35.836 0.0000000000
53332  44.754  -3.355  35.187 0.0000000000
111830  43.880  -2.873  36.423 0.0000000000
104831  32.145  -17.738  44.432 0.0000000000
41940  33.492  -16.470  43.358 0.0000000000
41907  33.605  -17.232  44.429 0.0000000000
40952  34.495  -17.414  44.457 0.0000000000
118699  35.876  -17.337  44.607 0.0000000000
41903  37.176  -16.420  45.190 0.0000000000
39982  35.445  -18.084  43.777 0.0000000000
62523  49.601  7.033  26.886 0.0000000000
60781  49.840  5.744  26.633 0.0000000000
61677  49.469  6.383  27.316 0.0000000000
60774  48.938  4.940  28.594 0.0000000000
59800  48.961  3.685  28.050 0.0000000000
57053  44.341  0.134  32.290 0.0000000000
57064  44.929  0.529  31.773 0.0000000000
57062  46.525  1.044  31.417 0.0000000000
57072  47.453  0.906  30.897 0.0000000000
57080  48.113  0.685  30.209 0.0000000000
56192  48.365  -0.184  29.763 0.0000000000
55224  47.424  -1.862  28.645 0.0000000000
49905  48.316  -7.030  36.859 0.0000000000
51475  47.523  -5.230  37.270 0.0000000000
52360  48.449  -4.792  36.269 0.0000000000
54247  48.866  -2.629  35.143 0.0000000000
117886  49.144  -0.151  33.897 0.0000000000
57051  48.158  1.153  33.442 0.0000000000
56138  49.835  -0.948  31.714 0.0000000000
54272  48.758  -2.498  33.080 0.0000000000
111387  47.926  -4.312  34.809 0.0000000000
52374  47.238  -4.909  35.836 0.0000000000
51516  48.651  -5.662  34.737 0.0000000000
49149  49.156  -8.024  34.934 0.0000000000
107783  49.154  -9.104  35.937 0.0000000000
39129  28.489  -19.365  43.523 0.0000000000
40001  29.956  -18.856  44.547 0.0000000000
40974  31.065  -18.302  44.524 0.0000000000
39085  31.367  -19.224  46.505 0.0000000000
37233  31.722  -21.117  47.080 0.0000000000
56142  44.515  -0.250  33.013 0.0000000000
55175  45.755  -0.879  33.130 0.0000000000
54284  46.466  -2.374  32.592 0.0000000000
53369  46.339  -3.352  32.539 0.0000000000
52417  45.691  -4.602  32.860 0.0000000000
51532  45.228  -5.174  32.997 0.0000000000
52391  45.042  -4.079  34.407 0.0000000000
52392  44.540  -4.822  34.304 0.0000000000
124633  41.422  -9.253  44.078 0.0000000000
49086  43.215  -8.648  43.066 0.0000000000
49101  44.633  -8.282  41.623 0.0000000000
49108  46.188  -8.247  40.039 0.0000000000
46502  44.375  -11.702  42.095 0.0000000000
114939  46.264  -9.096  39.943 0.0000000000
49116  47.165  -8.045  38.844 0.0000000000
115462  48.284  -8.921  36.863 0.0000000000
48353  50.049  -9.848  35.280 0.0000000000
45725  51.963  -12.861  34.362 0.0000000000
103426  53.123  -14.540  33.207 0.0000000000
43969  52.060  -14.620  34.360 0.0000000000
47387  40.288  -10.712  45.140 0.0000000000
44708  40.650  -12.556  45.129 0.0000000000
43867  40.216  -15.017  44.844 0.0000000000
40948  37.746  -16.904  45.004 0.0000000000
41921  39.390  -16.300  44.210 0.0000000000
59833  51.392  3.823  23.686 0.0000000000
114181  45.852  4.048  27.795 0.0000000000
60768  47.069  4.714  29.155 0.0000000000
59784  48.288  3.911  29.593 0.0000000000
58020  48.579  1.921  27.689 0.0000000000
57087  48.567  0.332  28.447 0.0000000000
57096  48.615  1.107  27.987 0.0000000000
58032  47.255  0.790  26.200 0.0000000000
118445  47.148  -2.388  37.118 0.0000000000
53305  44.127  -3.770  38.645 0.0000000000
52335  42.932  -5.018  39.566 0.0000000000
51467  42.867  -5.639  39.547 0.0000000000
51477  43.555  -6.176  39.199 0.0000000000
51478  42.855  -6.312  39.424 0.0000000000
106386  46.633  -5.940  36.714 0.0000000000
50731  44.774  -6.483  38.330 0.0000000000
50717  43.010  -6.946  38.948 0.0000000000
49920  43.096  -7.320  37.406 0.0000000000
122866  51.931  -14.302  32.386 0.0000000000
46615  50.508  -11.571  33.695 0.0000000000
40935  23.232  -17.809  47.003 0.0000000000
39957  23.863  -18.402  46.732 0.0000000000
61684  46.273  5.805  27.178 0.0000000000
60776  46.136  4.999  27.665 0.0000000000
54297  46.971  -2.137  31.954 0.0000000000
54308  47.359  -2.206  30.693 0.0000000000
47503  51.971  -10.615  34.132 0.0000000000
110764  51.223  -9.492  34.305 0.0000000000
48371  51.878  -9.907  34.043 0.0000000000
49929  51.616  -8.615  33.895 0.0000000000
47512  52.446  -10.824  32.846 0.0000000000
103849  52.259  -10.377  32.345 0.0000000000
108095  52.816  -12.504  32.806 0.0000000000
38190  27.139  -20.803  46.004 0.0000000000
116335  27.838  -20.763  45.835 0.0000000000
37237  27.556  -21.197  46.013 0.0000000000
55136  44.060  -1.717  35.262 0.0000000000
55151  44.335  -1.411  34.666 0.0000000000
54263  45.299  -2.368  34.321 0.0000000000
44722  41.965  -13.246  44.195 0.0000000000
46479  42.533  -11.773  43.685 0.0000000000
45560  42.560  -12.686  43.712 0.0000000000
42917  36.224  -15.473  44.888 0.0000000000
43879  35.876  -14.929  44.201 0.0000000000
43878  36.679  -14.558  44.584 0.0000000000
44712  37.465  -14.329  45.156 0.0000000000
43870  37.941  -14.297  45.255 0.0000000000
118969  37.788  -15.054  45.294 0.0000000000
62531  50.822  6.629  25.660 0.0000000000
62540  50.300  7.296  25.359 0.0000000000
61689  51.246  5.917  25.428 0.0000000000
123957  51.125  5.183  25.271 0.0000000000
58867  46.557  2.214  30.430 0.0000000000
58877  46.119  2.476  29.762 0.0000000000
122805  47.715  2.959  30.154 0.0000000000
57999  47.336  2.356  30.443 0.0000000000
55238  46.859  -1.780  27.482 0.0000000000
56208  47.417  -1.041  27.289 0.0000000000
51457  46.682  -6.339  38.830 0.0000000000
51458  46.522  -5.412  38.772 0.0000000000
112533  47.090  -5.856  38.410 0.0000000000
103586  48.172  1.005  35.135 0.0000000000
103622  48.051  2.901  34.227 0.0000000000
123752  47.184  -3.412  35.363 0.0000000000
54249  47.065  -2.880  35.299 0.0000000000
53331  46.729  -3.462  35.890 0.0000000000
52362  46.690  -4.358  36.243 0.0000000000
49141  47.820  -7.998  36.176 0.0000000000
49918  47.220  -7.479  36.656 0.0000000000
49134  46.549  -7.995  37.238 0.0000000000
39091  25.433  -19.617  46.025 0.0000000000
39090  25.926  -19.562  45.659 0.0000000000
39070  25.977  -20.297  45.963 0.0000000000
38192  25.365  -20.461  46.168 0.0000000000
37239  25.687  -21.093  46.217 0.0000000000
55127  43.027  -1.805  36.159 0.0000000000
55137  43.524  -1.736  35.708 0.0000000000
108419  31.745  -18.253  44.626 0.0000000000
40954  32.726  -17.670  44.421 0.0000000000
40934  32.407  -18.207  44.565 0.0000000000
39969  33.553  -18.548  44.254 0.0000000000
40932  33.940  -17.921  44.436 0.0000000000
39968  34.384  -18.023  44.296 0.0000000000
41905  35.258  -17.021  44.734 0.0000000000
40951  35.141  -17.590  44.395 0.0000000000
107966  35.788  -17.658  44.182 0.0000000000
62533  47.553  7.301  26.384 0.0000000000
63380  48.369  7.556  26.353 0.0000000000
63379  49.001  7.692  25.963 0.0000000000
62524  48.938  7.256  27.216 0.0000000000
62516  49.132  6.791  27.555 0.0000000000
61678  48.889  6.152  28.196 0.0000000000
119781  46.543  0.434  31.834 0.0000000000
107705  47.983  -0.009  30.531 0.0000000000
54325  47.362  -2.174  29.351 0.0000000000
55213  47.914  -1.543  29.545 0.0000000000
50712  48.581  -6.177  36.461 0.0000000000
119846  48.984  -6.962  36.241 0.0000000000
53328  49.713  -3.811  34.650 0.0000000000
53329  49.089  -3.416  35.247 0.0000000000
54260  49.238  -2.323  34.502 0.0000000000
103823  49.108  -1.023  34.284 0.0000000000
56104  49.526  -1.618  34.033 0.0000000000
125779  50.057  -0.088  33.129 0.0000000000
55171  50.189  -1.333  32.964 0.0000000000
52403  49.962  -4.442  33.092 0.0000000000
53368  49.761  -3.054  32.505 0.0000000000
52404  48.971  -4.122  33.684 0.0000000000
53342  48.373  -3.823  34.173 0.0000000000
52389  48.722  -4.805  34.366 0.0000000000
52390  48.170  -5.130  35.026 0.0000000000
51515  49.115  -5.458  34.322 0.0000000000
103425  51.389  -9.649  32.658 0.0000000000
49148  49.933  -8.095  34.108 0.0000000000
103863  50.645  -9.130  33.317 0.0000000000
48373  49.730  -9.004  34.465 0.0000000000
103430  50.101  -10.007  34.111 0.0000000000
39130  27.695  -19.432  43.803 0.0000000000
39116  28.338  -19.462  44.416 0.0000000000
39987  29.231  -19.534  45.267 0.0000000000
110315  29.453  -19.127  44.956 0.0000000000
39986  30.129  -19.039  45.197 0.0000000000
112965  30.549  -18.517  44.106 0.0000000000
40000  30.535  -18.676  44.739 0.0000000000
39985  30.877  -18.727  45.048 0.0000000000
39972  30.876  -19.324  45.610 0.0000000000
56143  43.691  -0.227  32.770 0.0000000000
54285  45.925  -1.669  33.194 0.0000000000
55174  46.418  -1.316  32.598 0.0000000000
52405  46.000  -3.962  32.897 0.0000000000
52406  45.205  -4.725  33.609 0.0000000000
51533  44.589  -5.414  33.493 0.0000000000
48284  42.011  -9.384  44.088 0.0000000000
49076  42.437  -8.764  43.441 0.0000000000
48296  42.516  -9.703  43.509 0.0000000000
48304  44.229  -9.503  42.187 0.0000000000
49092  44.181  -8.645  42.159 0.0000000000
48317  44.729  -9.031  41.672 0.0000000000
49882  45.518  -8.016  40.690 0.0000000000
48327  45.681  -8.792  40.640 0.0000000000
44737  43.720  -12.874  42.819 0.0000000000
45576  44.083  -12.276  42.379 0.0000000000
48325  46.922  -10.276  39.555 0.0000000000
48326  46.357  -9.883  40.036 0.0000000000
104134  46.724  -9.476  39.344 0.0000000000
48335  46.533  -8.631  39.278 0.0000000000
49120  47.267  -8.367  38.122 0.0000000000
119328  47.492  -7.741  37.449 0.0000000000
118557  47.604  -8.617  37.386 0.0000000000
46574  49.874  -11.066  36.354 0.0000000000
47481  49.297  -10.571  36.247 0.0000000000
47494  50.512  -10.927  35.620 0.0000000000
46593  51.059  -11.183  35.218 0.0000000000
45701  51.446  -12.948  34.990 0.0000000000
44867  51.838  -13.752  34.498 0.0000000000
44854  51.292  -13.848  35.149 0.0000000000
42929  34.116  -16.228  43.743 0.0000000000
42942  34.038  -15.998  42.961 0.0000000000
42941  34.638  -15.699  43.416 0.0000000000
46482  38.462  -12.115  44.541 0.0000000000
103672  38.849  -10.492  44.949 0.0000000000
103702  39.109  -10.607  45.134 0.0000000000
48271  39.751  -10.096  45.163 0.0000000000
46470  39.174  -11.287  45.203 0.0000000000
44710  39.502  -13.709  45.251 0.0000000000
106744  39.761  -12.864  45.222 0.0000000000
109801  39.902  -14.383  45.169 0.0000000000
44709  40.332  -13.541  45.049 0.0000000000
40949  37.289  -17.021  45.103 0.0000000000
118360  51.325  4.351  24.353 0.0000000000
58925  51.031  3.095  23.387 0.0000000000
57074  43.937  0.334  30.535 0.0000000000
58886  45.151  2.094  27.823 0.0000000000
58895  45.646  3.095  28.074 0.0000000000
59801  45.355  3.487  27.281 0.0000000000
59795  46.374  3.921  28.693 0.0000000000
60769  46.439  4.557  28.332 0.0000000000
59786  46.991  3.924  29.608 0.0000000000
58875  48.175  3.141  29.802 0.0000000000
107110  48.532  3.272  29.291 0.0000000000
58884  48.778  2.826  28.488 0.0000000000
58019  48.709  1.912  28.500 0.0000000000
57079  48.492  0.504  29.411 0.0000000000
57097  48.203  0.245  27.489 0.0000000000
57107  47.640  0.149  26.708 0.0000000000
58031  48.069  1.106  26.976 0.0000000000
53302  47.746  -3.855  36.873 0.0000000000
53303  47.200  -3.461  37.319 0.0000000000
118037  47.687  -2.130  36.326 0.0000000000
56122  47.730  -0.710  33.770 0.0000000000
55135  46.632  -1.376  35.603 0.0000000000
54223  44.992  -3.088  37.864 0.0000000000
52334  43.603  -4.711  39.079 0.0000000000
52348  44.182  -5.067  38.625 0.0000000000
51503  47.696  -5.460  35.591 0.0000000000
51490  47.223  -5.707  36.162 0.0000000000
50714  45.430  -7.100  37.856 0.0000000000
50730  46.148  -6.461  37.299 0.0000000000
50716  43.394  -6.947  39.259 0.0000000000
49909  43.447  -7.698  39.138 0.0000000000
49127  43.425  -8.178  37.671 0.0000000000
103417  53.199  -15.896  32.624 0.0000000000
103419  53.157  -14.643  32.197 0.0000000000
117912  52.001  -15.612  32.378 0.0000000000
39974  25.075  -18.974  46.130 0.0000000000
39956  24.671  -18.989  46.407 0.0000000000
38193  24.708  -19.922  46.435 0.0000000000
117071  24.361  -19.190  46.567 0.0000000000
39072  23.728  -18.873  46.817 0.0000000000
54238  42.809  -2.123  36.788 0.0000000000
52349  42.732  -5.193  39.376 0.0000000000
38184  32.447  -20.798  46.714 0.0000000000
39083  31.728  -20.022  44.902 0.0000000000
38203  32.504  -20.256  44.233 0.0000000000
62525  47.248  6.984  26.925 0.0000000000
62518  47.859  6.857  27.699 0.0000000000
62519  47.102  6.467  27.586 0.0000000000
61672  47.580  5.473  28.895 0.0000000000
118695  46.504  -0.569  32.344 0.0000000000
56161  46.151  0.128  32.288 0.0000000000
56159  47.509  -0.930  31.311 0.0000000000
56176  47.892  -0.673  30.776 0.0000000000
54319  47.493  -2.167  30.041 0.0000000000
109378  50.239  -9.064  35.119 0.0000000000
49917  49.375  -7.384  35.633 0.0000000000
111736  50.098  -8.273  34.996 0.0000000000
124879  49.939  -6.003  35.229 0.0000000000
113757  50.062  -4.666  34.680 0.0000000000
54271  50.232  -2.935  33.478 0.0000000000
52387  50.159  -5.010  33.983 0.0000000000
50752  51.079  -6.991  33.975 0.0000000000
50768  51.181  -7.221  33.420 0.0000000000
50761  50.191  -6.666  33.714 0.0000000000
118044  52.187  -8.960  32.271 0.0000000000
103768  52.186  -10.218  32.181 0.0000000000
103717  51.937  -11.096  32.275 0.0000000000
39105  28.241  -19.676  45.209 0.0000000000
39089  27.660  -19.976  45.649 0.0000000000
125069  28.533  -19.911  45.526 0.0000000000
39088  29.313  -19.896  45.560 0.0000000000
39087  30.233  -20.017  45.803 0.0000000000
38188  29.938  -20.525  45.624 0.0000000000
55163  44.604  -0.681  33.654 0.0000000000
124607  44.643  -1.073  34.130 0.0000000000
54274  45.594  -1.989  33.819 0.0000000000
52376  43.512  -4.570  36.331 0.0000000000
51518  43.150  -5.764  34.862 0.0000000000
46480  41.789  -11.490  44.216 0.0000000000
122133  42.562  -10.340  43.558 0.0000000000
108395  42.891  -10.891  43.372 0.0000000000
47408  43.598  -10.749  42.795 0.0000000000
45575  44.683  -12.312  41.926 0.0000000000
48334  47.357  -9.955  38.784 0.0000000000
48345  48.125  -9.625  37.621 0.0000000000
47470  48.362  -10.495  37.353 0.0000000000
46557  49.385  -11.314  36.740 0.0000000000
42940  35.243  -15.366  43.825 0.0000000000
118745  36.898  -13.632  43.511 0.0000000000
45544  37.644  -13.265  43.852 0.0000000000
45543  37.934  -12.772  44.889 0.0000000000
45527  38.238  -12.976  45.130 0.0000000000
45542  38.615  -12.172  45.131 0.0000000000
44711  38.370  -13.571  45.241 0.0000000000
43869  38.746  -13.969  45.222 0.0000000000
61695  51.717  6.187  24.639 0.0000000000
60799  51.578  5.124  24.849 0.0000000000
57063  45.398  1.043  31.151 0.0000000000
57073  44.636  0.870  30.183 0.0000000000
57987  45.364  1.367  30.411 0.0000000000
58009  45.488  1.943  29.367 0.0000000000
56207  48.114  -0.590  27.959 0.0000000000
50688  45.282  -6.604  40.496 0.0000000000
103790  48.122  -1.484  35.715 0.0000000000
103776  47.587  -1.327  36.233 0.0000000000
103458  47.465  0.177  36.006 0.0000000000
103758  47.262  2.494  35.557 0.0000000000
54273  48.020  -2.059  33.731 0.0000000000
55149  47.518  -1.426  34.202 0.0000000000
54250  46.836  -2.121  35.358 0.0000000000
54235  46.458  -2.032  36.180 0.0000000000
54236  45.784  -2.531  37.096 0.0000000000
107379  46.271  -3.002  36.534 0.0000000000
49919  46.450  -7.175  37.160 0.0000000000
49907  44.835  -7.656  38.422 0.0000000000
39107  26.776  -19.583  45.146 0.0000000000
113271  26.860  -19.879  45.669 0.0000000000
115293  27.037  -20.040  45.735 0.0000000000
39069  26.742  -20.452  45.904 0.0000000000
110140  26.855  -21.149  46.142 0.0000000000
37238  26.443  -21.437  46.150 0.0000000000
37253  25.257  -21.335  46.095 0.0000000000
113868  24.421  -20.127  46.443 0.0000000000
121971  44.373  -2.809  35.737 0.0000000000
53333  44.177  -3.563  36.010 0.0000000000
43875  42.288  -14.822  43.850 0.0000000000
40972  32.296  -17.405  44.079 0.0000000000
41941  32.858  -16.773  42.912 0.0000000000
41908  32.903  -17.269  44.310 0.0000000000
41924  33.647  -16.719  44.156 0.0000000000
41923  34.285  -16.686  44.411 0.0000000000
40933  33.201  -18.240  44.462 0.0000000000
40953  33.843  -17.580  44.458 0.0000000000
41906  34.728  -16.820  44.569 0.0000000000
42918  35.397  -16.313  44.703 0.0000000000
41904  36.185  -16.537  45.012 0.0000000000
42916  37.150  -15.696  45.218 0.0000000000
40950  36.485  -17.302  44.736 0.0000000000
40971  36.342  -17.510  44.085 0.0000000000
39999  35.706  -18.168  43.468 0.0000000000
63378  49.689  7.425  26.105 0.0000000000
62532  50.265  6.881  26.183 0.0000000000
108163  49.987  6.478  26.624 0.0000000000
60782  49.262  5.537  27.635 0.0000000000
59807  49.028  4.275  27.146 0.0000000000
58902  48.595  3.352  26.987 0.0000000000
58893  48.569  2.730  27.398 0.0000000000
57065  44.067  0.302  31.439 0.0000000000
116806  45.814  0.650  31.916 0.0000000000
57984  47.684  1.573  30.450 0.0000000000
120242  48.241  -0.866  30.110 0.0000000000
124995  48.310  -0.854  29.422 0.0000000000
111960  48.048  -1.134  28.729 0.0000000000
112908  47.186  -1.848  28.041 0.0000000000
50702  47.394  -6.842  37.544 0.0000000000
51465  47.311  -5.949  37.673 0.0000000000
124065  47.794  -5.697  37.262 0.0000000000
52346  48.039  -4.585  36.968 0.0000000000
53315  48.119  -3.444  36.245 0.0000000000
112374  49.073  -4.966  35.827 0.0000000000
53314  48.617  -3.825  35.789 0.0000000000
54248  48.279  -2.320  35.639 0.0000000000
124217  48.356  -1.309  35.227 0.0000000000
117874  48.532  -0.335  34.889 0.0000000000
117873  48.733  1.050  34.152 0.0000000000
117885  48.789  1.233  33.575 0.0000000000
103676  49.040  1.098  33.258 0.0000000000
104082  48.732  0.540  32.651 0.0000000000
56121  48.311  -1.004  33.164 0.0000000000
54282  50.031  -2.305  32.357 0.0000000000
54283  49.574  -2.190  32.292 0.0000000000
55161  48.567  -1.778  32.999 0.0000000000
53357  48.126  -2.919  33.927 0.0000000000
53343  47.553  -3.391  34.750 0.0000000000
118683  47.693  -4.775  35.343 0.0000000000
51502  48.134  -5.972  35.372 0.0000000000
103742  49.561  -7.171  34.448 0.0000000000
119368  48.899  -6.680  34.794 0.0000000000
125552  48.436  -6.791  35.319 0.0000000000
49924  48.112  -7.248  35.671 0.0000000000
49140  48.493  -8.069  35.602 0.0000000000
124850  31.886  -17.444  42.924 0.0000000000
40017  30.594  -18.438  43.054 0.0000000000
40987  31.156  -18.019  43.848 0.0000000000
40986  31.768  -17.587  43.598 0.0000000000
40955  31.460  -18.295  44.693 0.0000000000
39984  31.137  -18.920  45.230 0.0000000000
39064  31.724  -19.277  46.851 0.0000000000
107108  30.892  -19.756  47.019 0.0000000000
39065  31.447  -19.543  47.048 0.0000000000
108479  31.896  -19.677  47.109 0.0000000000
56123  45.201  -0.457  33.138 0.0000000000
56141  45.919  -0.381  32.761 0.0000000000
120725  46.808  -2.913  32.008 0.0000000000
52416  46.057  -4.129  32.291 0.0000000000
120742  45.977  -3.397  33.215 0.0000000000
110981  42.016  -7.932  43.733 0.0000000000
49875  44.179  -7.822  42.098 0.0000000000
48295  43.169  -9.357  43.180 0.0000000000
49874  44.562  -7.501  41.377 0.0000000000
49881  45.857  -7.245  40.164 0.0000000000
49889  46.938  -7.162  38.921 0.0000000000
108977  43.131  -12.972  43.304 0.0000000000
46491  43.867  -11.648  42.583 0.0000000000
47427  44.864  -9.957  41.637 0.0000000000
47426  45.336  -10.715  41.149 0.0000000000
121524  45.433  -9.914  41.090 0.0000000000
48316  45.279  -9.287  41.185 0.0000000000
49897  47.254  -7.494  38.274 0.0000000000
49123  48.322  -7.928  37.006 0.0000000000
49132  49.009  -8.483  36.164 0.0000000000
47482  48.360  -9.858  37.160 0.0000000000
48354  49.042  -9.329  36.283 0.0000000000
117031  49.389  -8.843  35.474 0.0000000000
47493  51.122  -10.437  35.201 0.0000000000
47504  51.579  -10.935  34.704 0.0000000000
110102  52.207  -12.159  34.051 0.0000000000
118060  52.638  -12.940  33.230 0.0000000000
44866  52.334  -13.321  33.746 0.0000000000
118033  52.576  -14.974  33.749 0.0000000000
43048  52.146  -15.507  34.233 0.0000000000
43958  51.298  -14.601  35.215 0.0000000000
42074  52.006  -15.850  34.898 0.0000000000
41957  33.452  -16.316  42.338 0.0000000000
43887  35.224  -15.031  43.025 0.0000000000
118027  40.954  -8.995  44.243 0.0000000000
47401  40.407  -10.176  44.524 0.0000000000
47400  40.852  -10.549  44.406 0.0000000000
45526  39.256  -12.161  45.122 0.0000000000
46468  40.569  -11.647  45.038 0.0000000000
47386  41.125  -11.167  44.667 0.0000000000
45541  41.320  -12.683  44.420 0.0000000000
44723  40.961  -13.380  44.387 0.0000000000
107233  40.852  -15.137  44.255 0.0000000000
104121  38.108  -15.699  45.191 0.0000000000
41901  38.655  -16.096  45.117 0.0000000000
41922  38.357  -16.616  45.000 0.0000000000
42914  39.580  -15.625  44.685 0.0000000000
40957  23.174  -17.457  46.514 0.0000000000
59847  51.391  3.180  23.111 0.0000000000
60775  46.830  5.153  28.480 0.0000000000
60767  47.893  4.939  29.447 0.0000000000
60760  47.572  4.379  29.627 0.0000000000
60759  48.043  4.396  29.723 0.0000000000
60766  48.377  4.649  29.307 0.0000000000
59794  48.747  3.930  29.014 0.0000000000
58894  48.161  2.035  26.935 0.0000000000
120890  48.250  1.282  29.896 0.0000000000
57998  48.595  1.392  29.117 0.0000000000
52336  42.736  -4.501  39.580 0.0000000000
52347  47.292  -4.366  37.462 0.0000000000
53294  43.220  -4.444  39.397 0.0000000000
108106  42.663  -5.829  39.254 0.0000000000
51491  46.653  -5.222  36.536 0.0000000000
51492  45.903  -5.705  37.347 0.0000000000
103422  53.152  -13.611  32.011 0.0000000000
103418  51.992  -13.579  32.316 0.0000000000
123906  51.329  -12.066  32.893 0.0000000000
118024  51.306  -14.321  33.049 0.0000000000
117913  50.790  -13.364  33.497 0.0000000000
103651  50.894  -12.345  33.344 0.0000000000
47505  50.330  -10.725  33.863 0.0000000000
36341  31.101  -21.140  46.910 0.0000000000
38185  32.062  -20.471  46.879 0.0000000000
38186  31.415  -20.206  47.149 0.0000000000
39063  32.269  -19.959  46.937 0.0000000000
39066  30.627  -20.108  45.807 0.0000000000
39067  29.554  -20.213  45.609 0.0000000000
39068  28.354  -20.276  45.643 0.0000000000
39082  32.972  -19.390  44.162 0.0000000000
39086  30.950  -19.771  46.291 0.0000000000
39971  31.235  -18.993  45.179 0.0000000000
40973  31.653  -17.830  44.287 0.0000000000
41902  37.865  -16.414  45.264 0.0000000000
41925  32.898  -16.914  43.808 0.0000000000
42093  52.188  -16.391  34.090 0.0000000000
42919  34.864  -16.331  44.473 0.0000000000
43036  51.807  -15.053  34.831 0.0000000000
43037  51.361  -15.189  35.164 0.0000000000
43868  39.172  -14.457  45.218 0.0000000000
43877  40.680  -14.164  44.346 0.0000000000
43957  51.636  -14.407  34.765 0.0000000000
43968  52.414  -14.136  33.792 0.0000000000
44739  42.595  -13.493  43.441 0.0000000000
45525  40.000  -12.096  45.120 0.0000000000
45558  43.676  -12.175  42.806 0.0000000000
45559  43.144  -12.369  43.252 0.0000000000
45702  51.099  -12.023  35.085 0.0000000000
45703  50.413  -11.776  35.563 0.0000000000
45726  51.664  -12.197  34.616 0.0000000000
46467  41.290  -11.975  44.648 0.0000000000
46469  39.766  -11.429  45.109 0.0000000000
46501  44.837  -11.738  41.669 0.0000000000
46612  52.243  -11.678  33.712 0.0000000000
46613  51.976  -11.469  34.303 0.0000000000
46614  51.561  -11.592  34.807 0.0000000000
46635  52.378  -11.474  33.246 0.0000000000
47388  39.496  -10.610  45.140 0.0000000000
47399  42.293  -10.889  44.058 0.0000000000
47416  44.740  -10.933  41.784 0.0000000000
47417  43.619  -9.877  42.675 0.0000000000
47458  48.025  -10.126  38.213 0.0000000000
47502  52.247  -11.054  33.594 0.0000000000
47506  49.737  -10.718  34.556 0.0000000000
48285  41.144  -9.914  44.240 0.0000000000
48286  40.296  -9.668  44.309 0.0000000000
48305  43.632  -9.063  42.558 0.0000000000
48315  45.899  -10.334  40.617 0.0000000000
48341  47.154  -8.948  38.782 0.0000000000
48372  51.424  -10.164  34.493 0.0000000000
48378  52.378  -9.887  32.724 0.0000000000
48379  52.221  -10.309  33.438 0.0000000000
49077  41.600  -8.552  44.058 0.0000000000
49093  43.495  -8.261  42.507 0.0000000000
49100  45.156  -8.547  41.233 0.0000000000
49131  49.662  -8.219  35.292 0.0000000000
49139  50.571  -8.887  34.318 0.0000000000
49146  51.700  -9.264  34.046 0.0000000000
49151  52.018  -8.991  33.531 0.0000000000
49890  46.426  -7.731  39.336 0.0000000000
49916  49.810  -7.706  35.275 0.0000000000
49922  50.475  -8.228  34.327 0.0000000000
49923  50.119  -7.594  34.972 0.0000000000
49930  51.108  -7.944  34.097 0.0000000000
49931  48.712  -7.317  35.182 0.0000000000
49934  51.403  -7.847  33.604 0.0000000000
49935  50.612  -7.053  33.404 0.0000000000
49939  52.010  -8.280  33.228 0.0000000000
50687  45.850  -6.306  40.008 0.0000000000
50713  48.049  -6.099  37.226 0.0000000000
50727  49.702  -6.897  35.285 0.0000000000
50728  49.260  -6.442  36.021 0.0000000000
50740  50.331  -7.204  34.434 0.0000000000
50741  50.145  -6.746  34.987 0.0000000000
50742  48.082  -6.638  35.567 0.0000000000
50753  50.378  -6.456  34.264 0.0000000000
50754  49.574  -6.305  34.228 0.0000000000
50760  50.610  -6.731  33.619 0.0000000000
51466  47.171  -5.197  38.059 0.0000000000
51474  48.256  -5.434  36.844 0.0000000000
51489  48.907  -5.580  36.189 0.0000000000
51501  49.659  -5.144  35.236 0.0000000000
51514  50.154  -5.674  34.511 0.0000000000
51530  50.290  -5.624  33.890 0.0000000000
51531  49.942  -5.693  33.617 0.0000000000
52359  49.220  -4.321  35.328 0.0000000000
52361  48.222  -4.115  36.329 0.0000000000
53316  47.560  -3.022  36.717 0.0000000000
53330  48.462  -3.103  35.651 0.0000000000
53354  50.238  -3.855  33.990 0.0000000000
53355  49.320  -3.409  33.011 0.0000000000
53356  48.905  -3.298  33.338 0.0000000000
53366  50.046  -3.683  33.146 0.0000000000
53367  50.042  -3.749  32.726 0.0000000000
54246  49.319  -3.013  34.759 0.0000000000
54281  50.264  -2.207  32.876 0.0000000000
54296  50.189  -1.747  32.607 0.0000000000
55134  48.652  -1.818  35.037 0.0000000000
55148  49.884  -2.300  33.969 0.0000000000
55160  50.170  -1.951  33.404 0.0000000000
55172  50.140  -1.640  32.124 0.0000000000
55173  49.086  -1.328  32.439 0.0000000000
55184  50.177  -1.098  32.418 0.0000000000
56093  48.673  -1.078  34.747 0.0000000000
56120  49.950  -1.184  33.527 0.0000000000
56137  50.146  -0.613  33.081 0.0000000000
56139  48.777  -0.323  32.544 0.0000000000
56140  48.273  0.099  33.266 0.0000000000
56156  50.094  -0.192  32.595 0.0000000000
56157  50.190  -0.352  32.123 0.0000000000
56158  49.293  0.381  32.218 0.0000000000
56175  49.947  0.430  32.342 0.0000000000
57026  47.084  1.978  35.999 0.0000000000
57050  49.686  0.076  33.203 0.0000000000
57059  49.814  0.159  32.851 0.0000000000
57060  49.333  0.543  32.712 0.0000000000
57061  49.181  0.834  32.791 0.0000000000
57071  49.708  0.308  32.681 0.0000000000
58807  47.184  3.042  35.594 0.0000000000
62517  48.598  6.810  27.808 0.0000000000
63366  49.184  7.464  26.561 0.0000000000
103420  52.325  -12.865  32.202 0.0000000000
103421  53.122  -14.218  31.707 0.0000000000
103423  53.116  -15.021  32.528 0.0000000000
103427  52.604  -11.861  33.007 0.0000000000
103428  52.367  -11.127  32.467 0.0000000000
103429  52.120  -8.332  32.645 0.0000000000
103457  47.744  1.055  33.759 0.0000000000
103628  49.546  -0.540  33.480 0.0000000000
103630  47.087  2.052  34.459 0.0000000000
103671  48.694  0.313  34.413 0.0000000000
103691  51.473  -7.991  32.572 0.0000000000
103697  51.673  -16.887  32.737 0.0000000000
103716  47.228  1.882  34.978 0.0000000000
103726  48.311  0.983  34.564 0.0000000000
103780  53.049  -13.292  32.623 0.0000000000
103794  52.151  -9.403  32.084 0.0000000000
103806  52.490  -15.872  33.430 0.0000000000
103832  51.760  -7.656  33.065 0.0000000000
103844  53.240  -15.066  32.128 0.0000000000
103846  52.984  -13.704  33.179 0.0000000000
103854  53.179  -15.717  32.072 0.0000000000
103867  51.689  -8.569  32.333 0.0000000000
103870  53.130  -15.332  33.058 0.0000000000
103873  53.162  -14.150  32.426 0.0000000000
103878  47.157  1.206  35.945 0.0000000000
103881  52.423  -11.954  32.407 0.0000000000
103898  53.127  -13.846  31.978 0.0000000000
103910  48.239  -0.851  35.348 0.0000000000
104049  47.276  0.875  35.824 0.0000000000
104855  50.235  -6.239  33.671 0.0000000000
105982  50.628  -10.053  33.381 0.0000000000
106037  31.338  -17.810  42.955 0.0000000000
106914  45.209  -7.323  40.887 0.0000000000
107080  50.165  -5.100  33.499 0.0000000000
107084  42.059  -10.151  44.138 0.0000000000
107244  50.498  -10.088  35.194 0.0000000000
107249  33.274  -17.737  44.475 0.0000000000
108399  45.797  -9.514  40.623 0.0000000000
108818  49.413  -10.039  35.021 0.0000000000
108990  44.296  -12.878  42.207 0.0000000000
109117  49.075  -6.044  34.511 0.0000000000
109834  50.081  -3.065  32.571 0.0000000000
110400  48.536  -6.286  35.023 0.0000000000
110463  46.177  -6.058  39.415 0.0000000000
111693  42.085  -14.109  43.932 0.0000000000
111835  52.143  -9.583  33.414 0.0000000000
112462  34.189  -17.124  44.536 0.0000000000
115421  50.128  -0.826  32.676 0.0000000000
115686  51.191  -7.355  32.819 0.0000000000
116576  52.242  -16.602  33.274 0.0000000000
117272  26.560  -20.752  46.025 0.0000000000
117701  48.266  3.107  33.901 0.0000000000
117706  49.057  0.978  34.033 0.0000000000
117718  48.206  0.831  35.131 0.0000000000
117776  47.541  1.371  35.171 0.0000000000
117816  48.084  1.533  33.999 0.0000000000
117821  47.913  0.409  35.415 0.0000000000
117822  51.218  -11.337  32.959 0.0000000000
117823  51.410  -13.165  32.851 0.0000000000
117848  48.258  1.104  34.791 0.0000000000
117872  49.178  0.337  33.566 0.0000000000
117875  39.159  -10.012  45.079 0.0000000000
117887  49.489  0.367  32.814 0.0000000000
117902  52.213  -9.532  32.221 0.0000000000
117947  51.806  -12.369  32.428 0.0000000000
117954  47.796  2.682  33.634 0.0000000000
117955  47.335  1.954  34.161 0.0000000000
117956  51.790  -10.344  32.340 0.0000000000
117971  48.338  0.350  35.027 0.0000000000
117996  47.350  2.300  34.579 0.0000000000
118030  52.221  -11.025  32.258 0.0000000000
118032  52.468  -16.436  32.653 0.0000000000
118036  47.837  -0.734  35.971 0.0000000000
118119  47.600  1.409  34.805 0.0000000000
118161  48.358  3.631  33.905 0.0000000000
118176  49.051  -0.189  34.358 0.0000000000
118177  49.231  0.546  33.184 0.0000000000
119210  50.189  -10.647  35.588 0.0000000000
119721  44.157  -11.006  42.309 0.0000000000
119730  49.408  -0.921  33.962 0.0000000000
120238  38.997  -15.299  45.282 0.0000000000
120247  45.053  -7.922  41.243 0.0000000000
120671  52.995  -12.721  32.251 0.0000000000
121710  52.288  -12.685  33.718 0.0000000000
121747  32.151  -18.862  44.683 0.0000000000
122118  41.470  -13.908  44.166 0.0000000000
122285  43.714  -13.904  42.272 0.0000000000
123799  49.046  -1.580  34.536 0.0000000000
124307  47.176  -2.974  37.249 0.0000000000
124346  34.206  -16.442  44.199 0.0000000000
124645  50.273  -8.645  33.742 0.0000000000
124994  50.225  -4.380  34.143 0.0000000000
125392  26.486  -20.246  45.884 0.0000000000
125662  48.748  -4.352  36.012 0.0000000000
125893  50.330  -11.237  36.062 0.0000000000
