#!ascii label  , from subject sub-v2s7x29661_ses-1 vox2ras=TkReg
1795
10036  39.229  -56.774  -20.249 0.2000000030
109253  40.290  -56.773  -20.528 0.2000000030
9432  39.140  -57.810  -20.202 0.2000000030
11408  43.322  -55.744  -20.912 0.1000000015
112831  37.685  -56.885  -19.502 0.3000000119
10664  39.954  -55.908  -20.378 0.2000000030
10663  41.153  -56.169  -20.598 0.1000000015
10035  40.057  -57.591  -20.472 0.2000000030
11409  42.302  -55.447  -20.547 0.1000000015
114420  43.518  -54.816  -20.503 0.1000000015
12158  44.447  -54.051  -20.481 0.1000000015
11407  44.111  -55.014  -20.906 0.1000000015
13624  44.356  -52.859  -21.903 0.1000000015
12176  44.615  -54.412  -21.007 0.1000000015
12185  44.733  -53.973  -21.502 0.1000000015
13625  43.547  -52.513  -22.346 0.2000000030
106342  43.768  -53.061  -22.584 0.1000000015
12880  42.738  -53.161  -19.714 0.1000000015
12867  44.167  -52.592  -19.618 0.1000000015
119065  40.839  -54.921  -20.298 0.2000000030
12159  43.654  -53.984  -20.115 0.1000000015
12160  42.305  -54.286  -20.209 0.1000000015
115030  44.789  -53.253  -20.321 0.1000000015
13607  44.390  -52.195  -21.525 0.1000000015
13609  41.755  -51.878  -22.002 0.2000000030
13608  43.206  -51.854  -21.965 0.2000000030
13610  40.481  -52.070  -21.808 0.1000000015
13626  42.334  -52.353  -22.603 0.2000000030
13611  39.416  -52.311  -21.564 0.2000000030
13629  38.898  -52.849  -22.032 0.1000000015
12897  37.971  -52.942  -21.777 0.1000000015
12879  44.422  -53.336  -19.987 0.1000000015
13582  44.611  -51.595  -19.670 0.1000000015
12896  44.932  -52.774  -21.061 0.1000000015
14299  39.931  -51.644  -21.106 0.2000000030
13595  38.858  -51.847  -20.941 0.2000000030
13596  37.866  -51.962  -20.928 0.2000000030
13612  38.455  -52.468  -21.374 0.2000000030
12898  37.246  -52.807  -21.536 0.1000000015
12899  36.493  -52.783  -21.636 0.2000000030
12866  44.815  -52.568  -19.970 0.1000000015
13594  44.848  -52.129  -20.499 0.1000000015
14296  44.204  -51.443  -21.142 0.2000000030
14283  42.034  -50.636  -20.873 0.2000000030
14298  41.142  -51.369  -21.378 0.3000000119
14300  36.414  -51.389  -21.283 0.3000000119
13630  35.535  -52.497  -21.929 0.2000000030
13631  34.837  -52.479  -22.606 0.2000000030
104022  35.682  -53.784  -22.907 0.2000000030
14284  40.559  -50.726  -20.659 0.3000000119
14297  42.648  -51.242  -21.467 0.2000000030
14980  36.789  -50.463  -21.198 0.3000000119
14981  35.955  -50.660  -21.589 0.3000000119
120463  35.379  -49.928  -22.711 0.3000000119
14982  35.345  -50.774  -22.145 0.3000000119
14310  35.022  -51.645  -22.296 0.2000000030
12920  34.751  -53.076  -22.955 0.2000000030
12939  34.604  -53.391  -23.605 0.2000000030
15713  35.920  -49.128  -22.229 0.4000000060
15705  36.338  -49.691  -21.603 0.3000000119
14285  39.285  -51.048  -20.603 0.2000000030
14286  38.233  -51.174  -20.683 0.2000000030
15003  34.999  -50.324  -23.507 0.3000000119
14311  34.574  -51.759  -22.985 0.2000000030
14320  34.394  -51.926  -23.635 0.2000000030
16454  35.675  -48.784  -23.011 0.3000000119
15015  35.331  -49.882  -24.373 0.2000000030
15027  35.335  -50.304  -25.290 0.2000000030
15727  35.691  -49.360  -25.160 0.2000000030
15743  35.995  -49.801  -26.050 0.1000000015
15016  34.810  -50.683  -24.355 0.2000000030
14334  34.315  -51.612  -25.383 0.2000000030
111686  34.706  -51.002  -25.064 0.2000000030
13646  34.253  -52.556  -24.046 0.2000000030
17226  35.519  -47.801  -24.678 0.3000000119
105081  35.556  -48.450  -23.924 0.3000000119
118330  35.722  -47.430  -25.614 0.2000000030
109360  35.833  -48.404  -25.363 0.3000000119
17238  36.118  -47.481  -26.287 0.2000000030
120486  35.442  -49.421  -23.621 0.3000000119
15734  36.187  -49.028  -25.984 0.1000000015
15742  36.680  -49.487  -26.826 0.1000000015
16474  36.631  -48.680  -26.643 0.1000000015
15039  35.596  -50.501  -26.256 0.1000000015
18010  35.183  -46.899  -24.977 0.3000000119
18018  35.448  -46.478  -25.633 0.2000000030
117480  35.788  -45.968  -26.212 0.2000000030
111908  36.700  -45.097  -27.130 0.2000000030
107250  37.258  -45.246  -27.611 0.1000000015
108671  36.331  -46.313  -26.725 0.1000000015
18802  36.770  -45.824  -27.226 0.1000000015
18026  36.426  -47.113  -26.766 0.1000000015
17237  36.540  -47.882  -26.712 0.1000000015
15741  37.150  -48.986  -27.149 0.1000000015
15749  37.479  -49.469  -27.590 0.1000000015
19598  37.967  -45.552  -28.190 0.1000000015
18810  38.755  -45.956  -28.564 0.1000000015
18801  37.417  -46.157  -27.757 0.1000000015
18036  37.568  -47.102  -27.771 0.1000000015
17245  36.974  -47.518  -27.272 0.1000000015
117519  38.429  -47.723  -28.236 0.1000000015
16484  37.694  -48.796  -27.638 0.1000000015
17244  37.670  -47.999  -27.665 0.1000000015
18809  39.473  -45.573  -28.862 0.1000000015
111234  38.798  -48.569  -28.494 0.1000000015
112126  38.617  -44.996  -28.489 0.1000000015
12895  44.888  -53.542  -20.789 0.1000000015
13628  39.881  -52.579  -22.334 0.1000000015
16320  46.547  -48.478  -9.757 0.5000000000
16308  47.213  -48.626  -8.327 0.5000000000
17054  47.154  -47.403  -9.321 0.5000000000
16334  46.289  -47.760  -10.283 0.5000000000
17070  45.369  -47.403  -10.795 0.5000000000
15571  43.825  -49.496  -6.617 0.2000000030
123076  44.454  -49.399  -6.751 0.2000000030
110231  44.303  -48.764  -7.049 0.3000000119
15570  45.222  -49.294  -6.933 0.3000000119
16297  46.832  -48.127  -7.889 0.5000000000
17040  47.213  -47.663  -8.565 0.5000000000
17821  47.038  -46.663  -8.894 0.5000000000
17839  47.002  -46.829  -9.541 0.5000000000
17852  46.275  -46.183  -10.390 0.5000000000
17069  46.248  -47.036  -10.536 0.5000000000
16335  44.748  -47.954  -10.714 0.5000000000
17071  44.329  -47.367  -11.224 0.5000000000
15603  44.464  -48.705  -10.202 0.5000000000
14171  43.564  -51.134  -9.715 0.5000000000
16299  43.383  -48.884  -6.884 0.3000000119
17027  44.768  -47.849  -7.539 0.3000000119
17041  46.649  -47.199  -8.220 0.5000000000
17853  45.308  -46.064  -11.078 0.5000000000
17084  44.783  -46.813  -11.326 0.5000000000
16336  43.873  -48.048  -10.828 0.5000000000
107494  42.967  -48.138  -11.029 0.5000000000
12053  42.817  -54.177  -12.273 0.4000000060
12806  42.227  -53.541  -11.559 0.5000000000
12789  42.871  -52.965  -11.165 0.5000000000
14180  42.876  -51.711  -10.098 0.5000000000
14860  43.341  -50.098  -9.651 0.5000000000
12070  41.946  -54.990  -12.506 0.4000000060
15572  42.821  -49.545  -6.403 0.3000000119
17028  43.503  -48.031  -7.463 0.4000000060
17043  44.271  -47.034  -7.942 0.4000000060
17822  46.352  -46.259  -8.601 0.5000000000
18600  45.969  -45.369  -8.916 0.5000000000
18621  46.195  -45.441  -9.433 0.5000000000
18635  45.858  -45.435  -10.348 0.5000000000
18622  45.626  -44.746  -9.125 0.5000000000
19399  45.028  -44.121  -10.008 0.5000000000
122568  44.686  -45.567  -11.284 0.5000000000
17869  44.279  -46.315  -11.581 0.5000000000
16349  43.386  -47.462  -11.457 0.5000000000
15605  42.284  -48.702  -10.528 0.6000000238
13513  42.255  -52.314  -10.578 0.5000000000
14172  42.508  -50.758  -9.764 0.5000000000
14861  42.344  -49.643  -9.917 0.5000000000
11343  42.842  -56.429  -13.649 0.4000000060
11329  42.428  -55.657  -13.170 0.4000000060
12054  41.481  -54.184  -11.919 0.5000000000
14135  37.715  -50.584  -6.228 0.1000000015
15558  38.545  -49.571  -5.301 0.1000000015
16291  38.485  -48.899  -5.488 0.1000000015
15557  39.243  -49.250  -5.476 0.1000000015
16290  39.222  -48.527  -6.110 0.1000000015
16301  40.049  -48.895  -5.986 0.1000000015
107416  39.984  -48.141  -6.754 0.1000000015
17032  39.842  -47.514  -7.388 0.1000000015
16288  41.784  -49.183  -6.384 0.2000000030
16289  40.940  -48.496  -6.740 0.1000000015
16300  42.601  -48.645  -6.978 0.3000000119
112003  45.120  -45.939  -8.422 0.5000000000
17029  42.401  -47.828  -7.559 0.4000000060
17044  43.096  -47.062  -7.988 0.4000000060
19370  45.084  -44.588  -8.847 0.4000000060
19389  45.004  -44.035  -9.223 0.5000000000
19400  44.278  -43.729  -10.304 0.5000000000
18637  44.566  -44.675  -10.902 0.5000000000
16350  42.652  -47.578  -11.541 0.5000000000
14181  41.634  -51.452  -10.164 0.5000000000
12790  41.716  -52.877  -11.056 0.5000000000
117632  41.360  -55.530  -12.869 0.4000000060
10632  42.450  -57.327  -14.664 0.5000000000
14831  34.319  -50.277  -6.622 0.1000000015
14840  34.755  -50.718  -7.209 0.1000000015
14829  36.188  -49.863  -6.326 0.1000000015
14828  37.125  -49.869  -5.852 0.1000000015
112215  37.879  -49.812  -5.442 0.1000000015
125161  37.988  -49.250  -5.309 0.1000000015
16292  37.629  -48.684  -5.528 0.1000000015
15559  37.383  -49.276  -5.414 0.1000000015
17016  38.341  -48.100  -6.256 0.1000000015
18603  40.251  -45.435  -8.599 0.2000000030
109896  39.852  -44.575  -8.733 0.2000000030
15556  40.836  -49.380  -5.906 0.1000000015
17031  40.591  -47.643  -7.438 0.1000000015
17047  40.188  -46.947  -7.952 0.1000000015
17030  41.476  -47.734  -7.527 0.2000000030
17046  41.087  -47.002  -8.048 0.1000000015
17824  41.620  -46.235  -8.371 0.2000000030
18602  41.243  -45.419  -8.559 0.2000000030
113991  39.445  -43.704  -8.775 0.2000000030
17045  42.054  -47.020  -8.082 0.2000000030
17823  42.825  -46.006  -8.390 0.3000000119
119675  43.272  -43.853  -8.627 0.3000000119
20107  43.947  -43.005  -8.925 0.4000000060
19390  44.364  -43.368  -9.160 0.5000000000
104842  41.338  -49.237  -10.269 0.5000000000
20123  43.950  -42.891  -9.573 0.4000000060
15607  39.562  -49.422  -10.486 0.5000000000
16340  39.988  -48.718  -10.743 0.5000000000
16339  40.747  -48.517  -10.832 0.5000000000
109530  39.239  -50.374  -10.453 0.5000000000
108912  40.046  -50.238  -10.252 0.5000000000
15606  40.372  -49.367  -10.378 0.5000000000
18653  42.786  -45.888  -11.926 0.5000000000
18652  43.805  -45.472  -11.603 0.5000000000
124397  40.852  -52.759  -11.084 0.5000000000
14183  39.857  -51.250  -10.500 0.5000000000
14182  40.713  -50.847  -10.165 0.5000000000
16352  41.084  -47.760  -11.491 0.5000000000
111245  41.102  -53.395  -11.429 0.5000000000
14869  41.508  -50.327  -9.918 0.5000000000
16337  42.291  -48.010  -11.228 0.6000000238
13514  41.194  -52.221  -10.674 0.5000000000
10619  42.451  -56.809  -14.041 0.4000000060
14832  33.691  -50.645  -6.359 0.1000000015
15562  34.708  -49.503  -6.162 0.1000000015
15538  35.270  -48.770  -5.695 0.1000000015
16275  34.852  -48.190  -5.384 0.1000000015
14830  35.177  -50.000  -6.642 0.1000000015
15561  35.704  -49.312  -5.992 0.1000000015
15560  36.634  -49.289  -5.674 0.1000000015
124696  36.954  -48.340  -5.630 0.1000000015
104122  37.396  -47.936  -6.110 0.1000000015
17034  37.795  -47.437  -7.017 0.1000000015
17828  37.783  -46.075  -8.201 0.1000000015
17812  39.216  -47.012  -7.740 0.1000000015
17827  38.744  -46.173  -8.271 0.2000000030
18604  39.264  -45.427  -8.586 0.2000000030
17826  39.712  -46.230  -8.330 0.1000000015
19373  42.170  -44.371  -8.586 0.3000000119
20110  41.894  -43.173  -8.611 0.3000000119
20111  40.238  -42.494  -8.646 0.2000000030
19372  43.072  -42.903  -8.621 0.3000000119
114098  41.605  -41.971  -8.564 0.2000000030
20119  43.743  -42.354  -9.031 0.4000000060
20109  42.740  -41.882  -8.745 0.3000000119
20866  43.340  -42.153  -9.536 0.4000000060
20857  42.983  -41.591  -9.017 0.4000000060
16353  38.344  -48.067  -11.516 0.5000000000
17090  38.995  -47.529  -11.718 0.5000000000
113848  40.207  -48.006  -11.278 0.5000000000
17893  37.409  -46.511  -12.630 0.5000000000
17892  38.360  -46.391  -12.302 0.5000000000
17891  39.159  -46.613  -11.958 0.5000000000
17104  39.657  -47.032  -11.830 0.5000000000
17088  40.564  -47.252  -11.730 0.6000000238
19412  43.076  -44.792  -11.570 0.5000000000
19401  43.304  -43.364  -10.673 0.5000000000
18673  38.473  -45.666  -12.294 0.5000000000
18672  39.197  -46.130  -12.011 0.5000000000
17103  40.479  -46.877  -11.820 0.6000000238
16351  41.949  -47.476  -11.677 0.5000000000
17870  43.270  -46.468  -11.850 0.5000000000
17102  41.182  -46.929  -11.890 0.5000000000
17086  42.728  -47.062  -11.828 0.5000000000
9991  41.653  -58.091  -15.505 0.4000000060
10631  42.831  -57.575  -14.004 0.4000000060
17000  33.384  -47.241  -4.635 0.1000000015
123631  34.918  -47.020  -5.882 0.1000000015
15537  36.146  -48.752  -5.583 0.1000000015
17005  35.586  -47.908  -5.507 0.1000000015
17018  35.434  -47.193  -6.067 0.1000000015
16274  35.695  -48.342  -5.530 0.1000000015
17004  36.044  -47.691  -5.842 0.1000000015
17800  36.189  -47.190  -6.525 0.1000000015
17035  36.958  -47.320  -6.844 0.1000000015
108622  37.335  -46.728  -7.618 0.1000000015
18606  37.349  -45.295  -8.487 0.2000000030
19376  37.871  -44.543  -8.723 0.2000000030
113990  38.441  -43.770  -8.789 0.2000000030
22420  37.252  -40.571  -13.907 0.2000000030
22421  36.804  -41.630  -13.991 0.2000000030
21620  36.993  -42.436  -12.891 0.2000000030
21608  36.848  -41.239  -12.384 0.2000000030
21607  37.372  -41.478  -11.649 0.2000000030
21621  36.712  -42.413  -13.917 0.2000000030
20881  37.783  -42.502  -12.022 0.2000000030
20880  38.644  -42.541  -11.642 0.2000000030
21606  38.608  -41.501  -11.138 0.3000000119
20879  39.703  -42.044  -11.210 0.2000000030
20878  40.907  -42.086  -10.933 0.4000000060
20148  37.452  -44.312  -12.940 0.2000000030
20135  37.212  -43.522  -13.038 0.3000000119
20134  38.202  -43.484  -12.163 0.3000000119
124172  38.729  -43.801  -11.945 0.4000000060
113639  39.094  -43.213  -11.719 0.3000000119
20132  40.071  -43.147  -11.531 0.4000000060
115917  41.132  -43.155  -11.353 0.5000000000
20867  42.589  -41.411  -9.516 0.4000000060
20124  42.764  -42.316  -10.296 0.5000000000
114560  37.112  -45.430  -13.252 0.5000000000
19432  36.903  -44.846  -13.493 0.4000000060
19431  37.776  -45.088  -12.728 0.4000000060
20147  38.371  -44.331  -12.244 0.4000000060
20133  39.295  -44.133  -11.875 0.4000000060
19415  40.353  -44.183  -11.729 0.5000000000
115584  39.248  -45.575  -11.993 0.5000000000
18671  40.121  -45.895  -11.892 0.5000000000
17889  40.798  -46.543  -11.853 0.5000000000
17872  41.610  -46.610  -11.940 0.5000000000
18654  41.989  -46.051  -11.992 0.5000000000
110733  42.332  -45.358  -11.848 0.5000000000
17791  33.215  -46.427  -4.727 0.1000000015
17797  33.834  -46.709  -5.160 0.1000000015
18567  33.408  -45.233  -5.677 0.1000000015
17802  34.831  -46.458  -6.399 0.1000000015
17803  34.031  -46.039  -5.906 0.1000000015
18589  34.422  -45.543  -6.725 0.1000000015
18587  35.874  -45.779  -7.783 0.1000000015
123128  35.327  -45.329  -7.690 0.1000000015
17829  36.839  -45.985  -8.094 0.1000000015
18607  36.449  -45.165  -8.342 0.2000000030
19378  36.248  -44.388  -8.422 0.2000000030
19377  37.003  -44.501  -8.624 0.2000000030
20112  39.079  -42.848  -8.723 0.2000000030
23170  36.826  -40.199  -12.927 0.1000000015
22406  36.747  -40.880  -12.811 0.2000000030
20858  41.032  -41.051  -8.579 0.2000000030
23155  37.132  -39.236  -12.945 0.1000000015
110003  36.658  -40.011  -12.225 0.1000000015
22393  36.701  -40.260  -11.841 0.1000000015
21595  37.036  -40.461  -11.127 0.1000000015
20864  42.452  -41.024  -9.052 0.3000000119
21582  42.092  -40.851  -8.889 0.2000000030
109782  39.132  -40.541  -10.321 0.1000000015
21593  39.808  -40.901  -10.473 0.1000000015
20869  40.712  -41.103  -10.391 0.3000000119
19414  41.350  -44.240  -11.630 0.5000000000
20131  42.161  -43.215  -11.071 0.5000000000
19413  42.305  -44.359  -11.527 0.5000000000
19428  40.707  -45.138  -11.872 0.5000000000
19427  41.620  -45.260  -11.870 0.5000000000
18670  41.168  -45.987  -11.941 0.5000000000
18559  32.672  -45.989  -4.272 0.1000000015
19328  32.540  -45.126  -4.421 0.1000000015
19343  32.856  -44.685  -5.104 0.1000000015
19355  33.634  -44.636  -6.227 0.1000000015
19342  33.231  -44.241  -5.780 0.1000000015
18576  33.874  -45.242  -6.301 0.1000000015
19365  34.418  -44.020  -7.190 0.1000000015
18608  35.587  -44.853  -8.062 0.1000000015
19379  35.690  -44.128  -8.198 0.2000000030
20114  36.720  -43.887  -8.599 0.2000000030
20113  37.490  -43.642  -8.714 0.2000000030
118480  38.219  -43.018  -8.713 0.2000000030
20861  37.643  -42.424  -8.480 0.2000000030
20859  39.813  -41.527  -8.522 0.2000000030
23156  36.724  -39.337  -12.190 0.1000000015
21594  38.107  -40.642  -10.627 0.1000000015
22366  40.675  -39.994  -8.858 0.1000000015
21583  41.182  -40.351  -8.815 0.2000000030
21584  40.435  -40.358  -8.609 0.2000000030
116943  37.929  -40.020  -10.091 0.1000000015
21592  41.281  -40.481  -9.497 0.2000000030
21589  42.040  -40.744  -9.143 0.2000000030
19313  32.091  -43.752  -3.641 0.1000000015
112373  32.461  -44.196  -4.456 0.1000000015
20837  33.191  -42.259  -3.771 0.1000000015
20087  32.822  -43.654  -5.147 0.1000000015
20847  33.190  -42.902  -5.259 0.1000000015
20850  33.716  -43.053  -6.045 0.1000000015
20094  34.306  -43.267  -6.732 0.1000000015
20095  33.749  -43.872  -6.424 0.1000000015
20854  35.539  -42.793  -7.567 0.1000000015
20862  36.142  -42.924  -8.168 0.1000000015
20853  36.223  -42.157  -7.641 0.1000000015
115412  36.781  -43.149  -8.512 0.2000000030
20860  38.692  -42.005  -8.519 0.2000000030
115541  38.301  -41.212  -8.264 0.2000000030
21585  39.323  -40.470  -8.390 0.2000000030
24825  37.404  -37.541  -12.227 0.1000000015
23956  36.880  -38.476  -12.180 0.1000000015
23942  36.529  -38.690  -11.423 0.1000000015
22385  36.737  -39.730  -10.904 0.1000000015
22367  40.021  -39.949  -8.727 0.2000000030
23135  36.462  -38.999  -10.506 0.1000000015
22383  38.986  -39.920  -9.557 0.1000000015
22382  39.945  -40.137  -9.639 0.1000000015
22381  40.729  -39.999  -9.128 0.2000000030
108370  33.918  -42.155  -4.213 0.1000000015
20839  34.446  -42.150  -4.829 0.1000000015
120818  34.641  -42.242  -5.551 0.1000000015
20855  34.952  -42.690  -6.868 0.1000000015
117569  36.838  -42.250  -8.166 0.2000000030
21579  36.833  -41.252  -7.678 0.1000000015
21587  37.564  -41.229  -8.066 0.1000000015
21578  37.387  -40.235  -7.871 0.2000000030
21586  38.342  -40.129  -8.212 0.2000000030
114307  36.118  -37.276  -10.132 0.1000000015
109832  36.251  -38.022  -10.591 0.1000000015
117274  36.220  -38.465  -9.848 0.1000000015
23128  36.565  -38.964  -9.385 0.1000000015
23119  37.417  -39.422  -8.726 0.1000000015
104015  38.436  -39.679  -8.595 0.1000000015
24805  36.671  -37.735  -11.496 0.1000000015
23127  36.963  -39.411  -9.845 0.1000000015
22376  38.100  -39.603  -9.292 0.1000000015
22368  39.259  -39.825  -8.646 0.1000000015
22374  39.930  -39.752  -8.914 0.1000000015
20848  35.170  -42.093  -6.061 0.1000000015
21575  35.674  -41.394  -6.344 0.1000000015
21580  36.163  -41.317  -7.134 0.1000000015
22363  36.517  -40.300  -7.438 0.1000000015
25660  35.491  -36.610  -7.823 0.1000000015
24760  35.539  -37.182  -8.499 0.1000000015
123913  35.501  -38.344  -7.717 0.1000000015
23113  36.283  -39.404  -7.730 0.1000000015
25685  36.237  -36.110  -9.270 0.1000000015
25672  35.786  -36.360  -8.611 0.1000000015
23924  35.706  -37.699  -9.024 0.1000000015
23915  35.572  -38.026  -8.370 0.1000000015
22370  37.060  -39.631  -8.026 0.1000000015
25698  36.357  -36.551  -10.032 0.1000000015
111459  35.830  -36.953  -9.381 0.1000000015
23923  36.003  -38.452  -9.016 0.1000000015
23120  36.542  -39.121  -8.497 0.1000000015
22369  37.785  -39.775  -8.250 0.1000000015
22360  35.509  -40.616  -5.857 0.1000000015
115899  35.553  -40.001  -6.326 0.1000000015
22364  35.858  -40.590  -6.715 0.1000000015
23110  35.292  -39.166  -6.409 0.1000000015
25671  35.924  -35.862  -7.933 0.1000000015
24750  35.322  -37.529  -7.597 0.1000000015
23906  35.227  -38.292  -6.972 0.1000000015
23114  35.652  -38.989  -7.368 0.1000000015
120226  36.240  -35.812  -8.591 0.1000000015
17026  45.940  -47.853  -7.628 0.4000000060
17085  43.789  -46.924  -11.664 0.5000000000
17042  45.575  -46.988  -8.021 0.4000000060
114543  43.826  -46.307  -8.243 0.4000000060
14827  38.505  -50.323  -5.555 0.1000000015
17033  38.562  -47.473  -7.180 0.1000000015
106483  41.828  -48.392  -7.068 0.2000000030
122985  43.423  -45.192  -8.525 0.4000000060
106369  44.029  -44.251  -8.684 0.4000000060
15536  36.865  -48.775  -5.437 0.1000000015
19375  38.818  -44.597  -8.740 0.2000000030
17825  40.660  -46.241  -8.370 0.2000000030
19374  40.951  -44.478  -8.676 0.3000000119
18601  42.920  -44.922  -8.570 0.3000000119
113218  40.614  -43.482  -8.696 0.2000000030
20108  43.444  -42.199  -8.896 0.3000000119
16341  39.196  -48.401  -11.075 0.5000000000
15539  34.268  -49.001  -5.675 0.1000000015
17017  36.645  -47.790  -6.010 0.1000000015
16273  36.296  -48.260  -5.539 0.1000000015
17813  38.239  -46.824  -7.727 0.1000000015
18605  38.285  -45.359  -8.561 0.2000000030
17106  37.955  -47.047  -12.269 0.5000000000
17105  38.737  -46.988  -12.030 0.5000000000
17873  37.079  -47.205  -12.223 0.5000000000
18674  37.657  -45.831  -12.786 0.5000000000
17006  34.111  -47.609  -5.097 0.1000000015
17796  34.480  -46.879  -5.604 0.1000000015
17019  34.902  -47.517  -5.497 0.1000000015
17814  36.449  -46.610  -7.381 0.1000000015
17801  35.615  -46.531  -6.975 0.1000000015
112739  36.503  -43.475  -14.181 0.2000000030
20877  41.954  -42.118  -10.593 0.5000000000
20868  41.727  -41.126  -10.017 0.3000000119
19430  38.806  -44.984  -12.160 0.5000000000
19429  39.741  -45.026  -11.923 0.5000000000
18568  33.008  -45.608  -4.933 0.1000000015
107679  33.498  -46.029  -5.286 0.1000000015
18575  35.100  -45.789  -7.255 0.1000000015
19354  34.108  -44.680  -6.766 0.1000000015
18588  34.801  -44.908  -7.453 0.1000000015
20115  36.160  -43.676  -8.374 0.2000000030
120401  32.183  -44.672  -3.899 0.1000000015
20086  33.310  -43.512  -5.761 0.1000000015
19364  35.108  -44.137  -7.793 0.1000000015
20102  35.547  -43.503  -7.989 0.2000000030
23955  37.452  -38.349  -12.711 0.1000000015
23147  36.614  -39.512  -11.519 0.1000000015
21590  41.346  -40.339  -8.952 0.2000000030
122717  40.571  -40.407  -9.811 0.1000000015
20076  32.542  -43.292  -4.394 0.1000000015
106442  32.494  -42.761  -3.680 0.1000000015
20840  33.531  -42.387  -4.682 0.1000000015
20841  32.873  -42.667  -4.472 0.1000000015
20846  33.901  -42.510  -5.490 0.1000000015
20849  34.380  -42.640  -6.182 0.1000000015
20103  34.925  -43.386  -7.414 0.1000000015
22384  37.238  -39.815  -10.256 0.1000000015
108605  35.641  -42.103  -6.940 0.1000000015
24773  35.950  -37.826  -9.698 0.1000000015
24786  36.495  -37.054  -10.780 0.1000000015
22375  39.068  -39.626  -8.876 0.1000000015
20845  35.083  -41.899  -5.154 0.1000000015
21572  35.409  -41.377  -5.489 0.1000000015
23121  35.889  -38.761  -8.151 0.1000000015
114540  35.861  -39.774  -7.018 0.1000000015
23898  34.906  -38.216  -5.992 0.1000000015
25659  35.610  -36.123  -7.125 0.1000000015
105633  36.666  -35.540  -8.096 0.1000000015
109391  35.246  -36.819  -7.090 0.1000000015
12738  43.684  -53.087  -6.650 0.1000000015
12744  43.376  -53.789  -7.168 0.1000000015
12737  44.556  -53.077  -6.565 0.1000000015
14128  44.774  -51.489  -6.299 0.1000000015
14821  45.285  -50.830  -6.453 0.1000000015
110762  43.203  -51.790  -6.109 0.1000000015
105226  43.342  -51.100  -6.008 0.1000000015
12001  42.141  -54.431  -7.902 0.2000000030
15554  43.556  -50.302  -6.236 0.1000000015
12743  44.378  -53.785  -6.969 0.2000000030
12736  45.384  -53.076  -6.691 0.1000000015
11999  44.269  -54.655  -7.415 0.2000000030
13453  45.666  -52.412  -6.635 0.1000000015
15552  45.533  -50.060  -6.711 0.1000000015
12007  43.746  -55.453  -7.787 0.2000000030
11997  45.629  -53.663  -7.359 0.2000000030
14126  46.120  -51.153  -6.806 0.2000000030
13463  46.078  -52.807  -7.310 0.2000000030
14141  46.175  -51.978  -6.944 0.2000000030
14820  46.016  -50.442  -6.823 0.3000000119
16298  46.149  -48.709  -7.391 0.3000000119
14837  46.515  -50.493  -7.429 0.3000000119
15568  46.831  -48.897  -7.719 0.3000000119
13462  46.397  -52.132  -7.708 0.2000000030
122531  44.872  -56.056  -8.718 0.2000000030
14850  46.605  -50.741  -8.385 0.2000000030
107033  45.405  -54.914  -8.408 0.2000000030
8681  42.344  -59.896  -9.518 0.1000000015
11282  44.174  -56.248  -8.073 0.2000000030
12005  45.611  -54.235  -8.176 0.2000000030
118708  45.186  -54.843  -7.729 0.2000000030
15583  46.998  -49.651  -8.126 0.3000000119
111190  47.100  -49.116  -8.857 0.4000000060
9301  43.180  -57.982  -8.991 0.1000000015
10574  44.266  -56.745  -8.574 0.1000000015
13477  46.259  -52.592  -8.336 0.2000000030
14157  46.387  -51.745  -8.491 0.2000000030
8668  42.102  -59.327  -9.150 0.1000000015
109577  46.887  -49.076  -9.291 0.4000000060
9925  43.687  -57.313  -8.726 0.2000000030
12752  46.004  -53.403  -8.196 0.2000000030
9332  42.933  -59.187  -10.032 0.1000000015
9331  43.409  -58.549  -10.801 0.2000000030
9314  42.674  -58.801  -9.302 0.1000000015
9313  43.344  -58.361  -9.638 0.1000000015
12017  45.394  -55.239  -9.093 0.2000000030
116153  45.948  -52.984  -9.004 0.2000000030
14169  45.888  -52.264  -9.210 0.2000000030
14168  46.172  -51.164  -8.980 0.4000000060
9940  43.830  -57.653  -9.347 0.1000000015
111816  45.458  -51.675  -9.490 0.4000000060
15592  46.126  -49.385  -9.557 0.4000000060
11290  45.166  -55.555  -9.983 0.3000000119
12036  45.450  -54.454  -10.553 0.3000000119
9939  44.692  -56.446  -9.457 0.2000000030
10595  44.860  -55.992  -10.774 0.4000000060
14857  45.936  -50.570  -9.321 0.4000000060
15593  45.112  -49.219  -9.806 0.4000000060
12786  45.532  -53.621  -10.249 0.3000000119
12051  45.096  -54.217  -11.858 0.4000000060
22419  37.967  -40.077  -14.233 0.1000000015
14858  45.146  -50.030  -9.524 0.4000000060
13498  44.929  -52.223  -10.167 0.4000000060
14859  44.293  -50.557  -9.548 0.5000000000
12787  45.196  -53.622  -11.252 0.4000000060
13510  45.239  -52.954  -10.647 0.4000000060
13511  44.533  -52.661  -10.789 0.4000000060
22438  38.449  -40.754  -14.946 0.1000000015
15594  44.239  -49.575  -9.705 0.4000000060
15604  43.328  -48.977  -10.163 0.5000000000
22439  37.656  -41.269  -14.935 0.1000000015
21655  37.330  -42.219  -15.927 0.1000000015
22440  36.861  -42.308  -15.317 0.1000000015
121772  36.427  -42.839  -15.065 0.1000000015
12745  42.231  -53.709  -7.417 0.1000000015
13455  43.911  -52.360  -6.351 0.1000000015
14822  44.251  -50.925  -6.190 0.1000000015
14129  44.037  -51.647  -6.200 0.1000000015
13464  42.738  -53.019  -6.721 0.1000000015
13456  42.343  -52.134  -6.192 0.1000000015
14823  42.639  -50.508  -5.979 0.1000000015
16321  45.577  -48.404  -10.216 0.4000000060
12009  41.468  -54.797  -8.367 0.1000000015
15591  46.644  -49.932  -8.971 0.3000000119
12016  45.637  -54.374  -9.288 0.2000000030
13497  45.393  -52.476  -9.900 0.3000000119
14170  44.558  -51.415  -9.739 0.4000000060
119565  41.476  -52.138  -6.323 0.1000000015
4905  29.460  -66.958  -9.685 0.1000000015
5387  29.556  -66.135  -10.390 0.1000000015
4912  32.464  -66.612  -11.275 0.1000000015
4902  32.043  -67.378  -10.610 0.1000000015
5377  28.906  -66.518  -9.629 0.1000000015
5388  28.690  -65.660  -10.186 0.1000000015
6436  27.060  -63.805  -9.920 0.1000000015
5909  28.423  -64.685  -10.665 0.1000000015
5276  31.848  -66.044  2.208 0.1000000015
5852  25.168  -64.871  -5.403 0.1000000015
5860  25.305  -64.375  -6.749 0.1000000015
4420  30.633  -67.996  -9.496 0.1000000015
6397  25.851  -64.158  -7.137 0.1000000015
4904  30.141  -67.021  -10.070 0.1000000015
6421  26.816  -64.000  -9.002 0.1000000015
105962  31.559  -68.273  -9.769 0.1000000015
4432  32.925  -67.599  -10.831 0.1000000015
5265  32.591  -65.994  3.125 0.1000000015
4814  31.368  -66.745  1.440 0.1000000015
4312  31.815  -68.121  0.303 0.1000000015
5263  35.127  -65.978  3.994 0.1000000015
5264  33.882  -66.004  3.611 0.1000000015
5275  32.819  -65.490  2.251 0.1000000015
4813  31.888  -66.076  1.143 0.1000000015
3840  31.736  -68.589  -0.682 0.1000000015
4841  27.028  -66.794  -1.614 0.1000000015
5325  25.628  -65.507  -3.516 0.1000000015
4410  29.812  -67.718  -9.207 0.1000000015
4896  29.079  -67.312  -8.912 0.1000000015
5378  28.264  -66.038  -9.204 0.1000000015
3924  31.178  -68.991  -8.650 0.1000000015
4418  33.424  -68.749  -10.300 0.1000000015
4431  33.725  -67.936  -10.946 0.1000000015
4822  31.826  -67.251  0.580 0.1000000015
4311  32.354  -67.744  -0.086 0.1000000015
5780  34.994  -65.522  2.822 0.1000000015
121147  34.067  -65.570  2.864 0.1000000015
5281  32.655  -65.498  0.941 0.1000000015
125380  32.657  -67.507  -0.378 0.1000000015
4322  32.140  -68.222  -0.375 0.1000000015
4337  31.267  -67.940  -1.390 0.1000000015
104977  30.080  -67.364  -1.307 0.1000000015
105098  28.997  -67.183  -1.177 0.1000000015
4838  29.313  -66.387  -1.312 0.1000000015
109645  28.073  -66.989  -1.241 0.1000000015
5302  27.229  -65.358  -1.913 0.1000000015
5324  26.129  -65.311  -2.944 0.1000000015
5839  26.368  -64.781  -3.561 0.1000000015
5851  26.057  -64.560  -5.276 0.1000000015
5869  27.182  -64.940  -7.333 0.1000000015
4409  30.373  -68.478  -8.555 0.1000000015
106620  28.669  -66.745  -9.074 0.1000000015
5366  27.579  -65.387  -7.950 0.1000000015
5888  27.218  -64.702  -8.419 0.1000000015
3923  32.139  -69.371  -9.037 0.1000000015
4419  32.486  -68.545  -10.043 0.1000000015
4335  32.830  -67.751  -1.398 0.1000000015
5792  36.078  -65.284  2.807 0.1000000015
5274  33.611  -65.097  1.821 0.1000000015
4827  33.074  -67.126  -0.628 0.1000000015
4320  33.187  -67.499  -1.251 0.1000000015
4336  32.200  -67.906  -1.482 0.1000000015
4837  30.892  -66.901  -1.539 0.1000000015
5816  28.097  -64.922  -1.855 0.1000000015
5801  34.436  -64.907  1.516 0.1000000015
5280  33.433  -65.137  0.673 0.1000000015
5288  33.515  -65.949  -0.509 0.1000000015
4839  28.419  -66.306  -1.296 0.1000000015
105158  27.962  -65.606  -1.523 0.1000000015
5828  26.726  -64.891  -2.689 0.1000000015
111917  26.803  -64.559  -4.661 0.1000000015
5844  26.255  -64.670  -4.414 0.1000000015
5858  27.026  -64.840  -6.269 0.1000000015
114872  26.889  -64.647  -5.400 0.1000000015
5349  28.320  -66.271  -6.811 0.1000000015
5339  27.835  -65.587  -6.382 0.1000000015
5859  26.158  -64.439  -6.267 0.1000000015
4384  29.814  -67.958  -7.568 0.1000000015
4887  28.619  -66.875  -8.401 0.1000000015
5365  28.086  -66.159  -7.951 0.1000000015
3909  31.151  -68.919  -7.950 0.1000000015
3908  32.097  -69.345  -8.254 0.1000000015
3936  34.099  -69.552  -9.658 0.1000000015
3937  33.109  -69.492  -9.369 0.1000000015
3905  34.866  -68.857  -8.765 0.1000000015
3906  34.121  -69.216  -8.466 0.1000000015
4349  33.540  -67.326  -1.899 0.1000000015
4350  32.753  -67.437  -1.892 0.1000000015
5791  36.849  -64.933  2.999 0.1000000015
5799  35.991  -64.472  1.178 0.1000000015
5800  35.148  -64.670  1.187 0.1000000015
5805  34.963  -64.647  -0.148 0.1000000015
5287  34.460  -66.121  -1.306 0.1000000015
4826  33.710  -67.044  -1.351 0.1000000015
4836  31.921  -67.339  -1.756 0.1000000015
5299  30.533  -65.871  -1.671 0.1000000015
5815  29.037  -64.703  -1.900 0.1000000015
123797  36.155  -64.998  2.075 0.1000000015
5806  34.154  -64.846  0.241 0.1000000015
121135  28.971  -64.042  -2.426 0.1000000015
5827  28.336  -64.272  -2.398 0.1000000015
5838  27.173  -64.362  -3.199 0.1000000015
6375  27.900  -63.963  -2.972 0.1000000015
5843  26.940  -64.448  -3.938 0.1000000015
6387  27.735  -64.118  -3.643 0.1000000015
115656  27.372  -64.390  -4.221 0.1000000015
5338  28.529  -65.961  -6.091 0.1000000015
5331  27.873  -65.193  -5.552 0.1000000015
4396  30.930  -68.455  -7.421 0.1000000015
116415  30.844  -67.694  -7.052 0.1000000015
4383  30.254  -67.963  -7.240 0.1000000015
4875  29.517  -67.334  -7.059 0.1000000015
4382  31.428  -68.077  -7.294 0.1000000015
4876  28.744  -66.927  -7.341 0.1000000015
4395  31.697  -68.740  -7.668 0.1000000015
4885  32.179  -68.000  -7.543 0.1000000015
4394  32.639  -68.918  -7.850 0.1000000015
3907  33.135  -69.448  -8.337 0.1000000015
4391  35.895  -67.459  -8.674 0.1000000015
6346  37.411  -63.973  1.790 0.1000000015
6347  37.212  -64.419  2.544 0.1000000015
5804  35.700  -64.400  -0.527 0.1000000015
4850  32.449  -66.807  -2.185 0.1000000015
6356  36.484  -64.060  0.695 0.1000000015
116216  34.953  -66.944  -2.504 0.1000000015
4849  33.366  -66.970  -2.373 0.1000000015
121347  31.962  -65.911  -2.276 0.1000000015
5814  30.044  -64.919  -1.870 0.1000000015
5312  32.827  -66.013  -2.623 0.1000000015
5825  30.390  -64.345  -2.244 0.1000000015
6373  29.310  -63.590  -2.788 0.1000000015
6374  28.620  -63.735  -2.854 0.1000000015
6386  28.454  -63.698  -3.368 0.1000000015
105346  28.991  -63.423  -3.238 0.1000000015
120946  28.364  -63.799  -3.887 0.1000000015
6392  28.582  -63.875  -4.505 0.1000000015
5849  28.190  -64.739  -5.028 0.1000000015
112363  29.024  -66.166  -5.975 0.1000000015
5857  28.608  -65.450  -5.677 0.1000000015
4874  30.200  -67.212  -6.784 0.1000000015
4873  31.632  -66.985  -7.389 0.1000000015
103980  30.879  -66.786  -6.961 0.1000000015
5363  32.574  -66.785  -7.887 0.1000000015
4884  33.268  -67.829  -7.895 0.1000000015
117458  33.491  -68.942  -8.020 0.1000000015
4393  34.241  -68.333  -8.158 0.1000000015
111252  34.746  -68.500  -8.424 0.1000000015
5321  35.221  -66.323  -3.163 0.1000000015
6355  36.828  -63.709  0.070 0.1000000015
5803  36.325  -64.178  -1.045 0.1000000015
5297  35.393  -65.734  -1.586 0.1000000015
4857  35.101  -66.803  -2.913 0.1000000015
5322  34.377  -65.972  -3.210 0.1000000015
5323  33.462  -65.492  -3.006 0.1000000015
4834  35.195  -66.666  -2.076 0.1000000015
4848  34.365  -66.909  -2.587 0.1000000015
5823  32.655  -64.961  -2.808 0.1000000015
5824  32.044  -63.946  -2.848 0.1000000015
124332  30.280  -63.058  -3.125 0.1000000015
5313  31.937  -65.017  -2.506 0.1000000015
6371  31.095  -64.137  -2.497 0.1000000015
6389  29.002  -63.309  -3.849 0.1000000015
5848  28.781  -64.596  -5.310 0.1000000015
5868  29.809  -64.575  -6.671 0.1000000015
5856  29.205  -65.237  -5.818 0.1000000015
5347  31.190  -65.743  -7.493 0.1000000015
5348  30.346  -66.284  -6.707 0.1000000015
5336  29.711  -65.822  -6.221 0.1000000015
5364  32.098  -65.808  -8.066 0.1000000015
5362  33.324  -66.509  -8.186 0.1000000015
5821  37.314  -64.392  -2.809 0.1000000015
106911  37.550  -63.250  -1.271 0.1000000015
5811  37.139  -64.556  -2.557 0.1000000015
5822  36.831  -65.241  -2.764 0.1000000015
5309  36.408  -65.820  -2.877 0.1000000015
5835  34.973  -65.212  -3.445 0.1000000015
6877  38.359  -63.063  1.610 0.1000000015
6354  37.470  -63.341  0.452 0.1000000015
6364  37.073  -63.873  -1.467 0.1000000015
5295  36.378  -65.861  -2.578 0.1000000015
5310  35.816  -66.332  -2.848 0.1000000015
5836  33.893  -64.844  -3.307 0.1000000015
5837  33.025  -64.427  -3.143 0.1000000015
6912  30.382  -62.702  -3.576 0.1000000015
6385  29.666  -63.104  -3.342 0.1000000015
6913  29.748  -62.610  -4.229 0.1000000015
6391  29.201  -63.399  -5.196 0.1000000015
6396  29.399  -63.771  -6.079 0.1000000015
118362  31.711  -64.804  -8.335 0.1000000015
5867  30.427  -65.174  -7.122 0.1000000015
5886  32.640  -64.995  -8.582 0.1000000015
5885  33.616  -65.489  -8.506 0.1000000015
6363  37.614  -63.741  -2.452 0.1000000015
5833  37.020  -64.825  -2.978 0.1000000015
105130  35.782  -64.869  -3.476 0.1000000015
5834  36.523  -65.004  -3.304 0.1000000015
122344  33.409  -63.914  -3.405 0.1000000015
110754  33.324  -63.024  -3.786 0.1000000015
6383  32.670  -63.471  -3.423 0.1000000015
6910  32.321  -62.632  -3.921 0.1000000015
6919  30.590  -62.206  -4.307 0.1000000015
6923  29.601  -62.532  -5.127 0.1000000015
6934  29.653  -62.714  -6.712 0.1000000015
6928  29.541  -62.652  -5.953 0.1000000015
113457  30.405  -64.049  -7.658 0.1000000015
6404  29.843  -63.320  -7.179 0.1000000015
6419  31.199  -63.755  -8.514 0.1000000015
6435  31.901  -63.132  -9.192 0.1000000015
5887  30.969  -64.668  -7.919 0.1000000015
6418  32.265  -64.056  -8.922 0.1000000015
5896  34.403  -64.642  -8.732 0.1000000015
6416  36.064  -64.036  -8.284 0.1000000015
6370  37.663  -63.671  -2.786 0.1000000015
6380  36.110  -64.046  -3.492 0.1000000015
6382  34.155  -63.955  -3.499 0.1000000015
120135  34.295  -62.856  -3.772 0.1000000015
6362  38.017  -63.075  -2.648 0.1000000015
6381  35.087  -64.012  -3.534 0.1000000015
7460  30.885  -61.633  -4.981 0.1000000015
6922  30.098  -61.975  -4.997 0.1000000015
7467  29.811  -61.909  -5.807 0.1000000015
6948  31.002  -62.690  -8.907 0.1000000015
6420  30.341  -62.977  -8.132 0.1000000015
6434  32.876  -63.386  -9.330 0.1000000015
6433  33.857  -63.578  -9.197 0.1000000015
7499  36.569  -61.701  -8.850 0.1000000015
8077  38.492  -61.403  -8.027 0.1000000015
6905  37.954  -63.150  -2.733 0.1000000015
104805  37.712  -63.022  -3.109 0.1000000015
124651  36.080  -63.118  -3.492 0.1000000015
6909  34.840  -62.287  -3.762 0.1000000015
6916  33.437  -62.199  -4.205 0.1000000015
6379  36.912  -63.612  -3.328 0.1000000015
105497  35.296  -63.091  -3.597 0.1000000015
6917  32.599  -61.937  -4.499 0.1000000015
6918  31.593  -62.054  -4.410 0.1000000015
7459  31.866  -61.455  -4.973 0.1000000015
7470  30.003  -61.311  -6.380 0.1000000015
7476  29.940  -61.272  -7.219 0.1000000015
6933  29.856  -62.154  -7.539 0.1000000015
9946  36.220  -57.798  -10.132 0.1000000015
9319  35.908  -58.538  -10.197 0.1000000015
8699  34.860  -59.459  -10.344 0.1000000015
7516  33.366  -60.853  -10.195 0.1000000015
7502  32.779  -61.367  -9.979 0.1000000015
6949  30.382  -62.021  -8.520 0.1000000015
9318  36.726  -58.573  -9.909 0.1000000015
112968  35.811  -59.807  -10.042 0.1000000015
8092  34.187  -60.290  -10.303 0.1000000015
6961  30.918  -61.923  -9.147 0.1000000015
9945  37.100  -57.760  -9.865 0.1000000015
9317  37.658  -58.648  -9.594 0.1000000015
8685  37.138  -59.381  -9.569 0.1000000015
113872  34.940  -60.975  -10.041 0.1000000015
119294  33.618  -61.731  -9.958 0.1000000015
6959  32.504  -62.558  -9.554 0.1000000015
120962  37.979  -57.768  -9.631 0.1000000015
9944  38.838  -57.939  -9.474 0.1000000015
111017  36.637  -60.026  -9.573 0.1000000015
123438  34.196  -62.267  -9.693 0.1000000015
109553  37.504  -60.190  -9.114 0.1000000015
112141  34.973  -62.324  -9.430 0.1000000015
8683  39.569  -59.212  -9.026 0.1000000015
119432  37.778  -60.855  -8.579 0.1000000015
8672  39.444  -60.445  -8.421 0.1000000015
7452  38.107  -62.258  -3.157 0.1000000015
7453  37.198  -61.972  -3.374 0.1000000015
6908  35.626  -62.356  -3.575 0.1000000015
105468  36.594  -62.611  -3.423 0.1000000015
7455  35.123  -61.568  -3.781 0.1000000015
6915  34.172  -61.664  -4.178 0.1000000015
7457  33.282  -61.401  -4.615 0.1000000015
8049  30.544  -60.885  -6.101 0.1000000015
8082  30.903  -60.495  -9.314 0.1000000015
7490  30.083  -61.215  -8.101 0.1000000015
9334  34.334  -58.766  -10.435 0.1000000015
8093  33.089  -59.955  -10.359 0.1000000015
8094  32.478  -60.567  -10.104 0.1000000015
7505  30.576  -61.240  -8.946 0.1000000015
9947  35.318  -57.805  -10.294 0.1000000015
10585  39.893  -56.144  -9.280 0.1000000015
9943  39.502  -57.377  -9.427 0.1000000015
8035  37.935  -61.327  -3.295 0.1000000015
8036  36.679  -60.926  -3.464 0.1000000015
8041  34.690  -60.766  -4.124 0.1000000015
7454  36.089  -61.662  -3.497 0.1000000015
8043  32.967  -60.709  -5.046 0.1000000015
7458  32.605  -61.279  -4.909 0.1000000015
7465  31.230  -60.943  -5.566 0.1000000015
8051  30.277  -60.672  -6.778 0.1000000015
8689  30.698  -59.772  -9.021 0.1000000015
114534  30.509  -59.724  -8.272 0.1000000015
8054  30.253  -60.413  -7.652 0.1000000015
9963  34.306  -57.919  -10.372 0.1000000015
9336  32.859  -58.297  -10.283 0.1000000015
8688  31.259  -59.744  -9.569 0.1000000015
112861  36.509  -56.888  -9.990 0.1000000015
8081  31.653  -60.474  -9.777 0.1000000015
10587  37.801  -56.126  -9.622 0.1000000015
8037  35.602  -60.757  -3.695 0.1000000015
8042  33.818  -60.583  -4.633 0.1000000015
8047  32.474  -60.159  -5.527 0.1000000015
109738  31.777  -60.364  -5.759 0.1000000015
8660  30.636  -59.616  -7.543 0.1000000015
8648  30.564  -60.066  -6.990 0.1000000015
8673  31.042  -59.111  -9.239 0.1000000015
125956  30.751  -59.240  -8.696 0.1000000015
111980  31.531  -59.049  -9.697 0.1000000015
111207  35.678  -57.131  -10.180 0.1000000015
125722  38.646  -56.131  -9.464 0.1000000015
11291  40.138  -55.542  -9.081 0.1000000015
8622  36.171  -59.821  -3.648 0.1000000015
8627  34.763  -59.330  -4.386 0.1000000015
113740  34.469  -60.028  -4.390 0.1000000015
8628  33.999  -59.483  -4.782 0.1000000015
8046  33.227  -59.923  -5.170 0.1000000015
8637  31.834  -59.673  -6.119 0.1000000015
8647  31.071  -59.578  -6.784 0.1000000015
9306  30.985  -58.612  -8.719 0.1000000015
9320  32.087  -58.519  -10.025 0.1000000015
9321  31.425  -58.314  -9.374 0.1000000015
10589  35.611  -56.396  -10.053 0.1000000015
9964  33.331  -57.742  -10.285 0.1000000015
12010  40.442  -54.828  -8.738 0.1000000015
12753  41.514  -54.042  -7.926 0.1000000015
9266  33.893  -58.717  -5.006 0.1000000015
8635  33.353  -59.076  -5.291 0.1000000015
9276  32.809  -58.561  -5.758 0.1000000015
8636  32.650  -59.388  -5.670 0.1000000015
8646  32.120  -58.859  -6.215 0.1000000015
114173  31.514  -59.079  -6.641 0.1000000015
8659  31.085  -58.970  -7.328 0.1000000015
9294  30.764  -59.027  -8.082 0.1000000015
118697  38.845  -54.989  -9.215 0.1000000015
110083  37.063  -55.805  -9.719 0.1000000015
9965  32.515  -57.714  -10.036 0.1000000015
104375  39.829  -54.316  -8.656 0.1000000015
9275  33.485  -58.281  -5.380 0.1000000015
9286  32.244  -58.015  -6.325 0.1000000015
9929  31.369  -57.318  -8.230 0.1000000015
9911  31.643  -57.434  -7.148 0.1000000015
10578  31.651  -56.603  -8.546 0.1000000015
114518  31.135  -58.200  -7.867 0.1000000015
110175  31.236  -57.931  -8.738 0.1000000015
11294  37.520  -55.319  -9.549 0.1000000015
11295  36.564  -55.212  -9.681 0.1000000015
110964  36.401  -56.029  -9.866 0.1000000015
9948  34.746  -56.940  -10.220 0.1000000015
10596  33.821  -57.160  -10.250 0.1000000015
112976  31.882  -57.772  -9.684 0.1000000015
116712  40.616  -53.986  -8.242 0.1000000015
10590  34.721  -55.931  -10.020 0.1000000015
10577  31.942  -56.034  -8.779 0.1000000015
9287  31.539  -58.391  -6.883 0.1000000015
107942  32.499  -56.519  -9.601 0.1000000015
115101  33.046  -56.058  -9.740 0.1000000015
9951  31.583  -57.340  -9.147 0.1000000015
10591  33.827  -56.378  -10.048 0.1000000015
9950  32.174  -57.116  -9.659 0.1000000015
4861  25.126  -66.280  -3.838 0.1000000015
5840  25.786  -65.014  -4.109 0.1000000015
116092  25.517  -64.530  -5.961 0.1000000015
5386  30.497  -66.227  -10.793 0.1000000015
5870  26.389  -64.386  -7.154 0.1000000015
4903  31.093  -67.080  -10.475 0.1000000015
5379  27.721  -65.384  -8.737 0.1000000015
5889  26.557  -64.231  -8.089 0.1000000015
5898  28.004  -65.153  -9.909 0.1000000015
5910  27.703  -64.258  -10.325 0.1000000015
5899  27.480  -64.621  -9.389 0.1000000015
122040  31.799  -66.282  2.905 0.1000000015
5853  24.837  -64.823  -6.124 0.1000000015
5328  25.210  -65.519  -4.284 0.1000000015
6405  25.963  -63.911  -7.841 0.1000000015
3854  31.815  -68.363  -1.182 0.1000000015
4840  27.530  -66.251  -1.454 0.1000000015
5303  26.831  -66.101  -1.747 0.1000000015
4398  29.714  -68.027  -8.278 0.1000000015
4821  32.424  -66.775  0.144 0.1000000015
5289  32.859  -65.968  -0.012 0.1000000015
3839  32.349  -68.234  -1.012 0.1000000015
104972  30.488  -68.481  -1.186 0.1000000015
107539  30.088  -66.425  -1.435 0.1000000015
5315  27.529  -64.542  -2.476 0.1000000015
5350  27.792  -65.712  -7.252 0.1000000015
4397  30.432  -68.485  -7.819 0.1000000015
4886  29.180  -67.532  -7.872 0.1000000015
5298  31.490  -66.362  -1.896 0.1000000015
5300  29.618  -65.593  -1.541 0.1000000015
5301  28.718  -65.528  -1.503 0.1000000015
5850  27.512  -64.604  -4.771 0.1000000015
4866  28.969  -66.623  -6.513 0.1000000015
4835  34.449  -67.002  -2.018 0.1000000015
5314  31.084  -65.203  -2.073 0.1000000015
5826  29.634  -64.141  -2.287 0.1000000015
5842  27.927  -64.243  -4.262 0.1000000015
5337  29.560  -66.678  -6.432 0.1000000015
5813  36.153  -65.476  -1.915 0.1000000015
5311  33.918  -66.514  -2.882 0.1000000015
6384  30.998  -63.174  -3.010 0.1000000015
6372  30.164  -63.541  -2.696 0.1000000015
114249  32.856  -65.838  -8.290 0.1000000015
112832  34.279  -66.924  -8.228 0.1000000015
106244  36.038  -65.742  -3.241 0.1000000015
4858  34.663  -66.674  -3.012 0.1000000015
5812  36.703  -65.058  -2.252 0.1000000015
5296  35.783  -66.266  -2.329 0.1000000015
105907  31.853  -63.106  -3.357 0.1000000015
109551  29.266  -63.101  -4.559 0.1000000015
6911  31.264  -62.579  -3.724 0.1000000015
5897  33.267  -64.306  -8.943 0.1000000015
122649  36.927  -64.407  -3.263 0.1000000015
6378  37.499  -64.001  -2.985 0.1000000015
124799  32.950  -62.442  -4.153 0.1000000015
7471  29.739  -61.963  -6.639 0.1000000015
6960  31.626  -62.254  -9.389 0.1000000015
6431  35.381  -63.069  -8.952 0.1000000015
6432  34.890  -63.761  -8.912 0.1000000015
6946  36.802  -62.671  -8.250 0.1000000015
7466  30.382  -61.398  -5.631 0.1000000015
6958  33.471  -62.648  -9.606 0.1000000015
7498  37.566  -61.522  -8.325 0.1000000015
6956  35.873  -62.399  -8.937 0.1000000015
8076  38.486  -60.477  -8.584 0.1000000015
8700  33.812  -59.342  -10.432 0.1000000015
8080  35.197  -60.245  -10.140 0.1000000015
108434  32.914  -62.048  -9.824 0.1000000015
7503  32.214  -61.800  -9.719 0.1000000015
7504  31.376  -61.338  -9.508 0.1000000015
123960  34.122  -61.127  -10.139 0.1000000015
111551  37.481  -56.947  -9.755 0.1000000015
7501  34.542  -61.685  -9.840 0.1000000015
7500  35.473  -61.635  -9.490 0.1000000015
8079  35.957  -60.738  -9.612 0.1000000015
10586  39.319  -56.499  -9.410 0.1000000015
106137  37.999  -59.578  -9.201 0.1000000015
9305  40.316  -59.270  -8.907 0.1000000015
8684  38.944  -59.649  -8.957 0.1000000015
8063  30.416  -60.456  -8.585 0.1000000015
114067  32.885  -59.036  -10.355 0.1000000015
8687  32.065  -59.612  -10.095 0.1000000015
11292  39.253  -55.657  -9.274 0.1000000015
7464  32.190  -60.827  -5.323 0.1000000015
8048  31.027  -60.279  -6.270 0.1000000015
11293  38.359  -55.479  -9.421 0.1000000015
12018  39.577  -54.917  -9.004 0.1000000015
14179  43.993  -51.930  -10.160 0.4000000060
11315  44.851  -54.827  -12.425 0.3000000119
12804  44.719  -53.677  -12.039 0.3000000119
108374  44.891  -53.190  -11.356 0.3000000119
13512  43.438  -52.448  -10.659 0.4000000060
8730  35.989  -59.239  -15.108 0.1000000015
9370  36.235  -58.416  -15.653 0.1000000015
9368  38.401  -58.355  -15.078 0.2000000030
10005  41.020  -57.684  -15.995 0.3000000119
13516  39.318  -52.035  -10.977 0.4000000060
11304  45.183  -55.007  -11.404 0.3000000119
10620  41.800  -56.350  -14.197 0.4000000060
11344  41.636  -55.984  -13.489 0.4000000060
9356  39.575  -58.556  -14.987 0.2000000030
10004  41.920  -57.494  -15.514 0.3000000119
11345  40.704  -55.567  -13.481 0.4000000060
12071  40.683  -54.936  -12.446 0.4000000060
12791  40.212  -53.100  -11.359 0.4000000060
121677  35.932  -59.826  -15.323 0.1000000015
9367  39.608  -57.857  -15.793 0.3000000119
11330  40.759  -55.522  -12.999 0.4000000060
12055  40.356  -53.938  -11.834 0.4000000060
12807  39.353  -53.529  -11.740 0.4000000060
8734  35.893  -59.291  -16.083 0.1000000015
14184  38.923  -51.235  -10.695 0.5000000000
10006  38.115  -57.705  -15.739 0.2000000030
10633  41.884  -56.607  -15.469 0.3000000119
11331  39.966  -55.132  -12.928 0.4000000060
14871  38.443  -50.493  -10.618 0.4000000060
12072  39.629  -54.434  -12.375 0.4000000060
12808  38.363  -53.425  -11.898 0.4000000060
13530  38.833  -52.744  -11.391 0.5000000000
9398  35.924  -57.828  -17.079 0.2000000030
10008  36.238  -57.773  -16.296 0.2000000030
10007  36.900  -57.657  -15.881 0.2000000030
10018  38.937  -57.176  -16.308 0.2000000030
11353  41.348  -55.782  -14.631 0.3000000119
106711  35.926  -59.001  -17.081 0.1000000015
11346  39.607  -54.975  -13.247 0.4000000060
10642  41.355  -56.863  -16.147 0.3000000119
11354  40.174  -55.180  -13.892 0.4000000060
11332  39.102  -54.675  -12.886 0.4000000060
14194  38.475  -51.934  -11.077 0.5000000000
14872  37.692  -50.760  -10.809 0.5000000000
15618  38.175  -48.885  -10.945 0.4000000060
12082  39.297  -54.733  -13.577 0.4000000060
12823  38.067  -53.833  -12.484 0.4000000060
13531  37.934  -52.662  -11.525 0.5000000000
14195  37.551  -51.723  -11.167 0.5000000000
15609  37.885  -49.812  -10.706 0.4000000060
10020  36.072  -57.552  -16.893 0.2000000030
112974  37.684  -57.095  -16.334 0.2000000030
10647  38.504  -56.445  -16.777 0.2000000030
10017  40.238  -57.018  -16.455 0.4000000060
10646  39.767  -56.280  -16.865 0.2000000030
114840  41.520  -56.137  -16.207 0.3000000119
10645  40.867  -56.192  -16.570 0.4000000060
11362  41.545  -55.619  -15.709 0.3000000119
13532  37.001  -52.572  -11.705 0.5000000000
14881  37.046  -50.254  -10.879 0.5000000000
15619  37.232  -49.184  -10.982 0.4000000060
16354  37.715  -48.445  -11.319 0.4000000060
11367  41.329  -55.451  -16.395 0.4000000060
12095  39.635  -54.680  -14.155 0.4000000060
12083  38.804  -54.566  -13.195 0.4000000060
122569  36.470  -51.793  -11.438 0.5000000000
109951  37.223  -56.471  -16.915 0.2000000030
10024  36.189  -57.458  -17.531 0.2000000030
17092  36.565  -47.981  -11.629 0.4000000060
12094  40.860  -55.100  -14.779 0.3000000119
12096  38.635  -54.283  -13.712 0.4000000060
12824  37.586  -53.892  -12.889 0.4000000060
9409  36.315  -57.994  -18.125 0.2000000030
10650  37.800  -55.811  -17.360 0.2000000030
11368  40.388  -55.416  -17.064 0.3000000119
17091  37.618  -47.791  -11.814 0.4000000060
12106  41.319  -54.822  -15.693 0.3000000119
12809  37.433  -53.346  -12.210 0.5000000000
14882  36.276  -50.893  -11.117 0.5000000000
18675  36.819  -45.972  -13.029 0.4000000060
10028  36.551  -57.187  -18.328 0.2000000030
10648  36.502  -56.878  -17.238 0.2000000030
12846  39.118  -54.066  -14.341 0.4000000060
12097  37.722  -53.849  -13.453 0.4000000060
15620  36.185  -49.850  -11.066 0.5000000000
16355  36.434  -48.855  -11.217 0.4000000060
20149  36.485  -44.101  -13.893 0.4000000060
9408  36.894  -57.862  -18.801 0.2000000030
11386  37.296  -55.694  -18.203 0.2000000030
11369  38.936  -55.646  -17.307 0.2000000030
12107  40.340  -54.262  -14.776 0.4000000060
13543  35.908  -52.659  -12.380 0.5000000000
109938  35.728  -51.417  -11.482 0.5000000000
8755  37.537  -58.727  -18.998 0.2000000030
12837  36.960  -53.500  -13.161 0.5000000000
13533  36.250  -52.522  -11.878 0.5000000000
10030  38.393  -57.284  -19.886 0.2000000030
113619  36.189  -44.480  -13.779 0.4000000060
20158  35.956  -43.941  -14.409 0.2000000030
17874  36.118  -47.240  -11.884 0.4000000060
10654  36.927  -56.274  -18.434 0.2000000030
12117  40.458  -54.678  -17.283 0.4000000060
104923  35.706  -49.232  -11.180 0.4000000060
117201  35.671  -47.822  -11.506 0.4000000060
10657  37.414  -56.140  -19.145 0.2000000030
11377  38.264  -55.158  -17.801 0.2000000030
11376  39.367  -54.837  -17.629 0.2000000030
11397  37.451  -55.650  -18.666 0.2000000030
18676  35.924  -46.021  -12.557 0.4000000060
17895  35.713  -46.634  -12.004 0.4000000060
17875  35.045  -47.204  -11.513 0.4000000060
12847  38.152  -53.570  -14.277 0.3000000119
14196  35.682  -52.089  -11.856 0.5000000000
14883  35.447  -50.702  -11.333 0.5000000000
17093  34.957  -48.166  -11.341 0.4000000060
12116  41.215  -54.692  -16.580 0.4000000060
12852  39.283  -53.348  -14.876 0.4000000060
12848  37.141  -53.306  -13.869 0.4000000060
12851  41.116  -54.053  -15.636 0.4000000060
14205  35.267  -52.169  -12.446 0.5000000000
11385  37.909  -55.154  -18.423 0.2000000030
18677  35.128  -45.342  -12.260 0.4000000060
15621  35.178  -49.844  -11.238 0.5000000000
15622  34.420  -49.589  -11.473 0.5000000000
13556  37.453  -52.872  -14.644 0.4000000060
13550  35.706  -52.664  -12.985 0.5000000000
14884  34.655  -50.467  -11.620 0.5000000000
14215  35.102  -52.080  -13.234 0.5000000000
13558  35.815  -52.349  -13.776 0.5000000000
12788  44.114  -53.074  -11.395 0.4000000060
19433  36.299  -45.288  -13.234 0.4000000060
14894  34.356  -50.861  -12.156 0.5000000000
10617  43.670  -57.000  -13.227 0.3000000119
121533  44.158  -56.274  -13.116 0.3000000119
12068  44.373  -54.940  -13.001 0.2000000030
12052  44.152  -54.164  -12.652 0.2000000030
8714  42.697  -59.623  -12.794 0.2000000030
9978  43.255  -57.759  -13.493 0.3000000119
10618  43.219  -57.437  -13.584 0.3000000119
8721  42.419  -59.290  -13.589 0.2000000030
9354  42.505  -58.452  -14.362 0.2000000030
9989  42.781  -57.945  -14.270 0.2000000030
9357  38.653  -58.795  -14.417 0.2000000030
9417  39.115  -58.724  -19.941 0.1000000015
8769  40.152  -59.150  -20.234 0.1000000015
14262  44.268  -50.693  -17.962 0.1000000015
9962  43.857  -57.816  -10.464 0.1000000015
10598  44.821  -55.627  -12.057 0.2000000030
10607  44.509  -55.566  -12.833 0.2000000030
9972  43.739  -57.606  -12.683 0.2000000030
10599  44.322  -56.467  -12.611 0.2000000030
8698  42.583  -60.016  -10.580 0.1000000015
8114  42.328  -60.239  -12.132 0.1000000015
8713  43.080  -59.272  -12.549 0.2000000030
8102  42.260  -60.770  -11.013 0.1000000015
8103  41.825  -60.955  -11.302 0.1000000015
122369  36.769  -58.544  -18.471 0.1000000015
9418  38.276  -58.544  -19.532 0.1000000015
12146  39.312  -53.942  -19.171 0.1000000015
105932  40.526  -53.276  -18.939 0.1000000015
12861  40.995  -53.258  -18.199 0.1000000015
13574  41.828  -52.769  -17.255 0.1000000015
12161  39.876  -54.188  -19.766 0.1000000015
114533  41.889  -52.660  -18.463 0.1000000015
13573  42.611  -52.038  -17.332 0.1000000015
13567  42.140  -52.136  -16.602 0.1000000015
13578  43.101  -51.987  -18.123 0.1000000015
113934  42.793  -50.766  -16.780 0.1000000015
14935  41.097  -50.449  -16.479 0.1000000015
14946  41.653  -49.706  -16.810 0.1000000015
15666  40.554  -49.736  -16.784 0.1000000015
105258  43.768  -57.955  -11.532 0.2000000030
8697  43.037  -59.301  -11.309 0.1000000015
12856  41.309  -53.829  -16.375 0.1000000015
12853  38.270  -52.975  -14.947 0.3000000119
11396  37.989  -55.231  -19.180 0.1000000015
12147  38.616  -54.458  -18.888 0.1000000015
12128  38.876  -54.455  -18.276 0.1000000015
12858  41.326  -53.513  -17.143 0.1000000015
13569  40.972  -52.322  -15.873 0.2000000030
13562  38.863  -52.520  -15.346 0.3000000119
13564  36.982  -52.187  -15.037 0.3000000119
14237  35.744  -51.180  -15.136 0.3000000119
9431  39.816  -58.348  -20.318 0.1000000015
10665  38.892  -55.627  -19.955 0.1000000015
12859  40.393  -53.735  -17.911 0.1000000015
115157  41.620  -52.036  -16.218 0.1000000015
14233  39.320  -52.023  -15.700 0.2000000030
14235  37.489  -51.694  -15.671 0.3000000119
11410  39.625  -55.055  -20.088 0.1000000015
14244  41.187  -51.375  -16.195 0.1000000015
14937  38.755  -50.557  -16.586 0.2000000030
14248  37.090  -51.038  -16.125 0.3000000119
15667  39.440  -49.736  -16.913 0.1000000015
15668  38.312  -49.712  -17.062 0.2000000030
14939  36.732  -50.314  -16.488 0.4000000060
15675  41.089  -49.003  -17.172 0.1000000015
15679  36.865  -49.157  -17.328 0.3000000119
12008  42.581  -55.155  -8.073 0.1000000015
11283  43.179  -56.102  -8.181 0.1000000015
14885  34.008  -50.084  -11.928 0.4000000060
121352  34.263  -51.023  -12.824 0.4000000060
14225  36.135  -51.910  -14.667 0.3000000119
14226  35.237  -51.566  -14.221 0.4000000060
14227  34.631  -50.967  -14.152 0.4000000060
14929  35.442  -50.444  -15.577 0.4000000060
14930  34.731  -50.072  -15.256 0.4000000060
14928  36.224  -50.775  -15.868 0.4000000060
15662  35.110  -49.751  -16.011 0.5000000000
15669  37.284  -49.723  -17.026 0.3000000119
15671  35.586  -49.388  -16.692 0.5000000000
16411  39.822  -48.002  -17.851 0.2000000030
15676  40.138  -48.884  -17.311 0.1000000015
15680  36.132  -49.010  -17.293 0.4000000060
119370  42.246  -48.200  -18.419 0.1000000015
16418  40.588  -47.754  -18.278 0.1000000015
114622  38.722  -47.996  -18.044 0.2000000030
15678  37.805  -48.834  -17.597 0.2000000030
14953  43.828  -49.436  -19.362 0.1000000015
106108  41.970  -48.294  -19.142 0.1000000015
16419  39.376  -47.568  -18.584 0.2000000030
14966  43.012  -49.967  -20.229 0.1000000015
14954  42.550  -49.125  -19.641 0.1000000015
16358  33.575  -48.275  -11.642 0.4000000060
17094  34.199  -47.680  -11.350 0.3000000119
15623  33.782  -49.196  -11.801 0.4000000060
14903  34.119  -50.627  -13.552 0.4000000060
14895  33.906  -50.425  -12.638 0.4000000060
14918  34.370  -50.360  -14.474 0.4000000060
15640  33.396  -49.425  -13.463 0.4000000060
15663  34.392  -49.405  -15.666 0.4000000060
16399  34.040  -48.833  -15.983 0.4000000060
15664  33.757  -49.000  -15.271 0.4000000060
16406  34.717  -48.981  -16.494 0.5000000000
16405  35.373  -48.707  -17.209 0.4000000060
16412  37.743  -47.961  -18.265 0.3000000119
16413  36.784  -48.454  -17.861 0.4000000060
16414  35.924  -48.450  -17.713 0.4000000060
107782  40.043  -48.964  -20.057 0.2000000030
15689  39.711  -48.047  -19.696 0.2000000030
16420  38.440  -47.586  -18.618 0.2000000030
15696  41.253  -49.041  -19.784 0.1000000015
15688  40.753  -48.169  -19.437 0.2000000030
12913  42.856  -52.985  -23.145 0.1000000015
17096  32.732  -47.109  -11.931 0.4000000060
17095  33.379  -47.345  -11.518 0.4000000060
16376  32.612  -47.812  -13.541 0.4000000060
16387  32.781  -47.994  -14.349 0.4000000060
16401  32.793  -47.714  -15.197 0.4000000060
17145  33.389  -47.783  -16.587 0.4000000060
16400  33.440  -48.277  -15.791 0.4000000060
106669  33.855  -47.828  -17.272 0.3000000119
17153  34.454  -47.672  -18.015 0.4000000060
17164  37.682  -47.442  -18.923 0.3000000119
16421  37.006  -47.830  -18.496 0.3000000119
16422  36.109  -47.908  -18.340 0.4000000060
109051  39.151  -49.448  -20.366 0.2000000030
115188  39.100  -48.516  -20.197 0.2000000030
16426  39.245  -47.557  -19.387 0.2000000030
17163  38.559  -47.376  -19.116 0.2000000030
14967  40.608  -49.816  -20.219 0.2000000030
12950  42.365  -53.474  -24.749 0.1000000015
12914  41.559  -52.740  -23.262 0.1000000015
18656  34.340  -45.722  -11.643 0.3000000119
116198  32.700  -45.774  -11.671 0.4000000060
18657  33.484  -45.549  -11.549 0.3000000119
17896  31.993  -46.214  -12.840 0.4000000060
18691  31.613  -45.351  -14.670 0.4000000060
17902  31.990  -46.451  -13.899 0.4000000060
107949  32.405  -47.025  -15.163 0.4000000060
17912  32.096  -46.516  -14.779 0.4000000060
17146  32.825  -47.234  -16.584 0.4000000060
17138  32.588  -47.128  -15.839 0.4000000060
17154  33.585  -47.473  -17.870 0.4000000060
17155  33.165  -47.363  -17.292 0.3000000119
17196  34.952  -47.381  -20.573 0.3000000119
17180  34.550  -47.345  -19.790 0.3000000119
17181  33.779  -47.270  -19.446 0.3000000119
17168  33.692  -47.367  -18.593 0.3000000119
118413  37.246  -49.254  -21.130 0.2000000030
15697  38.301  -49.197  -20.629 0.2000000030
122555  36.485  -47.749  -20.929 0.3000000119
16437  36.871  -47.571  -20.320 0.2000000030
17166  35.781  -47.437  -18.991 0.3000000119
122586  35.287  -47.659  -18.431 0.3000000119
17194  37.709  -47.693  -20.181 0.2000000030
14968  39.689  -50.111  -20.392 0.2000000030
20136  34.047  -44.186  -11.906 0.3000000119
20152  33.943  -43.434  -12.209 0.3000000119
19416  34.166  -44.958  -11.725 0.3000000119
19418  32.770  -44.139  -11.724 0.4000000060
110672  31.507  -44.045  -13.536 0.3000000119
20160  31.585  -43.321  -13.140 0.4000000060
19463  31.492  -44.616  -15.001 0.4000000060
20167  31.462  -43.978  -14.409 0.4000000060
17903  31.690  -45.574  -13.683 0.4000000060
19470  31.517  -44.500  -15.886 0.4000000060
119338  31.831  -45.907  -15.175 0.4000000060
119761  31.638  -44.968  -17.208 0.3000000119
17938  31.980  -45.974  -16.551 0.4000000060
17929  31.898  -45.835  -15.916 0.4000000060
17982  32.656  -46.302  -21.082 0.3000000119
17969  32.648  -46.569  -20.377 0.2000000030
17955  32.351  -46.435  -19.594 0.2000000030
18711  31.926  -45.882  -18.811 0.2000000030
18707  32.119  -46.258  -17.904 0.3000000119
17942  32.154  -46.264  -17.086 0.3000000119
17207  34.169  -47.210  -21.210 0.3000000119
17197  33.917  -47.226  -20.290 0.3000000119
17968  33.049  -47.032  -19.949 0.2000000030
17954  32.940  -47.045  -19.094 0.2000000030
17946  32.401  -46.564  -18.721 0.2000000030
117179  36.489  -48.646  -21.616 0.2000000030
16443  36.394  -48.021  -21.501 0.3000000119
17205  35.696  -47.618  -21.306 0.3000000119
122925  34.953  -47.386  -21.241 0.3000000119
20151  34.664  -43.362  -13.016 0.3000000119
117327  35.450  -44.660  -12.988 0.3000000119
19434  34.677  -44.625  -12.222 0.3000000119
20192  31.529  -43.532  -17.072 0.3000000119
20203  32.024  -43.244  -20.013 0.2000000030
120139  31.742  -43.781  -19.490 0.2000000030
116119  31.580  -44.326  -17.571 0.2000000030
19494  32.037  -44.336  -21.026 0.2000000030
18714  31.852  -45.510  -19.643 0.2000000030
19488  31.698  -44.604  -19.620 0.2000000030
19480  31.606  -44.325  -18.373 0.2000000030
115401  41.621  -49.929  -20.273 0.1000000015
15712  35.903  -48.295  -22.277 0.3000000119
14970  37.724  -50.324  -20.800 0.2000000030
12805  43.533  -53.535  -11.925 0.3000000119
12069  43.367  -54.877  -12.966 0.3000000119
11328  43.679  -55.702  -13.346 0.3000000119
9990  42.418  -58.063  -14.946 0.2000000030
9968  44.568  -56.422  -11.481 0.2000000030
116825  44.758  -54.322  -12.508 0.2000000030
12126  40.931  -54.208  -17.146 0.1000000015
114893  40.428  -53.483  -15.187 0.3000000119
20150  35.479  -44.077  -13.635 0.3000000119
121458  34.053  -46.582  -11.417 0.3000000119
13560  41.015  -53.206  -15.656 0.3000000119
13561  40.037  -52.648  -15.437 0.2000000030
12137  39.258  -53.937  -18.763 0.1000000015
9344  43.263  -58.468  -13.124 0.2000000030
11342  43.646  -56.626  -13.392 0.3000000119
8720  42.740  -59.179  -13.411 0.1000000015
121134  42.828  -58.266  -14.020 0.2000000030
13572  43.531  -51.291  -17.542 0.1000000015
9969  44.162  -57.202  -11.556 0.2000000030
11395  38.900  -54.628  -19.511 0.1000000015
12145  40.184  -53.580  -19.308 0.1000000015
12862  39.953  -53.599  -18.602 0.1000000015
13568  41.535  -52.866  -16.322 0.1000000015
14255  42.850  -51.357  -16.872 0.1000000015
14934  42.015  -50.629  -16.570 0.1000000015
14936  40.023  -50.729  -16.397 0.1000000015
13563  37.888  -52.361  -15.284 0.3000000119
14245  40.146  -51.750  -15.859 0.2000000030
14234  38.448  -51.867  -15.766 0.3000000119
14236  36.586  -51.479  -15.448 0.4000000060
14917  35.017  -50.770  -14.827 0.4000000060
14246  39.112  -51.381  -16.138 0.3000000119
14247  38.079  -51.185  -16.195 0.3000000119
14938  37.686  -50.452  -16.622 0.3000000119
108931  33.135  -48.972  -12.901 0.4000000060
16386  33.200  -48.485  -14.809 0.4000000060
16425  41.277  -47.852  -18.694 0.2000000030
107282  40.188  -47.623  -19.049 0.2000000030
17108  32.575  -47.532  -12.645 0.4000000060
15652  33.521  -49.208  -14.385 0.4000000060
123911  39.005  -47.869  -19.942 0.2000000030
17877  32.425  -46.354  -11.994 0.4000000060
17178  36.355  -47.420  -19.648 0.3000000119
108314  37.227  -47.414  -19.577 0.2000000030
16435  38.421  -48.079  -20.338 0.2000000030
114208  31.892  -44.815  -12.329 0.4000000060
18658  32.599  -44.920  -11.717 0.4000000060
18679  31.777  -45.411  -12.771 0.4000000060
16442  37.048  -48.341  -21.178 0.2000000030
104964  37.096  -47.936  -20.842 0.2000000030
20138  32.571  -43.477  -11.947 0.4000000060
18704  31.688  -45.230  -16.450 0.4000000060
18712  31.721  -45.221  -18.006 0.2000000030
18754  32.547  -45.185  -22.084 0.2000000030
18739  32.257  -45.340  -21.278 0.2000000030
19487  31.856  -44.988  -20.399 0.2000000030
20153  31.925  -43.352  -12.412 0.3000000119
20137  33.305  -43.754  -11.805 0.2000000030
20894  31.805  -42.571  -12.851 0.3000000119
112605  34.722  -44.052  -12.613 0.2000000030
20891  33.782  -42.580  -12.526 0.2000000030
9347  42.071  -59.055  -14.195 0.1000000015
8723  40.226  -59.524  -13.380 0.1000000015
9348  40.950  -59.143  -14.143 0.1000000015
9961  44.365  -56.974  -10.251 0.1000000015
9355  41.643  -58.656  -14.875 0.1000000015
107061  40.512  -58.793  -14.808 0.1000000015
20890  36.097  -43.644  -14.640 0.1000000015
21657  35.741  -42.358  -15.457 0.1000000015
20911  35.469  -42.763  -14.913 0.1000000015
20159  35.366  -43.528  -14.129 0.1000000015
20900  35.225  -43.009  -14.446 0.1000000015
20901  34.616  -42.737  -13.469 0.1000000015
21636  34.662  -42.083  -13.887 0.1000000015
21622  34.000  -41.970  -12.981 0.1000000015
21623  33.236  -41.731  -12.612 0.1000000015
121936  32.989  -42.310  -12.283 0.2000000030
21637  33.722  -41.088  -13.078 0.1000000015
22422  33.926  -40.237  -13.435 0.2000000030
20902  31.518  -42.594  -13.787 0.2000000030
22423  33.065  -40.164  -13.273 0.2000000030
22407  32.809  -41.007  -12.844 0.2000000030
119485  32.198  -41.193  -13.088 0.2000000030
23971  33.104  -38.941  -13.942 0.2000000030
107363  32.495  -39.851  -13.728 0.2000000030
22425  31.866  -41.026  -13.722 0.2000000030
114026  31.453  -43.200  -14.623 0.2000000030
114025  31.455  -43.010  -15.502 0.2000000030
20187  31.471  -43.662  -16.172 0.2000000030
20932  31.642  -42.598  -17.499 0.1000000015
23171  34.174  -39.566  -13.773 0.2000000030
21659  31.563  -41.675  -14.211 0.2000000030
21688  31.537  -41.576  -15.251 0.2000000030
116598  31.513  -41.913  -16.022 0.1000000015
109348  31.656  -41.731  -16.748 0.1000000015
20925  31.498  -42.684  -16.403 0.1000000015
20899  35.895  -43.403  -14.909 0.1000000015
20910  35.970  -43.073  -15.275 0.1000000015
21658  35.004  -41.722  -14.548 0.1000000015
106437  32.020  -40.292  -14.041 0.2000000030
17212  35.623  -47.798  -22.167 0.2000000030
17206  34.955  -47.392  -21.821 0.2000000030
17213  34.948  -47.369  -22.638 0.2000000030
17219  35.500  -47.911  -23.095 0.2000000030
17220  34.942  -47.274  -23.446 0.2000000030
17994  33.472  -46.426  -22.454 0.2000000030
17993  34.248  -46.836  -22.958 0.2000000030
17227  35.017  -47.125  -24.218 0.2000000030
17981  33.342  -46.714  -21.602 0.2000000030
18002  33.710  -46.136  -23.269 0.1000000015
18001  34.405  -46.625  -23.735 0.2000000030
18753  33.025  -45.512  -22.738 0.2000000030
18772  34.419  -45.591  -24.621 0.1000000015
18773  33.892  -45.072  -24.212 0.1000000015
18763  33.481  -45.325  -23.533 0.1000000015
18791  35.721  -45.064  -26.206 0.1000000015
18790  36.269  -45.468  -26.691 0.1000000015
23188  34.804  -39.744  -14.342 0.1000000015
19519  32.694  -44.544  -22.575 0.1000000015
19545  34.109  -44.160  -24.412 0.1000000015
19518  33.071  -44.723  -23.183 0.1000000015
19557  35.219  -44.691  -25.633 0.1000000015
19558  34.696  -44.374  -25.076 0.1000000015
19571  36.336  -44.520  -26.689 0.1000000015
19572  35.724  -44.146  -26.084 0.1000000015
20310  38.030  -43.644  -27.908 0.1000000015
24848  34.437  -38.035  -14.499 0.1000000015
125382  35.942  -38.270  -15.224 0.1000000015
23979  35.055  -38.835  -14.536 0.1000000015
112303  32.153  -43.499  -20.750 0.1000000015
19506  32.349  -44.451  -21.819 0.1000000015
20248  33.683  -43.667  -23.842 0.1000000015
20229  33.100  -43.772  -23.164 0.1000000015
20276  35.202  -43.792  -25.474 0.1000000015
20311  37.432  -43.684  -27.474 0.1000000015
20290  37.251  -42.922  -27.000 0.1000000015
110169  35.365  -37.894  -14.903 0.1000000015
23982  32.878  -38.649  -14.532 0.1000000015
20982  33.198  -42.789  -22.607 0.1000000015
124454  32.496  -43.024  -21.139 0.1000000015
21012  34.498  -42.328  -23.956 0.1000000015
21001  33.703  -42.925  -23.515 0.1000000015
20230  32.635  -43.661  -22.286 0.1000000015
20963  32.739  -42.954  -21.772 0.1000000015
21011  35.217  -42.258  -24.628 0.1000000015
21820  36.511  -41.675  -25.209 0.1000000015
21024  35.824  -42.269  -25.268 0.1000000015
20261  35.210  -42.929  -25.156 0.1000000015
120134  34.724  -42.815  -24.595 0.1000000015
21837  38.561  -41.395  -26.147 0.1000000015
21838  37.837  -41.598  -26.299 0.1000000015
21023  36.492  -42.262  -25.857 0.1000000015
21057  37.838  -42.164  -26.990 0.1000000015
24863  34.609  -37.208  -14.948 0.1000000015
23981  33.528  -38.352  -14.349 0.1000000015
20955  32.447  -42.752  -20.510 0.1000000015
105573  37.180  -41.411  -25.116 0.1000000015
21807  35.887  -41.697  -24.625 0.1000000015
21819  37.816  -41.421  -25.548 0.1000000015
20946  32.347  -42.494  -19.756 0.1000000015
18011  34.628  -46.379  -24.459 0.1000000015
18019  34.909  -46.054  -25.116 0.1000000015
20274  36.595  -42.963  -26.450 0.1000000015
21056  38.591  -42.166  -27.548 0.1000000015
109676  33.212  -42.396  -21.818 0.1000000015
12236  37.091  -55.031  -25.250 0.1000000015
12237  36.026  -55.050  -24.959 0.1000000015
123052  36.370  -55.344  -25.601 0.1000000015
111473  37.943  -55.260  -26.131 0.1000000015
11518  38.219  -55.742  -27.045 0.1000000015
10761  39.419  -55.787  -28.590 0.1000000015
10132  39.591  -57.064  -30.455 0.1000000015
12219  37.599  -54.536  -24.470 0.1000000015
12220  36.604  -54.670  -24.331 0.1000000015
118530  37.471  -55.762  -26.685 0.1000000015
11497  38.855  -55.213  -26.730 0.1000000015
120196  34.773  -54.136  -24.274 0.1000000015
12938  35.255  -54.034  -23.552 0.1000000015
12937  36.640  -53.889  -22.866 0.1000000015
12200  38.061  -54.101  -23.829 0.1000000015
107885  38.198  -54.695  -25.265 0.1000000015
11481  35.625  -55.315  -25.611 0.1000000015
122510  36.085  -53.354  -22.229 0.1000000015
12918  37.194  -53.359  -22.150 0.1000000015
12238  35.035  -54.825  -25.023 0.1000000015
12952  34.247  -53.378  -24.499 0.1000000015
13655  34.046  -52.516  -24.994 0.1000000015
12961  33.906  -53.824  -25.875 0.1000000015
109701  33.997  -53.344  -25.225 0.1000000015
123383  33.993  -52.196  -25.758 0.1000000015
12202  36.143  -54.290  -23.544 0.1000000015
3910  30.787  -68.826  -8.211 0.1000000015
3921  34.488  -69.470  -9.219 0.1000000015
3922  33.663  -69.698  -8.880 0.1000000015
4321  32.717  -67.816  -0.743 0.1000000015
4392  35.316  -67.931  -8.564 0.1000000015
4833  35.372  -66.672  -2.588 0.1000000015
5316  26.358  -65.735  -2.303 0.1000000015
5332  24.947  -65.405  -4.927 0.1000000015
5845  25.549  -64.959  -4.734 0.1000000015
6947  36.218  -63.151  -8.443 0.1000000015
6957  34.445  -62.926  -9.356 0.1000000015
8078  37.017  -60.843  -9.065 0.1000000015
8671  39.922  -59.928  -8.629 0.1000000015
8686  36.325  -59.244  -9.946 0.1000000015
8707  42.686  -60.006  -11.858 0.1000000015
9304  40.769  -58.603  -9.072 0.1000000015
9333  35.093  -58.609  -10.359 0.1000000015
9335  33.581  -58.514  -10.406 0.1000000015
9342  43.454  -58.562  -12.056 0.2000000030
9346  42.982  -58.462  -13.665 0.1000000015
9350  38.382  -59.170  -13.682 0.1000000015
9366  40.716  -58.316  -15.453 0.1000000015
9384  35.915  -58.266  -16.658 0.2000000030
9397  35.964  -58.190  -17.380 0.2000000030
9949  32.996  -56.934  -10.016 0.1000000015
9979  42.972  -57.903  -13.873 0.2000000030
10019  36.659  -57.197  -16.568 0.2000000030
10027  37.053  -56.984  -19.045 0.2000000030
10031  37.716  -57.772  -19.434 0.2000000030
10576  42.579  -56.818  -8.662 0.1000000015
10588  37.046  -56.344  -9.806 0.1000000015
10593  31.972  -56.569  -9.205 0.1000000015
10651  36.968  -56.094  -17.706 0.2000000030
10652  36.552  -56.733  -17.842 0.2000000030
10656  38.189  -56.298  -19.736 0.3000000119
11284  42.051  -55.772  -8.549 0.1000000015
11327  44.170  -55.758  -13.177 0.3000000119
11378  37.529  -55.511  -17.907 0.2000000030
11998  45.148  -54.288  -7.258 0.2000000030
12006  44.904  -55.536  -7.959 0.2000000030
12019  38.080  -54.684  -9.298 0.1000000015
12056  38.764  -54.075  -12.386 0.4000000060
12073  38.346  -54.297  -12.888 0.4000000060
12084  38.178  -54.218  -13.171 0.4000000060
12127  39.856  -54.191  -17.789 0.1000000015
12136  39.563  -53.937  -18.302 0.1000000015
12201  37.123  -54.292  -23.645 0.1000000015
12221  35.614  -54.565  -24.245 0.1000000015
12222  34.343  -54.080  -25.062 0.1000000015
12742  45.092  -53.681  -6.843 0.2000000030
12767  45.780  -53.622  -9.174 0.2000000030
12810  36.578  -53.013  -12.286 0.5000000000
12869  39.726  -53.615  -19.001 0.1000000015
12878  44.945  -52.890  -20.432 0.1000000015
12912  44.307  -53.561  -22.252 0.1000000015
12919  35.227  -53.184  -22.537 0.2000000030
13454  44.844  -52.274  -6.367 0.1000000015
13466  40.799  -52.524  -6.870 0.1000000015
13496  45.611  -52.984  -9.798 0.3000000119
13515  40.223  -52.248  -10.910 0.5000000000
13529  39.580  -52.736  -11.273 0.5000000000
13549  36.352  -53.096  -12.834 0.5000000000
13557  36.391  -52.964  -13.425 0.5000000000
13613  36.964  -52.167  -21.156 0.1000000015
13614  36.158  -52.102  -21.445 0.1000000015
13639  34.509  -52.545  -23.269 0.2000000030
14127  45.520  -51.708  -6.489 0.2000000030
14140  46.481  -51.398  -7.600 0.2000000030
14185  38.222  -51.235  -10.822 0.5000000000
14197  35.014  -51.400  -11.857 0.5000000000
14206  34.675  -51.563  -12.600 0.5000000000
14216  34.607  -51.354  -13.459 0.4000000060
14243  42.110  -51.409  -16.485 0.1000000015
14281  44.632  -51.138  -20.171 0.1000000015
14287  37.284  -51.285  -20.943 0.2000000030
14301  35.656  -51.514  -21.698 0.3000000119
14870  40.753  -50.018  -10.073 0.5000000000
14904  33.666  -50.049  -13.234 0.4000000060
14919  33.784  -49.943  -14.019 0.4000000060
14940  35.891  -50.077  -16.264 0.4000000060
14969  38.694  -50.279  -20.532 0.2000000030
14992  34.839  -50.910  -22.800 0.2000000030
15004  34.585  -51.188  -23.573 0.2000000030
15028  34.866  -50.968  -25.858 0.2000000030
15553  44.582  -50.056  -6.511 0.2000000030
15569  46.277  -49.640  -7.221 0.3000000119
15608  38.733  -49.535  -10.608 0.4000000060
15632  33.532  -49.589  -12.524 0.4000000060
15651  34.074  -49.678  -14.863 0.4000000060
15670  36.394  -49.640  -16.853 0.3000000119
15677  39.030  -48.792  -17.454 0.1000000015
15684  42.872  -48.419  -17.967 0.1000000015
15719  35.565  -49.172  -24.359 0.3000000119
16319  47.177  -48.345  -9.153 0.4000000060
16333  46.866  -47.855  -9.751 0.5000000000
16338  41.605  -48.239  -11.018 0.5000000000
16356  34.999  -49.029  -11.200 0.5000000000
16357  34.279  -48.668  -11.387 0.4000000060
16366  33.272  -48.720  -12.226 0.4000000060
16367  32.832  -48.311  -12.792 0.4000000060
16375  33.029  -48.622  -13.757 0.4000000060
16407  34.000  -48.351  -16.578 0.4000000060
16410  40.963  -48.217  -17.694 0.2000000030
16415  34.611  -48.265  -17.236 0.4000000060
16417  41.745  -48.017  -18.054 0.1000000015
16423  35.305  -48.067  -17.807 0.4000000060
16427  38.506  -47.619  -19.743 0.2000000030
16436  37.691  -48.329  -20.774 0.2000000030
16462  35.654  -48.637  -24.714 0.3000000119
16475  36.159  -48.152  -26.082 0.2000000030
16483  38.218  -48.497  -28.052 0.1000000015
16485  37.085  -48.332  -27.194 0.1000000015
17015  39.201  -47.811  -6.923 0.1000000015
17068  46.813  -47.268  -9.996 0.5000000000
17087  41.869  -46.982  -11.957 0.5000000000
17089  39.721  -47.564  -11.574 0.5000000000
17107  32.938  -47.929  -12.004 0.4000000060
17115  32.288  -47.037  -13.300 0.4000000060
17125  32.398  -47.241  -14.335 0.4000000060
17137  33.008  -47.630  -15.993 0.4000000060
17165  36.706  -47.451  -18.972 0.3000000119
17167  34.730  -47.420  -18.983 0.3000000119
17177  37.954  -47.455  -19.486 0.2000000030
17179  35.408  -47.404  -19.718 0.3000000119
17195  36.001  -47.509  -20.439 0.2000000030
17214  34.131  -47.062  -22.125 0.2000000030
17840  46.759  -46.248  -9.471 0.5000000000
17851  46.730  -46.694  -10.056 0.5000000000
17871  42.357  -46.589  -11.965 0.5000000000
17876  33.110  -46.444  -11.542 0.4000000060
17890  39.916  -46.538  -11.839 0.6000000238
17894  36.512  -46.601  -12.462 0.4000000060
17913  31.807  -45.975  -14.445 0.4000000060
17928  32.178  -46.460  -15.641 0.4000000060
17937  32.340  -46.589  -16.447 0.4000000060
17941  32.865  -47.035  -18.120 0.4000000060
17995  32.777  -45.970  -21.908 0.2000000030
18027  35.918  -46.811  -26.225 0.1000000015
18037  36.863  -46.671  -27.294 0.1000000015
18045  38.253  -46.588  -28.290 0.1000000015
18599  46.620  -45.913  -8.993 0.5000000000
18636  45.289  -45.038  -10.655 0.5000000000
18655  35.021  -46.239  -11.804 0.4000000060
18678  32.145  -45.597  -12.121 0.4000000060
18698  31.636  -45.246  -15.532 0.4000000060
18708  31.844  -45.668  -17.214 0.3000000119
18715  31.677  -44.988  -18.912 0.2000000030
18727  32.172  -45.912  -20.424 0.2000000030
18762  34.015  -45.896  -24.012 0.1000000015
18781  35.292  -45.585  -25.676 0.1000000015
18782  34.774  -45.202  -25.180 0.1000000015
19371  44.550  -43.709  -9.010 0.5000000000
19388  45.593  -44.734  -9.696 0.5000000000
19411  43.844  -44.378  -11.090 0.5000000000
19417  33.388  -44.559  -11.645 0.4000000060
19435  32.143  -44.107  -12.024 0.3000000119
19436  31.688  -44.059  -12.709 0.4000000060
19441  31.582  -44.781  -13.146 0.4000000060
19448  31.504  -44.730  -14.074 0.4000000060
19475  31.547  -44.368  -16.737 0.4000000060
19495  31.824  -44.070  -20.235 0.2000000030
19532  33.505  -44.452  -23.737 0.1000000015
19544  34.362  -44.877  -24.720 0.1000000015
20117  44.438  -43.479  -9.405 0.4000000060
20118  44.075  -42.954  -9.159 0.4000000060
20183  31.449  -43.839  -15.294 0.2000000030
20215  32.351  -43.647  -21.493 0.2000000030
20247  34.181  -43.192  -24.240 0.1000000015
20262  34.668  -43.533  -24.850 0.1000000015
20275  35.863  -43.125  -25.855 0.1000000015
20291  36.776  -43.696  -26.926 0.1000000015
20292  36.240  -43.688  -26.416 0.1000000015
20892  33.150  -42.976  -12.019 0.2000000030
20893  32.428  -42.728  -12.293 0.2000000030
20912  31.457  -42.381  -14.827 0.2000000030
20947  31.912  -43.010  -19.264 0.2000000030
21038  37.183  -42.221  -26.406 0.1000000015
21624  32.414  -41.851  -12.653 0.2000000030
21638  31.775  -41.779  -13.319 0.2000000030
22424  32.380  -40.550  -13.380 0.2000000030
23172  33.427  -39.496  -13.613 0.2000000030
23173  32.911  -39.473  -13.676 0.2000000030
23189  32.638  -39.241  -14.106 0.1000000015
23970  33.664  -38.965  -13.890 0.2000000030
23980  34.306  -38.835  -14.103 0.2000000030
105647  37.126  -48.440  -11.396 0.4000000060
106090  45.610  -46.719  -10.919 0.5000000000
107517  41.372  -47.186  -11.826 0.6000000238
107576  32.566  -46.804  -17.254 0.3000000119
108096  35.730  -48.518  -11.302 0.4000000060
108110  42.094  -45.452  -8.509 0.2000000030
108306  33.231  -46.923  -20.764 0.3000000119
108684  37.162  -41.638  -25.749 0.1000000015
109115  27.855  -65.312  -9.345 0.1000000015
110197  35.365  -47.709  -23.888 0.2000000030
110515  37.907  -42.919  -27.546 0.1000000015
110746  44.086  -45.378  -8.490 0.4000000060
111552  38.503  -56.949  -9.556 0.1000000015
112225  42.687  -58.765  -13.902 0.2000000030
113303  38.342  -47.431  -11.913 0.5000000000
114125  35.716  -50.042  -22.000 0.3000000119
114144  32.104  -46.213  -16.136 0.4000000060
114207  44.734  -53.321  -21.457 0.1000000015
114763  45.244  -48.489  -7.296 0.3000000119
115804  32.385  -46.855  -12.509 0.4000000060
115825  32.082  -61.121  -9.852 0.1000000015
116064  32.855  -69.598  -8.691 0.1000000015
116347  37.684  -52.500  -21.305 0.2000000030
117403  40.698  -51.611  -10.472 0.5000000000
118300  31.470  -42.308  -15.613 0.1000000015
118451  43.160  -52.450  -6.372 0.1000000015
119422  35.019  -53.547  -23.051 0.2000000030
119465  43.014  -59.057  -13.188 0.2000000030
119528  25.462  -66.082  -3.295 0.1000000015
119920  37.004  -51.087  -11.064 0.5000000000
120163  43.092  -57.195  -13.779 0.4000000060
120444  44.240  -57.108  -9.093 0.2000000030
120952  33.823  -52.906  -25.790 0.1000000015
121157  31.483  -43.420  -13.884 0.3000000119
121240  34.368  -51.630  -24.417 0.2000000030
121635  36.603  -52.640  -14.246 0.5000000000
121775  35.626  -59.133  -10.221 0.1000000015
122315  36.658  -65.446  -3.036 0.1000000015
122407  36.926  -53.425  -12.741 0.5000000000
122844  32.275  -39.707  -14.298 0.2000000030
122919  38.347  -58.423  -9.476 0.1000000015
123821  32.798  -43.064  -4.852 0.1000000015
123920  41.967  -61.281  -10.784 0.1000000015
124572  27.517  -66.873  -1.419 0.1000000015
124708  31.637  -44.258  -19.022 0.2000000030
125101  45.100  -50.905  -9.484 0.4000000060
125395  39.385  -56.756  -16.611 0.2000000030
125773  38.511  -58.041  -19.851 0.2000000030
