#!ascii label  , from subject sub-v2s7x29661_ses-1 vox2ras=TkReg
294
17852  46.275  -46.183  -10.390 0.0000000000
12096  38.635  -54.283  -13.712 0.0000000000
12005  45.611  -54.235  -8.176 0.0000000000
14181  41.634  -51.452  -10.164 0.0000000000
9344  43.263  -58.468  -13.124 0.0000000000
10595  44.860  -55.992  -10.774 0.0000000000
8074  42.292  -60.683  -10.063 0.0000000000
12807  39.353  -53.529  -11.740 0.0000000000
15609  37.885  -49.812  -10.706 0.0000000000
15583  46.998  -49.651  -8.126 0.0000000000
13498  44.929  -52.223  -10.167 0.0000000000
12052  44.152  -54.164  -12.652 0.0000000000
10619  42.451  -56.809  -14.041 0.0000000000
9348  40.950  -59.143  -14.143 0.0000000000
122985  43.423  -45.192  -8.525 0.0000000000
110231  44.303  -48.764  -7.049 0.0000000000
13455  43.911  -52.360  -6.351 0.0000000000
113848  40.207  -48.006  -11.278 0.0000000000
8668  42.102  -59.327  -9.150 0.0000000000
11332  39.102  -54.675  -12.886 0.0000000000
13532  37.001  -52.572  -11.705 0.0000000000
13462  46.397  -52.132  -7.708 0.0000000000
116153  45.948  -52.984  -9.004 0.0000000000
9969  44.162  -57.202  -11.556 0.0000000000
11315  44.851  -54.827  -12.425 0.0000000000
121533  44.158  -56.274  -13.116 0.0000000000
11329  42.428  -55.657  -13.170 0.0000000000
10618  43.219  -57.437  -13.584 0.0000000000
10005  41.020  -57.684  -15.995 0.0000000000
14823  42.639  -50.508  -5.979 0.0000000000
14822  44.251  -50.925  -6.190 0.0000000000
13456  42.343  -52.134  -6.192 0.0000000000
14860  43.341  -50.098  -9.651 0.0000000000
15606  40.372  -49.367  -10.378 0.0000000000
104923  35.706  -49.232  -11.180 0.0000000000
17092  36.565  -47.981  -11.629 0.0000000000
11282  44.174  -56.248  -8.073 0.0000000000
12017  45.394  -55.239  -9.093 0.0000000000
9925  43.687  -57.313  -8.726 0.0000000000
9313  43.344  -58.361  -9.638 0.0000000000
8697  43.037  -59.301  -11.309 0.0000000000
124397  40.852  -52.759  -11.084 0.0000000000
109530  39.239  -50.374  -10.453 0.0000000000
14194  38.475  -51.934  -11.077 0.0000000000
14882  36.276  -50.893  -11.117 0.0000000000
12852  39.283  -53.348  -14.876 0.0000000000
17054  47.154  -47.403  -9.321 0.0000000000
14859  44.293  -50.557  -9.548 0.0000000000
14179  43.993  -51.930  -10.160 0.0000000000
12036  45.450  -54.454  -10.553 0.0000000000
108374  44.891  -53.190  -11.356 0.0000000000
12789  42.871  -52.965  -11.165 0.0000000000
12054  41.481  -54.184  -11.919 0.0000000000
12071  40.683  -54.936  -12.446 0.0000000000
11345  40.704  -55.567  -13.481 0.0000000000
8721  42.419  -59.290  -13.589 0.0000000000
9990  42.418  -58.063  -14.946 0.0000000000
10633  41.884  -56.607  -15.469 0.0000000000
12094  40.860  -55.100  -14.779 0.0000000000
19390  44.364  -43.368  -9.160 0.0000000000
18600  45.969  -45.369  -8.916 0.0000000000
17043  44.271  -47.034  -7.942 0.0000000000
17041  46.649  -47.199  -8.220 0.0000000000
16298  46.149  -48.709  -7.391 0.0000000000
14126  46.120  -51.153  -6.806 0.0000000000
12736  45.384  -53.076  -6.691 0.0000000000
12001  42.141  -54.431  -7.902 0.0000000000
12007  43.746  -55.453  -7.787 0.0000000000
16341  39.196  -48.401  -11.075 0.0000000000
18635  45.858  -45.435  -10.348 0.0000000000
122568  44.686  -45.567  -11.284 0.0000000000
17853  45.308  -46.064  -11.078 0.0000000000
12083  38.804  -54.566  -13.195 0.0000000000
12824  37.586  -53.892  -12.889 0.0000000000
13463  46.078  -52.807  -7.310 0.0000000000
13477  46.259  -52.592  -8.336 0.0000000000
12752  46.004  -53.403  -8.196 0.0000000000
9972  43.739  -57.606  -12.683 0.0000000000
10599  44.322  -56.467  -12.611 0.0000000000
10617  43.670  -57.000  -13.227 0.0000000000
11342  43.646  -56.626  -13.392 0.0000000000
9978  43.255  -57.759  -13.493 0.0000000000
9367  39.608  -57.857  -15.793 0.0000000000
14130  42.470  -51.274  -5.914 0.0000000000
14172  42.508  -50.758  -9.764 0.0000000000
14861  42.344  -49.643  -9.917 0.0000000000
14869  41.508  -50.327  -9.918 0.0000000000
17093  34.957  -48.166  -11.341 0.0000000000
10574  44.266  -56.745  -8.574 0.0000000000
9926  43.062  -57.550  -8.761 0.0000000000
8681  42.344  -59.896  -9.518 0.0000000000
9314  42.674  -58.801  -9.302 0.0000000000
9332  42.933  -59.187  -10.032 0.0000000000
9331  43.409  -58.549  -10.801 0.0000000000
8698  42.583  -60.016  -10.580 0.0000000000
12791  40.212  -53.100  -11.359 0.0000000000
13516  39.318  -52.035  -10.977 0.0000000000
13530  38.833  -52.744  -11.391 0.0000000000
122569  36.470  -51.793  -11.438 0.0000000000
109938  35.728  -51.417  -11.482 0.0000000000
14883  35.447  -50.702  -11.333 0.0000000000
111190  47.100  -49.116  -8.857 0.0000000000
16320  46.547  -48.478  -9.757 0.0000000000
109577  46.887  -49.076  -9.291 0.0000000000
14171  43.564  -51.134  -9.715 0.0000000000
11290  45.166  -55.555  -9.983 0.0000000000
116825  44.758  -54.322  -12.508 0.0000000000
12804  44.719  -53.677  -12.039 0.0000000000
12788  44.114  -53.074  -11.395 0.0000000000
12805  43.533  -53.535  -11.925 0.0000000000
12806  42.227  -53.541  -11.559 0.0000000000
12053  42.817  -54.177  -12.273 0.0000000000
11343  42.842  -56.429  -13.649 0.0000000000
117632  41.360  -55.530  -12.869 0.0000000000
11344  41.636  -55.984  -13.489 0.0000000000
11330  40.759  -55.522  -12.999 0.0000000000
8119  37.520  -60.373  -12.165 0.0000000000
9349  39.614  -59.073  -14.109 0.0000000000
110600  39.163  -59.427  -13.272 0.0000000000
8723  40.226  -59.524  -13.380 0.0000000000
9347  42.071  -59.055  -14.195 0.0000000000
9354  42.505  -58.452  -14.362 0.0000000000
9355  41.643  -58.656  -14.875 0.0000000000
10642  41.355  -56.863  -16.147 0.0000000000
10004  41.920  -57.494  -15.514 0.0000000000
11353  41.348  -55.782  -14.631 0.0000000000
11362  41.545  -55.619  -15.709 0.0000000000
20107  43.947  -43.005  -8.925 0.0000000000
106369  44.029  -44.251  -8.684 0.0000000000
19370  45.084  -44.588  -8.847 0.0000000000
16299  43.383  -48.884  -6.884 0.0000000000
17028  43.503  -48.031  -7.463 0.0000000000
17027  44.768  -47.849  -7.539 0.0000000000
17042  45.575  -46.988  -8.021 0.0000000000
17026  45.940  -47.853  -7.628 0.0000000000
16297  46.832  -48.127  -7.889 0.0000000000
15570  45.222  -49.294  -6.933 0.0000000000
14129  44.037  -51.647  -6.200 0.0000000000
14821  45.285  -50.830  -6.453 0.0000000000
14128  44.774  -51.489  -6.299 0.0000000000
13453  45.666  -52.412  -6.635 0.0000000000
12737  44.556  -53.077  -6.565 0.0000000000
11291  40.138  -55.542  -9.081 0.0000000000
12009  41.468  -54.797  -8.367 0.0000000000
12000  43.035  -54.520  -7.624 0.0000000000
14871  38.443  -50.493  -10.618 0.0000000000
15607  39.562  -49.422  -10.486 0.0000000000
15618  38.175  -48.885  -10.945 0.0000000000
17091  37.618  -47.791  -11.814 0.0000000000
12072  39.629  -54.434  -12.375 0.0000000000
12808  38.363  -53.425  -11.898 0.0000000000
14850  46.605  -50.741  -8.385 0.0000000000
15591  46.644  -49.932  -8.971 0.0000000000
14157  46.387  -51.745  -8.491 0.0000000000
13497  45.393  -52.476  -9.900 0.0000000000
9968  44.568  -56.422  -11.481 0.0000000000
11304  45.183  -55.007  -11.404 0.0000000000
10598  44.821  -55.627  -12.057 0.0000000000
10607  44.509  -55.566  -12.833 0.0000000000
12068  44.373  -54.940  -13.001 0.0000000000
12069  43.367  -54.877  -12.966 0.0000000000
11328  43.679  -55.702  -13.346 0.0000000000
10631  42.831  -57.575  -14.004 0.0000000000
107061  40.512  -58.793  -14.808 0.0000000000
9356  39.575  -58.556  -14.987 0.0000000000
15571  43.825  -49.496  -6.617 0.0000000000
123076  44.454  -49.399  -6.751 0.0000000000
15554  43.556  -50.302  -6.236 0.0000000000
105226  43.342  -51.100  -6.008 0.0000000000
110762  43.203  -51.790  -6.109 0.0000000000
104842  41.338  -49.237  -10.269 0.0000000000
16339  40.747  -48.517  -10.832 0.0000000000
16355  36.434  -48.855  -11.217 0.0000000000
15619  37.232  -49.184  -10.982 0.0000000000
117201  35.671  -47.822  -11.506 0.0000000000
118708  45.186  -54.843  -7.729 0.0000000000
107033  45.405  -54.914  -8.408 0.0000000000
122531  44.872  -56.056  -8.718 0.0000000000
9939  44.692  -56.446  -9.457 0.0000000000
9940  43.830  -57.653  -9.347 0.0000000000
9961  44.365  -56.974  -10.251 0.0000000000
9962  43.857  -57.816  -10.464 0.0000000000
105258  43.768  -57.955  -11.532 0.0000000000
13514  41.194  -52.221  -10.674 0.0000000000
14182  40.713  -50.847  -10.165 0.0000000000
14183  39.857  -51.250  -10.500 0.0000000000
14184  38.923  -51.235  -10.695 0.0000000000
14872  37.692  -50.760  -10.809 0.0000000000
13531  37.934  -52.662  -11.525 0.0000000000
14195  37.551  -51.723  -11.167 0.0000000000
14881  37.046  -50.254  -10.879 0.0000000000
15620  36.185  -49.850  -11.066 0.0000000000
15621  35.178  -49.844  -11.238 0.0000000000
12846  39.118  -54.066  -14.341 0.0000000000
17839  47.002  -46.829  -9.541 0.0000000000
17069  46.248  -47.036  -10.536 0.0000000000
16334  46.289  -47.760  -10.283 0.0000000000
14180  42.876  -51.711  -10.098 0.0000000000
13510  45.239  -52.954  -10.647 0.0000000000
12051  45.096  -54.217  -11.858 0.0000000000
12787  45.196  -53.622  -11.252 0.0000000000
13511  44.533  -52.661  -10.789 0.0000000000
13512  43.438  -52.448  -10.659 0.0000000000
13513  42.255  -52.314  -10.578 0.0000000000
12790  41.716  -52.877  -11.056 0.0000000000
111245  41.102  -53.395  -11.429 0.0000000000
12055  40.356  -53.938  -11.834 0.0000000000
12070  41.946  -54.990  -12.506 0.0000000000
11331  39.966  -55.132  -12.928 0.0000000000
11346  39.607  -54.975  -13.247 0.0000000000
12082  39.297  -54.733  -13.577 0.0000000000
8114  42.328  -60.239  -12.132 0.0000000000
8724  38.199  -59.669  -12.758 0.0000000000
8715  42.383  -59.745  -13.007 0.0000000000
8720  42.740  -59.179  -13.411 0.0000000000
121134  42.828  -58.266  -14.020 0.0000000000
9989  42.781  -57.945  -14.270 0.0000000000
10632  42.450  -57.327  -14.664 0.0000000000
9991  41.653  -58.091  -15.505 0.0000000000
10620  41.800  -56.350  -14.197 0.0000000000
11354  40.174  -55.180  -13.892 0.0000000000
12095  39.635  -54.680  -14.155 0.0000000000
12107  40.340  -54.262  -14.776 0.0000000000
20866  43.340  -42.153  -9.536 0.0000000000
20119  43.743  -42.354  -9.031 0.0000000000
20123  43.950  -42.891  -9.573 0.0000000000
19389  45.004  -44.035  -9.223 0.0000000000
18622  45.626  -44.746  -9.125 0.0000000000
18621  46.195  -45.441  -9.433 0.0000000000
17029  42.401  -47.828  -7.559 0.0000000000
114543  43.826  -46.307  -8.243 0.0000000000
112003  45.120  -45.939  -8.422 0.0000000000
17822  46.352  -46.259  -8.601 0.0000000000
17821  47.038  -46.663  -8.894 0.0000000000
17040  47.213  -47.663  -8.565 0.0000000000
16308  47.213  -48.626  -8.327 0.0000000000
15568  46.831  -48.897  -7.719 0.0000000000
15552  45.533  -50.060  -6.711 0.0000000000
14820  46.016  -50.442  -6.823 0.0000000000
14837  46.515  -50.493  -7.429 0.0000000000
14141  46.175  -51.978  -6.944 0.0000000000
11997  45.629  -53.663  -7.359 0.0000000000
12744  43.376  -53.789  -7.168 0.0000000000
12743  44.378  -53.785  -6.969 0.0000000000
11999  44.269  -54.655  -7.415 0.0000000000
108912  40.046  -50.238  -10.252 0.0000000000
16340  39.988  -48.718  -10.743 0.0000000000
16354  37.715  -48.445  -11.319 0.0000000000
16353  38.344  -48.067  -11.516 0.0000000000
8707  42.686  -60.006  -11.858 0.0000000000
9342  43.454  -58.562  -12.056 0.0000000000
9346  42.982  -58.462  -13.665 0.0000000000
9366  40.716  -58.316  -15.453 0.0000000000
9979  42.972  -57.903  -13.873 0.0000000000
11327  44.170  -55.758  -13.177 0.0000000000
11998  45.148  -54.288  -7.258 0.0000000000
12006  44.904  -55.536  -7.959 0.0000000000
12056  38.764  -54.075  -12.386 0.0000000000
12073  38.346  -54.297  -12.888 0.0000000000
12742  45.092  -53.681  -6.843 0.0000000000
13454  44.844  -52.274  -6.367 0.0000000000
13496  45.611  -52.984  -9.798 0.0000000000
13515  40.223  -52.248  -10.910 0.0000000000
13529  39.580  -52.736  -11.273 0.0000000000
14127  45.520  -51.708  -6.489 0.0000000000
14140  46.481  -51.398  -7.600 0.0000000000
14185  38.222  -51.235  -10.822 0.0000000000
14870  40.753  -50.018  -10.073 0.0000000000
15553  44.582  -50.056  -6.511 0.0000000000
15569  46.277  -49.640  -7.221 0.0000000000
15608  38.733  -49.535  -10.608 0.0000000000
16319  47.177  -48.345  -9.153 0.0000000000
16333  46.866  -47.855  -9.751 0.0000000000
16356  34.999  -49.029  -11.200 0.0000000000
17068  46.813  -47.268  -9.996 0.0000000000
17089  39.721  -47.564  -11.574 0.0000000000
17840  46.759  -46.248  -9.471 0.0000000000
17851  46.730  -46.694  -10.056 0.0000000000
18599  46.620  -45.913  -8.993 0.0000000000
18636  45.289  -45.038  -10.655 0.0000000000
19371  44.550  -43.709  -9.010 0.0000000000
19388  45.593  -44.734  -9.696 0.0000000000
20117  44.438  -43.479  -9.405 0.0000000000
20118  44.075  -42.954  -9.159 0.0000000000
105647  37.126  -48.440  -11.396 0.0000000000
108096  35.730  -48.518  -11.302 0.0000000000
110746  44.086  -45.378  -8.490 0.0000000000
112225  42.687  -58.765  -13.902 0.0000000000
114763  45.244  -48.489  -7.296 0.0000000000
117403  40.698  -51.611  -10.472 0.0000000000
118451  43.160  -52.450  -6.372 0.0000000000
119920  37.004  -51.087  -11.064 0.0000000000
120163  43.092  -57.195  -13.779 0.0000000000
120444  44.240  -57.108  -9.093 0.0000000000
