#!ascii label  , from subject sub-v2s7x29670_ses-1 vox2ras=TkReg
830
107112  -33.446  -15.249  32.104 0.0000000000
42992  -22.406  -20.449  37.678 0.0000000000
42197  -28.300  -21.387  33.469 0.0000000000
64185  -46.221  3.471  17.110 0.0000000000
66840  -53.315  6.694  14.146 0.0000000000
109226  -16.300  -18.719  40.915 0.0000000000
60752  -43.176  -0.256  19.028 0.0000000000
50192  -35.418  -12.577  30.208 0.0000000000
43925  -31.747  -19.178  32.651 0.0000000000
124673  -18.973  -18.593  38.436 0.0000000000
42090  -19.742  -21.674  41.977 0.0000000000
113114  -29.760  -15.869  28.836 0.0000000000
48512  -30.752  -13.452  27.363 0.0000000000
41302  -25.326  -22.140  35.393 0.0000000000
45776  -27.853  -18.029  30.728 0.0000000000
53877  -41.117  -8.758  20.015 0.0000000000
56486  -45.183  -5.541  18.873 0.0000000000
59087  -47.573  -2.277  17.738 0.0000000000
118656  -12.679  -23.735  44.402 0.0000000000
40065  -9.672  -24.008  47.458 0.0000000000
52036  -32.578  -10.336  25.132 0.0000000000
53817  -35.000  -8.510  24.343 0.0000000000
53861  -37.299  -8.606  21.506 0.0000000000
40118  -15.955  -23.287  42.610 0.0000000000
42114  -22.636  -20.951  39.228 0.0000000000
41236  -23.925  -22.009  38.357 0.0000000000
45771  -32.710  -17.381  32.122 0.0000000000
45728  -20.828  -17.192  36.784 0.0000000000
43877  -20.600  -18.931  37.962 0.0000000000
42970  -21.247  -20.309  39.623 0.0000000000
108661  -28.113  -14.792  30.554 0.0000000000
46715  -29.000  -16.923  29.452 0.0000000000
55641  -40.932  -6.396  19.457 0.0000000000
54788  -43.699  -7.332  19.437 0.0000000000
57373  -42.284  -4.559  18.853 0.0000000000
59941  -44.597  -0.921  17.328 0.0000000000
61548  -45.729  0.424  16.361 0.0000000000
106726  -48.982  -0.349  16.740 0.0000000000
63297  -47.940  2.250  15.172 0.0000000000
63308  -49.894  2.834  14.590 0.0000000000
52002  -29.887  -10.247  27.807 0.0000000000
50221  -31.661  -11.953  25.844 0.0000000000
53772  -30.683  -8.689  26.314 0.0000000000
54737  -32.784  -6.937  23.754 0.0000000000
55604  -34.320  -6.439  22.163 0.0000000000
52976  -36.111  -8.781  22.388 0.0000000000
56455  -36.109  -5.984  21.419 0.0000000000
106455  -37.791  -6.574  21.160 0.0000000000
41325  -27.388  -22.047  34.760 0.0000000000
42943  -14.584  -20.956  42.094 0.0000000000
42100  -16.085  -20.842  40.756 0.0000000000
37268  -9.899  -26.135  48.670 0.0000000000
37252  -8.046  -26.669  50.604 0.0000000000
59907  -42.649  -2.022  20.169 0.0000000000
51072  -37.004  -11.664  29.831 0.0000000000
43078  -30.586  -20.215  32.951 0.0000000000
44765  -17.225  -18.264  39.698 0.0000000000
42953  -17.218  -20.588  40.053 0.0000000000
42968  -19.481  -20.339  39.576 0.0000000000
67719  -54.845  7.287  13.675 0.0000000000
46719  -32.135  -16.044  29.868 0.0000000000
48492  -32.594  -14.279  29.198 0.0000000000
105093  -30.855  -14.874  28.384 0.0000000000
118253  -22.336  -18.529  35.337 0.0000000000
43004  -23.298  -20.972  36.322 0.0000000000
43902  -23.505  -19.667  34.373 0.0000000000
43052  -24.991  -20.650  33.476 0.0000000000
43074  -26.401  -20.550  32.526 0.0000000000
44833  -27.019  -18.274  31.991 0.0000000000
43098  -28.572  -20.327  31.491 0.0000000000
114344  -29.908  -19.290  30.390 0.0000000000
112139  -31.275  -17.999  30.082 0.0000000000
52084  -42.588  -10.204  21.965 0.0000000000
58247  -43.667  -2.799  18.139 0.0000000000
58235  -46.548  -3.810  18.366 0.0000000000
121173  -51.253  3.685  14.169 0.0000000000
40083  -11.359  -23.657  45.540 0.0000000000
38127  -11.574  -25.531  47.337 0.0000000000
49360  -33.797  -13.157  28.362 0.0000000000
50213  -34.372  -12.425  26.777 0.0000000000
51122  -35.724  -11.273  26.502 0.0000000000
54704  -31.383  -7.754  25.322 0.0000000000
52920  -34.212  -9.296  24.879 0.0000000000
112871  -36.983  -9.728  25.913 0.0000000000
52924  -37.653  -9.498  25.533 0.0000000000
52943  -38.726  -9.884  24.625 0.0000000000
52073  -40.374  -10.579  22.583 0.0000000000
53005  -39.764  -9.214  20.743 0.0000000000
123601  -39.579  -6.008  20.512 0.0000000000
41252  -25.637  -23.114  37.964 0.0000000000
42057  -13.196  -21.127  44.065 0.0000000000
40106  -14.558  -23.563  43.235 0.0000000000
41205  -17.943  -22.364  41.884 0.0000000000
36396  -6.190  -27.081  51.010 0.0000000000
42981  -22.174  -20.452  38.650 0.0000000000
42124  -23.285  -21.498  38.846 0.0000000000
106814  -23.372  -21.533  38.072 0.0000000000
46691  -33.140  -15.976  31.972 0.0000000000
43886  -21.471  -18.851  36.802 0.0000000000
44794  -20.611  -17.800  37.159 0.0000000000
43878  -21.270  -19.226  37.617 0.0000000000
42980  -21.512  -20.070  38.901 0.0000000000
57367  -41.140  -4.714  19.867 0.0000000000
56476  -41.935  -5.362  18.956 0.0000000000
58220  -41.603  -4.018  19.861 0.0000000000
63270  -45.252  2.468  17.238 0.0000000000
63281  -44.856  1.863  17.040 0.0000000000
62369  -45.902  1.917  16.035 0.0000000000
61563  -47.063  1.007  15.693 0.0000000000
64207  -46.755  3.187  15.832 0.0000000000
64208  -47.435  3.494  15.535 0.0000000000
52901  -30.516  -9.435  26.577 0.0000000000
57332  -33.716  -4.825  22.872 0.0000000000
55616  -34.951  -6.286  21.725 0.0000000000
58183  -35.897  -4.178  22.282 0.0000000000
57335  -36.756  -4.559  21.924 0.0000000000
42180  -27.834  -21.707  34.115 0.0000000000
115053  -27.792  -22.212  35.431 0.0000000000
42163  -29.036  -21.634  35.151 0.0000000000
43840  -15.299  -19.779  41.805 0.0000000000
42952  -16.171  -20.050  40.613 0.0000000000
65939  -53.461  5.234  13.483 0.0000000000
37259  -8.544  -26.237  49.739 0.0000000000
50173  -35.709  -12.609  31.993 0.0000000000
50184  -36.212  -12.179  30.503 0.0000000000
113733  -31.105  -19.727  32.592 0.0000000000
43915  -31.797  -19.472  33.447 0.0000000000
117071  -19.391  -17.723  38.033 0.0000000000
45706  -18.433  -17.256  38.741 0.0000000000
45698  -18.074  -17.019  39.341 0.0000000000
43866  -18.454  -18.885  38.753 0.0000000000
114232  -18.077  -19.697  39.243 0.0000000000
43857  -18.978  -19.744  39.060 0.0000000000
42958  -21.741  -20.631  40.263 0.0000000000
42957  -20.960  -20.579  40.345 0.0000000000
46730  -31.080  -16.223  28.921 0.0000000000
47653  -31.622  -15.642  29.099 0.0000000000
47662  -30.335  -15.415  28.613 0.0000000000
45739  -22.587  -17.546  35.042 0.0000000000
43901  -22.953  -19.138  34.791 0.0000000000
44811  -23.001  -18.140  34.594 0.0000000000
44822  -24.581  -19.050  33.414 0.0000000000
117535  -25.193  -19.953  32.969 0.0000000000
43053  -25.705  -20.714  33.045 0.0000000000
119736  -25.778  -20.016  32.622 0.0000000000
121472  -27.543  -16.689  32.027 0.0000000000
45769  -27.417  -17.633  31.551 0.0000000000
43933  -27.520  -19.660  31.362 0.0000000000
43943  -27.947  -19.345  30.880 0.0000000000
43935  -28.950  -19.986  30.985 0.0000000000
44850  -28.574  -18.447  30.125 0.0000000000
109876  -29.076  -16.111  29.318 0.0000000000
44860  -30.132  -18.077  29.415 0.0000000000
46717  -30.653  -16.847  29.026 0.0000000000
46701  -31.788  -17.204  30.149 0.0000000000
53007  -41.606  -9.446  20.538 0.0000000000
110239  -43.011  -9.748  21.333 0.0000000000
53879  -42.885  -8.715  20.094 0.0000000000
55653  -43.826  -6.026  18.753 0.0000000000
54789  -44.470  -7.270  19.692 0.0000000000
60751  -42.908  -1.057  19.189 0.0000000000
59069  -42.617  -2.536  18.996 0.0000000000
59928  -43.278  -1.266  18.413 0.0000000000
59942  -46.201  -1.722  17.316 0.0000000000
59085  -45.784  -2.414  17.618 0.0000000000
59086  -46.674  -2.427  17.670 0.0000000000
58236  -47.307  -4.022  18.668 0.0000000000
64216  -50.168  3.640  14.444 0.0000000000
65085  -50.414  4.504  14.387 0.0000000000
65086  -51.291  4.734  14.098 0.0000000000
125566  -12.318  -21.962  44.649 0.0000000000
41150  -11.408  -22.893  45.421 0.0000000000
39090  -12.056  -23.857  44.921 0.0000000000
38128  -12.469  -25.490  47.287 0.0000000000
121186  -12.015  -26.300  49.288 0.0000000000
124336  -31.903  -13.964  27.930 0.0000000000
49359  -33.144  -13.676  28.773 0.0000000000
49368  -32.165  -13.634  27.544 0.0000000000
51135  -32.092  -11.220  25.475 0.0000000000
114082  -32.927  -12.564  26.236 0.0000000000
51120  -34.072  -12.011  25.994 0.0000000000
50214  -35.213  -11.955  26.700 0.0000000000
51137  -33.990  -11.207  25.560 0.0000000000
55570  -31.323  -6.696  25.501 0.0000000000
53832  -33.788  -7.868  23.816 0.0000000000
53815  -33.394  -8.203  24.243 0.0000000000
52939  -34.623  -8.841  24.675 0.0000000000
52921  -34.958  -9.326  25.039 0.0000000000
52940  -35.410  -8.924  24.778 0.0000000000
108467  -37.412  -9.590  25.622 0.0000000000
53818  -35.780  -8.795  24.269 0.0000000000
52989  -36.779  -9.190  22.087 0.0000000000
52962  -37.060  -9.685  23.571 0.0000000000
52978  -37.992  -10.112  22.389 0.0000000000
52062  -39.953  -10.559  23.366 0.0000000000
52072  -38.947  -10.276  22.068 0.0000000000
52081  -39.861  -10.355  21.921 0.0000000000
53863  -38.836  -8.948  21.017 0.0000000000
57350  -38.766  -4.988  21.590 0.0000000000
55620  -38.624  -6.441  20.878 0.0000000000
56466  -39.195  -5.572  20.999 0.0000000000
41274  -24.448  -22.038  36.286 0.0000000000
41251  -24.391  -22.286  37.207 0.0000000000
41275  -25.125  -22.579  36.641 0.0000000000
41189  -14.767  -22.331  42.114 0.0000000000
41188  -14.074  -22.232  42.548 0.0000000000
40117  -15.047  -23.168  42.523 0.0000000000
42103  -18.421  -21.383  40.555 0.0000000000
42089  -17.871  -21.948  41.125 0.0000000000
125267  -18.380  -22.070  41.583 0.0000000000
42108  -23.059  -21.283  40.788 0.0000000000
41214  -23.800  -21.849  40.287 0.0000000000
41224  -24.447  -22.447  39.831 0.0000000000
41238  -25.183  -23.004  39.412 0.0000000000
45764  -32.541  -18.109  32.576 0.0000000000
44826  -32.264  -18.774  33.031 0.0000000000
46647  -20.647  -16.487  37.152 0.0000000000
44786  -20.080  -18.101  37.708 0.0000000000
44779  -19.980  -18.816  38.171 0.0000000000
43858  -19.910  -19.794  39.053 0.0000000000
42979  -20.775  -19.864  39.039 0.0000000000
42971  -21.978  -20.509  39.491 0.0000000000
47652  -29.120  -15.334  29.151 0.0000000000
48491  -29.286  -14.680  28.839 0.0000000000
46689  -27.754  -16.134  31.495 0.0000000000
45784  -28.207  -17.436  30.342 0.0000000000
47651  -28.479  -15.448  29.887 0.0000000000
54785  -41.236  -7.268  19.443 0.0000000000
53892  -42.437  -8.106  19.584 0.0000000000
55642  -41.767  -6.675  19.155 0.0000000000
55652  -43.128  -5.881  18.665 0.0000000000
56484  -43.480  -5.296  18.525 0.0000000000
59940  -43.788  -0.852  17.802 0.0000000000
61535  -44.373  0.389  17.221 0.0000000000
60782  -45.430  -0.239  16.727 0.0000000000
60783  -46.618  -0.613  16.715 0.0000000000
59955  -47.910  -0.839  16.955 0.0000000000
61550  -47.653  0.231  16.091 0.0000000000
61564  -48.029  0.890  15.620 0.0000000000
62373  -49.288  1.501  15.265 0.0000000000
63298  -48.707  2.319  14.972 0.0000000000
64209  -48.268  3.775  15.157 0.0000000000
39092  -13.843  -24.388  44.665 0.0000000000
39091  -12.901  -24.344  44.865 0.0000000000
110821  -14.165  -24.829  45.985 0.0000000000
50209  -30.406  -12.115  26.645 0.0000000000
50210  -31.212  -12.482  26.366 0.0000000000
51118  -30.567  -11.133  26.346 0.0000000000
51119  -31.260  -11.146  25.805 0.0000000000
52035  -31.568  -10.321  25.472 0.0000000000
56432  -32.166  -5.504  24.620 0.0000000000
56439  -32.699  -5.472  23.757 0.0000000000
55593  -32.939  -6.270  23.364 0.0000000000
54739  -34.120  -7.595  23.199 0.0000000000
53834  -35.215  -8.400  23.650 0.0000000000
106562  -35.172  -7.713  22.180 0.0000000000
54761  -35.718  -7.350  21.684 0.0000000000
54762  -36.594  -7.761  21.512 0.0000000000
54763  -37.558  -7.583  21.191 0.0000000000
106685  -36.941  -6.271  21.364 0.0000000000
41323  -25.785  -22.015  34.789 0.0000000000
41303  -26.119  -22.427  35.571 0.0000000000
41304  -27.051  -22.388  35.478 0.0000000000
42944  -15.068  -20.643  41.675 0.0000000000
41202  -15.494  -21.966  41.518 0.0000000000
38113  -9.516  -25.332  48.116 0.0000000000
109997  -9.355  -23.706  47.997 0.0000000000
38112  -8.860  -25.127  48.605 0.0000000000
38098  -8.221  -25.320  49.385 0.0000000000
38097  -7.150  -25.050  50.230 0.0000000000
119930  -37.386  -11.115  28.909 0.0000000000
114623  -29.453  -20.877  33.167 0.0000000000
42182  -29.492  -21.271  34.509 0.0000000000
46618  -17.802  -16.872  40.097 0.0000000000
44764  -16.702  -18.488  40.358 0.0000000000
42965  -16.712  -19.910  40.079 0.0000000000
42966  -17.350  -19.776  39.640 0.0000000000
42954  -18.059  -20.876  39.971 0.0000000000
121481  -19.241  -21.257  40.639 0.0000000000
42969  -20.412  -20.286  39.650 0.0000000000
42956  -19.992  -20.787  40.344 0.0000000000
42091  -20.598  -21.301  41.820 0.0000000000
66841  -54.093  7.005  13.917 0.0000000000
47640  -32.640  -15.690  30.637 0.0000000000
47641  -32.927  -14.866  30.626 0.0000000000
47654  -32.256  -15.075  29.522 0.0000000000
47664  -31.966  -14.723  28.847 0.0000000000
48501  -30.750  -14.146  27.921 0.0000000000
114382  -29.474  -14.125  28.477 0.0000000000
49358  -29.969  -13.683  27.886 0.0000000000
49367  -30.175  -12.857  27.275 0.0000000000
51101  -29.543  -11.260  27.859 0.0000000000
43887  -22.055  -19.179  36.154 0.0000000000
43003  -22.674  -20.419  36.725 0.0000000000
43018  -22.915  -20.284  35.889 0.0000000000
43019  -23.499  -20.761  35.499 0.0000000000
42177  -24.451  -21.228  34.678 0.0000000000
43912  -24.017  -19.263  33.763 0.0000000000
43903  -23.934  -20.056  33.964 0.0000000000
120371  -24.963  -21.231  34.087 0.0000000000
42195  -25.452  -21.161  33.636 0.0000000000
42215  -26.883  -21.234  32.986 0.0000000000
42216  -27.870  -21.097  32.641 0.0000000000
117139  -26.428  -18.764  32.501 0.0000000000
43923  -26.952  -20.125  31.888 0.0000000000
43075  -27.822  -20.466  31.758 0.0000000000
43076  -28.609  -20.711  32.109 0.0000000000
43099  -29.242  -20.347  31.666 0.0000000000
43936  -29.837  -19.828  31.128 0.0000000000
122116  -30.460  -19.348  30.868 0.0000000000
44859  -29.408  -18.323  29.651 0.0000000000
43946  -30.578  -18.900  30.367 0.0000000000
114865  -31.745  -18.617  31.546 0.0000000000
45779  -32.397  -17.213  31.186 0.0000000000
46702  -32.368  -16.504  30.596 0.0000000000
44803  -21.662  -18.293  36.072 0.0000000000
53894  -44.119  -7.985  20.015 0.0000000000
58221  -42.189  -3.320  19.487 0.0000000000
58232  -43.445  -3.678  18.320 0.0000000000
58233  -44.322  -3.916  18.178 0.0000000000
113818  -44.388  -1.694  17.589 0.0000000000
58248  -44.522  -3.136  17.984 0.0000000000
57377  -45.926  -4.376  18.499 0.0000000000
57378  -47.314  -4.755  19.208 0.0000000000
64224  -52.112  4.181  13.834 0.0000000000
65091  -52.078  5.042  13.837 0.0000000000
66839  -52.542  6.453  14.354 0.0000000000
41140  -11.138  -22.541  46.091 0.0000000000
40074  -10.706  -23.778  46.263 0.0000000000
39062  -12.099  -24.769  45.974 0.0000000000
39061  -11.396  -24.662  46.214 0.0000000000
39048  -10.408  -24.864  47.072 0.0000000000
37269  -10.800  -26.256  48.634 0.0000000000
48481  -33.288  -14.171  30.460 0.0000000000
49347  -33.787  -13.587  30.221 0.0000000000
49348  -34.524  -13.009  29.940 0.0000000000
49374  -32.540  -13.119  26.887 0.0000000000
49369  -33.821  -12.912  27.519 0.0000000000
110062  -35.328  -12.558  29.228 0.0000000000
50199  -36.037  -12.092  28.575 0.0000000000
51092  -36.638  -11.452  27.976 0.0000000000
52003  -36.982  -10.671  27.229 0.0000000000
53792  -31.235  -8.647  25.533 0.0000000000
52918  -31.892  -9.447  25.106 0.0000000000
54724  -32.332  -7.223  24.286 0.0000000000
53814  -32.758  -8.457  24.499 0.0000000000
115956  -33.386  -9.697  24.913 0.0000000000
112990  -34.300  -10.071  25.210 0.0000000000
52024  -36.468  -10.427  26.366 0.0000000000
52961  -36.315  -9.121  23.708 0.0000000000
104569  -38.053  -9.494  25.206 0.0000000000
52074  -41.269  -10.560  22.552 0.0000000000
52994  -41.189  -10.001  21.170 0.0000000000
53876  -40.220  -8.559  20.207 0.0000000000
53874  -38.740  -8.073  20.740 0.0000000000
54773  -39.053  -7.464  20.529 0.0000000000
53890  -40.718  -7.904  19.755 0.0000000000
55632  -40.017  -6.413  20.042 0.0000000000
57366  -40.627  -5.092  20.220 0.0000000000
42135  -23.787  -21.827  37.568 0.0000000000
120453  -25.136  -22.930  38.437 0.0000000000
41253  -26.549  -23.024  37.102 0.0000000000
41176  -12.936  -22.764  43.682 0.0000000000
42935  -14.147  -20.791  42.785 0.0000000000
41177  -13.553  -22.472  43.077 0.0000000000
40105  -13.589  -23.307  43.434 0.0000000000
39093  -14.592  -24.338  44.555 0.0000000000
42101  -16.718  -21.161  40.565 0.0000000000
42088  -16.918  -21.863  40.960 0.0000000000
41192  -17.374  -22.774  42.365 0.0000000000
37244  -7.552  -27.172  51.241 0.0000000000
37251  -7.028  -26.519  50.874 0.0000000000
118226  -6.181  -24.881  50.690 0.0000000000
47626  -33.645  -14.480  31.782 0.0000000000
42123  -22.831  -21.008  38.304 0.0000000000
43879  -21.984  -19.719  37.028 0.0000000000
42991  -21.745  -19.865  38.085 0.0000000000
58209  -41.622  -3.973  20.499 0.0000000000
64184  -45.696  2.948  17.546 0.0000000000
63282  -45.502  2.271  16.555 0.0000000000
64197  -45.805  2.959  16.784 0.0000000000
63283  -46.180  2.672  16.074 0.0000000000
64198  -46.423  3.398  16.427 0.0000000000
108369  -35.109  -4.630  22.130 0.0000000000
42181  -28.675  -21.539  34.302 0.0000000000
44759  -16.140  -18.517  41.599 0.0000000000
43841  -15.887  -19.343  41.202 0.0000000000
66846  -52.960  5.939  13.809 0.0000000000
66847  -53.746  6.145  13.615 0.0000000000
50174  -36.263  -12.212  31.393 0.0000000000
44778  -19.420  -18.395  38.196 0.0000000000
45707  -19.087  -16.952  38.285 0.0000000000
44777  -18.733  -17.962  38.410 0.0000000000
46729  -30.446  -16.159  28.793 0.0000000000
47663  -31.004  -15.608  28.662 0.0000000000
47661  -29.749  -15.212  28.717 0.0000000000
44824  -25.943  -18.645  33.246 0.0000000000
43914  -24.971  -19.333  33.128 0.0000000000
119954  -25.657  -19.305  32.826 0.0000000000
45777  -27.720  -17.016  31.088 0.0000000000
44849  -28.066  -18.839  30.615 0.0000000000
43944  -28.602  -19.343  30.558 0.0000000000
46716  -29.792  -16.764  28.977 0.0000000000
53008  -42.525  -9.371  20.599 0.0000000000
53878  -42.014  -8.810  19.977 0.0000000000
55654  -44.637  -6.117  19.006 0.0000000000
114961  -44.892  -6.724  19.499 0.0000000000
56477  -45.983  -5.612  19.255 0.0000000000
118083  -43.126  -0.648  19.600 0.0000000000
60763  -43.079  -0.883  18.803 0.0000000000
59943  -47.045  -1.701  17.351 0.0000000000
58251  -47.215  -3.166  18.147 0.0000000000
65932  -49.802  5.113  14.776 0.0000000000
40095  -12.368  -23.133  44.358 0.0000000000
48513  -31.452  -13.813  27.637 0.0000000000
49373  -31.563  -13.224  26.918 0.0000000000
51136  -33.014  -11.299  25.392 0.0000000000
50223  -33.369  -12.003  25.778 0.0000000000
53833  -34.526  -8.115  23.785 0.0000000000
53816  -34.196  -8.396  24.280 0.0000000000
111427  -36.150  -9.143  24.879 0.0000000000
52990  -37.579  -9.483  21.853 0.0000000000
52977  -37.185  -9.720  22.571 0.0000000000
52991  -38.445  -9.684  21.619 0.0000000000
116919  -38.060  -9.041  21.377 0.0000000000
42161  -24.591  -21.742  35.437 0.0000000000
41301  -24.973  -22.241  35.930 0.0000000000
118460  -25.490  -22.453  35.989 0.0000000000
41190  -15.641  -22.701  41.973 0.0000000000
40107  -15.465  -23.641  43.234 0.0000000000
111899  -18.920  -21.732  41.275 0.0000000000
40066  -10.195  -23.502  46.961 0.0000000000
41130  -9.824  -23.222  47.702 0.0000000000
49324  -34.980  -13.001  31.657 0.0000000000
110554  -22.465  -20.912  40.103 0.0000000000
42115  -23.175  -21.403  39.784 0.0000000000
41223  -23.857  -21.953  39.349 0.0000000000
118490  -24.483  -22.526  38.894 0.0000000000
47586  -21.000  -15.951  37.153 0.0000000000
44787  -20.839  -18.498  37.332 0.0000000000
43868  -20.298  -19.355  38.511 0.0000000000
43869  -21.059  -19.530  38.375 0.0000000000
48490  -28.572  -14.621  29.610 0.0000000000
116112  -28.040  -16.518  30.634 0.0000000000
112574  -41.602  -6.008  19.101 0.0000000000
56483  -42.700  -5.287  18.656 0.0000000000
57374  -43.003  -4.496  18.489 0.0000000000
62342  -43.932  0.972  18.014 0.0000000000
113946  -44.170  0.870  17.538 0.0000000000
120340  -45.330  1.363  16.450 0.0000000000
61547  -44.981  0.474  16.717 0.0000000000
116781  -46.046  -0.254  16.558 0.0000000000
60784  -47.392  -0.420  16.574 0.0000000000
61549  -46.637  0.187  16.221 0.0000000000
62371  -47.523  1.718  15.397 0.0000000000
62372  -48.415  1.558  15.288 0.0000000000
65075  -47.664  4.236  15.746 0.0000000000
51102  -29.972  -11.174  27.047 0.0000000000
52022  -30.788  -10.268  26.055 0.0000000000
52902  -31.029  -9.459  25.766 0.0000000000
56448  -34.009  -5.475  22.374 0.0000000000
56440  -33.278  -5.473  23.031 0.0000000000
55594  -33.568  -6.295  22.749 0.0000000000
54749  -33.939  -6.968  22.741 0.0000000000
54750  -34.516  -7.299  22.476 0.0000000000
56454  -35.363  -5.780  21.597 0.0000000000
55617  -35.560  -6.536  21.557 0.0000000000
55618  -36.310  -6.840  21.418 0.0000000000
55619  -37.039  -7.015  21.270 0.0000000000
57349  -37.547  -4.918  21.736 0.0000000000
41324  -26.549  -22.110  34.775 0.0000000000
112977  -28.564  -22.066  35.867 0.0000000000
42951  -15.614  -20.297  41.153 0.0000000000
42086  -15.522  -21.179  41.246 0.0000000000
42087  -16.137  -21.589  41.023 0.0000000000
38099  -9.031  -25.799  48.904 0.0000000000
38089  -7.549  -25.936  50.260 0.0000000000
51073  -37.588  -11.316  30.536 0.0000000000
51973  -37.797  -10.997  29.736 0.0000000000
51082  -36.717  -11.670  28.873 0.0000000000
43054  -30.018  -20.569  33.006 0.0000000000
42199  -29.964  -20.858  33.834 0.0000000000
43055  -30.508  -20.450  33.518 0.0000000000
45697  -17.560  -17.509  39.673 0.0000000000
45687  -17.154  -17.593  40.435 0.0000000000
43855  -16.918  -19.124  39.830 0.0000000000
43856  -17.590  -18.962  39.290 0.0000000000
42967  -18.558  -20.342  39.546 0.0000000000
42955  -18.960  -20.878  40.057 0.0000000000
42106  -21.515  -20.802  40.973 0.0000000000
42105  -20.761  -20.937  41.070 0.0000000000
108093  -32.540  -15.236  30.124 0.0000000000
115559  -31.409  -15.032  28.654 0.0000000000
48502  -31.547  -14.379  28.220 0.0000000000
49346  -28.855  -14.034  29.011 0.0000000000
49345  -28.585  -13.287  29.257 0.0000000000
50197  -28.855  -12.460  28.722 0.0000000000
49366  -29.479  -12.804  27.863 0.0000000000
50201  -29.212  -11.995  28.009 0.0000000000
50202  -29.705  -12.082  27.333 0.0000000000
119413  -22.430  -19.854  36.256 0.0000000000
43895  -22.605  -19.545  35.565 0.0000000000
43896  -23.162  -20.031  35.100 0.0000000000
42160  -24.027  -21.178  35.220 0.0000000000
43035  -23.800  -20.556  34.666 0.0000000000
43913  -24.519  -19.842  33.447 0.0000000000
43036  -24.389  -20.652  34.016 0.0000000000
42178  -25.590  -21.574  34.166 0.0000000000
124463  -26.259  -21.032  32.979 0.0000000000
112056  -27.170  -20.752  32.314 0.0000000000
45762  -27.289  -17.303  32.684 0.0000000000
116280  -26.870  -18.000  32.770 0.0000000000
43932  -26.892  -19.223  31.767 0.0000000000
43922  -26.313  -19.664  32.293 0.0000000000
43934  -28.217  -19.902  31.106 0.0000000000
43945  -29.300  -19.535  30.578 0.0000000000
43937  -30.723  -19.581  31.591 0.0000000000
110297  -28.460  -16.965  29.986 0.0000000000
45796  -28.849  -17.689  29.688 0.0000000000
44853  -30.666  -18.330  29.880 0.0000000000
116064  -31.111  -18.501  30.396 0.0000000000
45778  -31.717  -18.122  30.836 0.0000000000
46690  -32.751  -16.226  31.268 0.0000000000
45738  -21.969  -17.534  35.574 0.0000000000
46659  -21.872  -16.651  35.875 0.0000000000
52075  -42.143  -10.445  22.609 0.0000000000
121809  -43.815  -9.487  21.487 0.0000000000
52980  -44.361  -9.518  22.266 0.0000000000
54787  -42.876  -7.397  19.281 0.0000000000
53893  -43.286  -8.030  19.709 0.0000000000
59060  -42.380  -2.613  19.709 0.0000000000
59070  -43.121  -2.142  18.481 0.0000000000
108348  -42.983  -2.919  18.533 0.0000000000
121846  -43.969  -3.399  18.114 0.0000000000
60771  -44.217  -0.262  17.411 0.0000000000
58250  -46.251  -3.115  17.976 0.0000000000
58249  -45.422  -3.100  17.933 0.0000000000
123112  -45.871  -3.658  18.187 0.0000000000
58234  -45.176  -3.833  18.181 0.0000000000
56487  -46.439  -4.988  19.007 0.0000000000
110837  -46.713  -4.415  18.736 0.0000000000
57379  -48.009  -4.247  19.074 0.0000000000
59956  -48.662  -0.927  17.153 0.0000000000
63310  -51.748  2.700  14.422 0.0000000000
64217  -52.321  3.270  14.050 0.0000000000
65934  -51.455  5.555  14.257 0.0000000000
65935  -52.232  5.756  14.045 0.0000000000
41149  -10.994  -23.207  45.889 0.0000000000
41139  -10.649  -23.000  46.467 0.0000000000
105362  -12.834  -24.783  45.690 0.0000000000
39075  -12.264  -24.437  45.360 0.0000000000
38140  -12.717  -25.128  46.489 0.0000000000
38139  -11.881  -25.175  46.646 0.0000000000
38138  -11.095  -25.084  46.803 0.0000000000
38126  -10.764  -25.452  47.423 0.0000000000
38115  -11.201  -25.875  47.999 0.0000000000
37262  -11.309  -26.505  49.340 0.0000000000
47655  -32.790  -14.555  29.952 0.0000000000
48493  -33.210  -13.897  29.684 0.0000000000
117250  -33.817  -13.360  29.328 0.0000000000
50211  -32.062  -12.626  26.250 0.0000000000
49375  -33.397  -12.830  26.885 0.0000000000
50203  -34.513  -12.734  27.845 0.0000000000
50198  -35.277  -12.470  28.246 0.0000000000
50204  -35.187  -12.288  27.363 0.0000000000
51103  -35.713  -11.824  27.029 0.0000000000
51104  -36.297  -11.293  27.082 0.0000000000
105027  -30.815  -7.953  26.093 0.0000000000
53793  -31.949  -8.561  24.899 0.0000000000
55585  -32.380  -6.310  24.029 0.0000000000
55584  -31.825  -6.463  24.724 0.0000000000
52938  -33.650  -8.848  24.596 0.0000000000
52919  -32.715  -9.117  24.754 0.0000000000
52903  -36.129  -9.864  25.632 0.0000000000
52888  -37.340  -9.894  26.661 0.0000000000
52923  -36.884  -9.397  25.108 0.0000000000
53847  -35.445  -8.349  22.670 0.0000000000
52960  -35.854  -8.813  23.269 0.0000000000
118511  -37.957  -10.268  23.200 0.0000000000
52963  -37.929  -9.936  24.164 0.0000000000
52051  -40.568  -10.323  23.988 0.0000000000
52063  -40.876  -10.570  23.237 0.0000000000
52064  -41.713  -10.487  23.219 0.0000000000
52993  -40.268  -9.926  21.232 0.0000000000
53006  -40.678  -9.383  20.585 0.0000000000
54764  -38.382  -7.314  20.856 0.0000000000
55631  -39.263  -6.602  20.489 0.0000000000
122364  -38.814  -6.934  20.655 0.0000000000
117556  -39.823  -7.507  20.095 0.0000000000
54774  -40.522  -7.108  19.694 0.0000000000
56467  -39.988  -5.513  20.568 0.0000000000
42134  -23.143  -21.149  37.325 0.0000000000
105903  -23.809  -21.653  36.744 0.0000000000
107770  -25.079  -22.783  37.566 0.0000000000
40155  -25.904  -23.432  38.751 0.0000000000
41277  -26.798  -22.705  36.282 0.0000000000
41276  -25.955  -22.747  36.456 0.0000000000
42164  -29.897  -21.333  35.406 0.0000000000
42056  -12.725  -21.481  44.487 0.0000000000
42065  -13.094  -21.859  43.602 0.0000000000
41178  -14.204  -22.892  42.721 0.0000000000
40097  -14.151  -23.993  43.942 0.0000000000
120848  -16.576  -20.528  40.394 0.0000000000
41204  -17.134  -22.402  41.593 0.0000000000
37243  -6.753  -27.101  51.159 0.0000000000
37250  -6.226  -26.402  50.942 0.0000000000
38088  -6.491  -25.753  50.706 0.0000000000
38087  -5.959  -25.641  50.739 0.0000000000
46687  -33.125  -16.657  32.482 0.0000000000
44795  -21.080  -18.013  36.683 0.0000000000
48469  -27.948  -14.148  31.203 0.0000000000
56475  -41.147  -5.448  19.463 0.0000000000
57368  -41.644  -4.667  19.345 0.0000000000
121347  -42.013  -3.986  19.274 0.0000000000
62347  -44.402  1.430  17.586 0.0000000000
62359  -46.146  1.145  15.950 0.0000000000
62370  -46.615  1.977  15.654 0.0000000000
63296  -47.242  2.630  15.453 0.0000000000
64199  -46.978  3.870  16.073 0.0000000000
52021  -30.275  -10.245  26.841 0.0000000000
52887  -30.255  -9.411  27.485 0.0000000000
53758  -30.453  -8.685  27.236 0.0000000000
56453  -34.686  -5.694  21.861 0.0000000000
126121  -34.625  -5.096  22.072 0.0000000000
124172  -35.105  -5.219  21.793 0.0000000000
57334  -35.856  -5.080  21.707 0.0000000000
42179  -26.909  -21.734  33.935 0.0000000000
41326  -28.220  -21.892  34.930 0.0000000000
65092  -52.839  4.632  13.639 0.0000000000
37254  -9.999  -26.917  50.157 0.0000000000
37260  -9.489  -26.498  49.464 0.0000000000
37253  -9.051  -26.860  50.315 0.0000000000
51062  -36.903  -11.787  30.899 0.0000000000
50193  -36.137  -12.152  29.526 0.0000000000
43056  -31.078  -20.067  33.488 0.0000000000
43904  -32.174  -19.533  34.406 0.0000000000
46636  -19.775  -16.344  38.033 0.0000000000
46628  -18.673  -16.469  38.979 0.0000000000
123353  -17.879  -17.969  38.983 0.0000000000
48500  -30.068  -14.621  28.357 0.0000000000
44813  -24.441  -18.458  33.842 0.0000000000
45770  -27.593  -16.475  32.902 0.0000000000
44841  -27.470  -18.743  31.156 0.0000000000
44851  -29.275  -19.018  30.074 0.0000000000
45797  -29.578  -17.591  29.306 0.0000000000
45798  -30.200  -17.429  29.129 0.0000000000
44861  -30.916  -17.571  29.494 0.0000000000
46718  -31.408  -16.629  29.387 0.0000000000
52995  -42.111  -9.934  21.214 0.0000000000
53009  -43.440  -9.157  20.761 0.0000000000
55645  -44.135  -6.691  19.188 0.0000000000
59915  -42.675  -1.828  19.381 0.0000000000
59927  -42.888  -1.593  18.860 0.0000000000
106366  -45.284  -1.584  17.319 0.0000000000
107689  -48.032  -3.562  18.579 0.0000000000
64215  -49.183  3.572  14.711 0.0000000000
65933  -50.626  5.338  14.499 0.0000000000
41151  -11.981  -22.482  44.859 0.0000000000
40094  -11.791  -23.242  44.961 0.0000000000
38100  -11.636  -26.146  48.668 0.0000000000
48503  -32.338  -13.979  28.336 0.0000000000
114230  -33.040  -13.359  27.741 0.0000000000
50222  -32.508  -12.015  25.717 0.0000000000
50212  -33.629  -12.399  26.310 0.0000000000
51121  -34.868  -11.503  26.074 0.0000000000
54725  -33.066  -7.597  23.934 0.0000000000
52922  -35.778  -9.376  25.160 0.0000000000
117988  -36.583  -9.527  25.301 0.0000000000
120338  -36.458  -9.344  22.877 0.0000000000
122652  -37.510  -10.066  22.915 0.0000000000
52049  -38.851  -10.391  23.556 0.0000000000
125611  -38.633  -10.432  22.748 0.0000000000
110868  -39.446  -10.538  22.694 0.0000000000
52992  -39.350  -9.806  21.379 0.0000000000
56457  -38.347  -5.752  21.270 0.0000000000
42146  -23.916  -21.432  35.894 0.0000000000
106375  -25.760  -22.954  37.256 0.0000000000
41201  -14.927  -21.483  41.763 0.0000000000
42077  -14.324  -21.598  42.300 0.0000000000
42102  -17.514  -21.343  40.492 0.0000000000
49336  -34.832  -12.991  30.843 0.0000000000
41206  -23.813  -21.771  41.170 0.0000000000
41215  -24.428  -22.322  40.724 0.0000000000
44835  -32.017  -18.667  32.247 0.0000000000
46637  -20.158  -16.593  37.581 0.0000000000
45717  -20.308  -17.214  37.329 0.0000000000
45716  -19.743  -17.147  37.755 0.0000000000
43867  -19.420  -19.129  38.541 0.0000000000
107832  -28.439  -13.879  29.660 0.0000000000
46700  -28.436  -16.237  29.997 0.0000000000
53891  -41.575  -8.079  19.600 0.0000000000
54786  -42.050  -7.420  19.281 0.0000000000
109930  -42.484  -6.843  19.062 0.0000000000
55643  -42.400  -6.103  18.841 0.0000000000
55644  -43.232  -6.625  18.957 0.0000000000
56485  -44.341  -5.408  18.617 0.0000000000
60764  -43.392  -0.401  18.420 0.0000000000
61525  -43.602  0.372  18.502 0.0000000000
61534  -43.814  0.226  17.823 0.0000000000
62358  -44.575  1.119  17.013 0.0000000000
60781  -44.777  -0.241  17.013 0.0000000000
59952  -45.208  -0.795  17.050 0.0000000000
59953  -45.898  -0.921  16.958 0.0000000000
118747  -46.595  -1.199  17.071 0.0000000000
59954  -47.270  -1.031  17.012 0.0000000000
59944  -47.963  -1.502  17.372 0.0000000000
60785  -48.207  -0.359  16.601 0.0000000000
61551  -48.575  0.227  16.162 0.0000000000
62382  -49.610  2.134  14.880 0.0000000000
63307  -49.189  2.798  14.740 0.0000000000
115313  -47.987  2.965  15.115 0.0000000000
63306  -48.626  3.117  14.867 0.0000000000
65083  -48.852  4.256  14.971 0.0000000000
40096  -13.328  -23.897  44.156 0.0000000000
39076  -13.622  -24.706  45.433 0.0000000000
49372  -30.782  -12.873  26.847 0.0000000000
124692  -30.988  -11.837  26.099 0.0000000000
57325  -33.253  -4.622  23.620 0.0000000000
54738  -33.409  -7.110  23.336 0.0000000000
53846  -34.774  -7.971  22.960 0.0000000000
54760  -34.999  -6.956  21.867 0.0000000000
53859  -35.861  -8.142  21.922 0.0000000000
53860  -36.489  -8.553  21.821 0.0000000000
57348  -36.799  -5.423  21.556 0.0000000000
56456  -37.599  -5.693  21.428 0.0000000000
107933  -38.120  -5.186  21.594 0.0000000000
109891  -38.294  -4.562  21.918 0.0000000000
41278  -27.699  -22.489  36.164 0.0000000000
42936  -14.762  -20.219  42.325 0.0000000000
107130  -20.415  -21.587  42.579 0.0000000000
39047  -9.801  -24.684  47.512 0.0000000000
39035  -9.132  -24.455  48.163 0.0000000000
39034  -8.580  -24.711  48.853 0.0000000000
39023  -7.969  -24.514  49.578 0.0000000000
60745  -42.896  -1.256  19.866 0.0000000000
61501  -43.507  -0.043  19.790 0.0000000000
108937  -37.940  -10.523  29.101 0.0000000000
42198  -29.122  -21.201  33.677 0.0000000000
44816  -32.542  -18.903  33.864 0.0000000000
46605  -17.645  -16.839  40.972 0.0000000000
115902  -16.404  -19.264  40.466 0.0000000000
123418  -17.820  -20.290  39.635 0.0000000000
42104  -19.908  -21.290  41.178 0.0000000000
47625  -33.105  -15.255  31.370 0.0000000000
49357  -29.155  -13.442  28.473 0.0000000000
52001  -29.598  -10.687  28.496 0.0000000000
45751  -23.821  -17.787  34.367 0.0000000000
44812  -23.577  -18.695  34.191 0.0000000000
42162  -25.102  -21.708  34.740 0.0000000000
108086  -26.171  -21.787  34.229 0.0000000000
105907  -26.119  -21.371  33.535 0.0000000000
42196  -27.544  -21.457  33.399 0.0000000000
42217  -28.782  -21.049  32.875 0.0000000000
43077  -29.373  -20.660  32.468 0.0000000000
43924  -30.151  -20.203  32.159 0.0000000000
44834  -31.453  -19.155  31.932 0.0000000000
44852  -30.003  -18.739  29.846 0.0000000000
44842  -31.165  -18.950  31.030 0.0000000000
44843  -32.231  -18.056  31.735 0.0000000000
46686  -32.840  -16.702  31.809 0.0000000000
46648  -21.299  -16.411  36.571 0.0000000000
45729  -21.397  -17.340  36.201 0.0000000000
52996  -43.452  -9.917  22.109 0.0000000000
111598  -43.584  -8.551  20.235 0.0000000000
53880  -44.150  -8.691  20.698 0.0000000000
59050  -41.960  -3.330  20.094 0.0000000000
58231  -42.552  -3.600  18.832 0.0000000000
57375  -43.915  -4.604  18.355 0.0000000000
57376  -44.948  -4.704  18.454 0.0000000000
59083  -43.672  -1.859  17.987 0.0000000000
123485  -44.211  -2.398  17.826 0.0000000000
59084  -44.924  -2.411  17.663 0.0000000000
113113  -45.709  -5.068  18.786 0.0000000000
64225  -53.010  3.755  13.724 0.0000000000
65938  -52.700  5.317  13.721 0.0000000000
66832  -52.136  6.935  14.990 0.0000000000
41132  -10.966  -22.323  46.778 0.0000000000
39059  -10.216  -24.223  46.925 0.0000000000
39074  -11.635  -24.263  45.592 0.0000000000
39073  -11.092  -24.164  45.953 0.0000000000
39060  -10.753  -24.449  46.489 0.0000000000
38125  -10.101  -25.237  47.563 0.0000000000
38114  -10.361  -25.767  48.027 0.0000000000
37261  -10.414  -26.590  49.360 0.0000000000
48470  -33.342  -14.498  31.073 0.0000000000
50191  -34.528  -12.876  28.847 0.0000000000
51091  -35.906  -11.963  27.687 0.0000000000
125809  -36.992  -11.298  28.465 0.0000000000
51987  -37.245  -10.856  28.070 0.0000000000
54682  -30.741  -7.312  26.784 0.0000000000
54723  -31.716  -7.225  24.858 0.0000000000
110957  -32.739  -7.914  24.292 0.0000000000
54705  -32.106  -7.880  24.658 0.0000000000
124200  -32.655  -9.659  24.914 0.0000000000
52037  -33.459  -10.537  25.210 0.0000000000
52038  -34.816  -10.634  25.603 0.0000000000
52023  -35.573  -10.573  25.905 0.0000000000
52039  -35.279  -9.917  25.398 0.0000000000
52004  -37.589  -10.074  27.511 0.0000000000
117168  -37.818  -9.496  26.255 0.0000000000
52941  -36.506  -9.209  24.475 0.0000000000
52942  -37.248  -9.455  24.775 0.0000000000
52065  -42.525  -10.262  23.300 0.0000000000
52082  -40.775  -10.405  21.841 0.0000000000
52083  -41.687  -10.354  21.869 0.0000000000
53862  -38.153  -8.265  21.090 0.0000000000
53875  -39.384  -8.317  20.511 0.0000000000
56474  -40.495  -5.794  19.846 0.0000000000
57361  -41.060  -4.453  20.628 0.0000000000
126627  -24.152  -22.180  37.780 0.0000000000
41237  -24.508  -22.508  38.027 0.0000000000
40174  -27.118  -23.364  37.783 0.0000000000
40173  -26.288  -23.309  37.891 0.0000000000
40156  -26.802  -23.682  38.588 0.0000000000
119163  -12.519  -22.311  44.203 0.0000000000
42927  -13.571  -21.053  43.487 0.0000000000
42076  -13.726  -21.679  42.884 0.0000000000
40104  -12.912  -23.362  43.931 0.0000000000
40098  -15.127  -24.050  44.020 0.0000000000
41203  -16.276  -22.287  41.454 0.0000000000
41191  -16.526  -22.829  42.105 0.0000000000
41193  -18.830  -22.128  42.187 0.0000000000
40119  -16.850  -23.238  42.883 0.0000000000
37245  -8.530  -27.222  51.189 0.0000000000
113507  -7.198  -27.694  51.621 0.0000000000
123502  -5.903  -26.401  50.709 0.0000000000
38086  -5.704  -25.625  50.408 0.0000000000
122434  -45.067  -7.198  19.913 0.0000000000
123730  -43.985  -9.131  21.087 0.0000000000
125959  -46.674  2.637  15.724 0.0000000000
