#!ascii label  , from subject sub-v2s7x29670_ses-1 vox2ras=TkReg
1231
79531  -40.536  22.053  10.519 0.0000000000
104205  -55.809  23.035  -0.598 0.0000000000
83076  -43.518  27.748  16.762 0.0000000000
77188  -50.445  19.443  7.488 0.0000000000
76397  -49.327  18.533  16.550 0.0000000000
81478  -48.649  26.418  5.281 0.0000000000
84213  -42.218  30.556  4.408 0.0000000000
110779  -46.775  36.199  3.031 0.0000000000
74134  -44.421  15.837  18.785 0.0000000000
76482  -44.846  19.314  7.429 0.0000000000
78805  -47.278  21.434  4.044 0.0000000000
80253  -44.752  23.810  8.461 0.0000000000
84139  -46.367  30.586  16.706 0.0000000000
84174  -41.651  30.006  10.825 0.0000000000
85257  -45.625  32.591  10.619 0.0000000000
85867  -45.674  33.434  3.361 0.0000000000
85831  -51.280  34.072  7.539 0.0000000000
79655  -51.575  22.837  -2.225 0.0000000000
79491  -39.286  22.352  16.875 0.0000000000
80217  -44.199  23.801  14.579 0.0000000000
122669  -55.040  23.330  12.153 0.0000000000
76441  -50.186  18.662  11.727 0.0000000000
75671  -44.189  17.070  11.316 0.0000000000
74882  -43.714  16.612  15.431 0.0000000000
80320  -50.062  23.868  0.158 0.0000000000
82077  -47.842  27.188  0.030 0.0000000000
81976  -44.815  26.597  10.488 0.0000000000
82031  -43.331  26.718  4.629 0.0000000000
82628  -43.555  28.109  -1.945 0.0000000000
84238  -42.505  31.250  -2.035 0.0000000000
111687  -42.030  33.327  0.955 0.0000000000
77970  -42.027  20.521  8.790 0.0000000000
78783  -43.879  21.527  7.076 0.0000000000
80241  -42.597  23.190  9.665 0.0000000000
84689  -48.546  31.292  15.141 0.0000000000
84698  -46.524  31.761  13.144 0.0000000000
85239  -47.780  32.462  12.419 0.0000000000
106052  -47.237  33.409  8.952 0.0000000000
78858  -53.195  22.433  -1.490 0.0000000000
80841  -37.646  24.094  16.543 0.0000000000
80834  -40.710  23.849  17.762 0.0000000000
76416  -49.614  18.371  14.255 0.0000000000
119809  -47.617  17.485  11.433 0.0000000000
75651  -47.395  17.311  13.646 0.0000000000
74863  -43.064  17.128  18.596 0.0000000000
74907  -38.279  16.272  12.851 0.0000000000
77129  -36.710  19.145  14.713 0.0000000000
75641  -35.449  17.181  14.901 0.0000000000
78013  -51.916  21.090  5.247 0.0000000000
80290  -46.918  23.923  3.833 0.0000000000
79616  -49.097  22.275  2.088 0.0000000000
80929  -48.325  24.773  2.200 0.0000000000
81502  -49.909  26.371  -0.395 0.0000000000
82054  -48.637  27.216  3.208 0.0000000000
81426  -45.515  25.109  16.381 0.0000000000
81437  -46.589  25.447  13.480 0.0000000000
81963  -43.077  26.566  13.389 0.0000000000
84733  -41.924  30.770  7.991 0.0000000000
83113  -41.431  28.750  7.935 0.0000000000
83132  -41.617  28.452  4.630 0.0000000000
82060  -43.048  26.882  1.959 0.0000000000
83143  -42.239  28.648  1.787 0.0000000000
83157  -42.673  29.473  -2.204 0.0000000000
84227  -42.866  30.735  0.936 0.0000000000
85869  -47.680  34.814  2.522 0.0000000000
110212  -44.477  34.062  0.251 0.0000000000
86997  -44.357  35.641  1.970 0.0000000000
85866  -41.417  34.187  2.551 0.0000000000
86985  -43.521  36.099  4.116 0.0000000000
76486  -48.199  18.763  7.487 0.0000000000
77210  -49.019  19.994  5.643 0.0000000000
124585  -45.989  20.000  6.119 0.0000000000
79579  -45.510  22.631  5.347 0.0000000000
80905  -46.954  24.816  7.009 0.0000000000
84132  -44.700  29.826  17.200 0.0000000000
83600  -42.374  29.086  14.409 0.0000000000
84160  -44.046  30.654  13.712 0.0000000000
84720  -43.391  31.546  10.481 0.0000000000
85281  -43.723  32.208  7.389 0.0000000000
85300  -44.057  32.488  4.668 0.0000000000
85836  -45.451  33.077  7.001 0.0000000000
85846  -48.457  33.897  5.045 0.0000000000
86409  -50.490  35.120  4.449 0.0000000000
122045  -48.713  22.543  -2.136 0.0000000000
79517  -39.748  22.252  12.861 0.0000000000
104524  -41.971  23.413  12.177 0.0000000000
80215  -41.883  23.397  14.934 0.0000000000
80845  -43.143  24.093  17.206 0.0000000000
81404  -45.064  24.891  19.022 0.0000000000
83043  -43.542  27.082  20.205 0.0000000000
83066  -45.606  27.405  19.763 0.0000000000
77962  -52.584  20.688  9.698 0.0000000000
77950  -52.426  20.702  11.637 0.0000000000
77166  -50.834  19.159  9.522 0.0000000000
75691  -47.464  17.783  9.604 0.0000000000
118501  -44.544  18.107  9.117 0.0000000000
76377  -47.618  19.098  19.488 0.0000000000
74856  -46.192  17.323  19.906 0.0000000000
75611  -45.543  18.314  19.406 0.0000000000
122353  -46.807  17.360  15.529 0.0000000000
74913  -43.871  16.564  12.916 0.0000000000
77948  -39.283  20.330  11.274 0.0000000000
104360  -55.552  24.555  1.012 0.0000000000
78036  -50.361  21.199  3.934 0.0000000000
79617  -51.931  22.434  2.048 0.0000000000
118892  -54.069  24.704  -1.147 0.0000000000
80958  -52.489  25.364  -2.188 0.0000000000
81528  -50.262  26.370  -2.341 0.0000000000
81526  -47.481  25.588  -2.650 0.0000000000
80234  -44.692  23.669  11.526 0.0000000000
123151  -47.458  25.271  10.358 0.0000000000
82008  -48.193  27.085  7.762 0.0000000000
82553  -41.591  27.756  11.217 0.0000000000
82004  -43.254  26.962  7.924 0.0000000000
82023  -46.158  27.238  5.522 0.0000000000
82052  -46.029  27.003  2.338 0.0000000000
82087  -45.957  26.897  -0.703 0.0000000000
81524  -45.578  25.947  -3.469 0.0000000000
124276  -43.747  32.556  -0.015 0.0000000000
84781  -42.227  32.062  -1.115 0.0000000000
113176  -40.549  29.621  0.834 0.0000000000
83664  -40.394  29.866  2.792 0.0000000000
84761  -40.104  31.368  4.379 0.0000000000
78755  -41.196  21.336  9.543 0.0000000000
79547  -42.016  21.927  8.921 0.0000000000
79532  -41.221  22.488  10.131 0.0000000000
85229  -48.779  31.839  13.856 0.0000000000
85250  -49.424  32.980  11.762 0.0000000000
118879  -54.892  22.618  -0.889 0.0000000000
76407  -49.654  18.477  15.071 0.0000000000
75652  -48.263  17.548  13.879 0.0000000000
119377  -48.033  17.523  14.985 0.0000000000
74162  -38.275  15.198  13.871 0.0000000000
74897  -36.915  16.577  13.473 0.0000000000
126169  -51.726  20.218  7.437 0.0000000000
77998  -51.483  20.286  6.633 0.0000000000
115557  -47.515  24.991  4.554 0.0000000000
80291  -47.387  23.929  3.141 0.0000000000
81483  -48.833  26.333  3.515 0.0000000000
81490  -48.893  26.209  2.693 0.0000000000
82045  -49.014  27.026  3.978 0.0000000000
108329  -44.663  25.862  16.658 0.0000000000
81956  -44.701  25.910  15.122 0.0000000000
82537  -42.859  27.378  15.414 0.0000000000
84206  -41.889  30.442  5.310 0.0000000000
111920  -41.470  29.411  6.313 0.0000000000
84212  -41.716  29.843  4.746 0.0000000000
83137  -41.793  28.445  3.358 0.0000000000
83660  -42.239  29.836  2.947 0.0000000000
83670  -42.525  29.695  1.012 0.0000000000
84218  -42.492  30.614  3.418 0.0000000000
86425  -48.084  35.316  2.741 0.0000000000
86434  -46.711  35.241  2.004 0.0000000000
86992  -46.005  35.959  2.562 0.0000000000
104831  -43.629  36.010  2.978 0.0000000000
86987  -45.607  36.328  3.680 0.0000000000
76484  -46.320  18.577  7.745 0.0000000000
112417  -46.978  19.453  6.406 0.0000000000
77195  -45.333  19.894  6.599 0.0000000000
80260  -43.983  23.268  7.910 0.0000000000
79569  -44.570  22.638  6.519 0.0000000000
80266  -44.934  23.558  6.885 0.0000000000
80912  -46.117  24.257  6.084 0.0000000000
80262  -45.734  24.231  7.384 0.0000000000
84138  -45.424  30.400  16.420 0.0000000000
84144  -44.429  30.331  15.202 0.0000000000
114760  -45.087  30.697  14.624 0.0000000000
112963  -45.743  32.327  11.488 0.0000000000
85246  -45.152  31.832  12.061 0.0000000000
85256  -44.145  32.073  10.109 0.0000000000
84735  -43.181  31.768  8.753 0.0000000000
85274  -44.457  32.512  8.533 0.0000000000
85282  -44.520  32.660  6.985 0.0000000000
85275  -45.222  32.876  8.713 0.0000000000
85830  -49.509  33.707  7.825 0.0000000000
125746  -48.051  33.559  7.009 0.0000000000
85838  -49.352  33.762  6.882 0.0000000000
86398  -50.050  34.566  4.587 0.0000000000
86390  -50.712  34.355  5.695 0.0000000000
112738  -49.403  22.257  -2.008 0.0000000000
79507  -39.722  22.146  15.075 0.0000000000
79508  -40.376  22.624  14.622 0.0000000000
79502  -40.248  22.522  15.763 0.0000000000
81411  -41.408  25.119  18.181 0.0000000000
80189  -41.397  23.693  17.813 0.0000000000
80827  -43.017  24.354  18.654 0.0000000000
80828  -43.879  24.468  18.383 0.0000000000
81397  -44.048  24.888  19.743 0.0000000000
83023  -43.464  28.212  21.075 0.0000000000
121935  -45.907  25.750  20.719 0.0000000000
83045  -46.434  26.895  21.605 0.0000000000
83572  -45.903  29.009  20.068 0.0000000000
83027  -47.423  28.129  22.852 0.0000000000
116534  -53.763  22.145  10.084 0.0000000000
78750  -53.799  22.249  10.800 0.0000000000
77941  -51.789  20.290  13.000 0.0000000000
77152  -51.320  19.530  11.761 0.0000000000
77158  -51.670  19.754  10.466 0.0000000000
117799  -50.270  18.704  10.824 0.0000000000
76460  -48.795  18.221  9.207 0.0000000000
107649  -49.021  18.020  10.795 0.0000000000
104440  -46.009  17.229  11.334 0.0000000000
106592  -45.972  17.536  9.893 0.0000000000
75680  -44.748  17.402  10.427 0.0000000000
74135  -45.288  15.958  18.752 0.0000000000
75609  -44.349  17.736  19.071 0.0000000000
75630  -44.638  17.652  17.911 0.0000000000
124774  -46.250  17.681  17.021 0.0000000000
113284  -45.252  16.899  15.119 0.0000000000
74892  -45.248  16.776  14.271 0.0000000000
74891  -44.497  16.652  14.600 0.0000000000
77940  -38.367  20.452  12.556 0.0000000000
77145  -38.270  19.511  12.235 0.0000000000
80302  -56.036  24.300  2.613 0.0000000000
78009  -48.475  20.310  5.077 0.0000000000
78024  -49.923  20.771  4.566 0.0000000000
78034  -48.633  21.129  3.821 0.0000000000
79629  -49.626  22.648  1.471 0.0000000000
78837  -50.011  21.983  2.183 0.0000000000
79641  -50.950  22.866  0.782 0.0000000000
104290  -53.179  24.059  -0.162 0.0000000000
80322  -52.118  23.824  -0.316 0.0000000000
80950  -53.873  24.928  -1.734 0.0000000000
80329  -51.912  24.455  -0.936 0.0000000000
126423  -49.442  27.001  -0.264 0.0000000000
81518  -50.699  26.580  -1.921 0.0000000000
82101  -49.448  26.846  -1.754 0.0000000000
81517  -49.379  26.355  -2.273 0.0000000000
82100  -47.788  26.756  -1.630 0.0000000000
80222  -43.238  23.559  13.673 0.0000000000
105967  -43.620  23.598  11.239 0.0000000000
80229  -45.289  23.859  13.133 0.0000000000
126630  -45.845  26.235  12.207 0.0000000000
80872  -47.381  25.442  11.713 0.0000000000
81978  -47.403  26.370  10.383 0.0000000000
81455  -48.116  26.362  9.337 0.0000000000
82000  -47.057  26.961  9.047 0.0000000000
83609  -42.028  29.724  12.833 0.0000000000
83092  -41.574  28.460  12.504 0.0000000000
83618  -41.475  29.271  11.191 0.0000000000
82588  -42.174  27.315  6.422 0.0000000000
82581  -42.217  27.294  7.365 0.0000000000
82020  -42.868  26.900  6.011 0.0000000000
119067  -45.269  27.070  6.804 0.0000000000
104878  -44.613  26.842  5.046 0.0000000000
82042  -45.286  26.892  3.663 0.0000000000
82041  -44.110  26.669  3.213 0.0000000000
82073  -43.708  27.039  0.088 0.0000000000
82074  -44.765  26.786  0.780 0.0000000000
105682  -45.219  27.133  -1.983 0.0000000000
82098  -45.742  26.845  -2.635 0.0000000000
82097  -44.932  27.279  -3.362 0.0000000000
81534  -44.414  26.676  -4.108 0.0000000000
82640  -43.859  28.463  -4.041 0.0000000000
83680  -42.559  30.618  -2.216 0.0000000000
83167  -42.504  29.319  -3.947 0.0000000000
85301  -44.779  32.883  4.133 0.0000000000
115864  -43.723  32.180  1.757 0.0000000000
85308  -44.957  33.071  2.912 0.0000000000
85879  -42.985  34.095  0.139 0.0000000000
85886  -43.374  33.192  -0.871 0.0000000000
85317  -42.268  32.962  0.108 0.0000000000
84231  -41.521  31.326  -0.412 0.0000000000
124752  -41.333  31.371  0.610 0.0000000000
83669  -40.481  29.798  1.854 0.0000000000
84773  -41.213  31.549  1.520 0.0000000000
86421  -40.782  34.726  3.430 0.0000000000
85299  -40.467  33.153  3.602 0.0000000000
85298  -39.862  33.172  4.256 0.0000000000
84755  -39.575  31.340  4.989 0.0000000000
77972  -43.232  20.175  7.892 0.0000000000
77983  -43.712  20.665  7.356 0.0000000000
77982  -43.114  20.868  7.783 0.0000000000
79558  -43.094  22.065  7.950 0.0000000000
80252  -43.901  23.504  8.840 0.0000000000
84680  -46.849  30.958  15.170 0.0000000000
84688  -47.534  31.286  14.673 0.0000000000
85228  -47.449  32.042  13.094 0.0000000000
111071  -46.403  32.702  11.089 0.0000000000
85817  -46.469  33.200  9.358 0.0000000000
85795  -47.867  33.135  11.007 0.0000000000
120378  -48.348  33.324  10.440 0.0000000000
78867  -51.916  22.147  -1.548 0.0000000000
80197  -38.913  22.900  17.080 0.0000000000
80198  -39.717  22.936  17.204 0.0000000000
80843  -39.332  23.709  17.245 0.0000000000
76433  -50.053  18.610  12.714 0.0000000000
108704  -48.956  17.950  11.609 0.0000000000
75661  -48.336  17.606  12.726 0.0000000000
75660  -47.677  17.402  12.769 0.0000000000
74924  -45.586  16.972  12.142 0.0000000000
74119  -44.274  16.764  19.330 0.0000000000
74872  -42.917  16.549  16.404 0.0000000000
75656  -37.953  17.007  12.593 0.0000000000
76422  -37.388  18.267  12.924 0.0000000000
75649  -37.272  17.326  13.054 0.0000000000
76414  -36.364  18.221  14.198 0.0000000000
78813  -46.923  22.117  3.837 0.0000000000
78815  -48.277  21.622  3.228 0.0000000000
79602  -47.578  22.886  2.859 0.0000000000
80301  -48.320  23.771  1.853 0.0000000000
80310  -48.818  23.971  1.237 0.0000000000
80942  -50.070  25.084  -0.342 0.0000000000
80935  -48.961  25.116  1.143 0.0000000000
81496  -49.117  26.476  1.328 0.0000000000
112438  -48.588  27.178  1.097 0.0000000000
120411  -45.648  24.666  15.663 0.0000000000
80865  -46.278  24.556  13.996 0.0000000000
81433  -45.870  25.378  14.861 0.0000000000
81959  -44.515  26.145  14.216 0.0000000000
81970  -44.366  26.414  12.085 0.0000000000
116901  -41.665  30.274  9.311 0.0000000000
117141  -41.467  29.647  9.427 0.0000000000
83637  -41.432  29.562  7.864 0.0000000000
117427  -41.516  28.531  6.361 0.0000000000
82601  -41.787  27.729  4.918 0.0000000000
125462  -42.684  26.916  3.329 0.0000000000
82611  -42.510  27.231  2.678 0.0000000000
82617  -42.607  27.457  1.731 0.0000000000
82621  -42.889  27.638  -0.023 0.0000000000
82634  -43.070  28.802  -2.425 0.0000000000
83152  -42.606  28.685  -0.472 0.0000000000
108382  -42.632  29.846  -0.668 0.0000000000
108083  -42.838  31.071  -1.737 0.0000000000
85868  -46.691  34.232  2.534 0.0000000000
85873  -45.823  33.789  2.059 0.0000000000
85874  -46.226  34.463  1.687 0.0000000000
86440  -44.771  34.669  0.747 0.0000000000
86438  -42.801  34.524  1.083 0.0000000000
85306  -41.570  33.273  1.891 0.0000000000
86430  -42.168  34.711  2.023 0.0000000000
86990  -41.892  35.543  3.263 0.0000000000
86983  -41.633  35.668  3.971 0.0000000000
76487  -49.144  18.840  7.780 0.0000000000
77199  -49.398  19.598  6.412 0.0000000000
77198  -48.581  19.548  6.270 0.0000000000
77208  -47.173  19.907  5.740 0.0000000000
78007  -46.848  20.441  5.234 0.0000000000
77994  -44.819  20.696  6.428 0.0000000000
78794  -45.487  21.514  5.491 0.0000000000
78803  -45.871  21.826  4.932 0.0000000000
80282  -45.920  23.438  5.048 0.0000000000
80274  -46.561  24.366  5.307 0.0000000000
113344  -48.623  26.315  6.225 0.0000000000
83592  -43.565  28.722  16.792 0.0000000000
114585  -42.662  28.140  15.451 0.0000000000
83596  -43.141  29.401  15.489 0.0000000000
118993  -43.610  30.347  14.093 0.0000000000
84164  -43.124  30.654  12.616 0.0000000000
84697  -45.711  31.350  13.478 0.0000000000
84706  -43.723  31.169  12.090 0.0000000000
84710  -42.743  31.024  10.891 0.0000000000
84726  -42.570  31.282  9.227 0.0000000000
84742  -42.447  31.302  7.470 0.0000000000
84757  -42.976  31.686  5.889 0.0000000000
84763  -42.816  31.290  3.962 0.0000000000
85288  -43.736  32.252  6.450 0.0000000000
85289  -44.524  32.704  5.996 0.0000000000
85851  -45.341  33.114  5.517 0.0000000000
85828  -46.677  33.345  8.464 0.0000000000
85837  -46.410  33.358  6.783 0.0000000000
85852  -46.452  33.524  4.760 0.0000000000
85853  -47.913  33.986  4.189 0.0000000000
86408  -49.679  35.033  3.702 0.0000000000
86416  -48.902  35.522  3.374 0.0000000000
79524  -39.778  22.159  11.888 0.0000000000
79526  -41.050  22.862  10.884 0.0000000000
79518  -40.526  22.772  12.407 0.0000000000
80221  -42.041  23.406  13.922 0.0000000000
80216  -43.007  23.611  14.663 0.0000000000
80200  -41.333  23.333  17.141 0.0000000000
80201  -42.387  23.699  16.676 0.0000000000
80211  -44.273  24.052  15.436 0.0000000000
80847  -45.372  25.077  16.719 0.0000000000
81424  -45.287  25.073  17.152 0.0000000000
81935  -44.899  26.025  17.897 0.0000000000
123517  -43.007  26.549  19.513 0.0000000000
81916  -44.785  25.087  20.185 0.0000000000
81925  -45.482  25.427  19.415 0.0000000000
120108  -44.660  27.341  18.387 0.0000000000
83571  -45.287  28.646  19.299 0.0000000000
83584  -45.364  29.484  18.834 0.0000000000
84122  -46.808  30.388  18.677 0.0000000000
77973  -52.775  20.934  8.885 0.0000000000
77985  -51.638  19.968  8.236 0.0000000000
78730  -53.048  21.780  13.039 0.0000000000
78737  -53.081  21.570  12.106 0.0000000000
77956  -52.391  20.504  10.625 0.0000000000
77167  -51.443  19.586  9.661 0.0000000000
108933  -50.607  19.273  8.202 0.0000000000
76472  -49.417  18.609  8.636 0.0000000000
114593  -47.831  18.360  8.167 0.0000000000
76469  -46.535  18.155  8.453 0.0000000000
75683  -47.498  17.600  10.513 0.0000000000
75696  -46.037  17.811  9.097 0.0000000000
107727  -44.366  18.526  8.579 0.0000000000
76466  -43.107  19.060  8.637 0.0000000000
109958  -47.496  17.558  20.079 0.0000000000
108026  -44.584  17.454  19.414 0.0000000000
74845  -45.900  18.073  20.157 0.0000000000
75601  -46.486  18.424  20.132 0.0000000000
75612  -46.411  18.579  19.095 0.0000000000
75619  -47.377  18.271  17.715 0.0000000000
75632  -48.044  17.789  16.322 0.0000000000
75643  -46.778  17.217  14.580 0.0000000000
74903  -45.625  16.849  13.632 0.0000000000
74923  -44.611  16.780  12.272 0.0000000000
78747  -39.565  21.074  11.112 0.0000000000
78742  -39.168  21.603  12.308 0.0000000000
78736  -39.145  21.750  13.353 0.0000000000
78721  -38.669  21.208  14.960 0.0000000000
78706  -38.247  21.555  16.602 0.0000000000
79622  -56.593  23.133  2.301 0.0000000000
79632  -56.342  23.795  0.832 0.0000000000
80323  -56.035  24.343  0.317 0.0000000000
78011  -50.349  20.498  5.253 0.0000000000
78025  -50.743  20.938  4.617 0.0000000000
78827  -49.359  21.762  2.628 0.0000000000
78829  -51.353  21.960  2.780 0.0000000000
78831  -53.367  22.863  2.700 0.0000000000
108577  -53.645  23.574  1.293 0.0000000000
118891  -55.442  24.527  -0.078 0.0000000000
104268  -55.240  24.311  -1.109 0.0000000000
104282  -54.858  24.115  -1.725 0.0000000000
80347  -53.493  24.284  -2.482 0.0000000000
113457  -51.782  24.011  -2.721 0.0000000000
81510  -50.832  26.275  -1.643 0.0000000000
81530  -51.771  25.712  -2.273 0.0000000000
80345  -50.929  24.435  -2.734 0.0000000000
80344  -49.571  24.226  -2.718 0.0000000000
80969  -48.526  24.539  -2.681 0.0000000000
80336  -47.023  23.924  -2.608 0.0000000000
80237  -42.565  23.478  10.929 0.0000000000
80239  -44.346  23.671  10.616 0.0000000000
80874  -45.327  23.928  10.423 0.0000000000
111074  -46.652  24.511  12.397 0.0000000000
80875  -46.556  24.495  10.638 0.0000000000
80879  -46.702  24.638  9.721 0.0000000000
80890  -47.953  25.663  8.771 0.0000000000
81460  -48.509  26.612  7.493 0.0000000000
81467  -48.791  26.884  6.440 0.0000000000
82543  -42.028  27.900  13.838 0.0000000000
82551  -42.181  27.056  12.700 0.0000000000
81975  -43.490  26.651  10.378 0.0000000000
82564  -41.658  27.799  9.392 0.0000000000
82565  -42.149  27.228  9.128 0.0000000000
81985  -44.104  26.743  9.562 0.0000000000
82006  -45.727  27.102  7.691 0.0000000000
107311  -47.378  27.381  6.323 0.0000000000
119175  -48.659  27.201  5.456 0.0000000000
82044  -47.791  27.396  3.726 0.0000000000
106970  -47.524  27.235  1.096 0.0000000000
82050  -43.937  26.655  2.305 0.0000000000
82075  -45.757  26.893  0.401 0.0000000000
82088  -46.829  26.969  -0.821 0.0000000000
82099  -46.761  26.752  -1.918 0.0000000000
81525  -46.485  25.565  -3.056 0.0000000000
83169  -43.241  29.053  -4.153 0.0000000000
84768  -43.054  31.368  2.734 0.0000000000
84775  -43.302  31.509  1.222 0.0000000000
84232  -43.036  31.712  -1.746 0.0000000000
85319  -43.906  33.403  -0.202 0.0000000000
85330  -43.203  32.770  -1.345 0.0000000000
114955  -42.829  31.830  -1.795 0.0000000000
84236  -41.598  30.984  -1.280 0.0000000000
83673  -40.607  29.372  -0.227 0.0000000000
83147  -39.988  28.128  1.052 0.0000000000
84767  -40.788  31.441  2.728 0.0000000000
84762  -40.472  31.401  3.645 0.0000000000
108518  -48.343  36.450  4.659 0.0000000000
86976  -46.685  36.404  4.087 0.0000000000
86975  -45.147  36.207  4.846 0.0000000000
86973  -43.117  35.678  5.139 0.0000000000
86972  -41.553  35.508  4.874 0.0000000000
79537  -40.962  21.873  9.881 0.0000000000
79538  -41.542  22.074  9.464 0.0000000000
77111  -49.910  18.936  16.647 0.0000000000
76398  -49.779  18.678  15.835 0.0000000000
76415  -49.058  18.022  14.845 0.0000000000
76406  -49.015  18.164  15.840 0.0000000000
77201  -50.987  19.863  7.002 0.0000000000
80923  -47.851  25.049  3.653 0.0000000000
80918  -48.758  26.394  4.306 0.0000000000
82034  -48.887  27.070  4.842 0.0000000000
82538  -43.505  27.063  16.272 0.0000000000
81948  -43.676  26.600  15.879 0.0000000000
84217  -41.956  29.906  3.900 0.0000000000
83659  -41.790  29.205  3.570 0.0000000000
86988  -47.868  35.996  2.994 0.0000000000
86993  -47.278  35.618  2.555 0.0000000000
76483  -45.506  18.756  7.722 0.0000000000
77184  -45.798  19.154  7.145 0.0000000000
79560  -44.245  23.013  7.175 0.0000000000
80261  -44.809  23.720  7.655 0.0000000000
80897  -45.713  24.262  8.223 0.0000000000
84145  -45.270  30.533  15.487 0.0000000000
84146  -46.158  30.692  15.769 0.0000000000
85245  -44.829  32.135  11.005 0.0000000000
104470  -44.948  32.460  10.170 0.0000000000
85265  -44.687  32.518  9.397 0.0000000000
85266  -45.574  32.855  9.643 0.0000000000
86379  -51.154  34.286  6.597 0.0000000000
78866  -50.832  21.833  -1.557 0.0000000000
78865  -49.861  21.620  -1.556 0.0000000000
79654  -50.410  22.431  -2.055 0.0000000000
79501  -39.570  22.097  16.171 0.0000000000
79492  -40.017  22.576  16.715 0.0000000000
80826  -42.244  24.465  18.484 0.0000000000
81402  -43.161  24.693  19.094 0.0000000000
82486  -46.531  27.211  22.173 0.0000000000
83026  -46.916  27.504  22.495 0.0000000000
79528  -55.028  23.328  11.640 0.0000000000
79533  -54.579  23.066  11.244 0.0000000000
77151  -50.807  19.077  11.318 0.0000000000
76451  -49.644  18.384  10.381 0.0000000000
76440  -49.615  18.337  11.236 0.0000000000
75672  -45.160  17.110  11.312 0.0000000000
75681  -45.593  17.382  10.504 0.0000000000
75679  -43.751  17.447  10.470 0.0000000000
74874  -44.181  17.338  17.120 0.0000000000
74883  -44.454  16.900  15.834 0.0000000000
74875  -45.211  17.279  16.390 0.0000000000
74890  -43.611  16.455  14.371 0.0000000000
76430  -38.622  18.632  11.799 0.0000000000
76429  -38.004  18.488  12.386 0.0000000000
79603  -54.317  23.493  3.006 0.0000000000
78022  -47.982  20.785  4.377 0.0000000000
78033  -47.921  21.337  3.728 0.0000000000
79640  -50.187  23.050  0.765 0.0000000000
80321  -51.009  23.499  -0.037 0.0000000000
104204  -51.816  23.256  0.476 0.0000000000
80328  -50.810  24.533  -0.642 0.0000000000
82078  -49.009  27.192  0.136 0.0000000000
82090  -49.391  27.053  -0.854 0.0000000000
114159  -48.696  26.917  -1.433 0.0000000000
82089  -48.430  27.122  -0.738 0.0000000000
80228  -43.890  23.599  12.927 0.0000000000
80223  -45.076  23.919  14.086 0.0000000000
81971  -45.396  26.437  11.390 0.0000000000
81972  -46.610  26.198  11.716 0.0000000000
81977  -46.401  26.506  10.715 0.0000000000
81986  -46.757  26.750  9.834 0.0000000000
122728  -45.512  26.708  9.924 0.0000000000
84167  -41.730  29.837  11.663 0.0000000000
84162  -41.795  29.632  12.329 0.0000000000
82595  -42.184  27.263  5.542 0.0000000000
82021  -43.714  26.779  5.548 0.0000000000
107144  -44.300  26.716  4.123 0.0000000000
82622  -43.335  27.598  -0.793 0.0000000000
82085  -44.107  27.346  -1.340 0.0000000000
82096  -44.384  27.945  -3.085 0.0000000000
82641  -44.364  27.878  -4.079 0.0000000000
84242  -42.211  30.675  -2.423 0.0000000000
83686  -42.091  30.161  -2.982 0.0000000000
83679  -42.065  30.744  -2.466 0.0000000000
118137  -42.585  33.648  0.265 0.0000000000
84778  -41.742  32.132  0.068 0.0000000000
84774  -41.612  32.598  1.182 0.0000000000
85857  -40.103  34.224  3.935 0.0000000000
77971  -42.662  20.676  8.232 0.0000000000
79539  -42.208  22.567  9.189 0.0000000000
79548  -42.599  22.219  8.515 0.0000000000
80251  -42.906  23.084  8.941 0.0000000000
79549  -43.283  22.802  8.231 0.0000000000
84681  -47.870  31.058  15.583 0.0000000000
104656  -48.301  32.182  13.140 0.0000000000
111416  -47.995  31.817  13.618 0.0000000000
85238  -46.901  32.266  12.393 0.0000000000
85248  -47.229  32.710  11.599 0.0000000000
85258  -47.116  33.034  10.710 0.0000000000
85249  -48.265  32.872  11.729 0.0000000000
85796  -48.809  33.229  10.962 0.0000000000
85808  -49.372  33.482  9.891 0.0000000000
118917  -53.831  22.224  -0.938 0.0000000000
80842  -38.460  23.649  16.867 0.0000000000
81422  -38.419  24.718  16.698 0.0000000000
76425  -50.162  18.713  13.677 0.0000000000
76432  -49.394  18.183  12.760 0.0000000000
76424  -49.527  18.277  13.436 0.0000000000
122109  -48.105  17.500  13.241 0.0000000000
75659  -46.857  17.203  12.866 0.0000000000
75673  -46.426  17.168  12.120 0.0000000000
74915  -46.024  16.976  12.891 0.0000000000
74172  -39.515  15.659  13.364 0.0000000000
74176  -39.096  16.120  12.818 0.0000000000
117202  -38.705  16.774  12.415 0.0000000000
74898  -37.569  16.462  13.083 0.0000000000
75648  -36.564  17.329  13.669 0.0000000000
75642  -35.978  17.293  14.306 0.0000000000
79590  -46.496  22.825  4.057 0.0000000000
79601  -47.035  22.901  3.453 0.0000000000
80928  -48.140  24.997  2.918 0.0000000000
80300  -47.822  23.848  2.469 0.0000000000
110647  -48.560  24.558  1.635 0.0000000000
82055  -48.992  27.011  2.626 0.0000000000
110605  -48.992  26.632  2.164 0.0000000000
82066  -48.929  27.005  1.829 0.0000000000
82065  -48.412  27.255  2.104 0.0000000000
80856  -45.798  24.938  15.937 0.0000000000
80862  -46.121  24.981  15.286 0.0000000000
81432  -45.784  25.181  15.668 0.0000000000
81958  -43.212  26.557  14.352 0.0000000000
81964  -44.307  26.298  13.206 0.0000000000
84189  -41.970  30.757  8.866 0.0000000000
112762  -41.536  30.087  8.566 0.0000000000
84194  -41.591  30.245  7.689 0.0000000000
83653  -41.532  29.092  5.064 0.0000000000
83647  -41.468  29.004  5.730 0.0000000000
83127  -41.575  28.398  5.439 0.0000000000
82608  -42.214  27.355  3.533 0.0000000000
82607  -41.782  27.918  3.963 0.0000000000
83142  -41.988  28.441  2.620 0.0000000000
118528  -42.235  27.839  2.260 0.0000000000
125668  -42.358  28.059  1.520 0.0000000000
119246  -42.556  27.856  0.811 0.0000000000
83148  -42.442  28.752  0.762 0.0000000000
83674  -42.958  30.806  -0.572 0.0000000000
86423  -46.936  34.817  1.991 0.0000000000
116629  -45.629  35.406  1.684 0.0000000000
86441  -45.532  34.788  1.103 0.0000000000
87001  -44.925  35.196  1.226 0.0000000000
86439  -43.730  34.494  0.555 0.0000000000
86432  -44.004  35.180  1.309 0.0000000000
86431  -42.981  35.045  1.593 0.0000000000
86996  -43.261  35.548  2.244 0.0000000000
115244  -42.674  35.732  2.943 0.0000000000
86984  -42.580  35.874  3.613 0.0000000000
112481  -48.881  19.189  6.971 0.0000000000
77187  -48.196  19.202  6.761 0.0000000000
120860  -46.549  19.816  6.081 0.0000000000
77197  -47.771  19.501  6.273 0.0000000000
77996  -46.370  20.271  5.672 0.0000000000
77993  -44.233  20.905  6.832 0.0000000000
78793  -44.939  22.135  5.904 0.0000000000
78785  -45.034  21.269  6.000 0.0000000000
79589  -46.011  22.680  4.666 0.0000000000
114887  -47.417  25.155  6.161 0.0000000000
120665  -47.837  25.427  5.483 0.0000000000
111973  -44.110  28.980  17.561 0.0000000000
109180  -43.415  29.253  16.160 0.0000000000
83593  -43.924  29.501  16.638 0.0000000000
84151  -44.279  30.518  14.364 0.0000000000
84143  -43.554  30.036  14.843 0.0000000000
84159  -43.360  30.457  13.439 0.0000000000
84687  -46.500  31.270  14.181 0.0000000000
120261  -45.631  31.021  14.167 0.0000000000
84712  -44.285  31.627  11.607 0.0000000000
84707  -44.454  31.406  12.320 0.0000000000
84711  -43.510  31.359  11.284 0.0000000000
84719  -42.636  31.178  10.065 0.0000000000
84743  -43.103  31.773  7.867 0.0000000000
122254  -42.460  31.303  6.659 0.0000000000
84750  -43.058  31.765  6.952 0.0000000000
85843  -45.135  32.993  6.335 0.0000000000
85844  -45.923  33.295  6.052 0.0000000000
85806  -47.293  33.295  9.799 0.0000000000
104763  -47.562  33.547  6.381 0.0000000000
104815  -46.999  33.439  7.480 0.0000000000
85845  -47.038  33.559  5.596 0.0000000000
85854  -49.140  34.531  3.900 0.0000000000
86417  -49.792  35.396  3.945 0.0000000000
118500  -49.112  21.530  -1.548 0.0000000000
79653  -48.015  22.450  -1.995 0.0000000000
79512  -40.437  22.705  13.523 0.0000000000
80220  -41.117  23.117  14.232 0.0000000000
80187  -40.198  23.452  17.458 0.0000000000
80199  -40.484  22.996  17.190 0.0000000000
80188  -40.817  23.404  17.532 0.0000000000
80844  -42.148  23.779  17.644 0.0000000000
80210  -42.749  23.683  15.637 0.0000000000
80854  -43.601  24.105  16.297 0.0000000000
80855  -45.037  24.562  16.162 0.0000000000
80846  -44.328  24.523  16.906 0.0000000000
81412  -44.678  24.727  18.519 0.0000000000
80837  -44.814  24.819  17.664 0.0000000000
81413  -45.120  25.001  18.075 0.0000000000
81946  -45.077  25.347  17.573 0.0000000000
81936  -45.317  25.221  18.588 0.0000000000
82516  -42.254  27.693  19.301 0.0000000000
82501  -43.889  25.576  20.011 0.0000000000
82502  -44.648  25.674  20.474 0.0000000000
82503  -46.110  26.084  20.760 0.0000000000
105068  -45.640  25.593  20.272 0.0000000000
82517  -45.536  26.391  19.453 0.0000000000
119522  -44.727  28.177  18.601 0.0000000000
84107  -46.163  29.883  19.338 0.0000000000
84121  -45.851  30.171  18.258 0.0000000000
78768  -54.843  23.209  8.983 0.0000000000
77963  -53.288  21.525  9.538 0.0000000000
114018  -52.266  20.533  8.178 0.0000000000
77961  -51.996  20.109  9.027 0.0000000000
77942  -52.402  20.876  12.551 0.0000000000
78738  -53.838  22.604  12.622 0.0000000000
78744  -53.091  21.402  11.182 0.0000000000
76452  -50.964  19.175  10.384 0.0000000000
77175  -51.146  19.479  8.758 0.0000000000
76473  -50.298  18.909  8.928 0.0000000000
77174  -49.969  19.002  8.032 0.0000000000
76459  -47.882  18.079  8.943 0.0000000000
76470  -47.228  18.201  8.400 0.0000000000
75697  -46.989  17.852  9.027 0.0000000000
75675  -48.310  17.709  11.134 0.0000000000
75689  -45.195  17.698  9.609 0.0000000000
76458  -45.120  18.142  8.795 0.0000000000
124408  -43.760  18.869  8.463 0.0000000000
76457  -43.709  18.423  9.012 0.0000000000
76378  -48.556  19.220  18.772 0.0000000000
110283  -46.886  16.268  19.021 0.0000000000
74857  -47.252  16.938  19.632 0.0000000000
74847  -48.410  16.625  19.436 0.0000000000
74854  -43.686  17.242  19.188 0.0000000000
75617  -45.052  18.061  18.723 0.0000000000
75610  -44.961  17.997  19.573 0.0000000000
74844  -45.453  18.159  19.941 0.0000000000
75600  -45.986  18.444  19.936 0.0000000000
76376  -46.795  18.759  19.857 0.0000000000
104610  -46.167  17.450  16.327 0.0000000000
75631  -46.961  17.660  16.592 0.0000000000
75637  -47.608  17.500  15.467 0.0000000000
74902  -44.893  16.670  13.685 0.0000000000
108912  -44.556  16.635  13.086 0.0000000000
74914  -45.226  16.768  12.944 0.0000000000
77156  -39.599  19.649  10.906 0.0000000000
76445  -40.126  19.069  10.598 0.0000000000
77953  -39.826  20.425  10.686 0.0000000000
116625  -39.114  20.994  11.681 0.0000000000
77933  -38.192  20.662  13.392 0.0000000000
78735  -38.633  21.169  12.892 0.0000000000
77137  -37.029  18.891  13.639 0.0000000000
123373  -37.475  19.573  13.491 0.0000000000
77138  -37.259  19.666  14.301 0.0000000000
78715  -38.072  20.935  16.241 0.0000000000
122780  -38.453  21.373  16.319 0.0000000000
79489  -37.735  22.049  16.742 0.0000000000
78832  -56.722  22.129  2.583 0.0000000000
79605  -56.303  23.974  2.959 0.0000000000
80312  -55.991  24.361  1.421 0.0000000000
79621  -56.332  23.998  1.915 0.0000000000
77211  -49.903  20.032  5.844 0.0000000000
78826  -48.657  21.948  2.669 0.0000000000
78816  -49.059  21.435  3.188 0.0000000000
78838  -50.964  22.173  2.099 0.0000000000
79618  -52.976  22.866  2.003 0.0000000000
104202  -52.661  23.194  1.080 0.0000000000
118857  -54.083  24.180  0.374 0.0000000000
118890  -54.717  24.623  -0.766 0.0000000000
118856  -54.565  24.581  -1.633 0.0000000000
80959  -53.519  25.052  -2.129 0.0000000000
80974  -53.716  24.838  -2.269 0.0000000000
80973  -53.179  25.034  -2.381 0.0000000000
80346  -52.742  24.688  -2.607 0.0000000000
80972  -52.351  25.226  -2.449 0.0000000000
80947  -50.732  25.475  -1.060 0.0000000000
107858  -50.404  26.097  -0.904 0.0000000000
121049  -50.524  26.695  -2.038 0.0000000000
81529  -51.057  26.229  -2.238 0.0000000000
80971  -51.545  25.463  -2.526 0.0000000000
80970  -50.556  25.531  -2.645 0.0000000000
110675  -49.450  25.503  -2.628 0.0000000000
81527  -48.453  25.571  -2.542 0.0000000000
80968  -47.704  24.748  -2.749 0.0000000000
80342  -47.797  23.885  -2.595 0.0000000000
79519  -41.118  23.093  11.745 0.0000000000
80231  -41.849  23.334  11.342 0.0000000000
80866  -46.813  25.027  13.621 0.0000000000
80867  -46.425  24.450  13.171 0.0000000000
80868  -47.009  24.935  13.040 0.0000000000
81442  -47.460  25.861  11.101 0.0000000000
80871  -47.077  24.791  11.686 0.0000000000
80889  -46.864  24.772  8.899 0.0000000000
80880  -47.706  25.537  9.653 0.0000000000
82001  -47.969  26.880  8.798 0.0000000000
105366  -48.326  26.549  8.413 0.0000000000
81466  -48.683  26.652  6.826 0.0000000000
81461  -48.591  26.994  6.915 0.0000000000
83078  -42.635  28.823  15.169 0.0000000000
83084  -42.362  28.159  14.676 0.0000000000
83083  -42.056  28.599  13.957 0.0000000000
83094  -41.471  28.488  11.645 0.0000000000
82550  -41.653  27.734  12.151 0.0000000000
82554  -42.119  27.029  11.720 0.0000000000
119820  -42.029  27.096  10.776 0.0000000000
83632  -41.404  29.199  8.710 0.0000000000
83106  -41.418  28.705  9.650 0.0000000000
114064  -41.512  28.348  8.713 0.0000000000
82574  -42.222  27.261  8.289 0.0000000000
81997  -42.980  26.897  8.860 0.0000000000
81984  -42.774  26.843  9.684 0.0000000000
120118  -44.049  26.864  8.702 0.0000000000
81998  -44.753  26.946  8.176 0.0000000000
119228  -46.085  27.226  6.353 0.0000000000
82024  -47.809  27.414  5.543 0.0000000000
82033  -48.161  27.386  4.712 0.0000000000
105685  -46.897  27.350  4.897 0.0000000000
82043  -46.325  27.152  3.240 0.0000000000
82049  -43.163  26.720  2.837 0.0000000000
82061  -43.774  26.749  1.314 0.0000000000
82086  -44.886  26.903  -0.447 0.0000000000
82076  -46.724  27.038  0.198 0.0000000000
118284  -46.143  26.877  -1.643 0.0000000000
82108  -45.275  26.699  -3.497 0.0000000000
82109  -46.046  26.361  -2.925 0.0000000000
80965  -45.023  25.507  -3.484 0.0000000000
82635  -43.538  28.712  -3.411 0.0000000000
83162  -42.810  29.471  -3.575 0.0000000000
82638  -41.865  28.716  -3.566 0.0000000000
82646  -42.494  28.745  -4.118 0.0000000000
84764  -43.356  31.913  4.624 0.0000000000
84769  -43.519  31.958  3.284 0.0000000000
84779  -43.385  31.801  -0.624 0.0000000000
116789  -45.632  34.126  1.194 0.0000000000
85320  -44.905  33.879  0.595 0.0000000000
85324  -42.590  32.650  -0.973 0.0000000000
85890  -43.220  32.953  -1.170 0.0000000000
85329  -43.140  32.730  -1.351 0.0000000000
84782  -43.094  32.379  -1.594 0.0000000000
84787  -42.805  32.217  -1.599 0.0000000000
84237  -42.349  31.583  -1.698 0.0000000000
109390  -40.309  28.813  0.698 0.0000000000
109039  -40.217  28.857  1.639 0.0000000000
84222  -40.676  30.642  2.214 0.0000000000
125815  -40.242  29.218  2.426 0.0000000000
84216  -40.490  30.622  3.210 0.0000000000
85311  -41.208  32.333  2.313 0.0000000000
85305  -41.055  33.163  2.848 0.0000000000
116975  -40.300  32.225  4.021 0.0000000000
84211  -40.270  30.612  4.019 0.0000000000
84210  -39.841  30.590  4.639 0.0000000000
86965  -45.810  36.141  5.798 0.0000000000
104876  -43.605  35.581  5.806 0.0000000000
120582  -42.323  35.494  5.349 0.0000000000
78764  -41.708  21.341  9.056 0.0000000000
78765  -42.268  21.361  8.571 0.0000000000
80240  -41.866  22.821  9.809 0.0000000000
84700  -48.216  31.545  14.276 0.0000000000
85240  -48.769  32.564  12.521 0.0000000000
85241  -49.862  32.566  12.707 0.0000000000
85787  -50.511  32.885  12.034 0.0000000000
104267  -54.582  23.191  -1.554 0.0000000000
81421  -37.338  25.049  16.408 0.0000000000
76408  -50.174  18.867  15.217 0.0000000000
76423  -49.009  17.897  14.031 0.0000000000
75645  -48.418  17.652  14.601 0.0000000000
75644  -47.678  17.413  14.584 0.0000000000
74170  -37.876  15.778  13.358 0.0000000000
74169  -37.255  15.996  13.498 0.0000000000
77986  -52.442  20.813  7.486 0.0000000000
77999  -52.169  20.734  6.754 0.0000000000
112323  -51.688  20.673  5.960 0.0000000000
81484  -48.967  26.902  3.304 0.0000000000
114858  -44.722  25.812  15.906 0.0000000000
81955  -43.409  26.613  15.212 0.0000000000
84741  -41.865  30.717  6.996 0.0000000000
84199  -41.479  29.918  7.020 0.0000000000
84200  -41.657  30.242  6.181 0.0000000000
84205  -41.577  29.687  5.544 0.0000000000
116286  -41.644  29.203  4.317 0.0000000000
122307  -41.671  28.625  3.983 0.0000000000
83665  -41.922  29.062  2.949 0.0000000000
83666  -42.201  29.286  2.256 0.0000000000
114286  -42.499  30.039  1.971 0.0000000000
84223  -42.708  30.681  2.285 0.0000000000
86424  -47.429  35.118  2.334 0.0000000000
86991  -44.848  35.951  2.485 0.0000000000
86986  -44.650  36.247  3.351 0.0000000000
76485  -47.224  18.583  7.662 0.0000000000
77186  -47.501  19.062  6.908 0.0000000000
77185  -46.667  19.025  7.033 0.0000000000
77196  -46.206  19.532  6.534 0.0000000000
79559  -43.636  22.365  7.501 0.0000000000
79568  -44.108  22.220  6.906 0.0000000000
79570  -45.246  23.339  6.107 0.0000000000
80267  -45.683  24.070  6.674 0.0000000000
84137  -44.559  30.136  16.126 0.0000000000
85237  -46.070  32.085  12.288 0.0000000000
84708  -45.700  31.684  12.773 0.0000000000
84721  -44.032  31.768  10.897 0.0000000000
84727  -43.298  31.705  9.632 0.0000000000
85264  -43.902  32.174  9.126 0.0000000000
85273  -43.763  32.177  8.254 0.0000000000
119765  -44.274  32.477  7.806 0.0000000000
85283  -44.959  32.796  7.836 0.0000000000
85818  -48.187  33.512  8.919 0.0000000000
85829  -47.901  33.523  7.995 0.0000000000
86389  -48.994  33.792  5.941 0.0000000000
86399  -51.249  34.975  5.059 0.0000000000
79511  -39.752  22.228  13.951 0.0000000000
80214  -40.993  22.997  15.330 0.0000000000
110075  -41.381  24.199  18.099 0.0000000000
80835  -42.140  23.998  18.248 0.0000000000
80836  -42.937  24.150  18.085 0.0000000000
122438  -43.798  24.393  17.643 0.0000000000
81403  -44.100  24.645  19.181 0.0000000000
82491  -44.981  26.545  21.163 0.0000000000
82492  -46.085  26.268  21.193 0.0000000000
83044  -46.193  27.498  20.602 0.0000000000
83562  -46.896  27.938  21.690 0.0000000000
78757  -55.196  23.236  9.781 0.0000000000
79540  -54.557  22.949  10.389 0.0000000000
78749  -53.135  21.354  10.310 0.0000000000
77949  -51.841  20.142  12.135 0.0000000000
77955  -51.842  19.971  11.271 0.0000000000
117260  -51.327  19.471  11.033 0.0000000000
76462  -50.294  18.757  9.919 0.0000000000
76461  -49.591  18.470  9.512 0.0000000000
76450  -48.984  18.074  10.008 0.0000000000
75692  -48.195  17.902  9.782 0.0000000000
106079  -46.861  17.358  11.351 0.0000000000
75682  -46.425  17.433  10.567 0.0000000000
75688  -44.251  17.809  9.674 0.0000000000
105668  -43.505  17.279  17.689 0.0000000000
74864  -43.809  17.468  18.419 0.0000000000
75618  -46.150  18.076  18.005 0.0000000000
107464  -45.585  17.688  17.373 0.0000000000
120266  -46.030  17.193  15.355 0.0000000000
107146  -44.136  16.546  13.676 0.0000000000
110164  -40.289  18.071  10.913 0.0000000000
76436  -39.418  18.695  11.241 0.0000000000
77150  -38.947  19.528  11.509 0.0000000000
77947  -38.724  20.316  11.850 0.0000000000
77939  -37.840  19.966  12.979 0.0000000000
79620  -55.417  24.361  2.141 0.0000000000
126385  -55.025  24.436  1.555 0.0000000000
78010  -49.541  20.383  5.174 0.0000000000
78023  -49.020  20.641  4.557 0.0000000000
78035  -49.504  21.107  3.878 0.0000000000
79630  -50.506  22.481  1.439 0.0000000000
104203  -51.450  22.635  1.325 0.0000000000
104320  -53.062  24.535  -1.016 0.0000000000
80949  -52.942  25.165  -1.753 0.0000000000
80948  -51.665  25.561  -1.674 0.0000000000
81501  -49.379  26.762  0.241 0.0000000000
81509  -50.295  26.668  -1.227 0.0000000000
82079  -49.794  26.894  -0.668 0.0000000000
82102  -50.126  26.862  -1.560 0.0000000000
82111  -50.064  26.822  -2.054 0.0000000000
81516  -48.370  26.341  -2.137 0.0000000000
80227  -42.773  23.519  12.709 0.0000000000
80232  -42.946  23.565  11.907 0.0000000000
80233  -44.290  23.618  12.155 0.0000000000
114941  -45.553  23.879  12.303 0.0000000000
81966  -46.667  25.880  12.642 0.0000000000
81438  -46.959  25.309  12.938 0.0000000000
81440  -47.152  25.689  11.967 0.0000000000
81973  -47.253  26.155  11.088 0.0000000000
126666  -47.566  26.109  10.670 0.0000000000
81987  -47.678  26.586  9.627 0.0000000000
118814  -42.091  29.347  13.541 0.0000000000
83090  -41.761  28.524  13.301 0.0000000000
83608  -41.689  29.159  12.783 0.0000000000
83611  -41.531  29.153  12.040 0.0000000000
83097  -41.428  28.580  10.715 0.0000000000
82587  -41.719  27.840  6.856 0.0000000000
82580  -41.668  27.906  7.863 0.0000000000
82013  -43.014  26.938  6.894 0.0000000000
82005  -44.269  26.939  7.305 0.0000000000
82014  -43.959  26.868  6.403 0.0000000000
82022  -44.919  26.959  5.934 0.0000000000
120280  -45.603  27.045  4.558 0.0000000000
82051  -45.060  26.786  2.761 0.0000000000
82072  -42.963  27.155  0.988 0.0000000000
81535  -44.924  26.378  -3.815 0.0000000000
82107  -44.751  27.160  -4.023 0.0000000000
82115  -44.172  27.551  -4.314 0.0000000000
83687  -42.327  30.089  -2.955 0.0000000000
83168  -42.844  29.421  -4.040 0.0000000000
83161  -41.926  29.486  -3.427 0.0000000000
113970  -44.076  32.494  3.756 0.0000000000
85307  -44.314  32.669  2.365 0.0000000000
85312  -44.414  33.159  0.786 0.0000000000
85880  -43.552  33.705  -0.297 0.0000000000
85318  -43.018  33.372  -0.782 0.0000000000
85865  -40.728  33.948  3.281 0.0000000000
117396  -39.717  32.214  4.638 0.0000000000
85292  -39.172  33.151  4.825 0.0000000000
77183  -43.931  19.751  7.581 0.0000000000
78775  -43.343  21.486  7.590 0.0000000000
78774  -42.813  21.446  8.079 0.0000000000
84699  -47.356  31.611  13.818 0.0000000000
85247  -46.458  32.432  11.779 0.0000000000
85267  -46.379  32.975  10.232 0.0000000000
85807  -48.311  33.429  9.758 0.0000000000
85819  -49.455  33.631  8.813 0.0000000000
85820  -50.866  33.761  8.585 0.0000000000
80833  -40.034  24.049  17.546 0.0000000000
81423  -39.465  24.823  17.149 0.0000000000
81410  -40.491  24.817  17.646 0.0000000000
77139  -50.709  19.153  13.119 0.0000000000
113350  -49.533  18.285  12.073 0.0000000000
76431  -48.901  17.887  12.396 0.0000000000
108430  -48.165  17.568  12.027 0.0000000000
106384  -48.832  17.816  13.205 0.0000000000
75674  -47.262  17.336  12.101 0.0000000000
74118  -43.490  16.373  19.111 0.0000000000
74133  -43.038  16.840  19.003 0.0000000000
74147  -42.085  16.249  16.955 0.0000000000
123957  -43.093  17.009  17.474 0.0000000000
75657  -38.430  17.671  12.166 0.0000000000
112324  -37.793  17.731  12.568 0.0000000000
76421  -36.875  18.018  13.435 0.0000000000
78814  -47.547  22.012  3.391 0.0000000000
78825  -48.018  22.193  2.831 0.0000000000
120951  -48.278  22.766  2.281 0.0000000000
79615  -48.854  23.068  1.597 0.0000000000
80311  -49.443  23.445  0.959 0.0000000000
80319  -49.427  24.446  0.544 0.0000000000
80941  -49.488  25.846  0.450 0.0000000000
111250  -48.798  25.600  1.836 0.0000000000
107105  -49.006  26.973  0.998 0.0000000000
80861  -45.467  24.388  15.045 0.0000000000
120465  -46.128  24.680  14.704 0.0000000000
81434  -46.402  25.103  14.354 0.0000000000
81960  -45.844  25.713  13.943 0.0000000000
81965  -45.767  26.092  13.009 0.0000000000
111014  -44.136  26.534  11.089 0.0000000000
84181  -41.627  30.141  10.001 0.0000000000
83642  -41.395  29.097  7.125 0.0000000000
83118  -41.521  28.405  7.224 0.0000000000
82594  -41.741  27.812  5.918 0.0000000000
82030  -42.381  27.064  4.751 0.0000000000
122326  -43.282  26.685  3.667 0.0000000000
82040  -42.591  26.944  4.004 0.0000000000
82610  -41.982  27.785  3.066 0.0000000000
82627  -42.913  28.263  -1.198 0.0000000000
124706  -42.625  29.642  -1.378 0.0000000000
85859  -46.351  33.644  3.721 0.0000000000
85882  -45.795  34.522  1.267 0.0000000000
86433  -46.223  34.834  1.537 0.0000000000
85878  -42.250  34.010  1.271 0.0000000000
86422  -42.338  35.310  2.527 0.0000000000
114939  -41.512  35.041  2.909 0.0000000000
86415  -41.046  35.317  3.634 0.0000000000
106133  -49.698  19.269  7.219 0.0000000000
77200  -50.218  19.707  6.645 0.0000000000
77209  -48.118  19.896  5.663 0.0000000000
78008  -47.608  20.329  5.103 0.0000000000
78021  -47.011  20.883  4.655 0.0000000000
77984  -44.437  20.166  6.990 0.0000000000
77995  -45.578  20.629  5.894 0.0000000000
78784  -44.473  21.600  6.488 0.0000000000
78006  -46.200  21.006  5.148 0.0000000000
78804  -46.504  21.757  4.437 0.0000000000
80283  -46.425  23.727  4.552 0.0000000000
80273  -45.761  23.632  5.557 0.0000000000
82535  -42.970  27.787  15.964 0.0000000000
83075  -43.012  28.552  15.987 0.0000000000
83601  -42.856  29.489  14.821 0.0000000000
83597  -43.814  29.840  15.756 0.0000000000
84150  -42.855  29.891  14.073 0.0000000000
84158  -42.567  30.089  13.146 0.0000000000
84163  -42.262  30.222  12.260 0.0000000000
84168  -42.160  30.466  11.326 0.0000000000
84152  -45.923  30.852  14.879 0.0000000000
123261  -44.856  30.938  13.733 0.0000000000
84696  -44.999  31.385  12.893 0.0000000000
84165  -44.088  30.961  12.966 0.0000000000
84169  -42.905  30.837  11.747 0.0000000000
84175  -42.066  30.615  10.465 0.0000000000
84734  -42.502  31.308  8.366 0.0000000000
84749  -42.150  30.963  6.005 0.0000000000
84756  -42.542  31.154  5.045 0.0000000000
85293  -43.827  32.324  5.473 0.0000000000
85294  -44.649  32.789  5.100 0.0000000000
85858  -45.503  33.234  4.514 0.0000000000
85827  -45.923  33.148  8.846 0.0000000000
104732  -45.898  33.205  7.909 0.0000000000
85860  -47.406  34.174  3.328 0.0000000000
86407  -48.633  34.821  3.132 0.0000000000
79525  -40.420  22.503  11.394 0.0000000000
80226  -41.330  23.225  12.482 0.0000000000
80225  -41.202  23.191  13.230 0.0000000000
110592  -42.055  23.414  13.000 0.0000000000
80208  -40.765  22.897  16.462 0.0000000000
80209  -41.654  23.334  16.041 0.0000000000
82536  -44.226  26.580  17.154 0.0000000000
81924  -43.131  25.414  19.396 0.0000000000
81398  -44.884  24.904  19.765 0.0000000000
81905  -45.468  25.587  20.489 0.0000000000
81917  -45.376  25.125  20.015 0.0000000000
126318  -45.319  25.072  19.433 0.0000000000
82529  -45.185  26.155  18.556 0.0000000000
82528  -44.315  27.097  17.707 0.0000000000
83072  -44.017  28.118  17.616 0.0000000000
83588  -44.724  29.222  18.265 0.0000000000
83589  -45.184  29.853  17.944 0.0000000000
84133  -45.628  30.297  17.340 0.0000000000
84134  -46.579  30.487  17.660 0.0000000000
78756  -54.202  22.580  9.456 0.0000000000
77974  -53.462  21.751  8.882 0.0000000000
78766  -53.126  21.425  8.065 0.0000000000
77189  -51.105  19.662  7.840 0.0000000000
77159  -52.029  20.061  9.882 0.0000000000
76471  -48.562  18.441  8.371 0.0000000000
122564  -46.830  18.350  8.071 0.0000000000
75684  -48.426  17.837  10.441 0.0000000000
75690  -46.716  17.619  9.781 0.0000000000
76468  -45.740  18.310  8.317 0.0000000000
76467  -44.930  18.632  8.115 0.0000000000
77173  -44.196  19.052  8.036 0.0000000000
77172  -43.475  19.428  8.163 0.0000000000
121959  -42.693  19.814  8.448 0.0000000000
122983  -42.129  19.791  8.911 0.0000000000
77960  -41.471  20.761  9.259 0.0000000000
78754  -40.651  21.286  10.019 0.0000000000
76385  -49.179  18.822  17.542 0.0000000000
74848  -49.399  16.747  19.704 0.0000000000
75603  -48.248  17.792  20.289 0.0000000000
121708  -44.929  16.970  19.589 0.0000000000
74120  -45.788  16.637  19.394 0.0000000000
74855  -45.320  17.654  19.825 0.0000000000
74846  -46.640  17.863  20.206 0.0000000000
75602  -47.199  18.403  20.288 0.0000000000
125712  -46.916  18.708  20.100 0.0000000000
76368  -47.419  19.047  20.210 0.0000000000
76383  -47.218  18.765  18.933 0.0000000000
76384  -48.124  18.723  18.227 0.0000000000
76396  -48.565  18.310  17.013 0.0000000000
75638  -48.382  17.717  15.336 0.0000000000
74893  -45.901  16.988  14.412 0.0000000000
75650  -46.425  17.083  13.661 0.0000000000
74901  -43.331  16.409  13.536 0.0000000000
74912  -42.991  16.460  12.809 0.0000000000
74922  -43.584  16.703  12.159 0.0000000000
75670  -43.219  17.070  11.303 0.0000000000
77954  -40.431  20.522  10.174 0.0000000000
78748  -40.110  21.212  10.578 0.0000000000
78743  -39.902  21.820  11.136 0.0000000000
78741  -38.755  20.933  12.207 0.0000000000
78722  -39.156  21.631  15.560 0.0000000000
77144  -37.607  19.136  12.871 0.0000000000
114635  -38.608  21.215  15.942 0.0000000000
78716  -38.877  21.722  16.433 0.0000000000
79490  -38.533  22.225  16.841 0.0000000000
80196  -37.915  22.997  16.769 0.0000000000
116409  -37.017  22.723  16.567 0.0000000000
80195  -36.968  23.605  16.446 0.0000000000
113773  -36.728  24.481  16.344 0.0000000000
79633  -56.598  22.951  1.327 0.0000000000
78840  -56.507  22.586  0.566 0.0000000000
78849  -56.271  23.424  -0.037 0.0000000000
104206  -55.824  24.007  -0.549 0.0000000000
77997  -50.833  20.192  6.051 0.0000000000
78012  -51.159  20.723  5.277 0.0000000000
78817  -49.969  21.474  3.100 0.0000000000
113945  -51.560  21.737  3.444 0.0000000000
78830  -52.347  22.234  2.953 0.0000000000
79619  -54.173  23.724  1.975 0.0000000000
79631  -54.715  24.367  1.023 0.0000000000
118880  -55.402  23.697  -1.209 0.0000000000
79657  -54.109  23.638  -2.154 0.0000000000
80960  -54.063  24.812  -2.031 0.0000000000
80338  -54.266  24.506  -2.108 0.0000000000
79656  -52.852  23.094  -2.205 0.0000000000
79665  -52.504  23.746  -2.571 0.0000000000
80957  -51.389  26.079  -2.126 0.0000000000
112372  -51.956  24.877  -2.695 0.0000000000
79664  -50.917  23.310  -2.483 0.0000000000
79663  -50.044  23.208  -2.456 0.0000000000
79662  -49.208  23.045  -2.395 0.0000000000
80343  -48.439  23.337  -2.461 0.0000000000
80236  -41.752  23.111  10.524 0.0000000000
115319  -42.333  23.278  10.240 0.0000000000
80238  -43.125  23.503  10.380 0.0000000000
80242  -43.527  23.498  9.677 0.0000000000
80243  -44.551  23.754  9.756 0.0000000000
113236  -44.838  23.858  9.176 0.0000000000
80869  -47.239  25.157  12.399 0.0000000000
109006  -45.779  24.027  11.376 0.0000000000
80878  -45.551  24.097  9.780 0.0000000000
80888  -45.669  24.203  9.028 0.0000000000
80898  -47.006  24.829  8.027 0.0000000000
80899  -48.096  25.752  7.856 0.0000000000
80906  -48.326  25.889  6.990 0.0000000000
81472  -48.860  26.931  5.819 0.0000000000
82544  -42.566  27.294  14.494 0.0000000000
82549  -42.332  27.179  13.617 0.0000000000
82548  -41.781  27.781  13.035 0.0000000000
81969  -42.998  26.583  12.365 0.0000000000
118573  -42.965  26.650  11.230 0.0000000000
83628  -41.449  29.415  10.298 0.0000000000
82557  -41.590  27.821  10.276 0.0000000000
82573  -41.765  27.689  8.673 0.0000000000
82558  -42.021  27.190  9.928 0.0000000000
107145  -45.453  26.869  9.083 0.0000000000
81999  -46.047  27.051  8.445 0.0000000000
82007  -47.217  27.166  8.230 0.0000000000
82015  -46.976  27.285  7.194 0.0000000000
119801  -48.190  27.254  6.925 0.0000000000
82016  -48.562  27.175  6.240 0.0000000000
126349  -48.731  27.210  4.139 0.0000000000
82032  -46.671  27.254  4.125 0.0000000000
82062  -44.861  26.743  1.819 0.0000000000
82063  -45.796  26.906  1.396 0.0000000000
105768  -46.534  27.062  1.028 0.0000000000
118603  -47.532  27.002  -1.002 0.0000000000
82110  -47.115  26.185  -2.399 0.0000000000
111561  -47.020  24.914  -2.962 0.0000000000
82647  -43.650  28.396  -4.305 0.0000000000
82639  -42.987  28.253  -4.416 0.0000000000
85313  -45.151  33.479  1.485 0.0000000000
85325  -43.421  32.986  -0.989 0.0000000000
84783  -43.374  32.621  -1.121 0.0000000000
111488  -42.066  31.070  -2.053 0.0000000000
83678  -41.356  30.256  -1.486 0.0000000000
83151  -40.219  28.274  -0.013 0.0000000000
112735  -40.728  32.256  3.233 0.0000000000
86410  -51.223  35.158  5.068 0.0000000000
86979  -50.287  35.624  4.631 0.0000000000
86978  -49.294  36.050  3.985 0.0000000000
86977  -48.217  36.309  3.773 0.0000000000
86966  -47.738  36.412  5.765 0.0000000000
105952  -47.181  36.444  5.080 0.0000000000
104874  -44.546  36.231  4.227 0.0000000000
86974  -44.058  35.877  5.024 0.0000000000
106847  -42.434  35.745  4.474 0.0000000000
74862  -42.512  16.766  17.897 0.0000000000
76413  -35.757  17.941  14.881 0.0000000000
80876  -47.444  25.433  11.058 0.0000000000
81445  -47.803  26.069  10.335 0.0000000000
82602  -42.076  27.394  4.220 0.0000000000
83174  -43.026  29.076  -4.287 0.0000000000
83691  -42.491  29.603  -3.558 0.0000000000
84182  -42.029  30.721  9.661 0.0000000000
85881  -45.253  34.321  0.845 0.0000000000
117055  -42.817  26.839  5.297 0.0000000000
118821  -49.022  20.326  5.121 0.0000000000
121317  -39.477  21.553  11.599 0.0000000000
123860  -42.559  26.855  10.382 0.0000000000
123911  -47.220  17.350  15.021 0.0000000000
125632  -53.363  24.793  -2.433 0.0000000000
126085  -47.733  33.266  10.379 0.0000000000
