#!ascii label  , from subject sub-v2s7x29670_ses-1 vox2ras=TkReg
1264
118048  -43.298  -9.397  24.675 0.0000000000
62336  -55.428  1.806  19.220 0.0000000000
56460  -50.291  -5.406  21.606 0.0000000000
40059  -16.858  -23.863  47.852 0.0000000000
51988  -37.776  -10.337  28.370 0.0000000000
38183  -31.195  -25.747  43.693 0.0000000000
44760  -35.537  -18.609  42.171 0.0000000000
50110  -36.539  -12.690  36.595 0.0000000000
51918  -39.267  -10.272  34.743 0.0000000000
42094  -23.262  -21.443  41.575 0.0000000000
113721  -27.798  -24.546  45.372 0.0000000000
40135  -26.385  -23.871  40.201 0.0000000000
42993  -32.431  -20.502  37.306 0.0000000000
45734  -34.754  -17.025  36.514 0.0000000000
55499  -44.850  -5.950  30.498 0.0000000000
55539  -49.221  -6.784  28.821 0.0000000000
59054  -53.632  -2.665  20.284 0.0000000000
53837  -47.237  -8.300  23.101 0.0000000000
63312  -54.287  2.358  14.687 0.0000000000
38091  -13.502  -25.823  49.810 0.0000000000
53715  -41.465  -8.139  32.654 0.0000000000
53775  -39.953  -8.407  26.844 0.0000000000
40159  -29.363  -23.263  38.676 0.0000000000
41197  -32.541  -22.353  42.450 0.0000000000
54673  -53.477  -7.562  27.343 0.0000000000
66864  -60.903  7.928  11.699 0.0000000000
48440  -34.870  -14.066  34.583 0.0000000000
50140  -36.178  -12.483  33.228 0.0000000000
41216  -25.064  -22.770  41.130 0.0000000000
108480  -33.550  -17.790  34.586 0.0000000000
46680  -34.041  -15.710  34.079 0.0000000000
48418  -35.544  -14.653  36.983 0.0000000000
53764  -43.627  -7.679  27.426 0.0000000000
112500  -46.779  -6.414  29.275 0.0000000000
54685  -46.165  -7.835  26.655 0.0000000000
60754  -54.733  -0.378  19.364 0.0000000000
59894  -55.911  -1.815  22.357 0.0000000000
64170  -56.461  3.982  19.633 0.0000000000
108972  -15.302  -24.538  45.693 0.0000000000
113261  -15.435  -24.736  48.804 0.0000000000
106476  -38.562  -10.563  31.227 0.0000000000
52809  -40.297  -9.391  33.594 0.0000000000
52855  -39.957  -8.878  30.899 0.0000000000
53748  -40.611  -7.725  29.394 0.0000000000
52890  -38.622  -8.970  27.355 0.0000000000
38169  -29.738  -25.757  44.316 0.0000000000
38146  -29.950  -25.632  46.982 0.0000000000
38158  -31.595  -26.055  45.854 0.0000000000
38172  -33.421  -25.330  45.539 0.0000000000
41254  -27.448  -22.899  36.998 0.0000000000
41279  -29.325  -22.008  36.552 0.0000000000
43860  -34.471  -19.412  39.434 0.0000000000
42118  -32.673  -21.016  40.097 0.0000000000
42937  -33.651  -20.497  42.615 0.0000000000
42061  -34.469  -21.687  45.280 0.0000000000
41181  -19.718  -22.151  43.761 0.0000000000
106301  -22.036  -22.083  46.231 0.0000000000
41126  -22.522  -22.282  48.749 0.0000000000
54753  -48.984  -7.164  22.734 0.0000000000
116017  -50.123  -7.755  25.099 0.0000000000
55587  -51.760  -6.754  24.244 0.0000000000
68576  -62.079  9.342  10.594 0.0000000000
115728  -16.901  -23.589  51.016 0.0000000000
50992  -38.255  -11.245  39.437 0.0000000000
51889  -39.326  -10.224  38.517 0.0000000000
106169  -37.638  -11.655  35.856 0.0000000000
51041  -37.485  -11.578  33.031 0.0000000000
120630  -23.464  -21.813  43.522 0.0000000000
40088  -26.471  -23.563  45.446 0.0000000000
40120  -25.480  -22.947  42.786 0.0000000000
39114  -26.942  -24.322  42.259 0.0000000000
38192  -29.071  -25.485  42.282 0.0000000000
43020  -30.784  -20.838  35.389 0.0000000000
108580  -32.530  -19.582  35.269 0.0000000000
44788  -33.995  -18.892  36.898 0.0000000000
45704  -35.818  -17.741  39.719 0.0000000000
47559  -35.972  -15.814  38.972 0.0000000000
49240  -36.477  -13.379  38.815 0.0000000000
42092  -21.371  -21.039  41.672 0.0000000000
120865  -45.695  -6.128  34.106 0.0000000000
57210  -47.856  -5.037  35.252 0.0000000000
56345  -47.687  -4.997  32.534 0.0000000000
56360  -49.630  -4.979  31.623 0.0000000000
57364  -51.891  -4.133  21.088 0.0000000000
56443  -53.179  -4.915  23.500 0.0000000000
58194  -54.373  -3.378  22.737 0.0000000000
34764  -9.776  -29.053  54.448 0.0000000000
52950  -44.980  -9.260  23.854 0.0000000000
118145  -46.278  -7.028  20.545 0.0000000000
58223  -49.338  -4.040  19.447 0.0000000000
59073  -50.334  -2.232  18.566 0.0000000000
60765  -51.639  -0.556  18.169 0.0000000000
61538  -52.959  1.082  17.910 0.0000000000
63284  -54.292  2.593  17.068 0.0000000000
62376  -52.358  1.694  15.626 0.0000000000
121489  -15.328  -24.322  52.563 0.0000000000
109185  -13.383  -25.658  53.292 0.0000000000
36390  -11.295  -27.291  55.093 0.0000000000
55410  -44.395  -6.234  38.634 0.0000000000
122067  -40.839  -8.548  37.378 0.0000000000
54562  -42.399  -7.535  36.443 0.0000000000
55456  -44.133  -6.915  34.663 0.0000000000
55486  -42.704  -6.795  31.267 0.0000000000
54643  -42.131  -7.143  28.654 0.0000000000
53797  -41.376  -8.688  25.987 0.0000000000
38134  -29.058  -25.253  48.110 0.0000000000
40145  -28.163  -24.080  39.215 0.0000000000
39134  -30.033  -24.536  40.783 0.0000000000
42125  -31.295  -21.624  38.233 0.0000000000
41217  -31.378  -22.520  40.177 0.0000000000
40113  -32.603  -24.186  43.073 0.0000000000
119768  -33.698  -23.990  44.680 0.0000000000
40084  -16.609  -23.890  45.051 0.0000000000
41165  -18.046  -23.032  43.968 0.0000000000
41141  -19.010  -22.774  46.960 0.0000000000
54706  -47.955  -7.898  26.002 0.0000000000
54652  -51.098  -7.515  27.788 0.0000000000
55524  -54.923  -6.296  29.429 0.0000000000
55573  -54.820  -6.526  25.677 0.0000000000
64201  -56.226  3.583  16.934 0.0000000000
65078  -58.846  4.026  15.895 0.0000000000
65929  -60.767  6.879  15.803 0.0000000000
65105  -60.191  5.455  12.916 0.0000000000
66851  -62.050  8.279  14.201 0.0000000000
48447  -34.272  -14.372  33.283 0.0000000000
49290  -34.661  -13.626  32.888 0.0000000000
47626  -33.645  -14.480  31.782 0.0000000000
115360  -33.452  -16.645  33.262 0.0000000000
47611  -33.914  -15.242  33.371 0.0000000000
48439  -34.569  -14.664  34.460 0.0000000000
53778  -43.774  -8.059  26.721 0.0000000000
54665  -45.054  -7.416  27.666 0.0000000000
53800  -44.791  -8.542  25.617 0.0000000000
61516  -54.909  0.504  19.197 0.0000000000
60748  -55.805  -0.550  20.448 0.0000000000
61518  -56.239  1.262  20.144 0.0000000000
62325  -56.589  2.101  20.328 0.0000000000
63265  -55.809  3.332  19.208 0.0000000000
39065  -15.690  -24.480  46.413 0.0000000000
106645  -15.148  -24.756  47.186 0.0000000000
39038  -16.207  -24.297  48.364 0.0000000000
116297  -38.691  -10.228  30.494 0.0000000000
51962  -39.088  -9.904  30.953 0.0000000000
52853  -39.093  -9.561  30.115 0.0000000000
52866  -39.381  -8.949  29.527 0.0000000000
52878  -38.143  -9.518  27.857 0.0000000000
41138  -24.918  -22.854  47.291 0.0000000000
38170  -30.576  -25.857  44.157 0.0000000000
109136  -30.304  -25.847  45.060 0.0000000000
116277  -31.575  -25.869  44.681 0.0000000000
106160  -32.214  -25.951  45.682 0.0000000000
38171  -32.554  -25.669  44.970 0.0000000000
43850  -35.270  -18.922  40.627 0.0000000000
42960  -33.993  -20.000  40.757 0.0000000000
43833  -34.630  -19.567  42.062 0.0000000000
43825  -34.524  -19.645  43.392 0.0000000000
41169  -22.723  -21.844  44.548 0.0000000000
41146  -23.811  -22.457  46.340 0.0000000000
41136  -23.686  -22.495  47.840 0.0000000000
56265  -46.557  -5.127  38.654 0.0000000000
55623  -49.896  -5.977  22.002 0.0000000000
55596  -50.580  -6.733  23.353 0.0000000000
55608  -50.923  -6.091  22.914 0.0000000000
50099  -37.162  -12.243  37.848 0.0000000000
51015  -38.155  -11.329  37.562 0.0000000000
123043  -37.018  -12.171  36.158 0.0000000000
120063  -36.898  -12.010  33.360 0.0000000000
50174  -36.263  -12.212  31.393 0.0000000000
51062  -36.903  -11.787  30.899 0.0000000000
41182  -23.827  -21.853  42.864 0.0000000000
41196  -24.759  -22.447  43.063 0.0000000000
41195  -24.387  -22.175  42.327 0.0000000000
40134  -25.668  -23.342  40.545 0.0000000000
40127  -25.690  -23.267  41.494 0.0000000000
39122  -26.887  -24.342  41.349 0.0000000000
39123  -27.573  -24.797  41.667 0.0000000000
39131  -27.542  -24.650  40.732 0.0000000000
43056  -31.078  -20.067  33.488 0.0000000000
45746  -34.298  -17.521  35.906 0.0000000000
44805  -33.842  -18.272  35.742 0.0000000000
119840  -34.732  -17.706  36.989 0.0000000000
44780  -34.885  -18.467  38.275 0.0000000000
45723  -35.435  -17.148  38.119 0.0000000000
120681  -35.959  -16.527  39.173 0.0000000000
46643  -35.465  -16.373  37.745 0.0000000000
49252  -35.691  -13.850  36.621 0.0000000000
48419  -35.887  -13.974  37.465 0.0000000000
50098  -36.635  -12.730  37.447 0.0000000000
50086  -37.224  -12.222  38.697 0.0000000000
121526  -21.956  -20.936  41.487 0.0000000000
125565  -44.844  -5.923  32.051 0.0000000000
56336  -46.645  -5.544  33.404 0.0000000000
56356  -46.122  -5.559  31.082 0.0000000000
55518  -47.759  -6.367  29.355 0.0000000000
56375  -48.481  -5.523  30.787 0.0000000000
56389  -48.997  -5.895  30.156 0.0000000000
56361  -51.022  -5.278  31.070 0.0000000000
55501  -50.368  -6.272  29.675 0.0000000000
58214  -53.123  -3.284  20.733 0.0000000000
58204  -53.420  -3.549  21.561 0.0000000000
58215  -53.903  -3.012  21.022 0.0000000000
59895  -56.757  -1.350  22.948 0.0000000000
58238  -49.393  -3.414  19.003 0.0000000000
59088  -48.869  -2.378  18.081 0.0000000000
60772  -50.305  -0.626  17.539 0.0000000000
60773  -51.111  -0.051  17.593 0.0000000000
60774  -51.954  0.184  17.892 0.0000000000
123768  -51.516  0.962  16.819 0.0000000000
111412  -52.545  1.578  16.521 0.0000000000
123980  -13.595  -25.597  48.604 0.0000000000
38090  -12.921  -26.194  50.582 0.0000000000
40030  -16.998  -22.995  52.906 0.0000000000
120220  -16.112  -23.905  51.706 0.0000000000
115443  -16.687  -22.958  53.825 0.0000000000
38981  -14.053  -24.737  55.067 0.0000000000
38068  -13.490  -25.463  55.408 0.0000000000
38072  -12.608  -25.978  54.058 0.0000000000
36379  -12.298  -27.119  55.599 0.0000000000
35530  -11.680  -28.053  55.478 0.0000000000
51903  -39.211  -10.327  36.305 0.0000000000
114856  -40.381  -9.052  37.850 0.0000000000
52792  -39.829  -9.745  35.830 0.0000000000
53697  -41.424  -8.387  33.647 0.0000000000
53673  -41.282  -8.451  35.299 0.0000000000
54602  -41.876  -7.978  34.199 0.0000000000
54577  -43.038  -7.358  35.675 0.0000000000
123862  -42.870  -7.419  34.247 0.0000000000
111690  -43.722  -6.799  33.188 0.0000000000
54615  -42.247  -7.475  32.501 0.0000000000
53754  -40.919  -7.547  28.627 0.0000000000
54636  -41.283  -7.287  29.270 0.0000000000
113332  -40.417  -8.128  27.301 0.0000000000
112083  -42.111  -7.676  27.532 0.0000000000
53796  -40.326  -8.693  26.172 0.0000000000
40089  -27.229  -23.979  45.784 0.0000000000
110356  -27.363  -23.978  46.576 0.0000000000
39084  -28.521  -24.883  46.052 0.0000000000
40176  -28.946  -22.890  37.910 0.0000000000
40175  -28.030  -23.196  37.750 0.0000000000
105272  -28.968  -23.906  39.210 0.0000000000
39148  -28.749  -24.422  39.891 0.0000000000
40146  -29.776  -23.634  39.466 0.0000000000
43021  -31.590  -20.601  36.082 0.0000000000
42148  -30.569  -21.394  36.607 0.0000000000
42137  -31.728  -21.068  37.617 0.0000000000
42109  -32.416  -21.493  40.907 0.0000000000
41228  -31.680  -21.915  39.831 0.0000000000
41210  -32.195  -22.090  41.449 0.0000000000
40129  -31.621  -23.596  41.472 0.0000000000
40123  -32.250  -23.402  42.323 0.0000000000
40114  -33.229  -23.713  43.814 0.0000000000
41185  -33.358  -22.927  43.972 0.0000000000
118164  -36.606  -15.119  41.631 0.0000000000
104654  -18.838  -22.653  43.939 0.0000000000
41152  -19.009  -22.721  45.463 0.0000000000
110727  -18.758  -22.905  46.172 0.0000000000
41107  -23.572  -22.657  50.624 0.0000000000
53835  -45.844  -8.939  23.634 0.0000000000
53802  -46.486  -8.475  24.971 0.0000000000
53822  -47.535  -8.344  24.293 0.0000000000
124787  -52.050  -7.641  26.181 0.0000000000
109201  -51.038  -7.721  27.031 0.0000000000
54672  -52.588  -7.629  27.313 0.0000000000
55542  -52.449  -6.977  28.772 0.0000000000
55544  -54.448  -6.933  28.737 0.0000000000
57318  -54.634  -4.629  24.443 0.0000000000
56435  -54.148  -5.456  24.629 0.0000000000
56419  -55.629  -5.310  25.424 0.0000000000
104454  -54.531  2.325  16.192 0.0000000000
63285  -54.959  2.853  16.786 0.0000000000
116344  -55.237  2.467  16.024 0.0000000000
63304  -57.844  2.828  15.067 0.0000000000
64212  -58.955  3.638  15.257 0.0000000000
65079  -59.567  4.437  15.373 0.0000000000
65087  -59.831  4.487  14.489 0.0000000000
66871  -59.461  6.975  10.509 0.0000000000
65955  -59.646  5.754  11.457 0.0000000000
65956  -60.435  6.581  11.858 0.0000000000
65942  -60.733  6.385  13.748 0.0000000000
66857  -61.943  8.552  13.309 0.0000000000
67728  -62.050  8.665  12.848 0.0000000000
66873  -62.523  7.237  10.821 0.0000000000
49272  -35.872  -13.119  35.406 0.0000000000
50131  -36.369  -12.599  34.839 0.0000000000
49280  -35.305  -13.389  34.247 0.0000000000
49307  -35.114  -13.076  32.455 0.0000000000
41206  -23.813  -21.771  41.170 0.0000000000
45772  -32.997  -17.404  32.965 0.0000000000
45756  -33.819  -17.129  34.637 0.0000000000
46665  -34.490  -16.626  35.714 0.0000000000
47582  -35.478  -15.523  37.358 0.0000000000
47590  -34.686  -15.635  35.529 0.0000000000
48431  -35.112  -14.223  35.413 0.0000000000
55534  -44.136  -6.668  29.006 0.0000000000
120658  -45.211  -6.130  29.851 0.0000000000
54646  -44.689  -7.016  28.380 0.0000000000
55536  -46.601  -6.866  28.506 0.0000000000
54648  -47.172  -7.143  27.984 0.0000000000
59065  -54.043  -1.536  19.551 0.0000000000
59055  -54.341  -2.408  20.564 0.0000000000
59911  -55.411  -1.334  20.612 0.0000000000
120704  -56.651  -0.605  21.800 0.0000000000
65040  -56.751  4.813  19.275 0.0000000000
39050  -14.391  -25.059  47.486 0.0000000000
39024  -14.816  -25.033  49.436 0.0000000000
51936  -38.769  -10.631  33.087 0.0000000000
52808  -39.737  -9.872  34.143 0.0000000000
109223  -39.567  -9.934  33.146 0.0000000000
52828  -40.225  -9.267  32.660 0.0000000000
53714  -40.786  -8.626  32.185 0.0000000000
54631  -41.516  -7.535  31.066 0.0000000000
53740  -40.272  -8.262  30.205 0.0000000000
53753  -40.038  -8.051  28.437 0.0000000000
53774  -39.027  -8.747  27.060 0.0000000000
38168  -29.088  -25.538  44.620 0.0000000000
38155  -29.280  -25.407  45.772 0.0000000000
38156  -30.134  -25.756  45.957 0.0000000000
38147  -30.760  -25.997  47.029 0.0000000000
38149  -33.370  -26.544  46.874 0.0000000000
41255  -28.509  -22.562  36.939 0.0000000000
41256  -29.494  -22.349  37.370 0.0000000000
42983  -33.157  -20.283  38.592 0.0000000000
109779  -32.490  -20.694  38.147 0.0000000000
42972  -33.256  -20.413  39.506 0.0000000000
42110  -32.941  -20.897  41.075 0.0000000000
107640  -33.165  -21.008  42.594 0.0000000000
42071  -33.409  -21.663  44.010 0.0000000000
42929  -33.505  -20.924  43.514 0.0000000000
107130  -20.415  -21.587  42.579 0.0000000000
42067  -20.637  -21.780  43.853 0.0000000000
111768  -21.107  -22.110  46.213 0.0000000000
104981  -21.900  -22.196  47.951 0.0000000000
106061  -22.859  -22.302  47.860 0.0000000000
54740  -47.840  -7.876  22.903 0.0000000000
54726  -48.785  -7.921  24.006 0.0000000000
54742  -49.339  -7.529  23.565 0.0000000000
54729  -51.398  -7.360  24.816 0.0000000000
54711  -52.646  -7.281  25.540 0.0000000000
63318  -53.901  2.750  14.155 0.0000000000
63313  -55.440  2.553  14.503 0.0000000000
63319  -54.649  2.884  13.979 0.0000000000
67744  -59.746  7.947  10.071 0.0000000000
67733  -61.580  8.991  11.420 0.0000000000
67756  -61.216  9.601  9.933 0.0000000000
68594  -61.427  9.568  9.782 0.0000000000
40052  -17.829  -23.322  49.068 0.0000000000
40051  -16.944  -23.779  48.920 0.0000000000
52756  -39.675  -9.633  39.904 0.0000000000
51876  -38.766  -10.749  38.969 0.0000000000
51895  -38.697  -10.809  37.074 0.0000000000
51028  -38.220  -11.163  35.205 0.0000000000
50132  -37.003  -12.045  34.607 0.0000000000
51034  -37.419  -11.704  33.954 0.0000000000
51923  -38.561  -10.841  33.871 0.0000000000
51064  -38.088  -11.076  31.758 0.0000000000
51073  -37.588  -11.316  30.536 0.0000000000
122389  -24.159  -22.315  44.675 0.0000000000
41159  -25.182  -22.838  45.812 0.0000000000
41171  -24.983  -22.684  44.956 0.0000000000
40102  -25.573  -22.976  44.376 0.0000000000
40111  -26.648  -23.842  43.881 0.0000000000
41208  -25.085  -22.707  42.100 0.0000000000
110477  -26.217  -23.579  42.959 0.0000000000
40112  -27.237  -24.403  43.939 0.0000000000
39107  -28.435  -25.272  44.007 0.0000000000
116110  -29.241  -25.642  42.977 0.0000000000
38193  -29.808  -25.609  42.663 0.0000000000
43039  -31.675  -20.178  35.048 0.0000000000
121885  -32.212  -20.062  35.792 0.0000000000
43905  -32.861  -18.950  34.739 0.0000000000
43889  -33.428  -19.273  36.441 0.0000000000
43881  -33.511  -19.556  37.217 0.0000000000
106470  -34.369  -19.225  38.601 0.0000000000
44773  -34.981  -18.812  39.140 0.0000000000
44768  -35.818  -18.134  40.497 0.0000000000
45693  -36.102  -17.690  41.213 0.0000000000
46612  -36.124  -17.354  40.432 0.0000000000
46613  -36.352  -16.459  40.523 0.0000000000
48400  -36.442  -14.704  40.059 0.0000000000
48409  -35.787  -14.795  37.847 0.0000000000
111399  -36.342  -14.204  39.356 0.0000000000
49236  -36.826  -13.216  40.609 0.0000000000
50067  -37.008  -12.653  40.056 0.0000000000
107307  -21.695  -21.401  42.993 0.0000000000
56302  -46.072  -6.093  35.477 0.0000000000
56321  -46.645  -5.787  35.004 0.0000000000
57228  -47.722  -5.118  34.370 0.0000000000
107323  -48.847  -4.515  33.664 0.0000000000
56357  -46.839  -5.425  31.186 0.0000000000
56346  -48.285  -4.906  32.082 0.0000000000
108658  -51.482  -4.675  21.561 0.0000000000
122596  -51.797  -5.089  22.411 0.0000000000
57342  -52.651  -4.680  22.678 0.0000000000
57344  -54.006  -3.905  23.178 0.0000000000
57329  -55.036  -3.901  24.277 0.0000000000
59036  -55.493  -2.432  22.742 0.0000000000
58179  -56.164  -2.915  24.338 0.0000000000
52065  -42.525  -10.262  23.300 0.0000000000
52949  -44.187  -9.366  24.334 0.0000000000
52979  -43.822  -9.867  22.864 0.0000000000
52981  -45.035  -9.273  22.713 0.0000000000
104479  -45.906  -8.485  21.967 0.0000000000
53865  -46.576  -7.962  21.851 0.0000000000
54767  -47.777  -6.949  21.590 0.0000000000
55621  -48.467  -6.417  21.477 0.0000000000
110915  -48.972  -5.352  20.608 0.0000000000
56469  -49.926  -4.990  20.830 0.0000000000
58211  -50.615  -4.149  20.232 0.0000000000
58225  -51.486  -3.242  19.718 0.0000000000
59062  -51.714  -2.576  19.267 0.0000000000
59946  -49.499  -1.088  17.517 0.0000000000
59929  -50.826  -1.571  18.372 0.0000000000
59916  -52.742  -1.552  19.078 0.0000000000
59932  -52.977  -0.676  18.752 0.0000000000
60768  -54.186  0.228  18.881 0.0000000000
124000  -53.853  1.478  18.196 0.0000000000
63263  -54.758  2.646  18.181 0.0000000000
62350  -53.668  2.094  17.394 0.0000000000
122583  -53.162  1.888  16.795 0.0000000000
62385  -52.903  1.929  14.974 0.0000000000
108729  -52.633  2.498  14.456 0.0000000000
39012  -16.013  -24.237  50.090 0.0000000000
39011  -15.597  -24.559  50.571 0.0000000000
109895  -14.536  -25.328  50.851 0.0000000000
38987  -15.551  -23.595  55.051 0.0000000000
38991  -14.730  -24.630  53.148 0.0000000000
38083  -14.027  -25.583  51.521 0.0000000000
38077  -12.758  -26.208  52.745 0.0000000000
37239  -11.360  -26.899  52.705 0.0000000000
37238  -10.369  -27.368  53.165 0.0000000000
36383  -10.631  -27.896  55.000 0.0000000000
55421  -45.390  -6.244  37.376 0.0000000000
53639  -41.370  -7.710  38.470 0.0000000000
53663  -40.805  -8.807  35.715 0.0000000000
53653  -41.299  -8.181  36.834 0.0000000000
54547  -43.260  -6.994  37.420 0.0000000000
124011  -44.322  -6.889  36.211 0.0000000000
55431  -44.953  -6.668  35.838 0.0000000000
109009  -44.581  -6.690  34.226 0.0000000000
55477  -44.432  -6.342  32.741 0.0000000000
108683  -44.156  -6.049  30.914 0.0000000000
54632  -42.237  -6.929  30.759 0.0000000000
55513  -42.596  -6.656  29.935 0.0000000000
55514  -43.435  -6.538  29.512 0.0000000000
54663  -42.884  -7.515  27.774 0.0000000000
53763  -42.905  -7.902  27.064 0.0000000000
52929  -42.634  -9.166  25.161 0.0000000000
52888  -37.340  -9.894  26.661 0.0000000000
117168  -37.818  -9.496  26.255 0.0000000000
52904  -38.122  -9.327  26.100 0.0000000000
110853  -38.359  -9.248  25.916 0.0000000000
52925  -38.814  -9.372  25.512 0.0000000000
52945  -40.254  -9.761  24.797 0.0000000000
52946  -41.337  -9.847  24.528 0.0000000000
52053  -42.038  -10.128  23.895 0.0000000000
38135  -29.703  -25.714  48.014 0.0000000000
40155  -25.904  -23.432  38.751 0.0000000000
40156  -26.802  -23.682  38.588 0.0000000000
39146  -27.092  -24.286  39.991 0.0000000000
39132  -28.397  -24.786  40.627 0.0000000000
39124  -29.661  -24.981  41.258 0.0000000000
38194  -30.523  -25.389  42.393 0.0000000000
42164  -29.897  -21.333  35.406 0.0000000000
41280  -30.066  -21.826  36.996 0.0000000000
41240  -30.427  -22.362  38.424 0.0000000000
42126  -31.951  -21.236  38.595 0.0000000000
41227  -31.152  -22.288  39.410 0.0000000000
40147  -30.657  -22.982  39.683 0.0000000000
40138  -31.117  -23.282  40.587 0.0000000000
39126  -31.264  -24.426  41.670 0.0000000000
39118  -31.977  -24.966  42.912 0.0000000000
120198  -32.863  -25.142  44.379 0.0000000000
39099  -33.447  -24.754  44.797 0.0000000000
40075  -16.033  -24.230  45.567 0.0000000000
112783  -16.750  -23.893  45.766 0.0000000000
125700  -18.340  -22.754  43.384 0.0000000000
40119  -16.850  -23.238  42.883 0.0000000000
40101  -17.730  -23.381  44.695 0.0000000000
40085  -17.285  -23.645  45.365 0.0000000000
40068  -17.528  -23.597  47.270 0.0000000000
41122  -18.965  -22.725  48.846 0.0000000000
41125  -21.828  -22.230  48.868 0.0000000000
53801  -45.655  -8.535  25.283 0.0000000000
54686  -47.068  -7.892  26.347 0.0000000000
54668  -48.379  -7.455  27.426 0.0000000000
54707  -48.959  -7.897  25.708 0.0000000000
54670  -50.267  -7.608  27.326 0.0000000000
54651  -49.827  -7.244  28.147 0.0000000000
55521  -51.728  -6.592  29.279 0.0000000000
56433  -52.808  -5.653  23.938 0.0000000000
55572  -54.013  -6.448  25.239 0.0000000000
54692  -54.446  -7.290  26.505 0.0000000000
64187  -55.320  3.304  18.364 0.0000000000
64188  -55.981  4.062  17.721 0.0000000000
65057  -57.254  5.137  17.927 0.0000000000
63287  -56.648  2.877  16.133 0.0000000000
64202  -57.134  3.649  16.633 0.0000000000
65058  -58.035  5.402  17.559 0.0000000000
65920  -59.742  6.358  16.921 0.0000000000
65921  -60.553  7.010  16.663 0.0000000000
65096  -59.139  4.146  13.215 0.0000000000
65088  -60.387  5.492  14.337 0.0000000000
65936  -61.010  7.012  14.904 0.0000000000
67735  -62.386  8.508  11.713 0.0000000000
47616  -33.795  -14.833  32.624 0.0000000000
48457  -34.125  -14.075  32.412 0.0000000000
47615  -33.537  -15.797  32.751 0.0000000000
107112  -33.446  -15.249  32.104 0.0000000000
118280  -43.236  -8.857  25.508 0.0000000000
53799  -43.934  -8.505  25.963 0.0000000000
52930  -44.073  -8.927  25.132 0.0000000000
120311  -55.021  1.273  19.055 0.0000000000
61517  -55.612  0.947  19.601 0.0000000000
62337  -55.946  1.694  19.763 0.0000000000
63258  -55.910  2.440  19.557 0.0000000000
40067  -16.850  -23.880  47.050 0.0000000000
39051  -16.142  -24.307  47.330 0.0000000000
108937  -37.940  -10.523  29.101 0.0000000000
51974  -38.453  -10.224  29.689 0.0000000000
51989  -38.327  -9.838  28.749 0.0000000000
52865  -38.898  -9.369  29.186 0.0000000000
41147  -24.631  -22.714  46.449 0.0000000000
38182  -30.530  -25.691  43.178 0.0000000000
43843  -35.182  -19.045  41.650 0.0000000000
43842  -34.644  -19.549  41.162 0.0000000000
109843  -24.131  -22.602  47.121 0.0000000000
55607  -50.233  -6.367  22.660 0.0000000000
56449  -50.596  -5.763  22.283 0.0000000000
50111  -37.153  -12.153  36.957 0.0000000000
50183  -35.563  -12.606  31.109 0.0000000000
115130  -36.353  -12.227  32.053 0.0000000000
41194  -23.816  -21.749  41.984 0.0000000000
40128  -26.278  -23.841  41.013 0.0000000000
39130  -26.831  -24.261  40.632 0.0000000000
126603  -34.536  -17.638  36.479 0.0000000000
45712  -35.049  -17.786  37.740 0.0000000000
45722  -35.104  -17.068  37.346 0.0000000000
49262  -35.975  -13.184  36.215 0.0000000000
49253  -36.117  -13.267  37.046 0.0000000000
42093  -22.588  -21.139  41.563 0.0000000000
42081  -23.023  -21.425  42.328 0.0000000000
55489  -44.839  -5.871  31.306 0.0000000000
56343  -45.588  -5.664  31.771 0.0000000000
126635  -45.431  -5.724  30.977 0.0000000000
55538  -48.329  -6.767  28.742 0.0000000000
55519  -48.668  -6.357  29.447 0.0000000000
55520  -49.533  -6.334  29.552 0.0000000000
56390  -49.843  -5.841  30.265 0.0000000000
59053  -52.835  -2.829  20.011 0.0000000000
59884  -57.421  -1.559  23.879 0.0000000000
61536  -51.677  0.646  17.346 0.0000000000
61554  -51.046  1.004  16.324 0.0000000000
38102  -13.217  -25.792  49.002 0.0000000000
120613  -12.685  -26.139  49.585 0.0000000000
40025  -16.914  -22.778  54.786 0.0000000000
37232  -12.973  -25.972  55.606 0.0000000000
36380  -13.153  -26.965  55.775 0.0000000000
51910  -39.393  -10.152  35.454 0.0000000000
52784  -39.853  -9.671  36.701 0.0000000000
54614  -41.973  -7.837  33.360 0.0000000000
54603  -42.476  -7.596  33.911 0.0000000000
112686  -42.564  -7.453  33.248 0.0000000000
53761  -39.761  -8.335  27.460 0.0000000000
53755  -40.604  -7.850  27.904 0.0000000000
53776  -40.866  -8.313  26.745 0.0000000000
39083  -27.870  -24.399  46.317 0.0000000000
40158  -28.518  -23.547  38.518 0.0000000000
43005  -31.889  -20.711  36.856 0.0000000000
42095  -32.725  -21.414  41.926 0.0000000000
40130  -32.063  -22.803  41.725 0.0000000000
40124  -32.823  -23.129  43.162 0.0000000000
119192  -33.072  -22.286  43.486 0.0000000000
48389  -36.709  -14.439  41.755 0.0000000000
41143  -20.557  -22.312  47.037 0.0000000000
53836  -46.569  -8.639  23.325 0.0000000000
53821  -46.671  -8.623  24.159 0.0000000000
110555  -47.196  -8.449  23.717 0.0000000000
54690  -53.035  -7.609  26.652 0.0000000000
54654  -52.993  -7.416  28.037 0.0000000000
54655  -53.978  -7.394  28.050 0.0000000000
57319  -55.534  -4.373  25.006 0.0000000000
56436  -54.924  -5.100  24.942 0.0000000000
63300  -54.041  2.097  15.523 0.0000000000
63301  -54.934  2.287  15.368 0.0000000000
109985  -58.684  3.433  14.224 0.0000000000
64221  -59.198  3.737  14.697 0.0000000000
64232  -59.271  3.900  13.930 0.0000000000
66863  -60.005  6.638  10.956 0.0000000000
66856  -61.238  7.926  12.700 0.0000000000
67727  -61.777  8.733  12.457 0.0000000000
49271  -35.396  -13.598  35.036 0.0000000000
49306  -34.525  -13.489  32.094 0.0000000000
46673  -33.789  -16.540  34.038 0.0000000000
46674  -34.191  -16.285  34.852 0.0000000000
45757  -34.118  -17.044  35.264 0.0000000000
112559  -34.538  -14.331  33.997 0.0000000000
48430  -34.752  -14.775  35.073 0.0000000000
49261  -35.533  -13.720  35.815 0.0000000000
54645  -43.806  -7.049  28.427 0.0000000000
54664  -44.200  -7.399  27.845 0.0000000000
54684  -45.283  -7.767  26.900 0.0000000000
54666  -45.931  -7.485  27.453 0.0000000000
112418  -46.894  -7.553  27.265 0.0000000000
59918  -54.547  -1.075  19.560 0.0000000000
59910  -54.684  -1.666  20.093 0.0000000000
59919  -55.146  -0.893  19.888 0.0000000000
60740  -56.533  -0.200  21.185 0.0000000000
60731  -57.138  -0.667  22.622 0.0000000000
60741  -57.461  0.105  22.231 0.0000000000
64171  -57.301  4.464  20.205 0.0000000000
65041  -57.676  5.303  19.987 0.0000000000
39037  -15.596  -24.639  47.960 0.0000000000
39036  -14.889  -24.917  48.073 0.0000000000
113218  -14.665  -25.105  48.726 0.0000000000
51947  -38.657  -10.638  32.145 0.0000000000
51937  -39.168  -10.224  32.456 0.0000000000
125031  -39.487  -9.366  30.704 0.0000000000
52841  -39.587  -9.524  31.374 0.0000000000
52842  -40.134  -9.039  31.749 0.0000000000
53729  -40.685  -8.284  31.159 0.0000000000
52854  -39.665  -8.876  30.153 0.0000000000
52880  -39.368  -8.660  28.745 0.0000000000
53760  -39.263  -8.560  27.812 0.0000000000
119012  -29.679  -25.698  45.113 0.0000000000
38157  -30.878  -25.990  45.975 0.0000000000
38148  -31.523  -26.337  46.906 0.0000000000
115574  -32.967  -25.892  46.170 0.0000000000
125055  -33.711  -25.868  46.420 0.0000000000
112977  -28.564  -22.066  35.867 0.0000000000
43859  -33.815  -19.833  39.014 0.0000000000
42973  -33.915  -19.944  39.884 0.0000000000
42946  -33.960  -20.090  41.738 0.0000000000
42959  -33.523  -20.464  41.157 0.0000000000
42945  -33.285  -20.716  41.855 0.0000000000
126051  -34.265  -20.072  44.058 0.0000000000
105146  -20.943  -21.549  43.139 0.0000000000
42068  -21.439  -21.583  43.707 0.0000000000
41155  -21.621  -21.947  45.444 0.0000000000
41145  -22.419  -22.240  47.048 0.0000000000
41137  -24.442  -22.705  47.914 0.0000000000
126651  -48.316  -7.488  22.654 0.0000000000
54741  -48.541  -7.723  23.263 0.0000000000
55586  -50.967  -7.058  24.077 0.0000000000
54730  -52.221  -7.055  24.950 0.0000000000
54710  -51.894  -7.533  25.623 0.0000000000
64226  -53.924  3.403  13.695 0.0000000000
122647  -59.043  7.450  10.218 0.0000000000
67745  -60.870  9.023  10.430 0.0000000000
67755  -60.130  9.083  9.690 0.0000000000
41080  -18.826  -22.534  53.571 0.0000000000
51863  -38.734  -10.725  39.879 0.0000000000
51004  -38.239  -11.281  38.537 0.0000000000
51021  -37.802  -11.587  36.766 0.0000000000
124611  -38.257  -11.197  36.900 0.0000000000
51022  -38.394  -11.065  36.213 0.0000000000
49281  -35.891  -12.808  34.067 0.0000000000
50141  -36.630  -12.284  34.004 0.0000000000
50159  -36.772  -12.005  32.591 0.0000000000
51035  -38.107  -11.215  34.324 0.0000000000
51042  -38.092  -11.177  33.479 0.0000000000
51054  -38.117  -11.105  32.614 0.0000000000
51053  -37.494  -11.506  32.185 0.0000000000
41183  -24.108  -22.128  43.733 0.0000000000
40110  -25.506  -22.935  43.525 0.0000000000
124500  -26.054  -23.314  43.874 0.0000000000
41207  -24.431  -22.236  41.584 0.0000000000
40121  -26.279  -23.783  41.890 0.0000000000
122293  -25.753  -23.236  42.254 0.0000000000
39105  -27.075  -24.332  43.177 0.0000000000
39106  -27.770  -24.876  43.496 0.0000000000
39115  -27.678  -24.879  42.573 0.0000000000
106522  -28.312  -25.182  41.995 0.0000000000
39116  -28.500  -25.381  42.969 0.0000000000
43038  -31.523  -19.963  34.134 0.0000000000
44817  -33.135  -18.291  34.242 0.0000000000
44816  -32.542  -18.903  33.864 0.0000000000
44804  -33.439  -18.348  35.017 0.0000000000
44796  -33.780  -18.743  36.242 0.0000000000
123226  -33.269  -18.995  35.635 0.0000000000
43882  -34.196  -19.045  37.729 0.0000000000
44781  -35.441  -18.130  39.028 0.0000000000
44774  -35.448  -18.493  39.783 0.0000000000
46627  -36.207  -16.082  39.691 0.0000000000
47545  -36.414  -15.483  40.287 0.0000000000
47560  -36.237  -15.199  39.511 0.0000000000
47591  -35.135  -15.370  36.427 0.0000000000
48410  -36.108  -14.083  38.355 0.0000000000
115526  -36.661  -13.327  39.723 0.0000000000
51003  -37.732  -11.725  39.053 0.0000000000
50991  -37.778  -11.685  39.884 0.0000000000
56320  -45.916  -6.149  34.753 0.0000000000
106534  -46.307  -5.836  34.167 0.0000000000
56344  -46.972  -5.265  32.574 0.0000000000
56337  -47.503  -5.143  33.406 0.0000000000
57246  -48.174  -4.830  33.799 0.0000000000
120033  -48.316  -4.756  32.956 0.0000000000
55516  -45.913  -6.250  29.565 0.0000000000
56373  -46.665  -5.696  30.531 0.0000000000
121520  -46.475  -5.989  29.909 0.0000000000
107162  -48.097  -5.232  31.369 0.0000000000
56359  -48.800  -5.110  31.481 0.0000000000
56347  -49.066  -4.753  32.161 0.0000000000
57264  -49.999  -4.528  32.512 0.0000000000
57274  -50.540  -4.857  31.735 0.0000000000
56362  -51.900  -5.166  31.149 0.0000000000
57363  -51.173  -4.314  20.795 0.0000000000
57355  -52.234  -4.408  21.872 0.0000000000
58193  -53.703  -3.734  22.401 0.0000000000
57328  -54.326  -4.198  23.838 0.0000000000
58177  -54.677  -3.599  23.533 0.0000000000
59056  -55.007  -2.035  20.932 0.0000000000
59046  -55.228  -2.255  21.821 0.0000000000
59026  -55.844  -2.641  23.635 0.0000000000
119264  -9.493  -28.528  54.104 0.0000000000
36388  -9.057  -28.348  53.499 0.0000000000
35540  -9.045  -29.031  53.718 0.0000000000
52980  -44.361  -9.518  22.266 0.0000000000
52998  -45.158  -9.017  22.102 0.0000000000
54765  -45.917  -7.857  21.150 0.0000000000
123837  -46.615  -7.457  21.264 0.0000000000
53866  -47.185  -7.475  21.734 0.0000000000
119758  -47.718  -6.371  20.917 0.0000000000
55634  -48.318  -5.857  20.790 0.0000000000
55635  -48.900  -5.881  21.180 0.0000000000
56468  -48.232  -5.423  20.286 0.0000000000
56479  -48.494  -4.957  19.962 0.0000000000
56480  -49.347  -4.627  20.064 0.0000000000
57362  -50.071  -4.476  20.330 0.0000000000
57369  -49.981  -4.092  19.845 0.0000000000
58239  -50.110  -3.074  19.052 0.0000000000
58224  -50.622  -3.572  19.639 0.0000000000
59061  -50.913  -2.824  19.162 0.0000000000
59948  -50.925  -0.894  18.036 0.0000000000
59930  -51.449  -1.317  18.488 0.0000000000
59074  -51.972  -1.826  18.923 0.0000000000
59931  -52.168  -1.035  18.635 0.0000000000
60766  -52.283  -0.338  18.342 0.0000000000
61537  -52.357  0.878  17.661 0.0000000000
61526  -52.758  0.329  18.242 0.0000000000
61527  -53.566  0.872  18.356 0.0000000000
62345  -54.093  2.044  18.098 0.0000000000
62344  -53.468  1.577  17.870 0.0000000000
62377  -53.175  1.846  15.804 0.0000000000
37256  -11.938  -26.534  50.125 0.0000000000
104584  -17.429  -23.481  49.721 0.0000000000
40044  -16.694  -23.799  50.051 0.0000000000
40035  -16.206  -24.015  50.924 0.0000000000
38999  -15.620  -24.372  51.576 0.0000000000
113967  -15.108  -24.853  50.988 0.0000000000
38998  -14.767  -24.927  51.841 0.0000000000
38074  -14.002  -24.930  53.879 0.0000000000
38079  -14.076  -25.314  52.587 0.0000000000
38078  -13.432  -25.870  52.136 0.0000000000
37236  -11.963  -26.558  54.734 0.0000000000
111433  -11.995  -26.561  53.396 0.0000000000
37235  -11.150  -26.999  54.046 0.0000000000
36389  -10.460  -27.599  54.426 0.0000000000
34761  -12.399  -29.177  55.286 0.0000000000
55411  -45.182  -5.968  38.325 0.0000000000
55420  -44.615  -6.509  37.662 0.0000000000
52769  -39.754  -9.675  39.048 0.0000000000
52779  -40.366  -9.107  37.005 0.0000000000
110074  -40.835  -8.339  38.404 0.0000000000
53629  -41.127  -7.719  39.223 0.0000000000
117843  -41.337  -7.949  37.702 0.0000000000
52799  -40.348  -9.386  34.499 0.0000000000
52793  -40.344  -9.314  35.353 0.0000000000
53672  -40.850  -8.894  34.898 0.0000000000
54575  -41.624  -8.090  35.645 0.0000000000
53664  -41.257  -8.355  36.045 0.0000000000
54561  -41.745  -7.912  36.276 0.0000000000
54545  -41.859  -7.681  37.106 0.0000000000
54546  -42.570  -7.290  37.324 0.0000000000
54588  -43.379  -7.226  34.639 0.0000000000
55444  -43.721  -7.090  36.172 0.0000000000
106383  -44.048  -6.986  35.442 0.0000000000
109010  -44.748  -6.735  34.979 0.0000000000
54624  -42.844  -6.923  31.965 0.0000000000
55476  -43.587  -6.616  32.300 0.0000000000
55488  -44.198  -6.177  31.763 0.0000000000
55487  -43.396  -6.442  31.325 0.0000000000
53741  -40.941  -7.664  30.245 0.0000000000
123620  -41.105  -7.405  29.707 0.0000000000
124007  -41.543  -7.261  28.785 0.0000000000
54637  -41.956  -6.974  29.269 0.0000000000
54638  -42.706  -6.799  29.112 0.0000000000
54644  -42.936  -7.108  28.432 0.0000000000
125432  -42.283  -7.356  28.133 0.0000000000
53777  -41.986  -8.202  26.685 0.0000000000
53798  -42.363  -8.742  25.811 0.0000000000
52928  -41.833  -9.208  25.238 0.0000000000
52889  -37.997  -9.388  27.008 0.0000000000
112871  -36.983  -9.728  25.913 0.0000000000
53794  -38.795  -8.985  26.500 0.0000000000
52943  -38.726  -9.884  24.625 0.0000000000
52926  -39.689  -9.155  25.646 0.0000000000
52944  -39.397  -9.660  24.978 0.0000000000
52052  -41.320  -10.332  23.762 0.0000000000
111916  -25.949  -23.229  46.058 0.0000000000
109371  -26.722  -23.615  46.341 0.0000000000
39070  -27.833  -24.270  47.215 0.0000000000
38145  -29.191  -25.213  46.991 0.0000000000
40157  -27.657  -23.698  38.503 0.0000000000
40144  -27.353  -24.036  39.277 0.0000000000
39147  -27.865  -24.464  39.932 0.0000000000
39133  -29.198  -24.780  40.651 0.0000000000
39125  -30.493  -24.895  41.580 0.0000000000
42165  -30.413  -21.232  35.975 0.0000000000
42136  -30.846  -21.593  37.430 0.0000000000
41257  -30.234  -22.118  37.735 0.0000000000
122167  -30.753  -21.954  38.094 0.0000000000
42982  -32.598  -20.850  39.069 0.0000000000
42117  -32.094  -21.398  39.472 0.0000000000
41218  -31.895  -22.015  40.612 0.0000000000
41226  -30.669  -22.507  39.027 0.0000000000
40122  -31.868  -24.305  42.235 0.0000000000
39117  -31.251  -24.967  42.260 0.0000000000
39108  -32.558  -24.911  43.561 0.0000000000
39109  -33.106  -24.496  43.992 0.0000000000
125619  -33.494  -22.287  44.274 0.0000000000
41172  -33.865  -21.956  44.820 0.0000000000
45682  -36.296  -17.126  41.815 0.0000000000
42078  -19.654  -21.927  42.830 0.0000000000
41179  -17.671  -23.010  43.180 0.0000000000
40109  -17.194  -23.468  43.841 0.0000000000
40086  -18.131  -23.241  45.633 0.0000000000
40078  -18.178  -23.250  46.653 0.0000000000
40077  -17.322  -23.672  46.320 0.0000000000
40069  -18.279  -23.172  47.568 0.0000000000
41133  -18.984  -22.751  47.959 0.0000000000
57193  -48.501  -4.498  36.712 0.0000000000
53819  -44.929  -8.930  24.762 0.0000000000
53820  -45.774  -8.809  24.426 0.0000000000
53803  -47.185  -8.174  25.475 0.0000000000
105635  -47.782  -7.650  26.862 0.0000000000
54687  -48.679  -7.728  26.646 0.0000000000
122227  -49.525  -7.873  25.151 0.0000000000
113241  -48.872  -7.970  24.784 0.0000000000
54708  -49.959  -7.847  25.752 0.0000000000
124526  -50.458  -7.412  27.930 0.0000000000
55540  -50.637  -7.160  28.426 0.0000000000
114750  -50.906  -6.706  29.120 0.0000000000
55541  -51.472  -7.125  28.567 0.0000000000
55523  -53.946  -6.451  29.330 0.0000000000
109225  -53.100  -6.475  29.347 0.0000000000
122550  -53.578  -6.019  29.792 0.0000000000
56442  -52.359  -5.354  23.216 0.0000000000
56418  -54.863  -5.880  25.250 0.0000000000
54713  -54.380  -6.942  25.902 0.0000000000
55560  -55.114  -6.900  26.250 0.0000000000
63271  -54.323  2.538  17.672 0.0000000000
63272  -54.878  3.096  17.587 0.0000000000
64200  -55.494  3.411  17.219 0.0000000000
65056  -56.559  4.766  18.325 0.0000000000
64189  -56.732  4.340  17.424 0.0000000000
63302  -55.967  2.458  15.488 0.0000000000
63314  -56.478  2.605  14.622 0.0000000000
64211  -58.353  3.322  15.536 0.0000000000
64210  -57.555  3.061  15.849 0.0000000000
64203  -58.056  3.763  16.305 0.0000000000
65068  -57.552  4.550  17.046 0.0000000000
65069  -58.467  4.706  16.684 0.0000000000
65919  -58.903  5.821  17.249 0.0000000000
65070  -59.304  5.068  16.308 0.0000000000
65928  -60.061  5.756  15.978 0.0000000000
66833  -61.416  7.536  16.407 0.0000000000
65110  -59.340  5.126  11.920 0.0000000000
65109  -58.751  4.762  12.059 0.0000000000
65104  -59.455  4.742  12.604 0.0000000000
65097  -59.922  4.786  13.571 0.0000000000
111886  -61.535  7.771  14.361 0.0000000000
66842  -61.886  7.976  15.053 0.0000000000
66843  -62.123  7.906  14.965 0.0000000000
68560  -62.087  9.250  11.262 0.0000000000
67734  -62.073  8.909  11.982 0.0000000000
68561  -62.232  9.105  11.288 0.0000000000
48448  -34.787  -13.780  33.727 0.0000000000
46687  -33.125  -16.657  32.482 0.0000000000
46679  -33.756  -15.991  33.493 0.0000000000
47606  -34.420  -15.326  34.663 0.0000000000
109294  -34.269  -14.916  33.973 0.0000000000
54683  -44.439  -7.735  27.152 0.0000000000
53779  -44.623  -8.127  26.416 0.0000000000
53780  -45.479  -8.165  26.122 0.0000000000
60755  -55.440  -0.052  19.741 0.0000000000
61505  -56.229  0.429  20.409 0.0000000000
62326  -57.355  2.075  21.155 0.0000000000
63249  -57.451  2.972  20.997 0.0000000000
63248  -56.499  3.100  20.023 0.0000000000
39064  -14.866  -24.727  46.225 0.0000000000
51948  -39.132  -10.117  31.727 0.0000000000
52879  -38.742  -9.059  28.251 0.0000000000
41129  -25.230  -22.943  48.253 0.0000000000
105921  -30.955  -25.944  45.093 0.0000000000
37296  -32.415  -26.382  46.733 0.0000000000
43849  -34.588  -19.505  40.261 0.0000000000
42938  -34.183  -19.918  42.630 0.0000000000
122226  -34.593  -19.560  42.665 0.0000000000
41156  -22.619  -21.993  45.420 0.0000000000
105085  -22.958  -22.211  46.283 0.0000000000
105495  -23.304  -22.413  47.058 0.0000000000
55606  -49.517  -6.564  22.375 0.0000000000
55595  -49.801  -6.952  23.101 0.0000000000
55597  -51.330  -6.433  23.550 0.0000000000
51014  -37.684  -11.777  38.194 0.0000000000
109904  -37.590  -11.819  37.465 0.0000000000
125297  -37.401  -11.882  36.432 0.0000000000
50157  -35.674  -12.738  32.711 0.0000000000
50158  -36.134  -12.419  32.517 0.0000000000
50175  -36.875  -11.853  31.752 0.0000000000
41225  -25.043  -22.840  40.279 0.0000000000
111088  -28.154  -24.948  41.263 0.0000000000
45745  -33.842  -17.684  35.193 0.0000000000
44797  -34.282  -18.197  36.506 0.0000000000
44789  -34.560  -18.377  37.343 0.0000000000
45713  -35.356  -17.787  38.416 0.0000000000
110440  -35.738  -17.275  38.949 0.0000000000
46633  -35.749  -16.482  38.520 0.0000000000
49245  -36.290  -13.340  37.911 0.0000000000
50085  -36.750  -12.757  38.322 0.0000000000
50075  -36.871  -12.724  39.199 0.0000000000
42080  -22.044  -21.151  42.221 0.0000000000
55478  -45.307  -5.922  32.706 0.0000000000
56335  -45.865  -5.872  33.441 0.0000000000
109640  -46.147  -5.591  32.606 0.0000000000
118204  -46.504  -5.409  31.811 0.0000000000
55517  -47.223  -5.952  29.965 0.0000000000
56388  -48.116  -5.895  30.054 0.0000000000
56376  -49.320  -5.452  30.885 0.0000000000
113423  -50.165  -5.356  30.990 0.0000000000
56377  -50.676  -5.765  30.380 0.0000000000
56378  -51.510  -5.656  30.488 0.0000000000
58213  -52.150  -3.539  20.406 0.0000000000
58203  -52.635  -3.841  21.296 0.0000000000
58205  -54.139  -3.228  21.866 0.0000000000
66805  -60.292  7.003  19.002 0.0000000000
58237  -48.704  -3.830  19.019 0.0000000000
59071  -48.788  -3.131  18.544 0.0000000000
59072  -49.517  -2.706  18.533 0.0000000000
60786  -50.344  0.064  17.016 0.0000000000
62349  -52.885  1.482  17.352 0.0000000000
62348  -52.107  1.172  17.043 0.0000000000
62360  -51.767  1.326  16.217 0.0000000000
121186  -12.015  -26.300  49.288 0.0000000000
37248  -12.163  -26.591  51.174 0.0000000000
40037  -17.494  -22.970  51.909 0.0000000000
40036  -16.639  -23.584  51.810 0.0000000000
40029  -16.099  -23.643  52.767 0.0000000000
38982  -14.853  -24.133  55.558 0.0000000000
38069  -14.155  -24.922  55.656 0.0000000000
38073  -13.344  -25.415  54.568 0.0000000000
38067  -12.723  -25.950  55.157 0.0000000000
37231  -12.311  -26.692  55.404 0.0000000000
36385  -11.695  -27.365  55.396 0.0000000000
35531  -12.702  -28.013  55.560 0.0000000000
51896  -39.414  -10.163  37.460 0.0000000000
52778  -39.879  -9.646  38.175 0.0000000000
118751  -39.978  -9.523  37.434 0.0000000000
52785  -40.338  -9.216  36.185 0.0000000000
53681  -40.869  -8.890  34.042 0.0000000000
53682  -41.366  -8.468  34.511 0.0000000000
54586  -41.762  -8.038  35.003 0.0000000000
54576  -42.144  -7.741  35.627 0.0000000000
54587  -42.481  -7.618  34.757 0.0000000000
55466  -43.885  -6.925  34.002 0.0000000000
54604  -43.131  -7.221  33.712 0.0000000000
54616  -43.008  -7.080  32.813 0.0000000000
54662  -41.507  -7.475  28.161 0.0000000000
53762  -41.223  -7.885  27.391 0.0000000000
39071  -28.498  -24.735  47.110 0.0000000000
38136  -30.405  -26.179  47.904 0.0000000000
121363  -29.278  -24.105  39.636 0.0000000000
40136  -29.573  -24.262  40.088 0.0000000000
40137  -30.359  -23.825  40.245 0.0000000000
42166  -30.901  -21.013  36.181 0.0000000000
42149  -31.249  -21.076  36.794 0.0000000000
112129  -32.142  -21.567  40.197 0.0000000000
41209  -31.722  -22.697  40.989 0.0000000000
125499  -33.565  -23.368  44.341 0.0000000000
41168  -20.246  -22.060  44.619 0.0000000000
41167  -19.375  -22.483  44.655 0.0000000000
41166  -18.525  -22.923  44.731 0.0000000000
41117  -23.848  -22.568  49.554 0.0000000000
41116  -23.042  -22.351  49.638 0.0000000000
109973  -47.180  -8.362  24.772 0.0000000000
53804  -48.001  -8.128  25.045 0.0000000000
54709  -50.870  -7.708  25.519 0.0000000000
54688  -50.551  -7.791  26.433 0.0000000000
54689  -51.490  -7.719  26.377 0.0000000000
54671  -51.753  -7.670  27.196 0.0000000000
54653  -52.055  -7.493  27.969 0.0000000000
55543  -53.466  -7.004  28.716 0.0000000000
56444  -53.894  -4.795  24.034 0.0000000000
56434  -53.464  -5.355  24.131 0.0000000000
55574  -55.677  -6.244  25.900 0.0000000000
63286  -55.743  2.861  16.437 0.0000000000
65080  -60.301  5.520  15.122 0.0000000000
66870  -58.730  6.695  10.639 0.0000000000
65959  -59.135  6.117  10.883 0.0000000000
65948  -60.024  5.540  12.178 0.0000000000
65949  -60.644  6.557  12.785 0.0000000000
66850  -61.445  7.859  13.595 0.0000000000
68577  -62.371  8.873  10.697 0.0000000000
67746  -62.461  8.151  10.425 0.0000000000
50120  -36.456  -12.650  35.758 0.0000000000
119686  -35.740  -13.092  34.729 0.0000000000
49291  -35.335  -13.107  33.337 0.0000000000
41224  -24.447  -22.447  39.831 0.0000000000
124351  -25.427  -23.196  39.986 0.0000000000
40142  -25.850  -23.486  39.708 0.0000000000
45764  -32.541  -18.109  32.576 0.0000000000
44827  -32.837  -18.182  33.415 0.0000000000
45765  -33.404  -17.445  33.873 0.0000000000
46642  -35.131  -16.270  36.943 0.0000000000
120581  -34.828  -16.189  36.235 0.0000000000
47599  -34.982  -14.876  35.731 0.0000000000
48425  -35.322  -14.442  36.169 0.0000000000
55515  -44.358  -6.274  29.806 0.0000000000
55535  -45.160  -6.577  29.118 0.0000000000
118400  -46.039  -6.621  28.941 0.0000000000
54647  -45.712  -7.013  28.268 0.0000000000
55537  -47.436  -6.783  28.661 0.0000000000
54649  -47.975  -7.102  28.062 0.0000000000
59064  -53.361  -2.089  19.588 0.0000000000
125084  -54.054  -2.129  19.969 0.0000000000
59902  -55.640  -1.625  21.447 0.0000000000
60739  -56.048  -0.959  21.199 0.0000000000
59903  -56.314  -1.192  22.021 0.0000000000
64161  -57.946  3.954  21.091 0.0000000000
65047  -57.361  5.545  18.979 0.0000000000
38129  -13.506  -25.278  47.211 0.0000000000
38117  -14.047  -25.347  48.183 0.0000000000
38103  -14.039  -25.470  49.105 0.0000000000
38092  -14.302  -25.434  50.002 0.0000000000
51924  -39.114  -10.408  33.920 0.0000000000
52798  -39.812  -9.786  34.999 0.0000000000
52827  -39.650  -9.706  32.184 0.0000000000
53696  -40.860  -8.803  33.130 0.0000000000
54622  -41.748  -7.696  31.915 0.0000000000
53730  -41.249  -8.057  31.793 0.0000000000
53747  -39.876  -8.362  29.400 0.0000000000
125328  -39.332  -8.643  26.885 0.0000000000
39098  -28.457  -25.118  45.011 0.0000000000
37285  -31.145  -26.683  47.653 0.0000000000
41278  -27.699  -22.489  36.164 0.0000000000
41239  -29.777  -22.643  38.158 0.0000000000
42994  -33.036  -20.125  37.733 0.0000000000
108300  -33.386  -20.474  40.407 0.0000000000
42082  -33.031  -21.588  43.007 0.0000000000
42072  -33.953  -21.103  44.647 0.0000000000
115239  -33.962  -20.252  43.386 0.0000000000
42930  -33.966  -20.533  44.106 0.0000000000
42066  -20.275  -21.778  43.244 0.0000000000
42058  -21.243  -21.804  44.577 0.0000000000
41135  -21.093  -22.210  47.697 0.0000000000
41144  -21.509  -22.171  47.017 0.0000000000
41127  -23.332  -22.402  48.675 0.0000000000
53838  -47.917  -8.131  23.673 0.0000000000
54727  -49.642  -7.723  24.433 0.0000000000
54743  -50.165  -7.318  23.852 0.0000000000
54728  -50.545  -7.533  24.635 0.0000000000
111032  -52.569  -7.543  26.081 0.0000000000
63320  -55.505  3.118  13.747 0.0000000000
66872  -60.336  7.787  10.660 0.0000000000
68559  -61.757  9.398  10.685 0.0000000000
40060  -17.637  -23.510  48.178 0.0000000000
51877  -39.252  -10.213  39.443 0.0000000000
51888  -38.779  -10.774  38.017 0.0000000000
51909  -38.853  -10.616  35.411 0.0000000000
50121  -37.003  -12.105  35.351 0.0000000000
51027  -37.574  -11.636  34.882 0.0000000000
51917  -38.686  -10.752  34.573 0.0000000000
51063  -37.510  -11.441  31.357 0.0000000000
119742  -38.008  -11.058  31.051 0.0000000000
51961  -38.198  -10.764  30.446 0.0000000000
51973  -37.797  -10.997  29.736 0.0000000000
41158  -24.311  -22.517  45.576 0.0000000000
40087  -25.725  -23.108  45.207 0.0000000000
41184  -24.860  -22.557  44.065 0.0000000000
118260  -26.247  -23.464  44.592 0.0000000000
113824  -27.059  -24.043  44.764 0.0000000000
39097  -27.776  -24.741  44.415 0.0000000000
107437  -29.115  -25.617  43.690 0.0000000000
38181  -29.818  -25.738  43.458 0.0000000000
43037  -30.838  -20.502  34.295 0.0000000000
43006  -32.428  -20.210  36.531 0.0000000000
43022  -32.815  -19.645  36.052 0.0000000000
43888  -33.033  -19.733  36.659 0.0000000000
43880  -32.907  -20.019  37.076 0.0000000000
43870  -33.708  -19.695  38.129 0.0000000000
43861  -35.003  -19.054  39.827 0.0000000000
111788  -35.716  -18.410  41.375 0.0000000000
45694  -36.327  -17.051  41.057 0.0000000000
46626  -36.081  -16.929  39.733 0.0000000000
46598  -36.437  -16.463  41.448 0.0000000000
47532  -36.518  -15.694  41.130 0.0000000000
48394  -36.561  -14.739  40.889 0.0000000000
47571  -35.766  -15.661  38.187 0.0000000000
47572  -36.009  -14.944  38.713 0.0000000000
49235  -36.571  -13.972  40.299 0.0000000000
50076  -37.303  -12.166  39.546 0.0000000000
118080  -37.416  -12.103  40.356 0.0000000000
42091  -20.598  -21.301  41.820 0.0000000000
42079  -21.195  -21.310  42.412 0.0000000000
42069  -22.450  -21.433  42.969 0.0000000000
119980  -22.079  -21.494  43.511 0.0000000000
114798  -23.406  -22.098  44.956 0.0000000000
56303  -46.615  -5.781  35.817 0.0000000000
117815  -47.023  -5.500  34.219 0.0000000000
57229  -48.536  -4.650  34.620 0.0000000000
55500  -45.803  -5.848  30.326 0.0000000000
56358  -47.405  -5.181  31.742 0.0000000000
56374  -47.545  -5.531  30.789 0.0000000000
125293  -48.690  -4.725  32.502 0.0000000000
57247  -49.675  -4.257  33.488 0.0000000000
57275  -51.421  -4.822  31.716 0.0000000000
56461  -51.030  -5.235  21.933 0.0000000000
121660  -51.200  -5.580  22.520 0.0000000000
57356  -52.982  -4.065  22.134 0.0000000000
57343  -53.374  -4.281  22.904 0.0000000000
57327  -53.758  -4.414  23.497 0.0000000000
59045  -54.579  -2.657  21.377 0.0000000000
59035  -54.787  -2.827  22.273 0.0000000000
58195  -55.045  -2.996  23.161 0.0000000000
58178  -55.406  -3.254  23.948 0.0000000000
36394  -9.337  -27.775  52.980 0.0000000000
52964  -42.865  -9.870  23.971 0.0000000000
52948  -43.571  -9.679  23.997 0.0000000000
111429  -44.093  -9.635  23.583 0.0000000000
52966  -44.607  -9.520  23.089 0.0000000000
52967  -45.258  -9.227  23.225 0.0000000000
53848  -45.778  -8.919  22.798 0.0000000000
53849  -46.567  -8.423  22.578 0.0000000000
53864  -45.258  -8.502  21.389 0.0000000000
53850  -47.208  -7.955  22.410 0.0000000000
54751  -47.788  -7.479  22.241 0.0000000000
54752  -48.377  -7.027  22.131 0.0000000000
54766  -47.095  -6.930  21.063 0.0000000000
55605  -48.913  -6.664  22.087 0.0000000000
55622  -49.210  -6.186  21.733 0.0000000000
56459  -49.531  -5.624  21.327 0.0000000000
57354  -50.734  -4.853  21.244 0.0000000000
125711  -50.507  -4.556  20.679 0.0000000000
107932  -49.893  -3.653  19.393 0.0000000000
58212  -51.288  -3.807  20.221 0.0000000000
58226  -52.152  -2.935  19.740 0.0000000000
59063  -52.491  -2.321  19.398 0.0000000000
59089  -49.548  -1.895  18.053 0.0000000000
59947  -50.239  -1.372  18.017 0.0000000000
124522  -51.201  -2.087  18.782 0.0000000000
59917  -53.442  -1.336  19.204 0.0000000000
60753  -53.950  -0.716  19.124 0.0000000000
60767  -53.497  -0.002  18.676 0.0000000000
61528  -54.355  1.197  18.610 0.0000000000
61529  -54.802  1.956  18.624 0.0000000000
62361  -53.775  2.130  16.477 0.0000000000
63299  -53.564  2.042  15.038 0.0000000000
63311  -53.429  2.377  14.557 0.0000000000
64218  -53.201  2.954  14.036 0.0000000000
39025  -16.147  -24.279  49.315 0.0000000000
109856  -15.521  -24.664  49.735 0.0000000000
39010  -14.960  -24.943  50.246 0.0000000000
40024  -16.191  -23.222  54.384 0.0000000000
38992  -15.395  -23.848  53.764 0.0000000000
38986  -14.723  -24.194  54.541 0.0000000000
38082  -13.798  -25.762  50.651 0.0000000000
124953  -13.405  -25.954  51.274 0.0000000000
38081  -12.828  -26.276  51.646 0.0000000000
37240  -12.141  -26.587  52.189 0.0000000000
106988  -9.702  -27.920  53.907 0.0000000000
35541  -10.004  -28.235  54.634 0.0000000000
35534  -10.509  -28.583  55.002 0.0000000000
36384  -11.099  -27.873  55.299 0.0000000000
56264  -45.807  -5.380  39.057 0.0000000000
56275  -45.937  -5.715  38.004 0.0000000000
52744  -40.089  -8.874  40.322 0.0000000000
52770  -40.258  -9.061  38.746 0.0000000000
53652  -40.808  -8.688  36.522 0.0000000000
54534  -41.966  -7.374  38.082 0.0000000000
54535  -42.879  -6.916  38.242 0.0000000000
55419  -43.788  -6.697  37.962 0.0000000000
54563  -43.153  -7.206  36.664 0.0000000000
55430  -43.963  -6.879  36.967 0.0000000000
119623  -44.832  -6.658  36.758 0.0000000000
109254  -45.650  -6.342  35.850 0.0000000000
55457  -45.249  -6.449  34.490 0.0000000000
55468  -45.074  -6.320  33.617 0.0000000000
55467  -44.340  -6.629  33.561 0.0000000000
54623  -42.210  -7.211  31.577 0.0000000000
107268  -41.629  -7.112  30.008 0.0000000000
55497  -42.881  -6.577  30.720 0.0000000000
55498  -43.556  -6.312  30.357 0.0000000000
125317  -44.222  -6.112  30.388 0.0000000000
55533  -43.385  -6.791  28.893 0.0000000000
118560  -43.493  -7.355  27.987 0.0000000000
109515  -43.043  -8.397  26.307 0.0000000000
53773  -38.461  -9.116  26.652 0.0000000000
104569  -38.053  -9.494  25.206 0.0000000000
122996  -38.964  -9.009  26.044 0.0000000000
53795  -39.452  -8.768  26.404 0.0000000000
52927  -40.822  -9.222  25.402 0.0000000000
52050  -39.600  -10.202  24.219 0.0000000000
52947  -42.355  -9.635  24.583 0.0000000000
40079  -25.435  -22.999  46.664 0.0000000000
40080  -26.232  -23.350  46.952 0.0000000000
40143  -26.569  -23.836  39.407 0.0000000000
38201  -28.923  -25.148  41.401 0.0000000000
38202  -29.738  -25.332  41.902 0.0000000000
41305  -29.349  -21.703  35.861 0.0000000000
42147  -29.939  -21.579  36.244 0.0000000000
42116  -31.528  -21.762  39.037 0.0000000000
41241  -30.968  -22.073  38.706 0.0000000000
40160  -30.116  -22.885  38.908 0.0000000000
39135  -30.866  -24.140  41.011 0.0000000000
38195  -31.261  -25.443  42.993 0.0000000000
38184  -32.036  -25.503  43.796 0.0000000000
114071  -33.906  -22.919  44.891 0.0000000000
39078  -15.278  -24.384  44.944 0.0000000000
40076  -16.472  -24.071  46.426 0.0000000000
41180  -18.934  -22.380  43.137 0.0000000000
40100  -17.075  -23.659  44.644 0.0000000000
40061  -18.347  -23.059  48.453 0.0000000000
106856  -22.225  -22.249  49.675 0.0000000000
53781  -46.351  -8.181  25.808 0.0000000000
54667  -47.655  -7.401  27.519 0.0000000000
54650  -48.843  -7.176  28.103 0.0000000000
53823  -48.238  -8.125  24.356 0.0000000000
108366  -49.631  -7.770  26.538 0.0000000000
54669  -49.277  -7.538  27.368 0.0000000000
118769  -50.081  -6.770  28.960 0.0000000000
55502  -51.189  -6.171  29.804 0.0000000000
55503  -52.000  -6.012  29.917 0.0000000000
55522  -52.417  -6.406  29.470 0.0000000000
56391  -52.885  -5.896  30.017 0.0000000000
56441  -51.611  -5.750  23.063 0.0000000000
55598  -52.063  -6.044  23.739 0.0000000000
55588  -52.545  -6.398  24.397 0.0000000000
55589  -53.340  -6.024  24.543 0.0000000000
55571  -53.039  -6.754  25.093 0.0000000000
54712  -53.511  -7.278  25.933 0.0000000000
54691  -53.801  -7.496  26.720 0.0000000000
54674  -54.500  -7.446  27.290 0.0000000000
54656  -54.984  -7.217  28.082 0.0000000000
63264  -55.288  2.619  18.848 0.0000000000
64178  -55.908  4.119  18.637 0.0000000000
123245  -55.421  3.692  17.869 0.0000000000
65906  -57.829  5.747  18.377 0.0000000000
63303  -57.005  2.619  15.301 0.0000000000
65907  -58.595  6.204  18.252 0.0000000000
65908  -59.649  6.884  18.067 0.0000000000
66823  -60.362  7.146  17.457 0.0000000000
66824  -61.167  7.409  17.285 0.0000000000
125295  -61.535  7.630  15.666 0.0000000000
123316  -62.463  8.474  11.014 0.0000000000
37228  -12.938  -26.324  55.693 0.0000000000
38063  -13.575  -25.651  55.677 0.0000000000
55445  -45.440  -6.452  35.225 0.0000000000
56392  -54.364  -5.817  29.945 0.0000000000
64220  -58.550  3.223  14.847 0.0000000000
109200  -52.246  -7.661  26.632 0.0000000000
120080  -49.085  -4.525  32.849 0.0000000000
124960  -46.463  -7.215  27.899 0.0000000000
125915  -23.859  -22.304  45.212 0.0000000000
126305  -51.632  -3.954  20.621 0.0000000000
