#!ascii label  , from subject sub-v2s7x29796_ses-1 vox2ras=TkReg
1469
78490  -20.123  -2.717  -42.614 0.5555555820
78509  -21.589  -2.541  -43.569 0.6666666865
79588  -22.963  -1.809  -44.352 0.7777777910
79589  -23.843  -1.704  -44.437 0.7777777910
81851  -25.198  0.396  -44.787 0.8888888955
158899  -27.652  0.129  -44.880 0.8888888955
78476  -18.894  -2.394  -41.405 0.5555555820
78507  -19.653  -1.988  -42.752 0.5555555820
80698  -21.478  -0.920  -43.923 0.6666666865
80710  -21.756  -0.465  -44.396 0.8888888955
79590  -24.736  -1.338  -44.435 0.8888888955
81852  -26.076  0.296  -44.870 0.8888888955
82945  -28.418  0.962  -45.934 1.0000000000
81855  -28.788  0.295  -45.764 0.8888888955
81884  -29.593  0.144  -47.095 1.0000000000
81840  -20.359  -0.043  -43.808 0.7777777910
82941  -23.018  1.561  -45.157 1.0000000000
84004  -23.565  2.262  -45.597 1.0000000000
82943  -24.909  1.629  -45.351 1.0000000000
84019  -26.367  2.525  -46.254 1.0000000000
84005  -24.435  2.181  -45.679 1.0000000000
158008  -27.237  2.598  -46.199 1.0000000000
85091  -26.326  3.359  -46.448 1.0000000000
85093  -27.875  3.125  -46.081 1.0000000000
84007  -28.603  2.704  -45.857 1.0000000000
156699  -30.328  1.690  -47.101 1.0000000000
164169  -28.282  3.516  -45.916 1.0000000000
84008  -29.373  2.504  -45.914 1.0000000000
84023  -31.083  1.965  -47.234 1.0000000000
85077  -30.918  3.400  -45.876 1.0000000000
85078  -31.833  3.666  -46.045 0.7777777910
85088  -22.875  3.691  -46.416 0.8888888955
84017  -24.063  2.847  -46.102 1.0000000000
85092  -27.173  3.714  -46.409 1.0000000000
86186  -24.434  4.134  -46.719 1.0000000000
86188  -27.295  4.623  -46.593 1.0000000000
87185  -28.482  5.078  -45.847 1.0000000000
153018  -29.737  4.624  -45.490 1.0000000000
86172  -30.584  4.468  -45.509 1.0000000000
86173  -31.589  4.408  -45.661 1.0000000000
85095  -32.513  3.339  -46.556 0.8888888955
87189  -32.204  5.150  -45.712 1.0000000000
154708  -33.087  4.275  -46.530 0.7777777910
85100  -33.429  3.452  -47.044 0.7777777910
87198  -22.040  5.252  -47.010 0.5555555820
153956  -24.327  7.097  -47.604 0.7777777910
87212  -25.162  5.686  -47.243 0.8888888955
87200  -27.536  5.428  -46.761 1.0000000000
86189  -27.965  4.846  -46.266 1.0000000000
87214  -27.050  6.002  -47.141 0.8888888955
88223  -27.829  6.162  -46.953 1.0000000000
88211  -28.723  5.920  -45.923 1.0000000000
88213  -30.522  6.294  -45.418 1.0000000000
88215  -32.098  6.050  -45.596 0.8888888955
89312  -31.852  6.921  -45.700 1.0000000000
88226  -32.542  6.516  -46.178 0.8888888955
87220  -33.739  5.957  -48.340 0.7777777910
86200  -34.389  4.450  -48.231 0.6666666865
87221  -34.269  5.177  -48.759 0.6666666865
166725  -20.533  7.607  -47.704 0.4444444478
89334  -22.845  7.245  -47.683 0.7777777910
89352  -22.455  8.021  -47.907 0.6666666865
89336  -24.968  7.624  -47.626 0.7777777910
89337  -25.811  7.450  -47.539 0.8888888955
88241  -28.117  6.880  -47.102 0.8888888955
88225  -29.119  6.718  -46.146 1.0000000000
89340  -28.370  7.682  -47.171 1.0000000000
89321  -29.551  7.505  -46.343 1.0000000000
89323  -31.447  7.714  -45.963 1.0000000000
89342  -31.851  8.120  -46.649 0.8888888955
89343  -32.517  7.611  -47.181 0.7777777910
88247  -32.960  7.089  -47.647 0.7777777910
86205  -34.792  4.232  -49.366 0.5555555820
144786  -33.443  6.418  -49.253 0.7777777910
87224  -33.652  5.818  -50.152 0.6666666865
167520  -21.838  9.390  -48.376 0.6666666865
90371  -21.361  8.907  -48.231 0.6666666865
90356  -24.617  8.438  -47.836 0.7777777910
146102  -22.518  9.395  -48.294 0.7777777910
90357  -25.489  8.295  -47.723 0.8888888955
90359  -27.746  8.351  -47.448 0.8888888955
91360  -26.089  8.894  -47.745 1.0000000000
90360  -28.682  8.527  -47.285 1.0000000000
155267  -29.574  8.767  -47.078 1.0000000000
90346  -30.054  8.270  -46.563 0.8888888955
90362  -31.466  8.811  -47.049 0.8888888955
89354  -32.771  7.671  -48.210 0.8888888955
149881  -31.038  9.497  -47.394 0.8888888955
90377  -32.432  8.546  -48.407 0.7777777910
145354  -32.705  7.962  -49.174 0.7777777910
88253  -33.050  6.736  -50.173 0.7777777910
87230  -33.602  5.399  -51.190 0.6666666865
91372  -20.387  10.184  -48.468 0.6666666865
91371  -19.712  9.869  -48.102 0.5555555820
91373  -21.192  9.807  -48.510 0.7777777910
91375  -23.349  9.297  -48.175 0.8888888955
90375  -25.170  9.187  -47.991 0.8888888955
167542  -25.988  9.673  -47.962 1.0000000000
165890  -27.406  9.106  -47.638 1.0000000000
91364  -30.053  9.517  -47.340 1.0000000000
90361  -30.555  8.928  -46.892 0.8888888955
90384  -32.487  8.763  -49.193 0.7777777910
148172  -32.450  9.101  -49.814 0.7777777910
89366  -32.576  7.300  -50.648 0.6666666865
88266  -32.294  6.119  -51.880 0.5555555820
88267  -32.956  5.768  -51.561 0.5555555820
171465  -21.415  10.335  -48.609 0.7777777910
92327  -20.367  10.985  -48.631 0.6666666865
91374  -21.954  10.086  -48.553 0.8888888955
91377  -25.273  10.017  -48.265 1.0000000000
172501  -26.638  10.039  -47.984 1.0000000000
92314  -29.523  10.145  -47.730 0.8888888955
92315  -30.587  10.200  -47.835 0.8888888955
92337  -30.736  10.818  -48.334 0.8888888955
91365  -31.368  9.861  -47.977 0.8888888955
91390  -32.329  9.869  -49.967 0.7777777910
91396  -31.805  9.347  -51.512 0.7777777910
91397  -32.283  8.981  -50.754 0.7777777910
89373  -32.147  6.953  -51.448 0.5555555820
93387  -31.571  11.389  -49.588 0.7777777910
153039  -31.235  7.668  -52.414 0.5555555820
88274  -31.201  5.915  -53.035 0.5555555820
151292  -31.379  8.788  -52.244 0.6666666865
95319  -16.722  13.615  -46.711 0.4444444478
172943  -18.683  12.147  -47.988 0.5555555820
146584  -19.971  12.261  -48.663 0.7777777910
92330  -23.745  10.742  -48.445 1.0000000000
93371  -21.046  11.339  -48.758 0.8888888955
92332  -25.309  10.752  -48.436 1.0000000000
92334  -26.932  10.776  -48.164 0.8888888955
93376  -26.066  11.207  -48.423 0.8888888955
92335  -28.994  10.809  -48.003 0.8888888955
93379  -29.519  11.532  -48.359 0.8888888955
93381  -31.261  11.119  -48.854 0.8888888955
165615  -31.722  10.140  -51.478 0.6666666865
89378  -30.529  6.891  -53.088 0.5555555820
96268  -17.777  14.737  -48.218 0.6666666865
154606  -17.735  14.005  -47.968 0.6666666865
147363  -20.267  13.151  -48.736 0.7777777910
145957  -23.773  11.769  -48.422 0.8888888955
148109  -22.262  12.597  -48.574 0.7777777910
145956  -24.876  12.063  -48.459 0.7777777910
171345  -26.762  11.620  -48.393 0.8888888955
94362  -27.195  12.367  -48.448 0.7777777910
93378  -28.530  11.512  -48.242 0.8888888955
146101  -28.129  12.233  -48.402 0.7777777910
94365  -30.104  12.299  -48.850 0.7777777910
93391  -31.635  11.557  -50.442 0.6666666865
95354  -30.299  13.261  -49.849 0.6666666865
94380  -31.219  12.246  -50.799 0.6666666865
93396  -31.376  11.504  -51.394 0.6666666865
92353  -31.794  10.830  -51.028 0.5555555820
93412  -30.402  11.534  -53.187 0.6666666865
93403  -30.932  11.312  -52.453 0.5555555820
91411  -30.450  9.450  -53.333 0.5555555820
90400  -30.726  8.214  -53.004 0.4444444478
91410  -29.488  8.982  -53.871 0.5555555820
99979  -15.371  17.965  -43.437 0.3333333433
98108  -16.068  16.825  -45.830 0.3333333433
97210  -18.594  15.468  -48.880 0.5555555820
97209  -18.032  15.269  -48.571 0.6666666865
98142  -18.019  16.087  -48.682 0.5555555820
151916  -20.075  14.227  -48.842 0.7777777910
95342  -21.910  13.548  -48.515 0.7777777910
95344  -23.920  13.497  -48.340 0.6666666865
95345  -25.168  13.017  -48.424 0.6666666865
169743  -24.534  13.247  -48.374 0.6666666865
94361  -26.676  12.883  -48.497 0.6666666865
95352  -28.770  13.626  -49.147 0.6666666865
164066  -29.809  13.833  -50.165 0.6666666865
166855  -30.446  12.297  -52.680 0.6666666865
92368  -29.756  10.163  -53.887 0.5555555820
146122  -28.754  9.661  -54.301 0.5555555820
93411  -29.864  11.201  -53.772 0.6666666865
99033  -16.181  17.892  -45.683 0.4444444478
99050  -16.962  16.972  -47.329 0.4444444478
99051  -17.611  17.568  -47.936 0.5555555820
97211  -19.305  15.719  -49.021 0.5555555820
96270  -20.762  14.988  -48.554 0.6666666865
167840  -22.474  14.123  -48.323 0.6666666865
96272  -23.295  14.236  -48.280 0.6666666865
95347  -26.762  13.463  -48.500 0.6666666865
96277  -27.922  13.913  -48.934 0.6666666865
95360  -29.824  13.916  -51.003 0.6666666865
94399  -29.883  12.952  -53.211 0.6666666865
93420  -29.242  11.783  -54.223 0.5555555820
92375  -29.025  10.778  -54.331 0.6666666865
99040  -17.166  18.049  -47.086 0.4444444478
145074  -21.671  15.285  -48.150 0.6666666865
96273  -24.212  14.380  -48.318 0.6666666865
96274  -25.159  14.554  -48.247 0.6666666865
95346  -25.630  13.883  -48.308 0.6666666865
95368  -29.769  13.863  -51.906 0.6666666865
159411  -23.595  -0.195  -44.625 0.8888888955
81848  -22.010  0.054  -44.738 1.0000000000
82942  -24.031  1.622  -45.099 1.0000000000
159526  -25.655  1.527  -45.603 1.0000000000
82958  -28.831  1.164  -46.147 1.0000000000
89350  -20.882  8.243  -47.965 0.5555555820
90347  -31.004  8.383  -46.389 0.8888888955
92326  -18.934  11.263  -47.965 0.5555555820
96247  -16.424  14.381  -46.394 0.5555555820
92328  -21.563  10.740  -48.678 0.7777777910
92333  -26.034  10.406  -48.212 1.0000000000
91384  -31.869  10.446  -49.217 0.8888888955
96228  -15.856  14.646  -45.027 0.2222222239
91404  -31.440  9.757  -52.100 0.6666666865
148108  -23.357  12.685  -48.408 0.7777777910
164266  -30.006  8.316  -53.539 0.4444444478
98143  -18.731  16.523  -48.931 0.6666666865
97215  -23.591  15.076  -48.215 0.6666666865
90353  -19.617  9.005  -47.703 0.4444444478
164806  -19.209  10.398  -47.932 0.4444444478
91419  -27.420  9.103  -54.329 0.5555555820
90414  -26.980  7.648  -53.914 0.5555555820
99983  -15.661  18.390  -44.055 0.2222222239
99017  -16.016  18.451  -45.179 0.3333333433
92374  -27.867  10.309  -54.638 0.5555555820
77451  -19.582  -3.325  -41.601 0.5555555820
76255  -20.956  -4.222  -42.226 0.5555555820
77482  -21.042  -3.248  -43.069 0.6666666865
78510  -22.977  -2.944  -44.175 0.5555555820
78511  -23.527  -3.497  -44.031 0.5555555820
79593  -27.218  -1.241  -44.107 0.7777777910
80699  -27.795  -0.685  -44.320 0.8888888955
77437  -18.763  -3.439  -40.692 0.5555555820
78526  -24.322  -2.315  -44.261 0.6666666865
79591  -25.694  -1.275  -44.324 0.8888888955
80718  -29.148  -0.129  -44.852 0.7777777910
81856  -29.420  -0.003  -46.018 0.7777777910
173090  -29.907  -0.106  -47.593 0.8888888955
78469  -17.813  -2.324  -40.233 0.4444444478
80684  -18.723  -1.020  -42.113 0.5555555820
145651  -29.926  0.605  -47.420 1.0000000000
81838  -18.359  0.619  -43.129 0.2222222239
81865  -20.924  0.615  -45.138 0.6666666865
82961  -31.335  1.220  -47.908 0.8888888955
82962  -32.328  1.505  -47.792 0.6666666865
84031  -33.808  2.578  -47.585 0.6666666865
84001  -20.551  2.337  -45.704 0.5555555820
84037  -34.630  2.659  -48.222 0.6666666865
85085  -20.651  3.786  -46.303 0.4444444478
159020  -34.818  3.548  -48.625 0.5555555820
86212  -35.501  3.438  -50.461 0.5555555820
87207  -19.826  6.391  -47.148 0.2222222239
86211  -34.904  4.181  -50.592 0.5555555820
90354  -20.128  8.223  -47.780 0.4444444478
87237  -34.199  4.511  -51.880 0.5555555820
93337  -17.235  11.469  -46.243 0.3333333433
86226  -34.215  4.218  -52.920 0.5555555820
95320  -17.134  12.990  -47.016 0.4444444478
87243  -32.702  4.777  -53.589 0.4444444478
96218  -15.801  14.325  -44.685 0.3333333433
88282  -30.832  5.427  -53.806 0.5555555820
89385  -29.669  6.268  -53.543 0.4444444478
99016  -15.547  17.322  -44.289 0.3333333433
99007  -15.313  16.968  -43.527 0.3333333433
98107  -15.868  16.172  -45.334 0.4444444478
90405  -29.098  7.653  -53.735 0.4444444478
89394  -27.011  6.492  -53.872 0.4444444478
90412  -25.554  7.905  -54.443 0.2222222239
99999  -16.726  18.504  -46.166 0.3333333433
99061  -18.783  17.346  -48.682 0.6666666865
96285  -28.304  14.408  -49.460 0.6666666865
96293  -28.570  14.736  -50.122 0.6666666865
96309  -29.232  14.374  -52.333 0.6666666865
95388  -29.289  13.534  -53.640 0.6666666865
94411  -29.354  12.694  -53.986 0.6666666865
93419  -28.234  11.385  -54.701 0.6666666865
93418  -26.925  10.874  -55.017 0.4444444478
91418  -25.900  8.568  -54.210 0.3333333433
97213  -21.095  16.261  -48.266 0.5555555820
78488  -19.186  -2.134  -41.941 0.5555555820
78508  -20.527  -2.274  -43.130 0.6666666865
78477  -19.359  -2.655  -41.779 0.5555555820
77466  -20.596  -3.528  -42.498 0.6666666865
77483  -22.082  -3.677  -43.474 0.6666666865
165154  -21.753  -1.676  -43.850 0.6666666865
79574  -22.335  -2.239  -44.026 0.7777777910
78525  -23.645  -2.669  -44.280 0.7777777910
79587  -22.153  -1.279  -44.163 0.7777777910
80712  -23.290  -0.900  -44.524 0.8888888955
158888  -24.074  -0.761  -44.548 0.8888888955
81870  -25.922  0.972  -45.237 1.0000000000
81869  -24.560  0.968  -44.893 1.0000000000
80713  -24.750  -0.424  -44.584 0.8888888955
81868  -23.540  0.706  -44.779 1.0000000000
81872  -27.731  0.748  -45.534 1.0000000000
81853  -26.898  0.266  -44.910 0.8888888955
80716  -27.065  -0.536  -44.513 0.8888888955
77450  -19.035  -3.037  -41.216 0.5555555820
77436  -18.438  -2.836  -40.651 0.4444444478
79551  -18.406  -2.011  -40.951 0.4444444478
79557  -18.820  -1.740  -41.718 0.5555555820
79562  -19.149  -1.638  -42.380 0.5555555820
79563  -19.283  -1.289  -42.901 0.6666666865
79572  -20.043  -1.459  -43.233 0.6666666865
80709  -21.115  -0.227  -44.209 0.8888888955
154205  -20.634  -0.779  -43.640 0.5555555820
81849  -22.861  -0.070  -44.661 0.8888888955
80714  -25.446  -0.469  -44.576 0.8888888955
81871  -26.727  0.847  -45.395 1.0000000000
82946  -29.206  0.506  -46.476 1.0000000000
155045  -26.427  1.363  -45.772 1.0000000000
82957  -27.863  1.586  -45.869 1.0000000000
81875  -29.680  -0.133  -47.127 1.0000000000
82959  -29.421  0.844  -46.764 1.0000000000
80697  -18.862  -0.189  -43.159 0.5555555820
81839  -19.585  0.123  -43.576 0.6666666865
81847  -21.292  0.147  -44.800 0.8888888955
172680  -19.046  -0.800  -42.992 0.6666666865
81867  -22.458  0.728  -44.960 1.0000000000
81866  -21.540  0.685  -45.152 0.8888888955
82940  -21.988  1.455  -45.440 0.8888888955
84003  -22.608  2.278  -45.682 0.8888888955
84016  -23.214  2.984  -46.057 1.0000000000
84006  -25.197  2.097  -45.946 1.0000000000
84018  -25.510  2.861  -46.283 1.0000000000
82956  -26.850  1.816  -46.071 1.0000000000
84020  -28.271  2.093  -45.895 1.0000000000
159362  -24.649  3.370  -46.388 1.0000000000
85090  -25.391  3.941  -46.633 1.0000000000
82960  -30.549  0.886  -47.842 0.8888888955
84009  -30.162  2.485  -46.273 1.0000000000
86170  -28.361  4.221  -45.864 1.0000000000
147425  -27.845  4.034  -46.174 1.0000000000
85076  -29.788  3.578  -45.653 1.0000000000
85094  -31.562  2.875  -46.495 0.8888888955
86185  -23.335  4.300  -46.735 1.0000000000
86184  -22.468  4.394  -46.696 0.5555555820
84015  -22.334  3.054  -46.079 0.6666666865
85089  -23.781  3.658  -46.465 1.0000000000
85086  -21.349  3.619  -46.319 0.5555555820
168951  -25.610  4.564  -46.854 1.0000000000
86197  -23.951  4.789  -47.015 0.8888888955
87199  -26.695  5.259  -46.947 1.0000000000
87201  -28.172  5.640  -46.408 1.0000000000
87186  -29.196  5.283  -45.565 1.0000000000
87187  -30.123  5.389  -45.421 1.0000000000
87188  -31.264  5.461  -45.410 1.0000000000
87202  -32.714  5.664  -46.130 0.8888888955
86199  -33.780  4.544  -47.291 0.7777777910
85101  -34.209  3.561  -47.727 0.6666666865
87197  -21.008  5.264  -46.908 0.5555555820
86183  -21.426  4.372  -46.607 0.5555555820
87209  -21.463  5.841  -47.233 0.6666666865
87210  -23.578  5.714  -47.338 0.6666666865
86196  -23.012  5.033  -47.032 0.7777777910
87211  -24.418  5.418  -47.233 0.7777777910
88236  -23.605  6.687  -47.571 0.7777777910
89335  -23.615  7.557  -47.732 0.6666666865
88237  -24.401  6.193  -47.430 0.8888888955
155291  -26.109  6.788  -47.394 0.8888888955
88240  -27.328  6.704  -47.255 0.8888888955
88224  -28.473  6.399  -46.585 1.0000000000
89310  -29.967  7.003  -45.689 1.0000000000
89324  -32.239  7.358  -46.336 0.8888888955
88242  -32.832  6.863  -46.913 0.8888888955
87215  -33.607  5.597  -47.391 0.7777777910
87216  -34.087  5.214  -47.940 0.7777777910
153071  -33.906  5.750  -49.239 0.6666666865
86206  -35.296  3.336  -49.520 0.5555555820
87225  -34.334  5.086  -49.766 0.6666666865
89333  -21.990  7.367  -47.705 0.5555555820
89331  -19.941  7.362  -47.477 0.3333333433
88233  -20.588  6.883  -47.512 0.3333333433
88234  -21.465  6.613  -47.504 0.4444444478
88235  -22.867  6.346  -47.482 0.6666666865
90373  -22.881  8.652  -48.029 0.6666666865
158564  -24.233  7.837  -47.731 0.7777777910
155875  -27.033  7.942  -47.504 0.8888888955
89320  -28.813  7.165  -46.753 1.0000000000
89341  -29.157  7.963  -46.908 1.0000000000
89355  -33.023  7.187  -49.203 0.7777777910
87231  -34.264  4.879  -50.826 0.5555555820
90374  -24.210  9.172  -48.116 0.8888888955
91362  -28.146  9.217  -47.555 1.0000000000
90390  -32.569  8.209  -50.110 0.7777777910
89362  -32.801  7.469  -49.874 0.7777777910
88259  -33.166  6.123  -50.821 0.6666666865
91359  -19.075  9.710  -47.604 0.4444444478
91376  -23.892  9.912  -48.320 0.8888888955
92312  -27.476  9.913  -47.820 1.0000000000
92313  -28.516  10.033  -47.751 0.8888888955
91385  -32.247  9.551  -49.196 0.7777777910
90395  -32.221  7.862  -51.110 0.6666666865
88275  -31.998  5.612  -52.798 0.5555555820
87235  -32.792  5.261  -52.512 0.5555555820
93358  -18.195  11.848  -47.534 0.5555555820
93369  -19.763  11.493  -48.490 0.6666666865
170562  -22.200  10.694  -48.619 0.8888888955
151647  -27.988  10.760  -48.007 1.0000000000
92316  -31.318  10.403  -48.421 0.8888888955
91389  -32.095  10.026  -50.835 0.8888888955
89372  -31.681  7.322  -51.902 0.6666666865
93386  -31.021  11.915  -49.170 0.8888888955
89379  -31.091  6.711  -52.647 0.5555555820
95333  -17.678  13.199  -47.594 0.5555555820
93373  -22.783  11.177  -48.543 1.0000000000
145948  -20.724  12.194  -48.724 0.7777777910
95334  -18.273  13.457  -48.181 0.7777777910
145958  -22.205  11.766  -48.659 0.7777777910
89386  -30.425  6.113  -53.272 0.5555555820
157175  -16.009  15.975  -45.829 0.5555555820
96262  -17.346  14.562  -47.687 0.5555555820
97200  -17.497  15.470  -48.081 0.4444444478
95340  -18.929  13.667  -48.665 0.6666666865
164883  -19.577  13.732  -48.783 0.6666666865
94359  -19.465  12.967  -48.622 0.7777777910
95332  -17.209  13.768  -47.350 0.7777777910
96261  -16.851  14.385  -47.085 0.6666666865
168539  -22.859  11.975  -48.499 0.7777777910
170778  -27.870  12.814  -48.550 0.6666666865
94372  -31.322  12.204  -49.891 0.6666666865
163766  -30.044  12.960  -49.314 0.6666666865
95361  -30.326  13.383  -50.615 0.6666666865
93395  -30.895  12.174  -51.765 0.6666666865
92361  -31.057  10.208  -52.700 0.5555555820
90406  -29.811  7.153  -53.426 0.4444444478
91420  -28.365  8.341  -54.086 0.5555555820
98119  -16.411  16.216  -46.558 0.4444444478
98128  -17.476  16.556  -48.113 0.5555555820
95343  -22.899  13.451  -48.382 0.7777777910
95378  -30.135  13.177  -52.357 0.6666666865
94400  -29.946  12.106  -53.554 0.6666666865
98129  -18.093  17.072  -48.607 0.5555555820
98144  -19.464  16.618  -48.877 0.6666666865
96276  -27.172  14.035  -48.638 0.6666666865
96294  -29.250  14.329  -50.546 0.6666666865
96298  -29.284  14.402  -51.432 0.6666666865
93357  -17.633  11.609  -46.946 0.4444444478
97154  -15.797  15.171  -44.911 0.3333333433
91358  -18.481  9.702  -47.064 0.4444444478
92310  -18.176  11.033  -47.255 0.4444444478
90413  -26.174  7.239  -54.076 0.3333333433
92372  -25.286  9.564  -54.798 0.3333333433
77452  -20.212  -3.692  -41.942 0.5555555820
153941  -17.786  -3.061  -39.863 0.4444444478
77427  -18.283  -3.612  -40.128 0.5555555820
81885  -30.236  -0.028  -48.048 0.7777777910
78460  -17.276  -2.521  -39.543 0.3333333433
79556  -18.270  -1.181  -41.264 0.4444444478
84025  -32.950  2.482  -47.203 0.6666666865
82939  -20.948  1.359  -45.462 0.7777777910
87208  -20.712  6.045  -47.256 0.3333333433
87195  -19.363  5.663  -46.663 0.1111111119
89319  -19.262  7.227  -46.991 0.1111111119
92303  -18.178  10.345  -46.956 0.4444444478
143589  -16.720  12.835  -46.364 0.3333333433
98092  -15.448  16.248  -43.993 0.3333333433
94410  -28.544  12.364  -54.572 0.6666666865
77442  -25.417  -2.951  -40.690 0.4444444478
74973  -27.201  -5.514  -39.762 0.2222222239
76239  -21.158  -4.576  -41.608 0.4444444478
76240  -21.953  -4.456  -41.564 0.4444444478
76257  -22.327  -4.463  -42.603 0.4444444478
76258  -23.204  -4.273  -42.866 0.4444444478
77455  -24.782  -2.842  -41.337 0.4444444478
78470  -26.381  -2.804  -41.163 0.4444444478
77444  -27.710  -3.810  -40.935 0.2222222239
168511  -23.847  -3.648  -43.842 0.4444444478
78491  -25.352  -2.615  -42.913 0.4444444478
78492  -26.225  -2.438  -42.775 0.4444444478
76242  -29.060  -3.978  -41.531 0.1111111119
74995  -29.863  -5.077  -42.344 0.1111111119
78482  -28.721  -2.723  -42.010 0.3333333433
152037  -24.669  -2.612  -43.993 0.4444444478
78512  -25.494  -2.400  -43.533 0.4444444478
78493  -27.151  -2.469  -42.825 0.3333333433
79564  -28.745  -2.276  -42.954 0.3333333433
77458  -29.373  -3.355  -41.941 0.2222222239
78514  -27.386  -2.279  -43.272 0.4444444478
78515  -28.107  -2.313  -43.188 0.3333333433
78527  -25.151  -2.011  -44.131 0.5555555820
79575  -26.047  -1.854  -43.875 0.4444444478
79566  -30.356  -2.011  -43.038 0.2222222239
79567  -31.167  -2.209  -43.103 0.1111111119
78517  -32.782  -2.191  -43.440 0.1111111119
79579  -30.053  -1.311  -43.506 0.3333333433
80702  -30.546  -0.691  -44.084 0.3333333433
146158  -30.023  -0.270  -44.888 0.4444444478
80725  -30.347  -0.331  -46.036 0.5555555820
80726  -31.014  -0.813  -46.924 0.6666666865
80728  -32.776  -1.207  -46.346 0.4444444478
80737  -30.948  -0.952  -47.889 0.6666666865
79611  -33.853  -1.763  -47.882 0.3333333433
81886  -30.801  -0.532  -48.162 0.6666666865
80749  -33.002  -1.159  -48.280 0.5555555820
81896  -30.836  0.171  -48.345 0.6666666865
81899  -32.926  -0.261  -48.667 0.5555555820
80758  -33.487  -0.815  -48.658 0.5555555820
79619  -34.264  -1.514  -48.503 0.4444444478
81905  -34.024  -0.257  -48.926 0.3333333433
82969  -31.602  0.398  -48.389 0.5555555820
82978  -35.801  0.712  -49.438 0.4444444478
84038  -35.183  1.723  -48.809 0.5555555820
82977  -34.732  0.709  -48.738 0.4444444478
85105  -35.358  2.640  -49.140 0.4444444478
96283  -26.837  14.776  -48.467 0.5555555820
97216  -24.543  15.229  -48.289 0.5555555820
96297  -28.687  14.836  -50.984 0.5555555820
168400  -28.695  14.833  -51.867 0.5555555820
96321  -29.054  14.269  -53.215 0.5555555820
95397  -27.966  13.720  -54.617 0.5555555820
77440  -23.677  -3.200  -40.331 0.4444444478
76224  -26.506  -4.140  -40.241 0.2222222239
77467  -21.644  -4.155  -42.836 0.4444444478
78496  -30.613  -2.735  -42.777 0.2222222239
77471  -30.822  -3.501  -42.622 0.1111111119
80703  -31.520  -0.781  -44.154 0.4444444478
79582  -32.627  -1.309  -44.076 0.3333333433
155864  -30.796  -0.429  -44.805 0.4444444478
80738  -31.711  -1.142  -47.434 0.6666666865
80739  -32.675  -1.401  -47.734 0.4444444478
81906  -35.256  -0.251  -49.232 0.3333333433
84045  -36.139  1.694  -49.918 0.4444444478
86220  -35.703  3.460  -51.541 0.4444444478
97233  -28.041  15.340  -50.567 0.5555555820
97225  -27.460  16.136  -49.182 0.5555555820
77485  -23.375  -3.991  -43.584 0.4444444478
79595  -33.576  -1.752  -45.533 0.2222222239
149191  -28.009  12.903  -54.786 0.5555555820
74970  -21.074  -5.004  -39.538 0.4444444478
76201  -22.599  -3.988  -38.982 0.4444444478
76202  -23.513  -3.619  -38.955 0.4444444478
146573  -26.149  -4.527  -39.636 0.2222222239
74972  -26.513  -5.334  -39.428 0.2222222239
73793  -27.568  -6.142  -39.496 0.1111111119
76219  -19.644  -4.557  -40.625 0.4444444478
74979  -20.400  -4.995  -40.245 0.4444444478
76226  -27.899  -4.789  -40.621 0.1111111119
150229  -29.249  -4.843  -41.604 0.1111111119
74974  -27.966  -5.642  -40.245 0.1111111119
156590  -29.684  -5.829  -42.624 0.1111111119
143006  -31.813  -4.252  -42.528 0.1111111119
78499  -33.283  -2.856  -43.183 0.1111111119
163087  -33.643  -2.649  -43.595 0.1111111119
79603  -34.714  -3.014  -46.154 0.2222222239
155667  -34.887  -2.338  -48.149 0.1111111119
79631  -35.286  -1.705  -48.821 0.2222222239
80760  -35.923  -1.006  -49.264 0.2222222239
81907  -36.373  0.052  -49.555 0.3333333433
85111  -36.000  2.561  -50.371 0.4444444478
85117  -36.422  2.922  -51.263 0.3333333433
85123  -36.557  3.484  -51.856 0.3333333433
86219  -34.956  4.014  -51.705 0.4444444478
86228  -35.764  3.694  -52.355 0.3333333433
97169  -16.218  15.250  -46.113 0.4444444478
87242  -31.744  5.123  -53.743 0.4444444478
89395  -27.936  6.072  -53.891 0.3333333433
99052  -18.330  17.903  -48.228 0.4444444478
94409  -27.408  12.031  -55.057 0.5555555820
97202  -23.050  15.817  -47.875 0.5555555820
98145  -23.941  15.925  -48.286 0.5555555820
172973  -28.129  15.130  -52.248 0.5555555820
96307  -27.921  15.147  -52.987 0.5555555820
96333  -28.091  14.425  -54.205 0.5555555820
98147  -26.141  16.329  -48.045 0.5555555820
76237  -19.899  -4.060  -41.387 0.4444444478
76238  -20.525  -4.263  -41.685 0.4444444478
76256  -21.624  -4.516  -42.247 0.4444444478
79576  -26.914  -1.794  -43.729 0.5555555820
80700  -28.668  -0.859  -44.054 0.6666666865
149427  -32.559  0.564  -48.364 0.5555555820
154588  -33.294  1.622  -47.842 0.5555555820
82970  -34.258  1.684  -48.131 0.4444444478
86227  -34.951  3.952  -52.616 0.4444444478
90415  -27.959  6.913  -53.823 0.3333333433
77468  -22.684  -4.251  -43.269 0.4444444478
167147  -29.287  -1.310  -43.572 0.3333333433
79577  -27.804  -1.629  -43.704 0.3333333433
152000  -24.115  -3.132  -41.043 0.4444444478
152623  -26.190  -3.364  -40.550 0.4444444478
76223  -25.759  -3.683  -40.006 0.3333333433
77430  -24.831  -3.265  -39.772 0.4444444478
74980  -27.401  -5.094  -40.210 0.1111111119
76220  -20.453  -4.607  -41.093 0.4444444478
76221  -21.247  -4.667  -40.545 0.4444444478
163572  -22.674  -4.248  -42.063 0.4444444478
76222  -22.261  -4.074  -39.988 0.4444444478
77439  -22.834  -3.835  -40.797 0.4444444478
77469  -23.880  -3.724  -43.294 0.4444444478
77453  -23.431  -3.640  -41.518 0.4444444478
77454  -24.029  -3.330  -42.106 0.4444444478
78478  -24.722  -2.913  -42.549 0.4444444478
78479  -25.724  -2.504  -41.774 0.4444444478
77443  -26.884  -3.557  -40.756 0.4444444478
77456  -27.345  -2.899  -41.375 0.4444444478
78480  -26.830  -2.358  -41.830 0.4444444478
78481  -27.892  -2.398  -41.969 0.4444444478
76241  -28.526  -4.322  -41.103 0.1111111119
77457  -28.390  -3.235  -41.499 0.2222222239
76260  -30.227  -4.131  -42.319 0.1111111119
73812  -29.476  -6.455  -42.643 0.1111111119
79565  -29.458  -1.973  -43.058 0.3333333433
79578  -28.653  -1.754  -43.381 0.3333333433
78495  -29.272  -2.591  -42.467 0.2222222239
77470  -30.055  -3.117  -42.434 0.2222222239
79581  -31.842  -1.659  -43.510 0.2222222239
78516  -31.904  -2.419  -43.169 0.1111111119
78518  -33.503  -2.098  -43.994 0.1111111119
78498  -32.419  -3.033  -42.951 0.1111111119
80701  -29.643  -0.699  -44.108 0.3333333433
80719  -31.340  -0.509  -45.313 0.4444444478
80727  -32.002  -0.776  -45.846 0.4444444478
79602  -33.750  -1.859  -46.872 0.3333333433
80720  -32.098  -0.780  -44.766 0.4444444478
169803  -33.294  -1.643  -44.561 0.3333333433
79612  -34.796  -2.763  -47.423 0.1111111119
81898  -31.987  -0.340  -48.586 0.5555555820
80748  -31.713  -0.935  -48.238 0.5555555820
82976  -33.616  0.632  -48.432 0.5555555820
173022  -36.553  2.005  -50.547 0.4444444478
96292  -27.831  15.285  -49.572 0.5555555820
97218  -26.511  15.543  -48.159 0.5555555820
96320  -28.389  14.663  -53.534 0.5555555820
77428  -23.163  -3.488  -39.582 0.4444444478
77429  -23.964  -3.196  -39.562 0.4444444478
77472  -31.664  -3.656  -42.707 0.1111111119
97232  -27.590  15.992  -50.102 0.5555555820
78528  -34.069  -2.479  -44.788 0.2222222239
76180  -21.921  -4.715  -38.875 0.4444444478
143242  -21.849  -4.477  -39.438 0.4444444478
76183  -24.052  -4.288  -38.579 0.4444444478
76184  -24.912  -4.505  -38.723 0.2222222239
76204  -25.307  -4.032  -39.313 0.4444444478
74978  -19.740  -5.107  -39.964 0.4444444478
76200  -19.069  -4.829  -39.939 0.4444444478
74981  -28.665  -5.213  -40.926 0.1111111119
73802  -28.808  -6.018  -40.702 0.1111111119
156090  -30.472  -5.066  -42.563 0.1111111119
150681  -19.531  -11.178  -34.195 0.1111111119
70714  -17.576  -9.414  -36.297 0.3333333433
69722  -18.852  -10.704  -35.948 0.2222222239
68799  -19.162  -11.055  -35.170 0.2222222239
68784  -20.316  -10.760  -33.743 0.1111111119
69708  -20.761  -10.150  -34.208 0.1111111119
72687  -15.932  -7.111  -36.410 0.3333333433
71692  -16.149  -8.444  -35.532 0.3333333433
70703  -16.919  -9.351  -35.709 0.3333333433
70729  -18.803  -9.067  -37.336 0.3333333433
70730  -19.529  -9.151  -37.374 0.3333333433
69738  -19.329  -10.121  -36.393 0.2222222239
70731  -20.335  -9.065  -37.252 0.2222222239
69724  -20.145  -9.850  -36.059 0.2222222239
165504  -20.446  -9.981  -35.118 0.1111111119
74916  -15.686  -5.766  -36.840 0.2222222239
73761  -16.045  -6.455  -36.955 0.2222222239
73760  -15.563  -6.319  -36.325 0.2222222239
71703  -16.854  -7.825  -36.740 0.3333333433
71693  -16.921  -8.605  -36.179 0.3333333433
71704  -17.614  -8.709  -36.745 0.3333333433
151421  -20.651  -9.333  -36.545 0.1111111119
74936  -15.967  -5.196  -37.270 0.2222222239
154913  -16.315  -5.847  -37.458 0.3333333433
74949  -16.618  -5.182  -37.891 0.3333333433
73768  -16.868  -6.575  -37.578 0.3333333433
73779  -17.947  -5.663  -38.675 0.3333333433
73769  -17.661  -6.439  -38.158 0.3333333433
73780  -18.509  -6.489  -38.488 0.3333333433
159548  -19.570  -7.826  -38.049 0.3333333433
72719  -19.060  -7.140  -38.313 0.3333333433
72703  -20.430  -7.831  -38.003 0.3333333433
159296  -20.953  -7.096  -38.219 0.3333333433
72721  -21.709  -7.253  -38.045 0.3333333433
166893  -22.251  -8.234  -37.165 0.1111111119
146674  -22.850  -7.452  -37.585 0.2222222239
76159  -16.315  -4.502  -37.725 0.2222222239
76178  -16.820  -4.572  -38.267 0.2222222239
76179  -17.253  -4.384  -38.715 0.3333333433
74967  -18.556  -5.174  -39.318 0.3333333433
74969  -20.273  -5.519  -39.368 0.3333333433
73781  -20.627  -6.236  -38.616 0.3333333433
74952  -21.274  -5.475  -38.783 0.3333333433
72722  -22.382  -7.017  -37.973 0.3333333433
73770  -23.186  -6.851  -37.809 0.1111111119
77416  -16.690  -3.632  -38.391 0.3333333433
77438  -19.273  -3.728  -41.008 0.3333333433
74953  -22.133  -5.350  -38.505 0.3333333433
76181  -22.525  -4.636  -38.651 0.3333333433
82985  -36.761  0.888  -50.110 0.2222222239
84052  -36.868  2.229  -51.017 0.2222222239
82992  -37.238  1.680  -50.596 0.2222222239
168686  -34.245  4.189  -53.707 0.3333333433
86234  -34.868  4.093  -53.388 0.2222222239
69736  -18.056  -10.065  -36.374 0.3333333433
69737  -18.622  -10.172  -36.472 0.3333333433
69723  -19.641  -10.408  -35.588 0.2222222239
164663  -20.962  -9.447  -35.633 0.1111111119
72701  -18.003  -7.639  -37.687 0.3333333433
71719  -19.977  -8.548  -37.733 0.3333333433
71720  -20.809  -8.462  -37.572 0.3333333433
74937  -17.075  -5.812  -38.076 0.3333333433
74966  -17.832  -4.758  -39.050 0.3333333433
74954  -22.935  -5.238  -38.333 0.3333333433
68783  -18.658  -11.675  -34.609 0.1111111119
68767  -19.215  -11.704  -33.820 0.1111111119
71676  -15.745  -8.654  -34.908 0.3333333433
70702  -16.318  -9.325  -35.127 0.3333333433
69720  -16.889  -10.139  -35.300 0.3333333433
68797  -17.567  -11.018  -35.386 0.3333333433
68798  -18.368  -11.261  -35.470 0.3333333433
67781  -20.247  -11.822  -32.650 0.1111111119
68785  -21.144  -10.456  -33.423 0.1111111119
72672  -15.685  -7.496  -35.697 0.3333333433
70704  -21.856  -9.093  -35.268 0.1111111119
74935  -15.619  -5.194  -36.761 0.2222222239
71706  -21.914  -8.602  -36.788 0.1111111119
72706  -23.622  -7.550  -37.346 0.1111111119
73771  -24.064  -6.764  -37.699 0.1111111119
73784  -23.523  -6.028  -38.048 0.1111111119
164716  -24.530  -5.048  -38.368 0.1111111119
78445  -16.330  -2.639  -38.153 0.1111111119
85118  -37.051  2.697  -51.305 0.2222222239
87253  -33.764  4.336  -54.320 0.2222222239
87255  -35.175  4.584  -53.925 0.2222222239
79538  -17.213  -1.808  -39.788 0.2222222239
82929  -20.393  0.914  -44.995 0.5555555820
79550  -17.766  -1.565  -40.477 0.3333333433
77425  -17.240  -3.155  -39.219 0.3333333433
77426  -17.615  -3.862  -39.333 0.4444444478
76199  -18.350  -4.391  -39.721 0.4444444478
86229  -36.802  3.911  -52.133 0.2222222239
147671  -20.712  -11.123  -32.992 0.1111111119
69721  -17.549  -10.149  -35.876 0.3333333433
153840  -18.163  -10.664  -36.026 0.3333333433
173006  -16.255  -7.885  -36.122 0.3333333433
72686  -15.506  -6.815  -35.873 0.2222222239
70715  -18.293  -9.486  -36.837 0.3333333433
70716  -19.064  -9.727  -37.018 0.3333333433
71717  -17.730  -8.127  -37.237 0.3333333433
71718  -18.454  -8.342  -37.547 0.3333333433
70717  -19.828  -9.606  -36.857 0.2222222239
72699  -16.513  -7.069  -37.042 0.3333333433
70718  -21.468  -8.995  -36.229 0.1111111119
70732  -21.157  -8.871  -37.025 0.1111111119
76158  -15.782  -4.605  -37.087 0.2222222239
74950  -17.269  -5.067  -38.454 0.3333333433
164632  -17.570  -7.014  -37.798 0.3333333433
72700  -17.226  -7.370  -37.367 0.3333333433
72720  -19.957  -6.977  -38.393 0.3333333433
163756  -19.736  -6.123  -38.882 0.3333333433
73782  -21.663  -6.353  -38.322 0.3333333433
71722  -22.867  -7.971  -37.221 0.1111111119
77404  -15.994  -3.845  -37.406 0.2222222239
74968  -19.356  -5.479  -39.451 0.3333333433
73783  -22.635  -6.150  -38.177 0.3333333433
74955  -23.786  -5.135  -38.279 0.1111111119
67792  -18.691  -12.124  -33.877 0.1111111119
156716  -16.337  -9.954  -34.790 0.3333333433
70690  -15.810  -9.322  -34.563 0.2222222239
69706  -16.660  -10.815  -34.714 0.3333333433
71691  -15.483  -7.914  -35.036 0.2222222239
85119  -37.297  2.244  -50.861 0.1111111119
84040  -37.577  1.682  -49.615 0.1111111119
85106  -37.203  3.109  -48.304 0.1111111119
85107  -37.542  2.508  -49.354 0.1111111119
142933  -37.346  4.079  -50.985 0.1111111119
87226  -37.153  4.846  -49.961 0.1111111119
86235  -35.668  4.027  -53.011 0.1111111119
87232  -37.065  5.134  -50.940 0.1111111119
86236  -36.353  4.300  -52.673 0.1111111119
88269  -36.617  5.860  -51.500 0.1111111119
87250  -30.763  5.188  -54.398 0.2222222239
87245  -35.787  4.685  -53.349 0.1111111119
88277  -36.394  5.295  -52.534 0.1111111119
88289  -29.736  5.459  -54.510 0.1111111119
88280  -28.964  5.920  -53.924 0.2222222239
88288  -27.371  5.981  -54.267 0.1111111119
87260  -31.051  5.195  -55.060 0.1111111119
88304  -29.962  6.108  -55.780 0.1111111119
165825  -20.885  17.563  -48.074 0.4444444478
89402  -26.369  6.567  -55.115 0.1111111119
97242  -28.051  15.249  -51.493 0.4444444478
93426  -26.437  11.273  -55.361 0.3333333433
92384  -25.870  10.412  -54.800 0.2222222239
165690  -24.926  8.772  -55.325 0.1111111119
89392  -25.801  7.179  -54.622 0.1111111119
90429  -25.555  8.032  -55.968 0.1111111119
97254  -27.388  15.505  -52.218 0.4444444478
97241  -27.371  15.805  -51.141 0.4444444478
97264  -26.490  15.661  -53.623 0.4444444478
96319  -27.734  14.994  -53.885 0.4444444478
96318  -27.014  15.196  -54.217 0.4444444478
96332  -27.406  14.396  -54.624 0.4444444478
95396  -26.747  13.794  -55.232 0.4444444478
95406  -25.288  13.008  -56.438 0.4444444478
151523  -25.838  12.363  -55.979 0.2222222239
94417  -25.603  11.966  -56.232 0.2222222239
93425  -25.880  11.096  -55.771 0.2222222239
93439  -25.735  11.946  -56.568 0.2222222239
92389  -25.502  10.113  -56.282 0.2222222239
98237  -25.418  17.351  -60.165 0.1111111119
96362  -26.196  14.485  -60.523 0.1111111119
94432  -27.356  11.562  -58.739 0.1111111119
158911  -25.194  17.204  -48.477 0.4444444478
157658  -26.696  17.166  -48.235 0.4444444478
98164  -27.263  16.662  -50.450 0.3333333433
98185  -26.808  15.927  -51.921 0.4444444478
97274  -25.671  15.592  -54.623 0.4444444478
97283  -25.161  15.219  -55.367 0.4444444478
163858  -25.139  14.165  -55.929 0.4444444478
96340  -26.078  14.198  -55.442 0.4444444478
95407  -25.878  13.400  -55.823 0.4444444478
149597  -23.948  15.377  -55.926 0.3333333433
95420  -24.655  13.468  -57.093 0.3333333433
95428  -25.115  13.566  -59.126 0.1111111119
95426  -25.490  13.137  -58.232 0.1111111119
95429  -25.508  12.409  -59.705 0.1111111119
94431  -25.988  12.555  -57.753 0.2222222239
94439  -25.895  11.597  -59.860 0.1111111119
94442  -26.566  12.485  -60.441 0.1111111119
98134  -23.919  17.261  -48.095 0.2222222239
98176  -26.806  16.523  -51.355 0.3333333433
98195  -25.873  16.120  -53.167 0.3333333433
97282  -24.483  15.647  -55.455 0.3333333433
96339  -24.419  14.314  -56.324 0.4444444478
97293  -23.418  15.663  -56.751 0.2222222239
97294  -23.848  14.926  -57.065 0.2222222239
96356  -24.731  14.454  -58.548 0.2222222239
96358  -25.023  14.330  -59.582 0.1111111119
98223  -22.993  16.572  -57.341 0.1111111119
97300  -23.602  15.862  -57.639 0.1111111119
98230  -24.101  16.158  -58.826 0.1111111119
96359  -25.472  14.335  -60.196 0.1111111119
154005  -23.287  16.783  -58.467 0.1111111119
156435  -24.731  16.037  -59.561 0.1111111119
97304  -25.164  15.318  -60.011 0.1111111119
99087  -27.329  17.531  -49.859 0.3333333433
98184  -26.184  16.439  -52.217 0.3333333433
100055  -26.125  18.037  -51.826 0.3333333433
99117  -25.196  17.313  -52.909 0.3333333433
98193  -24.781  16.575  -54.129 0.3333333433
98210  -23.060  16.467  -55.859 0.2222222239
98217  -22.924  16.454  -56.456 0.2222222239
98216  -22.231  17.232  -57.079 0.1111111119
98229  -22.635  17.466  -59.665 0.1111111119
98233  -24.591  16.841  -59.816 0.1111111119
101006  -22.312  20.044  -59.459 0.1111111119
101836  -26.338  20.171  -50.635 0.1111111119
100951  -26.076  19.807  -51.485 0.1111111119
100053  -24.792  18.778  -52.925 0.2222222239
100064  -23.471  18.673  -53.984 0.2222222239
170310  -24.159  17.672  -53.966 0.3333333433
98203  -24.364  16.392  -54.996 0.3333333433
100075  -23.680  17.929  -54.271 0.3333333433
100074  -22.705  18.215  -54.651 0.2222222239
100081  -21.367  17.959  -56.014 0.1111111119
100072  -20.769  18.581  -55.787 0.1111111119
99133  -21.240  17.844  -56.871 0.1111111119
98222  -22.380  17.268  -58.330 0.1111111119
99143  -21.775  17.850  -59.330 0.1111111119
100097  -20.935  19.369  -58.586 0.1111111119
99147  -23.061  17.756  -60.160 0.1111111119
100103  -24.238  18.571  -59.987 0.1111111119
99149  -25.219  18.108  -60.077 0.1111111119
101842  -25.461  20.364  -52.109 0.1111111119
102790  -25.165  21.366  -52.111 0.1111111119
100962  -24.722  19.734  -52.798 0.1111111119
102802  -23.694  21.006  -53.168 0.1111111119
157623  -22.349  21.849  -53.560 0.1111111119
102800  -22.219  21.045  -53.701 0.1111111119
100983  -21.711  18.837  -54.755 0.2222222239
102816  -20.954  20.769  -54.350 0.1111111119
149087  -21.390  19.527  -54.582 0.1111111119
156874  -19.106  21.891  -55.434 0.1111111119
100981  -19.485  19.868  -56.346 0.1111111119
102814  -18.859  21.204  -56.129 0.1111111119
164684  -19.917  19.117  -57.326 0.1111111119
146663  -24.630  22.084  -52.359 0.1111111119
103693  -24.725  22.829  -52.009 0.1111111119
103706  -24.073  22.679  -52.572 0.1111111119
103717  -22.747  22.359  -53.384 0.1111111119
103716  -21.988  22.486  -53.601 0.1111111119
104647  -21.430  23.453  -53.694 0.1111111119
103727  -19.935  22.316  -54.626 0.1111111119
104641  -23.876  23.979  -52.348 0.1111111119
142453  -24.047  24.598  -51.894 0.1111111119
104639  -23.031  24.032  -52.921 0.1111111119
84039  -37.388  2.010  -48.557 0.1111111119
86214  -37.347  3.090  -51.026 0.1111111119
86213  -37.429  3.845  -50.064 0.1111111119
143140  -37.072  4.597  -48.865 0.1111111119
88283  -34.814  5.586  -54.450 0.1111111119
88284  -35.361  5.178  -53.934 0.1111111119
87264  -34.139  5.030  -54.938 0.1111111119
88303  -28.932  6.014  -55.573 0.1111111119
98132  -22.684  16.679  -47.598 0.4444444478
94408  -27.214  13.056  -55.097 0.4444444478
94418  -26.471  12.140  -55.490 0.3333333433
92383  -25.284  10.027  -55.250 0.2222222239
91427  -24.935  9.418  -55.169 0.1111111119
89408  -26.154  7.251  -55.829 0.1111111119
97265  -27.197  15.438  -53.288 0.4444444478
94436  -26.745  11.191  -59.243 0.2222222239
155844  -25.290  13.219  -59.904 0.1111111119
95431  -25.806  13.364  -60.333 0.1111111119
95432  -27.445  13.060  -60.447 0.1111111119
146479  -25.424  16.129  -53.946 0.3333333433
98234  -25.397  16.369  -60.195 0.1111111119
100984  -22.720  18.954  -54.233 0.2222222239
103718  -23.360  22.534  -53.065 0.1111111119
103728  -20.905  22.402  -54.017 0.1111111119
172235  -18.604  22.274  -55.863 0.1111111119
140907  -22.618  24.893  -52.950 0.1111111119
140904  -23.438  24.608  -52.525 0.1111111119
153934  -36.693  4.187  -47.360 0.1111111119
85102  -36.822  3.597  -47.551 0.1111111119
87252  -32.568  4.611  -54.448 0.2222222239
88281  -29.955  5.709  -53.868 0.2222222239
88294  -27.242  6.148  -55.328 0.1111111119
98131  -21.834  16.997  -47.685 0.4444444478
98155  -27.207  16.946  -48.645 0.4444444478
97275  -26.294  15.352  -54.443 0.4444444478
95405  -24.677  13.646  -56.532 0.4444444478
96351  -24.403  14.330  -57.495 0.2222222239
103694  -25.113  23.052  -51.195 0.1111111119
104627  -24.405  23.965  -51.766 0.1111111119
156558  -22.692  23.213  -53.297 0.1111111119
104648  -22.206  24.198  -53.329 0.1111111119
84032  -36.800  2.787  -47.367 0.1111111119
81909  -37.346  0.725  -49.840 0.1111111119
82971  -37.308  1.038  -48.430 0.1111111119
86176  -36.153  4.336  -45.942 0.1111111119
84011  -36.297  2.897  -46.300 0.1111111119
87222  -36.640  5.468  -48.139 0.1111111119
169817  -36.836  5.665  -49.905 0.1111111119
88254  -36.565  6.303  -49.308 0.1111111119
88268  -36.156  6.428  -52.110 0.1111111119
89397  -34.218  6.041  -54.951 0.1111111119
89389  -35.300  6.282  -53.643 0.1111111119
88291  -33.558  5.506  -55.384 0.1111111119
89404  -32.314  6.646  -55.840 0.1111111119
89412  -31.171  6.999  -56.170 0.1111111119
98130  -20.184  16.994  -48.546 0.4444444478
89410  -29.546  6.754  -56.180 0.1111111119
88302  -28.238  6.521  -55.971 0.1111111119
91435  -27.153  9.457  -56.650 0.1111111119
144398  -28.107  7.790  -56.391 0.1111111119
99042  -19.470  18.304  -47.660 0.4444444478
98133  -23.480  16.570  -47.896 0.4444444478
93442  -28.082  11.775  -57.420 0.1111111119
95427  -28.127  12.416  -59.359 0.1111111119
99063  -24.457  17.487  -48.467 0.2222222239
99073  -27.114  17.852  -48.629 0.3333333433
99065  -26.231  17.995  -48.550 0.2222222239
99086  -27.183  18.177  -50.167 0.2222222239
156420  -27.597  14.854  -60.215 0.1111111119
100934  -26.422  19.436  -49.514 0.1111111119
100054  -25.490  18.238  -52.449 0.2222222239
99150  -26.213  17.477  -60.181 0.1111111119
99144  -25.629  18.060  -59.610 0.1111111119
101824  -25.652  20.546  -49.447 0.1111111119
102781  -25.613  21.659  -51.214 0.1111111119
147277  -25.455  22.376  -50.798 0.1111111119
100099  -24.382  19.339  -59.407 0.1111111119
103685  -25.431  22.446  -49.918 0.1111111119
104590  -25.176  23.053  -48.594 0.1111111119
102813  -18.533  21.919  -56.350 0.1111111119
102837  -19.021  21.343  -57.182 0.1111111119
101887  -20.813  20.611  -57.653 0.1111111119
101895  -21.740  20.842  -58.242 0.1111111119
104615  -25.088  23.573  -50.455 0.1111111119
104614  -24.808  24.192  -50.553 0.1111111119
171534  -21.205  24.513  -53.649 0.1111111119
142129  -18.896  25.297  -54.930 0.1111111119
87251  -31.623  4.901  -54.423 0.1111111119
90411  -25.144  7.982  -54.986 0.1111111119
154430  -26.419  12.952  -55.537 0.4444444478
86221  -37.090  3.494  -51.629 0.1111111119
167519  -28.393  5.752  -54.356 0.2222222239
98156  -27.412  16.808  -49.542 0.4444444478
147954  -37.135  4.189  -51.653 0.1111111119
144012  -36.807  5.544  -49.079 0.1111111119
88260  -36.557  6.343  -50.331 0.1111111119
87268  -32.058  5.133  -55.440 0.1111111119
88297  -30.426  5.616  -55.398 0.1111111119
88299  -32.354  5.753  -55.920 0.1111111119
89409  -27.055  6.856  -55.965 0.1111111119
91434  -25.873  9.205  -56.178 0.1111111119
90430  -26.885  8.204  -56.366 0.1111111119
95413  -24.854  13.077  -56.699 0.2222222239
94424  -25.266  12.638  -56.634 0.2222222239
93440  -26.751  12.132  -57.698 0.2222222239
93432  -26.316  11.277  -56.820 0.1111111119
98238  -26.125  16.684  -60.405 0.1111111119
99148  -24.203  17.817  -60.019 0.1111111119
152746  -26.775  13.695  -60.583 0.1111111119
97306  -25.904  15.507  -60.474 0.1111111119
97307  -26.659  16.062  -60.429 0.1111111119
96363  -27.063  14.686  -60.545 0.1111111119
95422  -27.496  12.369  -58.378 0.1111111119
93441  -27.393  11.801  -57.645 0.1111111119
93446  -27.528  11.269  -59.853 0.2222222239
97289  -23.911  14.942  -56.408 0.3333333433
93450  -27.034  11.767  -60.341 0.2222222239
98194  -25.198  16.657  -53.366 0.3333333433
97301  -24.249  15.214  -57.992 0.2222222239
97303  -24.661  15.288  -59.080 0.1111111119
98232  -23.672  17.195  -59.561 0.1111111119
99099  -26.978  17.425  -50.735 0.3333333433
99107  -25.780  17.324  -52.278 0.3333333433
100031  -27.054  18.905  -50.020 0.1111111119
100066  -24.844  17.961  -53.086 0.3333333433
163952  -22.823  17.050  -55.514 0.2222222239
99138  -21.457  17.818  -58.042 0.1111111119
99146  -22.392  18.099  -60.133 0.1111111119
101010  -22.647  19.103  -60.085 0.1111111119
100098  -21.626  18.938  -59.514 0.1111111119
101011  -23.570  19.253  -59.990 0.1111111119
101903  -22.056  20.711  -58.773 0.1111111119
100933  -25.588  19.915  -49.321 0.1111111119
100952  -26.621  19.379  -50.709 0.1111111119
101830  -26.175  20.440  -50.024 0.1111111119
100043  -26.132  18.900  -51.635 0.1111111119
100975  -24.079  19.170  -53.397 0.1111111119
100065  -24.239  18.220  -53.602 0.3333333433
100974  -23.238  19.461  -53.757 0.1111111119
165544  -23.209  17.458  -54.910 0.3333333433
99127  -22.277  17.603  -55.402 0.2222222239
98209  -22.232  17.194  -56.107 0.1111111119
100982  -20.531  19.280  -55.421 0.1111111119
100990  -19.713  19.291  -56.702 0.1111111119
100090  -20.610  18.600  -57.711 0.1111111119
101000  -21.044  20.248  -58.256 0.1111111119
164265  -20.355  19.489  -57.869 0.1111111119
101841  -24.579  20.661  -52.712 0.1111111119
101835  -25.698  20.995  -51.534 0.1111111119
102789  -24.400  21.400  -52.662 0.1111111119
101853  -23.879  20.065  -53.255 0.1111111119
171201  -22.990  21.010  -53.449 0.1111111119
102801  -23.071  21.675  -53.337 0.1111111119
102799  -21.448  21.651  -53.880 0.1111111119
101852  -22.869  20.315  -53.623 0.1111111119
101865  -21.717  20.158  -54.120 0.1111111119
102815  -20.096  21.469  -54.707 0.1111111119
101864  -20.562  19.961  -54.954 0.1111111119
101863  -19.679  20.556  -55.483 0.1111111119
103726  -19.073  22.845  -55.226 0.1111111119
100989  -19.324  20.149  -56.932 0.1111111119
102829  -18.703  21.542  -56.843 0.1111111119
100996  -19.919  19.949  -57.417 0.1111111119
103707  -25.190  22.253  -51.664 0.1111111119
170253  -24.687  23.410  -51.690 0.1111111119
149790  -24.256  23.383  -52.262 0.1111111119
104640  -23.560  23.396  -52.763 0.1111111119
104657  -20.206  23.195  -54.330 0.1111111119
104656  -19.076  24.026  -54.875 0.1111111119
163632  -37.006  1.828  -47.641 0.1111111119
86201  -36.697  4.746  -47.751 0.1111111119
88290  -32.850  5.221  -55.568 0.1111111119
92390  -26.645  10.328  -56.705 0.1111111119
94438  -28.049  11.896  -59.865 0.1111111119
96365  -28.203  13.583  -59.971 0.1111111119
103735  -18.331  22.934  -56.290 0.1111111119
154585  -21.914  25.918  -52.955 0.1111111119
86191  -36.445  4.777  -46.779 0.1111111119
154229  -25.289  22.941  -50.390 0.1111111119
89405  -32.971  6.021  -55.728 0.1111111119
89403  -31.775  6.365  -56.094 0.1111111119
92397  -27.392  11.152  -57.289 0.1111111119
96361  -28.213  13.327  -59.484 0.1111111119
97305  -27.675  15.438  -60.009 0.1111111119
100013  -24.859  19.083  -48.831 0.1111111119
98240  -27.213  16.281  -60.104 0.1111111119
101829  -25.992  20.997  -50.656 0.1111111119
103740  -18.774  21.895  -57.142 0.1111111119
101876  -19.561  20.767  -57.287 0.1111111119
105611  -20.235  24.325  -54.187 0.1111111119
105608  -20.059  25.621  -54.093 0.1111111119
104655  -18.400  23.763  -55.677 0.1111111119
83992  -19.193  2.751  -44.856 0.2222222239
85084  -19.834  3.998  -46.188 0.2222222239
80683  -18.294  -0.502  -41.759 0.3333333433
82938  -20.116  1.684  -45.208 0.3333333433
85074  -20.959  3.063  -46.068 0.4444444478
85073  -20.160  3.166  -45.908 0.3333333433
99053  -19.105  17.967  -48.288 0.3333333433
100000  -17.482  18.895  -46.529 0.2222222239
100002  -18.934  18.687  -46.766 0.1111111119
99044  -20.976  18.275  -47.640 0.1111111119
99055  -21.396  18.049  -47.587 0.2222222239
158803  -14.801  16.798  -42.037 0.2222222239
98078  -14.890  16.087  -42.402 0.1111111119
172634  -19.259  1.501  -44.143 0.2222222239
98070  -14.168  16.000  -41.155 0.1111111119
98983  -14.806  18.284  -40.951 0.1111111119
99969  -15.450  18.792  -41.527 0.1111111119
100906  -16.733  20.097  -44.956 0.1111111119
99993  -18.596  19.636  -45.794 0.1111111119
99034  -19.987  18.249  -46.541 0.1111111119
99045  -21.831  18.723  -47.229 0.1111111119
99980  -15.894  19.106  -43.342 0.1111111119
80674  -17.789  -0.406  -41.056 0.2222222239
165412  -19.095  0.874  -43.695 0.2222222239
81845  -20.091  0.660  -44.034 0.3333333433
90345  -18.350  8.952  -46.576 0.2222222239
150577  -16.364  19.043  -45.353 0.1111111119
150593  -18.747  8.044  -46.802 0.1111111119
91351  -18.018  9.790  -46.466 0.3333333433
100012  -18.607  18.433  -47.676 0.3333333433
166455  -19.372  1.999  -44.650 0.2222222239
99984  -16.295  19.517  -44.836 0.1111111119
99991  -17.061  19.564  -45.647 0.1111111119
99992  -17.835  19.770  -45.774 0.1111111119
100001  -18.151  18.948  -46.765 0.1111111119
99976  -16.146  19.319  -42.178 0.1111111119
100895  -16.791  20.157  -44.585 0.1111111119
68780  -16.661  -11.701  -34.253 0.1111111119
68781  -17.256  -11.605  -34.791 0.1111111119
69689  -15.224  -10.135  -33.520 0.1111111119
69705  -15.886  -10.105  -34.275 0.1111111119
80659  -16.681  -0.423  -39.602 0.1111111119
85071  -18.634  4.029  -45.142 0.1111111119
85072  -19.369  3.445  -45.457 0.1111111119
84000  -19.790  2.532  -45.355 0.1111111119
94325  -16.460  12.658  -45.717 0.2222222239
95310  -16.299  13.503  -45.864 0.2222222239
95309  -15.928  13.865  -45.067 0.2222222239
96208  -15.425  14.475  -43.109 0.2222222239
86181  -19.592  4.848  -46.463 0.1111111119
86182  -20.397  4.597  -46.601 0.1111111119
154166  -15.437  -11.033  -33.406 0.1111111119
69690  -15.966  -10.956  -34.007 0.1111111119
68782  -17.871  -11.793  -34.928 0.1111111119
69688  -14.378  -9.775  -32.977 0.1111111119
70689  -15.336  -9.303  -33.926 0.1111111119
71675  -15.368  -8.452  -34.304 0.1111111119
72659  -15.425  -7.641  -34.480 0.1111111119
157737  -15.481  -7.059  -35.237 0.1111111119
73746  -15.501  -6.311  -35.737 0.1111111119
74915  -15.535  -5.563  -36.259 0.1111111119
153022  -16.607  -1.253  -39.208 0.1111111119
81810  -17.307  0.299  -40.698 0.1111111119
82923  -18.363  1.311  -43.510 0.1111111119
85064  -18.008  3.753  -44.606 0.1111111119
95300  -15.942  13.449  -44.661 0.2222222239
96204  -15.184  14.221  -42.286 0.2222222239
97137  -14.740  15.025  -41.997 0.1111111119
68766  -16.012  -11.726  -33.597 0.1111111119
97142  -15.100  15.233  -42.744 0.2222222239
97147  -15.394  15.336  -43.581 0.1111111119
80689  -18.434  -0.155  -42.512 0.1111111119
93349  -16.796  12.104  -45.988 0.2222222239
87196  -20.100  5.436  -46.918 0.1111111119
151449  -17.645  -0.925  -40.614 0.1111111119
76123  -15.714  -4.868  -35.905 0.1111111119
155179  -15.736  -4.089  -36.754 0.1111111119
79549  -17.118  -1.062  -39.993 0.1111111119
165626  -18.623  2.440  -44.349 0.1111111119
80673  -17.189  -0.363  -40.291 0.1111111119
83983  -18.043  2.078  -43.734 0.1111111119
80648  -16.408  -0.549  -39.017 0.1111111119
165201  -15.671  13.887  -43.474 0.1111111119
152887  -15.023  -8.659  -33.632 0.1111111119
71659  -15.145  -8.082  -33.758 0.1111111119
151468  -16.272  -1.183  -38.486 0.1111111119
80637  -16.163  -0.220  -37.680 0.1111111119
81823  -17.856  0.306  -41.644 0.1111111119
96200  -14.275  13.775  -40.814 0.1111111119
97128  -13.845  14.870  -40.744 0.1111111119
98063  -14.474  17.032  -41.345 0.1111111119
94316  -16.454  12.029  -45.282 0.1111111119
98062  -13.751  16.300  -40.433 0.1111111119
98982  -14.153  17.627  -40.397 0.1111111119
98992  -14.934  17.749  -41.896 0.1111111119
68768  -19.880  -11.391  -33.335 0.1111111119
69707  -19.971  -10.572  -34.648 0.1111111119
70691  -21.953  -9.391  -34.439 0.1111111119
71705  -18.190  -8.776  -37.176 0.3333333433
71707  -22.659  -8.373  -36.680 0.1111111119
71721  -21.607  -8.331  -37.361 0.1111111119
72702  -18.760  -7.781  -37.942 0.3333333433
72704  -21.290  -7.825  -37.834 0.3333333433
72705  -22.150  -7.760  -37.620 0.2222222239
72718  -18.263  -7.098  -38.090 0.3333333433
74951  -18.872  -5.918  -38.962 0.3333333433
74971  -25.762  -4.998  -39.061 0.2222222239
74982  -29.275  -5.698  -41.749 0.1111111119
76182  -23.195  -4.385  -38.582 0.3333333433
76203  -24.387  -3.630  -39.054 0.4444444478
76205  -26.829  -4.888  -39.961 0.2222222239
76218  -18.856  -4.100  -40.397 0.4444444478
76225  -27.184  -4.442  -40.455 0.2222222239
76259  -29.592  -4.273  -41.906 0.2222222239
77441  -24.446  -3.045  -40.378 0.4444444478
77465  -19.845  -3.001  -42.148 0.5555555820
77484  -22.897  -3.743  -43.809 0.6666666865
77486  -24.097  -3.113  -44.116 0.5555555820
78489  -19.525  -2.333  -42.278 0.5555555820
78494  -28.461  -2.489  -42.596 0.3333333433
78497  -31.408  -2.950  -42.885 0.1111111119
78513  -26.541  -2.264  -43.359 0.4444444478
78519  -34.498  -3.290  -44.056 0.1111111119
79573  -21.023  -1.564  -43.520 0.6666666865
79580  -30.931  -1.391  -43.492 0.2222222239
79592  -26.537  -1.253  -44.209 0.7777777910
79594  -32.781  -1.090  -45.055 0.4444444478
80690  -18.905  -0.865  -42.690 0.6666666865
80691  -19.617  -0.664  -43.330 0.6666666865
80711  -22.485  -0.747  -44.463 0.8888888955
80715  -26.280  -0.485  -44.557 0.8888888955
80717  -28.358  -0.047  -44.810 0.7777777910
80736  -30.305  -0.524  -47.652 0.6666666865
80759  -34.650  -0.958  -48.985 0.3333333433
81809  -16.768  0.296  -39.974 0.1111111119
81846  -20.743  0.330  -44.645 0.8888888955
81850  -24.286  0.127  -44.669 0.8888888955
81854  -28.211  0.461  -45.486 0.8888888955
81873  -28.721  0.590  -46.058 0.8888888955
81874  -29.275  0.178  -46.667 1.0000000000
81897  -31.272  -0.364  -48.460 0.6666666865
81914  -37.101  0.556  -49.927 0.1111111119
82922  -17.969  1.395  -43.145 0.1111111119
82927  -18.731  1.697  -43.980 0.2222222239
82928  -19.770  1.306  -44.407 0.2222222239
82944  -27.339  1.217  -45.783 1.0000000000
82955  -25.983  1.993  -46.070 1.0000000000
82979  -37.517  1.073  -49.411 0.1111111119
82980  -37.424  1.159  -50.176 0.2222222239
82986  -37.177  1.216  -50.345 0.2222222239
84002  -21.553  2.382  -45.820 0.8888888955
84014  -21.653  3.177  -46.138 0.5555555820
84021  -29.109  1.688  -46.117 1.0000000000
84022  -29.714  1.586  -46.680 1.0000000000
84024  -32.003  2.296  -47.141 0.6666666865
84046  -36.984  1.601  -50.697 0.2222222239
84047  -37.519  1.904  -50.292 0.1111111119
84053  -37.152  2.042  -50.939 0.2222222239
85075  -28.867  3.461  -45.725 1.0000000000
85087  -22.037  3.719  -46.391 0.5555555820
85096  -36.484  3.757  -46.694 0.1111111119
85112  -37.392  3.516  -49.132 0.1111111119
85113  -37.535  2.810  -50.226 0.1111111119
85128  -36.290  3.876  -52.449 0.2222222239
86169  -19.104  4.367  -45.891 0.1111111119
86171  -29.008  4.367  -45.579 1.0000000000
86174  -32.376  4.304  -46.044 0.8888888955
86187  -26.322  4.384  -46.715 1.0000000000
86190  -32.754  4.920  -46.181 0.8888888955
86198  -25.806  5.112  -47.012 1.0000000000
86207  -36.998  3.985  -48.133 0.1111111119
86233  -34.661  4.334  -53.948 0.2222222239
86239  -35.229  4.317  -53.570 0.2222222239
87203  -33.242  5.181  -46.655 0.8888888955
87213  -26.107  6.012  -47.199 0.8888888955
87217  -36.506  5.401  -47.339 0.1111111119
87236  -33.502  4.910  -52.188 0.5555555820
87238  -36.820  4.758  -51.972 0.1111111119
87244  -33.541  4.444  -53.309 0.3333333433
87254  -34.731  4.713  -54.399 0.2222222239
87261  -31.609  4.909  -54.866 0.2222222239
87262  -32.369  4.738  -55.056 0.1111111119
87263  -33.270  4.722  -55.117 0.2222222239
88212  -29.567  6.141  -45.592 1.0000000000
88214  -31.383  6.401  -45.447 1.0000000000
88227  -33.129  6.062  -46.746 0.7777777910
88238  -25.270  6.685  -47.431 0.8888888955
88239  -26.666  6.547  -47.306 0.8888888955
88243  -33.311  6.423  -47.544 0.8888888955
88248  -33.234  6.814  -48.370 0.7777777910
88258  -32.675  6.543  -51.087 0.6666666865
88265  -31.645  6.464  -52.208 0.6666666865
88276  -35.866  5.785  -53.117 0.1111111119
88287  -26.995  5.990  -54.745 0.1111111119
88295  -27.928  5.750  -54.995 0.1111111119
88296  -29.148  5.622  -55.082 0.2222222239
88298  -31.544  5.651  -55.767 0.1111111119
88305  -31.000  6.199  -56.040 0.1111111119
89311  -30.952  7.084  -45.552 1.0000000000
89322  -30.484  7.753  -45.982 1.0000000000
89330  -19.433  8.089  -47.349 0.3333333433
89332  -21.177  7.456  -47.747 0.4444444478
89338  -26.686  7.273  -47.437 0.8888888955
89339  -27.553  7.448  -47.348 0.8888888955
89351  -21.675  8.126  -47.947 0.6666666865
89353  -23.104  7.981  -47.886 0.7777777910
89384  -28.824  6.481  -53.724 0.3333333433
89393  -26.585  6.457  -54.356 0.1111111119
89401  -25.593  7.478  -55.321 0.1111111119
89411  -30.486  6.748  -56.183 0.1111111119
90352  -18.927  8.927  -47.185 0.4444444478
90355  -23.698  8.431  -47.917 0.7777777910
90358  -26.330  8.069  -47.611 0.8888888955
90363  -32.196  8.370  -47.516 0.8888888955
90370  -20.452  9.175  -48.167 0.5555555820
90372  -22.132  8.747  -48.148 0.6666666865
90376  -31.883  9.199  -47.891 0.7777777910
90394  -31.785  8.334  -51.645 0.7777777910
90422  -25.145  8.215  -55.472 0.1111111119
90428  -25.118  8.685  -55.677 0.1111111119
91361  -26.887  8.616  -47.618 1.0000000000
91363  -29.072  9.357  -47.471 1.0000000000
91378  -26.748  9.389  -47.781 1.0000000000
91379  -31.871  9.796  -48.537 0.8888888955
91380  -32.236  9.190  -48.623 0.8888888955
91403  -31.087  9.310  -52.730 0.5555555820
91417  -25.107  8.737  -54.763 0.1111111119
91433  -25.069  9.312  -55.515 0.1111111119
92311  -18.649  10.416  -47.482 0.4444444478
92329  -22.916  10.184  -48.433 0.8888888955
92331  -24.561  10.372  -48.410 1.0000000000
92336  -29.971  10.843  -48.100 0.8888888955
92346  -32.033  10.765  -50.151 0.7777777910
92362  -31.423  10.652  -51.871 0.6666666865
92369  -30.481  10.668  -53.272 0.5555555820
92373  -26.292  9.818  -54.625 0.3333333433
92382  -25.200  9.821  -55.338 0.1111111119
93336  -16.815  11.376  -45.549 0.1111111119
93368  -19.269  12.158  -48.364 0.6666666865
93370  -20.376  11.648  -48.668 0.7777777910
93372  -21.857  11.275  -48.714 1.0000000000
93374  -24.597  11.168  -48.489 1.0000000000
93375  -25.373  11.476  -48.491 0.8888888955
93377  -27.585  11.545  -48.262 0.8888888955
93380  -30.469  11.449  -48.566 0.8888888955
93424  -25.719  10.868  -55.797 0.2222222239
93444  -26.412  11.174  -59.765 0.1111111119
93445  -26.984  10.916  -59.832 0.2222222239
93447  -26.426  11.411  -60.082 0.2222222239
93448  -27.155  11.254  -60.090 0.2222222239
93449  -27.606  11.785  -60.151 0.2222222239
94339  -17.166  12.237  -46.663 0.3333333433
94351  -17.625  12.408  -47.272 0.5555555820
94352  -18.199  12.643  -47.809 0.5555555820
94360  -26.110  13.229  -48.460 0.6666666865
94363  -28.560  12.879  -48.698 0.6666666865
94364  -29.376  12.945  -48.988 0.6666666865
94371  -30.685  12.625  -49.516 0.6666666865
94379  -30.861  12.832  -50.263 0.6666666865
94387  -30.710  12.825  -51.166 0.6666666865
94433  -27.711  12.249  -57.637 0.1111111119
94435  -25.966  11.728  -59.444 0.1111111119
94437  -27.611  11.327  -59.515 0.2222222239
94440  -27.937  12.520  -60.171 0.1111111119
94441  -25.621  12.218  -60.031 0.1111111119
94443  -27.358  12.311  -60.375 0.2222222239
95339  -18.356  14.451  -48.548 0.6666666865
95341  -20.949  13.847  -48.639 0.7777777910
95353  -29.613  13.501  -49.525 0.6666666865
95369  -30.241  13.345  -51.498 0.6666666865
95377  -29.613  13.725  -52.788 0.6666666865
95387  -28.685  14.059  -54.022 0.5555555820
95398  -28.714  13.250  -54.350 0.5555555820
95421  -24.995  12.930  -57.066 0.2222222239
95425  -24.963  13.874  -58.043 0.1111111119
95430  -28.253  12.839  -59.868 0.1111111119
95433  -28.030  13.243  -60.168 0.1111111119
96229  -16.079  14.476  -45.629 0.2222222239
96269  -19.236  14.620  -48.909 0.6666666865
96271  -21.711  14.438  -48.356 0.6666666865
96275  -26.064  14.703  -48.141 0.5555555820
96284  -27.551  14.704  -48.969 0.5555555820
96286  -29.122  14.117  -49.797 0.6666666865
96308  -28.597  14.784  -52.700 0.5555555820
96330  -25.863  14.885  -55.165 0.4444444478
96331  -26.612  14.662  -54.901 0.4444444478
96345  -24.224  14.194  -56.766 0.2222222239
96357  -27.896  13.414  -58.595 0.1111111119
96360  -28.078  14.284  -59.759 0.1111111119
96364  -27.697  13.980  -60.331 0.1111111119
97136  -14.325  14.882  -41.402 0.1111111119
97168  -15.947  15.300  -45.402 0.4444444478
97186  -16.613  15.191  -46.844 0.5555555820
97199  -17.049  15.080  -47.416 0.6666666865
97201  -22.186  15.958  -47.829 0.5555555820
97212  -20.106  15.938  -48.753 0.6666666865
97214  -22.573  14.968  -48.076 0.6666666865
97217  -25.603  15.408  -48.127 0.5555555820
97224  -27.223  15.586  -48.681 0.5555555820
97253  -26.602  15.813  -52.693 0.4444444478
97263  -25.974  15.805  -53.953 0.4444444478
97273  -25.035  15.937  -54.757 0.3333333433
97281  -23.795  16.033  -55.630 0.2222222239
97288  -23.454  15.746  -56.177 0.3333333433
97308  -27.207  15.502  -60.329 0.1111111119
98071  -14.563  16.005  -41.740 0.1111111119
98083  -15.178  16.183  -43.157 0.3333333433
98127  -16.953  15.904  -47.429 0.4444444478
98146  -24.264  16.804  -48.357 0.4444444478
98148  -26.907  16.359  -48.258 0.5555555820
98183  -25.604  16.720  -52.764 0.3333333433
98202  -23.582  16.774  -55.252 0.3333333433
98235  -26.950  16.927  -60.075 0.1111111119
98239  -26.713  16.806  -60.201 0.1111111119
98999  -15.090  17.182  -42.731 0.3333333433
99032  -15.928  17.328  -45.384 0.3333333433
99039  -16.515  17.397  -46.460 0.4444444478
99041  -17.867  18.405  -47.518 0.3333333433
99043  -20.278  18.179  -47.614 0.1111111119
99054  -20.039  17.902  -48.140 0.4444444478
99056  -22.317  17.693  -47.394 0.2222222239
99057  -23.169  17.285  -47.440 0.2222222239
99062  -19.434  17.354  -48.630 0.4444444478
99074  -27.308  17.571  -49.080 0.3333333433
99108  -26.398  17.330  -51.578 0.3333333433
99116  -24.609  17.338  -53.603 0.3333333433
99123  -24.098  17.202  -54.467 0.3333333433
99132  -20.365  18.532  -56.735 0.1111111119
99975  -15.370  18.417  -42.554 0.2222222239
100007  -24.316  18.448  -47.864 0.1111111119
100022  -27.187  18.317  -49.389 0.2222222239
100044  -26.749  18.376  -50.939 0.1111111119
100073  -21.724  18.174  -55.298 0.1111111119
100091  -21.154  18.429  -58.720 0.1111111119
100102  -23.248  18.345  -60.230 0.1111111119
100926  -25.681  19.287  -49.206 0.1111111119
100941  -26.633  19.623  -49.967 0.1111111119
100963  -25.467  19.322  -52.267 0.1111111119
100973  -22.292  19.532  -54.125 0.1111111119
101825  -26.182  20.031  -49.721 0.1111111119
101875  -19.063  20.761  -56.784 0.1111111119
102774  -25.646  21.748  -50.281 0.1111111119
102788  -23.859  21.884  -52.843 0.1111111119
102828  -18.478  22.229  -56.829 0.1111111119
103676  -25.323  22.512  -49.131 0.1111111119
103739  -18.616  22.624  -56.961 0.1111111119
104602  -25.188  23.228  -49.591 0.1111111119
104628  -24.869  23.834  -51.156 0.1111111119
105603  -24.517  24.576  -51.122 0.1111111119
105610  -18.227  24.797  -55.717 0.1111111119
141895  -23.664  25.198  -52.072 0.1111111119
143727  -24.515  -3.007  -43.540 0.4444444478
144907  -24.450  14.888  -55.920 0.3333333433
145741  -29.039  12.238  -48.568 0.7777777910
145959  -21.519  11.981  -48.732 0.7777777910
146941  -24.879  16.142  -48.319 0.5555555820
147411  -24.608  9.733  -48.257 0.8888888955
148107  -24.280  12.718  -48.379 0.7777777910
148110  -21.234  12.868  -48.692 0.7777777910
149743  -22.416  -3.082  -43.835 0.5555555820
149929  -19.869  15.098  -48.923 0.5555555820
149992  -27.393  13.259  -48.576 0.6666666865
150336  -26.444  14.014  -48.388 0.6666666865
152556  -24.771  13.757  -48.315 0.6666666865
154474  -19.188  -8.516  -37.724 0.3333333433
155289  -29.939  -2.485  -42.705 0.3333333433
156432  -22.137  6.067  -47.372 0.6666666865
157196  -16.138  12.859  -45.054 0.2222222239
158355  -24.760  2.666  -46.116 1.0000000000
159414  -26.019  12.224  -48.521 0.7777777910
159545  -25.286  1.131  -45.138 1.0000000000
163005  -22.718  5.684  -47.275 0.6666666865
163641  -30.505  12.764  -51.916 0.6666666865
163732  -20.983  10.580  -48.677 0.7777777910
164277  -30.005  -5.739  -42.852 0.1111111119
164345  -27.791  -2.518  -42.914 0.3333333433
165015  -28.131  13.326  -48.755 0.6666666865
165585  -19.708  10.693  -48.328 0.5555555820
166671  -17.691  10.698  -46.516 0.4444444478
167100  -26.600  15.273  -60.522 0.1111111119
167617  -21.500  20.071  -59.029 0.1111111119
167788  -19.091  17.001  -48.880 0.6666666865
167988  -18.795  12.835  -48.318 0.7777777910
168008  -30.814  2.495  -46.578 1.0000000000
168471  -23.675  19.951  -59.412 0.1111111119
168640  -32.530  -0.726  -48.488 0.5555555820
169013  -21.621  20.798  -57.175 0.1111111119
169251  -29.529  -5.370  -42.128 0.1111111119
169312  -27.208  16.268  -48.612 0.5555555820
170643  -14.137  16.745  -40.887 0.1111111119
171023  -19.245  -6.545  -38.626 0.3333333433
171348  -27.367  13.757  -54.937 0.5555555820
171708  -22.265  6.729  -47.538 0.6666666865
171770  -23.484  23.991  -52.647 0.1111111119
172349  -24.966  4.791  -47.013 1.0000000000
172574  -23.879  4.220  -46.746 1.0000000000
172747  -25.998  20.492  -51.326 0.1111111119
172766  -35.020  -2.036  -48.513 0.1111111119
