#!ascii label  , from subject sub-v2s7x29796_ses-1 vox2ras=TkReg
1154
81851  26.367  8.376  -45.744 0.2500000000
81850  27.258  8.458  -45.751 0.2500000000
147369  26.982  11.331  -47.883 0.2500000000
144929  27.169  10.344  -47.953 0.1250000000
144991  28.233  11.147  -47.485 0.3750000000
82887  27.484  10.069  -47.459 0.2500000000
81879  26.241  9.525  -46.710 0.2500000000
144927  28.848  9.274  -45.988 0.7500000000
81867  27.543  9.207  -46.197 0.3750000000
80873  28.656  7.714  -45.610 0.8750000000
81849  28.205  8.626  -45.808 0.8750000000
83854  28.440  10.671  -46.934 0.3750000000
82878  28.084  10.159  -47.158 0.3750000000
82864  28.628  10.028  -46.442 0.8750000000
81866  28.140  9.496  -46.444 0.7500000000
81863  31.701  8.980  -46.118 1.0000000000
81864  30.816  9.076  -46.146 1.0000000000
81847  30.450  8.300  -45.786 1.0000000000
81865  29.806  9.041  -46.007 0.8750000000
81846  31.877  7.912  -45.473 1.0000000000
147828  27.639  11.425  -47.862 0.2500000000
84877  29.418  11.019  -46.649 0.7500000000
83837  30.679  10.607  -46.719 0.8750000000
83838  29.877  10.370  -46.451 0.8750000000
83839  29.016  10.567  -46.514 0.7500000000
82860  32.833  9.467  -46.392 1.0000000000
82861  31.476  9.543  -46.440 1.0000000000
160703  31.928  9.871  -46.687 1.0000000000
81861  34.237  9.160  -46.021 1.0000000000
81862  32.423  8.959  -46.037 1.0000000000
162528  32.006  8.513  -45.785 1.0000000000
147801  31.321  8.394  -45.794 1.0000000000
84907  26.301  11.698  -47.864 0.1250000000
84888  29.600  11.688  -46.930 0.6250000000
83853  31.388  10.817  -47.044 1.0000000000
84887  30.636  11.448  -47.010 0.8750000000
83852  32.020  10.370  -46.991 1.0000000000
82857  34.848  9.805  -46.582 1.0000000000
82875  34.077  10.187  -46.840 1.0000000000
82876  33.313  10.018  -46.754 1.0000000000
83851  33.636  10.612  -47.282 1.0000000000
82856  35.895  9.506  -46.614 1.0000000000
82859  33.506  9.471  -46.325 1.0000000000
160515  37.345  8.410  -46.946 1.0000000000
81860  35.369  9.064  -46.057 1.0000000000
87819  29.616  14.769  -48.521 0.2500000000
85930  27.740  12.470  -47.920 0.2500000000
85920  28.607  12.531  -47.682 0.3750000000
143061  28.931  11.997  -47.256 0.5000000000
85917  31.984  11.864  -47.694 1.0000000000
85919  29.510  12.597  -47.356 0.6250000000
143726  31.434  11.492  -47.313 1.0000000000
83866  33.971  11.089  -47.842 1.0000000000
83867  33.178  11.104  -47.777 1.0000000000
166434  36.048  10.274  -47.452 1.0000000000
84901  35.340  11.383  -48.491 1.0000000000
83847  37.376  10.169  -48.300 1.0000000000
145539  37.525  8.908  -47.487 1.0000000000
82884  38.045  9.883  -48.818 1.0000000000
143309  38.333  9.044  -48.704 1.0000000000
168714  31.306  14.617  -48.362 0.5000000000
148802  30.059  14.245  -48.106 0.3750000000
86896  29.276  14.024  -48.217 0.3750000000
86882  30.003  13.521  -47.629 0.5000000000
160968  31.504  13.492  -48.008 0.5000000000
85929  32.296  12.349  -48.186 0.8750000000
161144  32.571  11.730  -48.060 1.0000000000
86893  32.483  12.541  -48.749 1.0000000000
84902  34.226  11.377  -48.552 1.0000000000
84904  32.980  11.424  -48.378 1.0000000000
84899  37.137  11.401  -49.037 1.0000000000
84900  36.339  11.595  -48.834 1.0000000000
84914  38.395  10.936  -49.937 1.0000000000
83877  38.287  10.349  -49.470 1.0000000000
82895  38.542  9.510  -49.456 0.8750000000
152151  31.950  14.798  -48.647 0.5000000000
86895  30.877  14.022  -47.987 0.5000000000
86908  32.252  14.107  -48.820 0.6250000000
85956  32.581  12.222  -50.846 0.6250000000
85944  32.708  12.099  -49.646 1.0000000000
84929  33.344  11.515  -50.366 1.0000000000
85966  37.588  12.536  -51.296 1.0000000000
86915  36.902  12.678  -50.983 1.0000000000
85954  35.827  12.585  -50.204 1.0000000000
85943  35.147  12.129  -49.779 1.0000000000
85951  38.074  12.180  -50.852 1.0000000000
84927  37.788  12.113  -50.188 1.0000000000
84916  36.213  12.191  -49.329 1.0000000000
84940  38.693  11.668  -51.385 0.8750000000
84926  38.294  11.608  -50.402 1.0000000000
82902  39.029  10.200  -51.129 0.8750000000
87831  32.487  14.108  -49.463 0.5000000000
145044  32.556  13.163  -49.979 0.8750000000
84957  33.262  11.534  -52.536 1.0000000000
84949  33.423  11.466  -51.840 1.0000000000
86923  37.063  12.734  -51.773 1.0000000000
85980  35.031  12.410  -52.133 1.0000000000
85955  34.790  12.132  -50.578 1.0000000000
148181  36.555  13.043  -53.064 1.0000000000
84939  39.146  11.468  -52.528 1.0000000000
85965  38.306  12.306  -51.664 1.0000000000
86937  37.205  12.856  -52.605 1.0000000000
85979  38.488  12.429  -52.499 1.0000000000
87832  32.339  14.890  -49.183 0.5000000000
170151  32.531  14.034  -50.212 0.8750000000
86916  32.357  13.313  -51.083 1.0000000000
86961  33.303  12.790  -54.784 1.0000000000
84958  32.913  11.653  -52.885 1.0000000000
84959  32.647  12.079  -53.098 1.0000000000
87873  36.036  13.953  -55.188 1.0000000000
86959  35.264  13.222  -54.364 1.0000000000
87872  37.002  14.052  -55.198 1.0000000000
86958  36.416  13.565  -54.385 1.0000000000
86950  35.973  13.198  -53.609 1.0000000000
86948  38.374  13.197  -54.204 1.0000000000
166449  36.746  13.272  -53.790 1.0000000000
86935  38.754  12.645  -53.449 0.8750000000
90813  31.863  16.707  -55.478 1.0000000000
153699  32.686  17.459  -53.702 0.3750000000
87875  32.621  13.870  -55.041 1.0000000000
87880  35.584  14.476  -55.991 1.0000000000
87881  34.395  13.806  -55.853 1.0000000000
91833  31.005  17.896  -56.314 0.8750000000
90814  31.248  16.899  -56.340 1.0000000000
89815  31.489  15.907  -56.284 1.0000000000
89819  31.355  16.361  -57.075 1.0000000000
88866  32.304  14.477  -55.807 1.0000000000
87885  34.530  14.412  -56.361 1.0000000000
88876  34.105  15.767  -57.582 1.0000000000
87884  35.598  15.122  -56.653 1.0000000000
91826  30.704  18.735  -56.289 0.7500000000
89825  30.848  16.715  -57.862 1.0000000000
89824  31.613  16.398  -57.887 1.0000000000
89822  33.650  16.355  -58.107 1.0000000000
89823  32.482  16.267  -57.992 1.0000000000
90819  30.699  17.238  -57.199 1.0000000000
89829  31.238  16.808  -58.485 1.0000000000
89828  32.179  16.838  -58.512 1.0000000000
99592  24.767  26.806  -54.554 0.1250000000
99582  24.693  27.382  -53.101 0.1250000000
99604  23.984  25.955  -55.640 0.2500000000
148102  24.169  26.858  -54.952 0.1250000000
98679  23.636  25.205  -55.936 0.3750000000
99605  23.715  26.808  -55.439 0.2500000000
165228  23.411  25.586  -55.883 0.5000000000
99615  23.375  26.633  -56.146 0.2500000000
99623  23.235  26.334  -56.946 0.3750000000
99594  24.090  27.618  -54.592 0.2500000000
99606  23.589  27.081  -55.559 0.2500000000
162017  23.355  27.911  -55.575 0.2500000000
158790  22.462  29.421  -56.303 0.2500000000
100519  23.153  27.776  -56.068 0.2500000000
100538  21.999  28.795  -57.332 0.2500000000
140784  22.878  27.507  -56.845 0.3750000000
139978  22.771  28.684  -56.262 0.2500000000
138789  22.181  28.336  -57.827 0.3750000000
139722  20.786  30.018  -58.497 0.2500000000
81870  25.034  8.934  -46.000 0.1250000000
79811  27.872  9.181  -48.358 0.2500000000
82880  25.805  10.426  -47.073 0.1250000000
81844  34.930  8.472  -45.471 1.0000000000
85970  32.386  12.385  -51.824 0.8750000000
86951  35.177  12.835  -53.551 1.0000000000
80878  24.007  7.553  -45.188 0.1250000000
80874  27.838  7.539  -45.574 0.6250000000
164041  27.971  6.618  -45.475 0.7500000000
157047  25.946  11.098  -47.561 0.1250000000
78689  29.311  6.240  -45.363 1.0000000000
82866  24.699  9.509  -46.262 0.1250000000
80871  31.092  7.665  -45.514 1.0000000000
80869  33.386  7.776  -44.966 1.0000000000
165727  35.921  8.373  -45.715 1.0000000000
85931  26.889  12.993  -48.158 0.3750000000
87821  27.622  14.243  -48.782 0.2500000000
86897  28.392  13.770  -48.337 0.2500000000
81891  38.679  8.449  -49.573 0.8750000000
82910  39.178  9.875  -52.036 0.8750000000
163765  38.810  9.141  -50.200 0.8750000000
149115  39.463  10.990  -53.462 0.8750000000
90793  32.821  17.783  -52.032 0.1250000000
90787  32.786  17.451  -51.234 0.1250000000
88819  32.086  15.600  -48.927 0.3750000000
87847  32.304  14.100  -51.777 0.6250000000
148228  37.484  13.608  -54.580 1.0000000000
84956  39.440  11.683  -53.729 0.8750000000
91820  32.340  17.908  -54.580 0.5000000000
153020  31.615  17.809  -55.572 0.8750000000
90800  32.796  17.010  -52.775 0.3750000000
145042  32.624  16.108  -53.025 0.8750000000
88865  36.681  15.474  -56.679 1.0000000000
88875  35.604  16.357  -57.640 1.0000000000
91834  30.042  18.705  -56.919 0.8750000000
90828  29.456  17.644  -58.486 1.0000000000
90826  30.823  17.172  -58.994 1.0000000000
89827  33.291  17.021  -58.568 1.0000000000
99569  25.220  27.267  -52.825 0.1250000000
98665  26.021  25.711  -54.776 0.1250000000
96786  25.997  23.077  -56.797 0.6250000000
98689  24.012  24.477  -56.178 0.6250000000
98702  23.829  24.931  -57.208 0.5000000000
99593  24.462  27.413  -54.191 0.2500000000
98703  23.512  25.745  -57.792 0.5000000000
101421  24.209  28.099  -53.719 0.2500000000
141867  23.712  28.459  -54.602 0.2500000000
138788  22.772  27.159  -57.674 0.5000000000
99634  23.132  26.610  -58.239 0.5000000000
139580  22.971  29.341  -55.324 0.1250000000
140541  21.518  29.476  -57.508 0.2500000000
139720  19.293  29.152  -58.904 0.2500000000
100546  22.699  27.669  -58.451 0.3750000000
158812  20.337  29.046  -59.039 0.2500000000
81852  25.476  8.274  -45.706 0.1250000000
80875  26.873  7.585  -45.569 0.5000000000
82879  26.428  10.022  -47.191 0.1250000000
81848  29.367  8.244  -45.735 0.8750000000
79793  29.357  7.194  -45.523 1.0000000000
80872  30.231  7.475  -45.527 1.0000000000
147780  30.098  9.609  -46.252 1.0000000000
81845  32.726  8.317  -45.511 1.0000000000
154485  33.814  8.433  -45.445 1.0000000000
143344  32.741  10.588  -47.255 1.0000000000
82872  37.101  9.645  -47.593 1.0000000000
83850  34.647  10.559  -47.298 1.0000000000
160596  36.789  9.077  -46.853 1.0000000000
167362  36.191  8.870  -46.251 1.0000000000
163724  28.248  13.112  -47.992 0.3750000000
163115  30.358  12.789  -47.371 0.5000000000
84885  32.614  11.267  -47.726 1.0000000000
84903  33.426  11.368  -48.560 1.0000000000
83848  36.552  10.376  -47.840 1.0000000000
83849  35.609  10.724  -47.732 1.0000000000
83864  36.183  11.015  -48.252 1.0000000000
83863  36.922  10.906  -48.514 1.0000000000
142020  38.771  10.071  -50.246 1.0000000000
86881  30.935  13.196  -47.615 0.6250000000
86894  32.118  13.247  -48.431 0.6250000000
84920  33.129  11.588  -49.418 1.0000000000
84930  32.934  11.677  -50.624 1.0000000000
84917  35.594  11.961  -49.194 1.0000000000
84918  34.623  11.620  -49.215 1.0000000000
84928  34.081  11.564  -50.058 1.0000000000
168700  38.052  10.901  -49.501 1.0000000000
83881  38.735  10.899  -50.759 0.8750000000
81898  38.722  8.281  -50.807 0.8750000000
84943  32.740  11.739  -51.600 1.0000000000
84941  33.687  11.518  -50.958 1.0000000000
86922  37.804  12.675  -52.103 1.0000000000
85952  37.373  12.478  -50.534 1.0000000000
85967  36.275  12.662  -50.799 1.0000000000
86924  36.364  12.712  -51.481 1.0000000000
83890  39.076  10.782  -51.739 0.8750000000
86952  34.279  12.487  -53.932 1.0000000000
84950  32.943  11.504  -52.142 1.0000000000
85987  34.573  12.333  -53.050 1.0000000000
85981  33.990  11.752  -52.433 1.0000000000
86938  36.449  12.846  -52.262 1.0000000000
85968  35.528  12.524  -51.205 1.0000000000
86939  35.665  12.854  -52.776 1.0000000000
86949  37.374  13.099  -53.503 1.0000000000
86936  38.014  12.844  -52.999 1.0000000000
146133  32.504  14.556  -50.854 0.6250000000
86926  32.237  13.187  -52.034 0.7500000000
86940  32.315  12.657  -52.750 1.0000000000
85996  32.949  12.426  -54.235 1.0000000000
86962  32.813  13.012  -54.580 1.0000000000
85995  33.412  12.346  -54.137 1.0000000000
86967  33.038  13.296  -55.355 1.0000000000
87882  33.473  13.781  -55.996 1.0000000000
86966  33.798  13.256  -55.384 1.0000000000
151227  37.099  14.896  -56.079 1.0000000000
87874  34.843  13.557  -55.276 1.0000000000
86960  34.080  12.835  -54.728 1.0000000000
90806  32.449  16.953  -54.525 0.7500000000
149206  32.238  16.049  -54.949 1.0000000000
89796  32.563  16.380  -53.875 0.7500000000
87863  32.402  13.540  -54.098 1.0000000000
87883  32.720  13.843  -55.740 1.0000000000
149131  32.327  14.522  -54.324 1.0000000000
88856  32.338  14.623  -55.052 1.0000000000
87886  33.639  14.411  -56.552 1.0000000000
167849  30.466  18.065  -56.863 0.8750000000
89814  32.091  15.149  -55.435 1.0000000000
88874  31.716  15.501  -56.770 1.0000000000
88877  32.597  15.506  -57.366 1.0000000000
88872  33.178  14.861  -56.940 1.0000000000
88873  32.188  14.840  -56.544 1.0000000000
88871  34.711  15.256  -56.985 1.0000000000
89830  30.562  16.960  -58.430 1.0000000000
90825  31.755  17.283  -59.019 1.0000000000
90827  30.036  17.331  -58.777 1.0000000000
91837  29.791  17.786  -57.661 1.0000000000
99581  25.408  26.931  -53.666 0.1250000000
98666  25.077  25.987  -55.222 0.1250000000
98653  25.521  26.371  -54.418 0.1250000000
100501  24.389  27.722  -53.304 0.2500000000
99614  23.441  26.028  -55.881 0.2500000000
98677  25.511  25.188  -55.565 0.3750000000
98678  24.297  25.094  -55.817 0.5000000000
98691  23.487  25.416  -56.752 0.5000000000
97725  24.101  24.206  -56.698 0.7500000000
158900  19.573  29.183  -58.429 0.2500000000
139939  21.927  28.825  -58.422 0.2500000000
80876  25.945  7.540  -45.530 0.2500000000
79782  23.458  6.941  -44.171 0.1250000000
79798  24.428  6.889  -45.059 0.1250000000
79796  26.356  6.745  -45.398 0.6250000000
79795  27.263  6.732  -45.460 0.7500000000
79791  30.905  6.891  -45.236 1.0000000000
89783  32.744  16.491  -51.095 0.5000000000
88829  32.625  15.584  -50.504 0.6250000000
87855  32.186  13.664  -52.621 0.8750000000
88835  32.536  15.288  -51.647 0.7500000000
153932  32.222  14.325  -53.317 0.8750000000
89789  32.691  16.243  -52.169 0.7500000000
88839  32.456  15.352  -52.695 0.8750000000
88847  32.431  15.384  -53.633 1.0000000000
89805  32.344  15.373  -54.546 1.0000000000
91838  29.026  18.170  -58.167 1.0000000000
91848  29.379  18.038  -59.182 1.0000000000
90830  32.389  18.097  -59.384 1.0000000000
97706  26.560  25.008  -55.204 0.3750000000
96787  25.122  23.226  -56.965 0.7500000000
97724  24.569  23.882  -56.615 0.7500000000
97723  25.318  23.787  -56.540 0.5000000000
97735  24.689  23.556  -57.204 0.7500000000
101462  22.312  29.057  -58.804 0.2500000000
100556  23.156  28.177  -59.082 0.3750000000
74294  26.390  1.785  -43.008 0.7500000000
74307  28.901  2.187  -43.288 0.7500000000
169171  25.776  1.989  -42.670 0.7500000000
74311  25.935  2.298  -43.255 0.7500000000
75318  28.994  2.681  -44.082 0.7500000000
75320  27.008  1.988  -44.098 0.7500000000
75330  27.480  2.652  -44.348 0.7500000000
75331  26.659  2.701  -44.221 0.7500000000
76404  30.198  3.686  -44.031 0.7500000000
76405  29.521  3.317  -44.179 0.7500000000
76406  28.871  3.339  -44.436 0.7500000000
78680  27.192  5.100  -45.107 0.7500000000
78691  27.649  5.916  -45.341 0.6250000000
77556  28.604  4.186  -44.804 0.7500000000
78678  29.229  5.157  -45.028 0.8750000000
78679  28.146  5.086  -45.166 0.8750000000
77544  30.843  4.238  -43.710 0.7500000000
161378  30.416  4.329  -44.255 0.7500000000
78677  30.243  4.940  -44.646 0.7500000000
78688  30.125  5.730  -45.091 0.8750000000
79792  30.100  6.604  -45.323 0.8750000000
78665  31.868  5.281  -43.696 0.7500000000
78675  31.500  5.654  -44.277 0.7500000000
165181  31.465  6.349  -44.715 0.8750000000
80859  31.682  7.190  -45.096 0.8750000000
79777  33.788  6.696  -44.132 0.7500000000
80858  33.107  7.169  -44.487 0.8750000000
79789  36.615  6.769  -45.491 0.8750000000
80867  35.532  7.748  -45.156 0.8750000000
80866  36.374  7.598  -45.554 0.8750000000
81859  36.794  8.212  -46.251 0.8750000000
79824  37.706  5.757  -50.090 0.3750000000
79816  38.206  6.555  -49.117 0.6250000000
80888  38.285  7.359  -48.287 0.7500000000
81875  37.936  8.086  -47.584 0.7500000000
79831  37.730  6.011  -51.053 0.5000000000
79823  38.063  6.492  -50.353 0.5000000000
80900  38.487  7.402  -50.495 0.7500000000
78731  38.155  6.524  -51.826 0.1250000000
148446  38.103  6.870  -51.896 0.3750000000
80907  38.249  7.208  -51.629 0.6250000000
81907  38.694  8.062  -51.851 0.6250000000
78729  40.359  6.045  -52.172 0.1250000000
79837  40.206  6.669  -52.842 0.1250000000
80921  39.367  7.412  -53.128 0.1250000000
80922  40.907  7.866  -54.211 0.1250000000
81913  39.308  8.618  -53.345 0.6250000000
82918  39.773  9.270  -54.177 0.6250000000
83897  39.301  10.480  -52.779 0.7500000000
79839  41.140  7.288  -53.625 0.1250000000
82917  41.465  9.175  -54.056 0.1250000000
83902  40.913  9.928  -55.435 0.1250000000
83903  40.334  9.996  -54.871 0.5000000000
144847  39.881  10.898  -54.569 0.6250000000
84962  40.082  11.881  -54.955 0.7500000000
80917  41.410  7.095  -53.150 0.1250000000
83904  40.894  10.731  -55.512 0.5000000000
84963  40.953  11.696  -55.781 0.5000000000
85993  40.788  12.154  -55.890 0.6250000000
85986  39.357  12.420  -54.105 0.7500000000
92825  30.282  19.517  -56.264 0.6250000000
93866  29.199  20.349  -56.526 0.5000000000
92826  29.467  19.463  -56.916 0.7500000000
86965  40.351  13.819  -56.242 0.6250000000
86957  38.654  14.032  -55.574 0.6250000000
88860  40.685  14.915  -56.118 0.5000000000
87869  39.779  14.565  -56.399 0.6250000000
87870  39.224  15.211  -56.590 0.6250000000
87879  38.461  15.620  -56.608 0.7500000000
92827  28.650  19.840  -57.273 0.7500000000
87871  37.983  14.535  -55.844 0.8750000000
89821  34.995  16.769  -58.130 0.8750000000
89826  34.496  17.294  -58.637 0.8750000000
88864  37.737  15.893  -56.763 0.7500000000
89818  36.681  16.979  -57.551 0.8750000000
89820  36.127  17.292  -58.026 0.8750000000
90821  35.563  17.670  -58.488 0.8750000000
90823  35.056  18.157  -59.060 0.8750000000
88854  40.536  15.728  -55.592 0.3750000000
88861  40.161  15.525  -56.488 0.5000000000
88862  39.428  16.146  -56.532 0.5000000000
88868  37.796  16.448  -56.714 0.6250000000
88846  39.963  16.280  -55.186 0.2500000000
89802  39.514  16.494  -55.914 0.3750000000
89812  38.275  16.583  -56.402 0.5000000000
93867  28.431  20.623  -56.875 0.6250000000
93874  27.916  20.202  -57.552 0.7500000000
92829  28.790  18.966  -57.750 0.8750000000
91839  28.546  18.687  -58.480 0.8750000000
90824  32.878  17.553  -59.054 0.8750000000
91845  32.902  19.001  -59.624 0.7500000000
91843  34.457  18.826  -59.439 0.8750000000
89817  37.267  16.693  -57.105 0.6250000000
90818  36.580  17.664  -57.732 0.7500000000
89811  38.955  16.443  -56.342 0.3750000000
89804  37.700  16.993  -55.665 0.5000000000
91840  35.442  18.894  -58.393 0.7500000000
89803  38.473  16.701  -55.320 0.2500000000
160623  27.445  21.385  -56.893 0.6250000000
92830  28.152  19.389  -58.021 0.8750000000
170159  29.002  18.836  -59.381 0.8750000000
91847  30.255  18.518  -59.592 0.8750000000
93883  28.685  20.319  -59.535 0.7500000000
92837  32.328  19.653  -59.800 0.8750000000
93876  34.345  20.165  -59.225 0.7500000000
91836  36.113  18.211  -57.947 0.5000000000
90805  36.339  17.866  -55.123 0.2500000000
146421  36.303  17.925  -56.324 0.5000000000
90804  37.030  17.376  -56.011 0.5000000000
89795  37.586  17.110  -54.360 0.2500000000
96785  27.055  22.635  -56.639 0.5000000000
94875  26.878  21.741  -56.998 0.5000000000
94883  26.457  21.679  -57.424 0.6250000000
94886  26.946  21.190  -58.412 0.7500000000
92841  27.810  20.091  -59.078 0.7500000000
161015  27.468  20.838  -58.951 0.7500000000
94891  29.032  21.195  -59.540 0.7500000000
161068  30.719  20.846  -59.775 0.7500000000
93882  29.784  20.633  -59.673 0.7500000000
94893  27.503  21.543  -59.141 0.7500000000
93881  31.507  20.757  -59.873 0.7500000000
94889  32.209  21.138  -59.535 0.7500000000
94890  31.244  21.182  -59.535 0.7500000000
93872  34.595  20.371  -58.101 0.5000000000
93873  34.100  20.960  -58.301 0.3750000000
93877  33.788  20.905  -59.039 0.6250000000
92815  35.013  18.999  -55.285 0.2500000000
92824  34.933  19.191  -56.506 0.3750000000
162419  33.966  20.555  -56.486 0.3750000000
96802  25.306  22.914  -57.335 0.6250000000
95823  25.874  22.316  -57.483 0.7500000000
95832  26.780  22.816  -58.910 0.7500000000
94892  28.416  21.979  -59.476 0.7500000000
95825  29.927  21.913  -58.806 0.7500000000
94885  30.748  21.579  -58.846 0.6250000000
94871  33.037  21.565  -56.982 0.3750000000
162090  32.095  21.706  -58.018 0.3750000000
92811  34.624  19.619  -54.533 0.1250000000
94848  33.261  21.349  -55.341 0.1250000000
94862  33.475  21.125  -56.493 0.2500000000
96812  25.172  23.223  -57.865 0.6250000000
96811  25.955  23.083  -58.423 0.7500000000
95831  27.588  22.462  -59.270 0.6250000000
95826  29.179  22.637  -58.996 0.7500000000
95824  31.193  21.860  -58.138 0.3750000000
162007  30.500  22.072  -58.309 0.3750000000
95799  32.214  22.254  -55.903 0.2500000000
95811  32.334  21.999  -56.925 0.3750000000
94881  31.767  21.510  -58.957 0.6250000000
164549  33.272  21.844  -53.509 0.1250000000
149676  33.221  21.628  -54.327 0.1250000000
93836  34.233  20.393  -53.902 0.1250000000
97747  24.879  24.051  -58.112 0.6250000000
96814  27.612  23.410  -59.319 0.3750000000
96815  26.784  23.755  -59.113 0.3750000000
96810  28.799  23.592  -58.867 0.3750000000
96783  30.141  23.830  -56.774 0.2500000000
95822  30.704  22.550  -57.695 0.3750000000
148024  31.758  23.194  -54.442 0.1250000000
142929  31.606  22.630  -56.321 0.3750000000
95821  31.481  22.316  -57.305 0.3750000000
95774  33.111  22.398  -52.881 0.1250000000
99633  24.416  26.114  -59.171 0.3750000000
98713  24.144  25.360  -58.392 0.3750000000
97746  25.811  23.977  -58.660 0.3750000000
98719  26.616  25.711  -59.450 0.3750000000
97750  26.746  24.735  -59.254 0.3750000000
97745  28.556  25.068  -58.593 0.3750000000
160557  28.558  24.322  -58.839 0.3750000000
96813  28.251  23.932  -59.249 0.3750000000
96800  29.617  24.036  -57.470 0.3750000000
96799  30.149  23.282  -57.536 0.3750000000
96809  29.480  23.417  -58.252 0.3750000000
98662  31.189  25.343  -54.359 0.1250000000
96769  31.097  23.311  -55.777 0.1250000000
97721  30.194  24.359  -56.050 0.2500000000
96749  32.181  23.796  -53.219 0.1250000000
99641  26.367  26.662  -59.652 0.2500000000
99640  27.336  26.434  -59.678 0.2500000000
98720  25.776  25.954  -59.336 0.3750000000
98701  29.198  25.747  -57.466 0.1250000000
98717  28.314  25.764  -59.114 0.3750000000
98718  27.659  25.452  -59.450 0.3750000000
97722  29.571  25.426  -56.752 0.1250000000
97734  28.897  25.203  -57.964 0.2500000000
99601  30.724  27.017  -55.705 0.1250000000
96784  29.748  24.591  -56.730 0.1250000000
99642  24.317  27.007  -59.430 0.3750000000
156059  25.295  26.715  -59.526 0.3750000000
100553  26.057  27.684  -59.937 0.2500000000
99630  29.071  27.073  -58.546 0.1250000000
100551  28.363  27.652  -59.633 0.1250000000
100545  28.832  27.534  -59.183 0.1250000000
100518  31.558  27.357  -55.390 0.1250000000
100536  30.301  27.683  -57.535 0.1250000000
101457  27.702  28.663  -59.633 0.1250000000
101444  29.868  28.299  -58.363 0.1250000000
101451  29.184  28.889  -58.952 0.1250000000
101432  31.783  28.186  -56.825 0.1250000000
101426  32.082  27.866  -55.959 0.1250000000
79778  32.310  6.834  -44.549 0.8750000000
143364  37.524  6.771  -46.730 0.6250000000
85997  40.953  12.625  -56.088 0.6250000000
88869  37.304  16.164  -57.022 0.8750000000
90812  36.984  17.333  -57.113 0.5000000000
94874  26.951  21.186  -57.307 0.6250000000
92831  27.658  19.954  -58.254 0.8750000000
92840  28.492  19.380  -59.263 0.8750000000
92839  29.861  19.097  -59.674 0.8750000000
150960  30.554  20.196  -59.979 0.7500000000
93880  32.527  20.506  -59.716 0.7500000000
92836  33.274  19.794  -59.648 0.7500000000
92823  35.520  18.833  -57.603 0.5000000000
92828  35.036  19.549  -57.819 0.5000000000
92832  34.889  19.747  -58.767 0.7500000000
98676  30.292  25.699  -55.565 0.1250000000
99631  28.506  26.774  -59.250 0.2500000000
149713  29.292  27.923  -58.774 0.1250000000
101433  31.032  27.930  -57.179 0.1250000000
81916  39.307  7.878  -53.339 0.5000000000
81906  39.061  8.855  -52.393 0.6250000000
82903  38.984  9.245  -51.197 0.7500000000
85992  41.108  12.231  -55.863 0.3750000000
87877  41.077  14.167  -56.021 0.3750000000
88844  40.798  15.338  -54.276 0.2500000000
91841  35.182  18.934  -59.046 0.7500000000
99603  29.898  25.948  -56.152 0.1250000000
88845  40.307  15.878  -54.419 0.1250000000
168318  25.772  0.870  -41.547 0.7500000000
73246  25.385  1.322  -41.659 0.7500000000
74295  25.118  1.943  -42.048 0.7500000000
75303  25.249  2.372  -42.538 0.7500000000
73258  27.345  1.005  -42.572 0.7500000000
74293  26.985  1.557  -43.202 0.7500000000
77558  25.770  4.356  -44.495 0.6250000000
148599  27.111  3.434  -44.588 0.7500000000
76396  30.602  3.632  -43.163 0.6250000000
77543  31.501  4.672  -43.487 0.7500000000
78664  32.760  5.334  -43.471 0.6250000000
79776  34.733  6.515  -44.271 0.6250000000
79802  37.128  6.357  -46.084 0.5000000000
78702  37.174  5.179  -47.442 0.3750000000
163133  37.378  5.945  -46.783 0.5000000000
78723  37.837  5.518  -50.425 0.1250000000
78727  38.146  5.829  -51.500 0.1250000000
78726  39.381  5.531  -51.743 0.1250000000
78724  41.545  5.856  -51.214 0.1250000000
80913  41.722  7.068  -52.331 0.1250000000
168499  41.717  8.442  -52.595 0.1250000000
82915  41.640  9.225  -52.887 0.1250000000
93865  29.850  20.129  -56.205 0.3750000000
83896  41.589  10.290  -53.326 0.1250000000
83899  41.281  9.971  -54.773 0.1250000000
85985  41.533  12.778  -54.306 0.1250000000
87867  41.292  13.987  -55.057 0.2500000000
87868  41.005  14.856  -55.282 0.2500000000
147006  27.970  22.117  -56.338 0.5000000000
89794  38.213  16.833  -53.776 0.1250000000
89793  39.080  16.518  -54.454 0.2500000000
91812  36.226  18.032  -53.132 0.1250000000
92804  34.776  19.652  -53.555 0.1250000000
93823  34.514  20.237  -53.025 0.1250000000
96771  26.413  23.959  -56.306 0.3750000000
94823  33.599  21.649  -52.834 0.1250000000
95759  33.121  23.186  -52.190 0.1250000000
94815  33.563  22.285  -52.097 0.1250000000
99579  31.582  25.898  -54.025 0.1250000000
100500  33.032  26.860  -53.700 0.1250000000
101418  24.212  28.036  -52.859 0.1250000000
101460  24.681  28.813  -59.767 0.2500000000
101459  25.719  28.665  -59.861 0.1250000000
101454  25.271  29.302  -59.519 0.1250000000
101456  28.413  29.029  -59.293 0.1250000000
101443  30.620  28.432  -58.082 0.1250000000
101425  32.901  27.777  -55.902 0.1250000000
101442  31.424  28.569  -57.743 0.1250000000
81883  38.012  8.731  -48.067 0.7500000000
86947  39.170  12.995  -54.424 0.7500000000
91821  31.826  18.747  -54.975 0.3750000000
148126  34.056  17.858  -59.197 0.8750000000
80868  34.463  7.731  -44.915 0.8750000000
78690  28.484  5.982  -45.365 0.7500000000
80870  32.481  7.536  -45.009 0.8750000000
81874  38.380  8.200  -48.522 0.7500000000
82916  39.304  9.536  -53.132 0.6250000000
90832  30.393  17.781  -59.331 0.8750000000
154145  31.030  18.557  -59.694 0.8750000000
90829  33.487  18.409  -59.456 0.8750000000
150474  23.723  26.247  -58.824 0.3750000000
99643  23.419  27.187  -59.108 0.3750000000
100555  24.039  28.042  -59.625 0.2500000000
167819  26.430  2.213  -43.814 0.7500000000
73260  25.953  1.602  -42.368 0.7500000000
147097  28.348  2.124  -43.983 0.7500000000
74292  27.591  1.458  -43.100 0.7500000000
74291  28.469  1.492  -42.783 0.7500000000
75317  29.754  3.022  -43.475 0.7500000000
168945  25.256  2.836  -42.897 0.7500000000
75321  25.967  2.835  -43.922 0.7500000000
75329  28.270  2.640  -44.284 0.7500000000
76407  28.013  3.381  -44.607 0.7500000000
77555  29.620  4.090  -44.514 0.7500000000
164783  26.668  4.266  -44.787 0.7500000000
162521  26.184  5.111  -44.946 0.6250000000
77557  27.628  4.216  -44.904 0.7500000000
77554  31.040  4.954  -44.140 0.7500000000
78676  30.860  5.616  -44.691 0.8750000000
155506  32.940  6.619  -44.073 0.7500000000
78673  33.286  6.033  -43.701 0.7500000000
80856  35.184  7.121  -44.643 0.7500000000
164545  34.419  7.092  -44.462 0.8750000000
78687  36.219  6.266  -44.986 0.6250000000
80882  37.474  7.679  -46.789 0.7500000000
78711  37.373  5.060  -48.531 0.2500000000
79809  37.691  6.042  -47.653 0.5000000000
80889  37.907  7.122  -47.467 0.6250000000
80894  38.524  7.425  -49.304 0.7500000000
79830  37.871  6.463  -51.490 0.5000000000
79835  37.838  6.404  -51.457 0.2500000000
78728  37.845  5.807  -50.982 0.1250000000
79838  38.917  6.903  -52.534 0.2500000000
80918  38.705  7.329  -52.551 0.3750000000
79836  41.125  6.811  -53.189 0.1250000000
145292  41.417  6.623  -52.589 0.1250000000
79840  40.696  7.223  -53.629 0.1250000000
145633  39.915  8.458  -54.173 0.5000000000
81919  40.619  8.489  -54.609 0.1250000000
81917  41.217  8.397  -54.315 0.1250000000
82921  40.507  9.174  -54.832 0.5000000000
81915  41.543  8.355  -53.479 0.1250000000
82919  41.084  9.136  -54.946 0.1250000000
165153  41.044  10.553  -55.414 0.1250000000
84961  40.776  10.976  -55.470 0.6250000000
84960  41.073  11.344  -55.591 0.1250000000
85994  40.020  12.911  -55.398 0.6250000000
86956  39.349  13.609  -55.411 0.6250000000
88863  38.521  16.268  -56.606 0.6250000000
162034  36.169  17.888  -58.144 0.7500000000
92834  34.680  19.484  -59.267 0.7500000000
89813  37.641  16.874  -56.689 0.5000000000
94882  26.773  21.084  -57.732 0.6250000000
91844  33.760  19.174  -59.621 0.7500000000
154383  31.568  20.094  -60.018 0.7500000000
162096  34.399  20.468  -58.752 0.6250000000
93879  33.563  20.378  -59.453 0.7500000000
91832  35.804  18.364  -57.003 0.5000000000
92810  35.235  18.916  -54.224 0.1250000000
90799  36.323  17.938  -54.100 0.1250000000
146752  36.945  17.426  -54.796 0.2500000000
90798  36.874  17.553  -53.661 0.1250000000
95829  26.055  22.291  -58.142 0.7500000000
94884  32.871  21.422  -58.938 0.6250000000
93864  34.067  20.802  -57.359 0.3750000000
94880  32.943  21.596  -57.850 0.3750000000
160833  34.548  19.588  -55.421 0.1250000000
93853  34.224  20.007  -55.985 0.3750000000
95827  28.345  23.023  -59.343 0.3750000000
94863  32.806  21.718  -56.089 0.3750000000
93845  34.154  20.187  -54.983 0.1250000000
93846  33.725  20.902  -54.627 0.1250000000
96808  29.988  22.620  -58.258 0.3750000000
95786  31.766  22.796  -55.222 0.2500000000
163517  32.674  22.382  -53.820 0.1250000000
95766  32.580  23.114  -53.004 0.1250000000
93837  33.697  21.204  -53.685 0.1250000000
95785  32.169  22.717  -54.442 0.1250000000
160253  24.739  24.879  -58.427 0.3750000000
95812  30.836  23.117  -56.802 0.2500000000
96750  31.596  23.812  -54.014 0.1250000000
155056  31.130  24.150  -54.615 0.1250000000
96757  31.274  23.529  -54.864 0.1250000000
99632  24.945  25.629  -59.076 0.3750000000
98711  28.791  26.053  -58.344 0.3750000000
97744  29.020  24.324  -58.219 0.3750000000
97695  31.890  24.472  -53.455 0.1250000000
97703  30.855  24.760  -54.779 0.1250000000
99590  31.101  26.045  -54.627 0.1250000000
164799  31.555  26.432  -54.424 0.1250000000
96758  30.701  24.071  -55.341 0.1250000000
97713  29.936  25.147  -56.053 0.1250000000
97694  32.403  24.431  -52.782 0.1250000000
98648  32.239  25.067  -53.091 0.1250000000
100554  25.032  27.920  -59.855 0.2500000000
99639  27.891  27.082  -59.800 0.2500000000
99622  29.341  26.629  -57.680 0.1250000000
100527  30.547  27.368  -56.657 0.1250000000
99602  30.305  26.365  -55.753 0.1250000000
100526  31.237  27.710  -56.205 0.1250000000
101458  26.815  28.423  -59.872 0.1250000000
154513  27.717  27.946  -59.926 0.1250000000
151200  28.221  28.306  -59.665 0.1250000000
100537  29.646  27.453  -57.954 0.1250000000
100509  31.904  26.942  -54.682 0.1250000000
100528  29.889  27.050  -57.121 0.1250000000
101452  27.120  29.094  -59.335 0.1250000000
73227  25.422  0.680  -41.092 0.7500000000
73259  26.655  1.294  -42.586 0.7500000000
73244  27.024  0.516  -42.064 0.7500000000
74279  24.585  1.734  -41.293 0.7500000000
73228  24.735  1.134  -40.881 0.7500000000
77545  25.158  3.935  -43.565 0.5000000000
76409  25.578  3.680  -44.005 0.6250000000
78662  34.236  5.930  -43.827 0.6250000000
79803  36.673  5.919  -45.554 0.5000000000
84948  41.605  11.495  -52.956 0.1250000000
84955  41.451  11.093  -54.499 0.1250000000
91813  35.741  18.465  -53.610 0.1250000000
99578  32.159  25.744  -53.427 0.1250000000
99589  32.180  26.512  -53.920 0.1250000000
73219  24.188  0.905  -40.131 0.7500000000
75304  24.531  2.474  -42.002 0.5000000000
140931  26.056  -0.507  -40.217 0.6250000000
72165  26.575  -0.286  -40.866 0.6250000000
73242  28.750  0.170  -41.840 0.3750000000
73257  28.137  0.808  -42.429 0.6250000000
74289  30.458  1.663  -42.220 0.2500000000
75302  29.941  2.389  -42.645 0.3750000000
78696  36.951  5.346  -46.393 0.3750000000
94872  29.059  21.151  -56.162 0.3750000000
95801  28.046  23.096  -55.803 0.2500000000
97715  26.050  24.578  -56.020 0.2500000000
73226  26.061  0.356  -41.312 0.6250000000
76379  31.206  3.192  -42.638 0.5000000000
77542  32.231  4.686  -43.192 0.5000000000
78663  33.739  5.215  -43.534 0.3750000000
72178  28.445  -0.254  -41.418 0.5000000000
78671  35.828  5.665  -44.633 0.5000000000
71125  25.444  -1.135  -39.461 0.6250000000
164147  23.327  2.582  -40.558 0.3750000000
74262  23.470  1.332  -39.833 0.3750000000
72149  25.336  -0.378  -39.874 0.6250000000
72166  25.730  0.030  -40.639 0.6250000000
72147  27.725  -0.801  -39.813 0.3750000000
72164  27.339  -0.564  -40.548 0.5000000000
144465  25.969  -0.869  -39.827 0.6250000000
76368  23.822  2.749  -41.362 0.2500000000
72177  29.388  -0.221  -41.289 0.3750000000
75300  31.796  2.489  -42.417 0.2500000000
73255  30.055  0.913  -41.975 0.2500000000
78692  26.757  5.929  -45.260 0.3750000000
76378  32.126  3.253  -42.622 0.2500000000
77541  33.182  4.535  -43.220 0.3750000000
142393  34.196  4.270  -43.422 0.2500000000
77564  36.567  5.073  -45.612 0.2500000000
146954  26.939  13.701  -48.531 0.1250000000
88810  31.297  15.435  -48.531 0.2500000000
77575  36.945  4.229  -48.206 0.2500000000
88818  32.456  15.656  -49.601 0.2500000000
97714  26.999  24.343  -55.689 0.2500000000
87820  28.669  14.537  -48.730 0.1250000000
86898  27.614  13.415  -48.238 0.2500000000
78693  25.740  5.952  -45.096 0.2500000000
76395  31.538  4.057  -42.905 0.5000000000
74269  24.048  1.566  -40.517 0.5000000000
75291  24.324  2.193  -41.478 0.5000000000
73243  27.852  0.213  -42.005 0.6250000000
74290  29.458  1.605  -42.473 0.5000000000
76380  30.445  2.993  -42.744 0.5000000000
78703  36.847  4.541  -47.235 0.2500000000
168342  24.081  3.022  -41.981 0.3750000000
168085  25.461  3.178  -43.429 0.3750000000
78681  25.210  5.289  -44.580 0.2500000000
73218  24.951  0.427  -40.366 0.6250000000
76397  24.815  3.682  -42.939 0.3750000000
77540  34.675  5.104  -43.772 0.2500000000
72148  26.754  -0.778  -39.961 0.6250000000
72179  27.453  -0.221  -41.398 0.5000000000
73241  29.688  0.260  -41.672 0.2500000000
74288  31.451  1.707  -42.150 0.2500000000
75301  30.861  2.436  -42.418 0.3750000000
76394  32.582  3.944  -42.853 0.3750000000
72163  28.215  -0.527  -40.617 0.5000000000
152629  28.954  -0.472  -40.960 0.3750000000
74270  23.307  1.946  -40.151 0.3750000000
71123  27.203  -1.367  -39.416 0.3750000000
76393  33.502  3.703  -43.025 0.2500000000
77553  35.465  4.990  -44.246 0.2500000000
86899  26.131  13.458  -48.647 0.1250000000
70179  24.441  -1.859  -38.055 0.5000000000
71113  26.680  -1.945  -39.083 0.2500000000
70177  26.183  -2.614  -38.675 0.3750000000
71114  25.712  -1.869  -39.128 0.5000000000
71115  24.739  -1.421  -38.907 0.5000000000
71099  23.543  -1.500  -37.526 0.3750000000
72136  23.430  -0.038  -38.267 0.5000000000
72134  24.767  -0.707  -39.374 0.5000000000
160773  23.910  -0.935  -38.117 0.5000000000
73212  23.577  0.303  -39.066 0.3750000000
72150  24.349  0.123  -39.621 0.5000000000
70139  23.019  -2.782  -36.567 0.1250000000
162726  23.143  0.654  -38.573 0.2500000000
68173  23.436  -4.253  -36.386 0.1250000000
150810  23.699  -3.006  -37.082 0.2500000000
147338  24.527  -3.209  -37.503 0.3750000000
70159  26.869  -3.042  -38.189 0.2500000000
163897  25.183  -3.301  -37.823 0.3750000000
70178  25.233  -2.294  -38.564 0.5000000000
69135  22.961  -3.400  -36.164 0.1250000000
70160  24.876  -2.669  -37.926 0.3750000000
71100  22.690  -1.318  -36.910 0.1250000000
73204  22.810  0.595  -37.779 0.1250000000
87862  41.182  14.530  -54.019 0.1250000000
162876  23.683  0.744  -39.584 0.3750000000
71124  26.292  -1.356  -39.508 0.3750000000
73213  23.172  1.015  -39.193 0.2500000000
74263  22.858  1.772  -39.338 0.2500000000
149344  27.493  -1.831  -38.918 0.2500000000
69166  25.598  -2.972  -38.180 0.3750000000
70161  24.084  -2.392  -37.517 0.3750000000
72123  22.917  -0.511  -37.411 0.1250000000
72135  24.083  -0.479  -38.933 0.5000000000
70140  22.586  -2.652  -36.000 0.1250000000
70162  23.185  -2.180  -37.047 0.2500000000
70163  22.613  -1.993  -36.461 0.1250000000
69151  25.796  -3.733  -37.882 0.2500000000
69153  24.166  -3.952  -37.090 0.2500000000
69152  25.034  -3.937  -37.583 0.2500000000
77546  24.703  4.583  -43.415 0.2500000000
69165  26.188  -3.214  -38.192 0.2500000000
68172  24.212  -4.923  -36.794 0.1250000000
69134  23.431  -3.480  -36.664 0.1250000000
68190  24.902  -4.713  -37.284 0.1250000000
77528  24.159  4.565  -42.712 0.1250000000
93855  31.206  20.127  -55.030 0.1250000000
92816  31.419  19.360  -55.199 0.1250000000
93856  30.506  20.396  -55.537 0.1250000000
93848  30.795  20.883  -54.636 0.1250000000
94864  30.305  21.327  -55.004 0.1250000000
95800  28.858  22.669  -55.228 0.1250000000
93857  29.780  20.865  -55.800 0.1250000000
95775  29.477  22.159  -53.489 0.1250000000
95787  29.463  22.279  -54.608 0.1250000000
96760  27.833  23.858  -55.248 0.1250000000
92813  31.692  19.611  -54.566 0.1250000000
95788  29.116  22.767  -54.083 0.1250000000
96759  28.604  23.339  -54.744 0.1250000000
97696  28.534  24.261  -53.744 0.1250000000
91814  32.614  18.357  -53.534 0.1250000000
92812  32.257  18.974  -54.127 0.1250000000
75279  22.688  2.401  -39.793 0.1250000000
149906  23.031  4.178  -41.124 0.1250000000
90768  32.403  17.113  -49.604 0.1250000000
92805  32.430  19.228  -53.217 0.1250000000
92806  31.908  19.856  -53.757 0.1250000000
93839  31.401  20.577  -53.384 0.1250000000
94836  30.038  21.544  -53.371 0.1250000000
96745  29.325  23.285  -52.849 0.1250000000
98650  28.187  25.101  -53.465 0.1250000000
97697  27.826  24.812  -54.094 0.1250000000
79797  25.349  6.764  -45.260 0.1250000000
79781  24.085  6.501  -44.515 0.1250000000
77559  25.154  4.521  -44.022 0.1250000000
94866  28.928  21.915  -55.734 0.1250000000
76369  23.548  3.563  -41.589 0.1250000000
76364  23.019  3.450  -40.730 0.1250000000
89765  32.239  16.385  -49.265 0.1250000000
169745  24.526  5.872  -44.367 0.1250000000
78682  24.634  5.307  -43.946 0.1250000000
76382  24.059  3.684  -42.288 0.1250000000
77508  22.836  4.963  -40.997 0.1250000000
77518  23.399  4.571  -41.866 0.1250000000
94835  30.717  21.054  -53.742 0.1250000000
141776  29.700  21.886  -52.956 0.1250000000
97704  28.282  24.072  -54.424 0.1250000000
96751  28.859  23.447  -53.890 0.1250000000
94824  30.390  21.651  -52.728 0.1250000000
98635  28.638  25.350  -52.784 0.1250000000
72146  28.609  -0.709  -39.713 0.1250000000
166762  29.980  -0.353  -41.046 0.1250000000
72176  30.222  -0.109  -41.281 0.1250000000
145849  30.612  0.355  -41.597 0.1250000000
152618  32.501  1.783  -42.246 0.1250000000
154958  32.558  2.586  -42.516 0.1250000000
75316  33.790  2.932  -42.848 0.1250000000
75313  36.300  2.806  -43.942 0.1250000000
76403  35.603  3.533  -43.920 0.1250000000
77539  35.118  4.289  -43.824 0.1250000000
76413  36.695  3.490  -45.411 0.1250000000
77552  36.179  4.845  -44.857 0.1250000000
76427  36.574  2.898  -47.648 0.1250000000
76421  36.709  3.375  -46.633 0.1250000000
77576  36.651  3.769  -47.481 0.1250000000
69150  26.595  -3.650  -37.864 0.1250000000
70175  28.162  -2.053  -38.407 0.1250000000
72144  30.294  -0.592  -39.856 0.1250000000
72133  29.087  -1.052  -39.092 0.1250000000
72175  31.042  -0.061  -41.192 0.1250000000
74277  32.888  1.021  -41.922 0.1250000000
75298  34.233  2.141  -42.644 0.1250000000
75315  34.555  2.884  -43.070 0.1250000000
74306  35.893  2.299  -43.161 0.1250000000
75338  37.016  2.591  -46.111 0.1250000000
77582  37.160  3.791  -48.818 0.1250000000
76433  37.217  3.328  -48.910 0.1250000000
75350  36.670  2.360  -47.972 0.1250000000
77581  37.431  4.426  -49.095 0.1250000000
71112  28.166  -1.321  -39.113 0.1250000000
72145  29.432  -0.629  -39.729 0.1250000000
77568  36.736  4.400  -46.461 0.1250000000
74278  31.975  1.032  -41.879 0.1250000000
151505  35.795  4.195  -44.397 0.1250000000
70176  27.201  -2.415  -38.586 0.1250000000
70158  27.752  -2.823  -38.037 0.1250000000
68188  26.369  -4.310  -37.618 0.1250000000
146396  28.802  -1.549  -38.595 0.1250000000
73240  31.511  0.424  -41.521 0.1250000000
75299  33.271  2.337  -42.538 0.1250000000
76392  34.833  3.547  -43.472 0.1250000000
76402  36.271  3.495  -44.560 0.1250000000
75314  35.357  2.918  -43.409 0.1250000000
75328  36.957  2.850  -44.949 0.1250000000
156807  36.556  4.234  -45.593 0.1250000000
76429  36.733  3.226  -48.311 0.1250000000
75347  36.695  2.166  -47.300 0.1250000000
68171  27.049  -4.782  -37.210 0.1250000000
156101  27.397  -3.508  -37.734 0.1250000000
72160  31.334  -0.304  -40.655 0.1250000000
75353  37.406  2.128  -48.571 0.1250000000
72161  30.549  -0.375  -40.729 0.1250000000
72162  29.679  -0.465  -40.624 0.1250000000
72180  26.680  0.209  -41.551 0.7500000000
73239  32.422  0.485  -41.471 0.1250000000
73245  26.234  0.946  -41.903 0.7500000000
73254  31.034  0.962  -41.895 0.1250000000
73256  29.084  0.804  -42.200 0.3750000000
74287  33.475  1.558  -42.267 0.1250000000
74308  27.947  1.746  -43.675 0.7500000000
74309  27.300  1.698  -43.744 0.7500000000
74310  26.697  1.859  -43.596 0.7500000000
75285  23.948  2.086  -40.834 0.5000000000
75319  27.724  1.978  -44.092 0.7500000000
75354  36.990  2.605  -48.478 0.1250000000
75356  37.499  2.764  -48.973 0.1250000000
76377  32.990  3.129  -42.715 0.1250000000
76381  24.666  2.968  -42.434 0.3750000000
76408  26.233  3.503  -44.376 0.7500000000
78672  35.109  5.790  -44.166 0.5000000000
78674  32.291  6.062  -43.987 0.7500000000
78717  37.654  5.134  -49.579 0.1250000000
78730  39.039  6.217  -52.214 0.1250000000
79775  35.546  6.419  -44.581 0.6250000000
79779  30.717  6.203  -45.053 0.8750000000
79780  24.839  6.175  -44.852 0.1250000000
79788  37.083  7.271  -46.060 0.8750000000
79790  36.001  7.040  -44.953 0.7500000000
79794  28.595  6.888  -45.511 0.7500000000
79808  38.046  6.577  -48.219 0.6250000000
79810  28.242  9.039  -48.552 0.2500000000
79817  37.724  5.758  -48.903 0.5000000000
79834  41.381  6.137  -51.962 0.1250000000
79841  39.875  7.173  -53.281 0.1250000000
80857  33.843  7.316  -44.551 0.8750000000
80860  23.664  7.135  -44.705 0.1250000000
80877  24.942  7.515  -45.431 0.2500000000
80890  28.270  8.914  -48.267 0.2500000000
80895  28.059  8.923  -48.547 0.2500000000
80914  38.323  7.155  -52.099 0.6250000000
80919  41.328  7.674  -53.713 0.1250000000
80920  40.117  7.717  -53.958 0.1250000000
81868  26.671  9.142  -46.273 0.3750000000
81869  25.914  8.979  -46.132 0.2500000000
81876  28.229  9.459  -47.826 0.3750000000
81877  28.034  9.362  -47.485 0.2500000000
81878  26.843  9.546  -47.435 0.2500000000
81884  28.008  9.294  -48.401 0.2500000000
81885  27.441  8.996  -48.287 0.2500000000
81912  41.684  7.680  -52.929 0.1250000000
81914  38.858  7.884  -52.605 0.5000000000
81918  40.903  8.642  -54.715 0.1250000000
82858  33.990  9.740  -46.494 1.0000000000
82862  30.742  9.858  -46.466 1.0000000000
82863  29.310  9.832  -46.219 0.8750000000
82865  25.559  9.648  -46.575 0.1250000000
82873  36.353  9.833  -47.221 1.0000000000
82874  35.586  10.135  -47.116 1.0000000000
82877  32.490  9.965  -46.749 1.0000000000
82885  37.750  9.401  -48.145 1.0000000000
82886  27.680  10.064  -48.061 0.3750000000
82888  26.606  10.491  -47.640 0.1250000000
82920  40.872  9.236  -55.062 0.1250000000
83836  31.395  10.154  -46.725 1.0000000000
83862  37.661  10.732  -49.041 1.0000000000
83865  34.763  11.096  -47.931 1.0000000000
83868  27.856  10.684  -47.723 0.3750000000
83869  27.377  10.734  -47.925 0.3750000000
83870  26.741  10.916  -47.793 0.2500000000
83900  39.602  10.171  -53.913 0.6250000000
83901  40.862  9.913  -55.340 0.1250000000
84876  30.026  11.048  -46.682 0.8750000000
84886  32.035  11.022  -47.407 1.0000000000
84889  28.814  11.295  -46.942 0.7500000000
84905  28.343  11.777  -47.613 0.2500000000
84906  26.934  12.072  -47.950 0.2500000000
84915  37.724  11.569  -49.617 1.0000000000
84919  33.676  11.477  -49.403 1.0000000000
84942  33.090  11.459  -51.319 1.0000000000
84951  32.611  11.889  -52.415 1.0000000000
85918  31.074  12.286  -47.373 1.0000000000
85928  32.719  11.793  -48.745 0.8750000000
85940  37.199  12.377  -49.856 1.0000000000
85941  36.426  12.490  -49.729 1.0000000000
85942  35.848  12.396  -49.638 1.0000000000
85953  36.676  12.647  -50.283 1.0000000000
85964  38.807  12.069  -52.143 1.0000000000
85969  34.415  11.971  -51.505 1.0000000000
85978  39.044  12.175  -52.976 1.0000000000
85988  33.530  11.888  -53.272 1.0000000000
85989  32.931  12.013  -53.623 1.0000000000
85990  32.594  12.631  -53.706 1.0000000000
86880  31.702  12.777  -47.849 0.6250000000
86883  28.990  13.258  -47.905 0.3750000000
86900  25.386  13.583  -48.732 0.1250000000
86907  32.480  13.272  -49.067 0.6250000000
86925  35.834  12.722  -51.951 1.0000000000
86954  41.402  13.267  -54.871 0.2500000000
86955  40.777  13.013  -56.139 0.6250000000
86963  41.173  13.212  -55.869 0.3750000000
86964  40.881  13.517  -56.217 0.3750000000
87818  30.555  14.783  -48.359 0.2500000000
87878  40.354  14.639  -56.382 0.6250000000
87887  32.745  14.235  -56.305 1.0000000000
88855  40.087  16.252  -56.181 0.3750000000
88867  31.813  15.182  -56.149 1.0000000000
88870  36.405  16.021  -57.213 1.0000000000
88878  31.842  15.893  -57.432 1.0000000000
89777  32.601  16.445  -49.994 0.1250000000
90820  35.664  18.307  -58.527 0.7500000000
90822  30.097  17.084  -58.098 1.0000000000
90831  31.344  17.848  -59.401 1.0000000000
91819  35.681  18.405  -55.207 0.2500000000
91824  35.499  18.531  -56.038 0.5000000000
91825  31.277  18.685  -55.673 0.3750000000
91835  29.396  18.596  -57.513 0.8750000000
91842  28.922  18.139  -58.725 1.0000000000
91846  31.919  18.740  -59.647 0.8750000000
91849  28.613  18.581  -59.010 0.8750000000
92817  30.932  19.504  -55.677 0.1250000000
92833  28.100  19.249  -58.743 0.8750000000
92835  34.104  19.655  -59.521 0.7500000000
92838  30.811  19.355  -59.905 0.8750000000
93824  34.143  20.931  -52.961 0.1250000000
93838  32.110  20.044  -52.890 0.1250000000
93847  31.312  20.413  -54.212 0.1250000000
93854  33.770  20.678  -55.624 0.3750000000
93863  34.430  20.077  -57.033 0.3750000000
93868  27.623  20.868  -57.146 0.7500000000
93875  27.292  20.634  -57.680 0.8750000000
93878  27.245  20.568  -58.339 0.7500000000
93884  28.073  20.979  -59.458 0.7500000000
94849  32.570  22.094  -55.004 0.1250000000
94850  30.291  21.354  -54.094 0.1250000000
94865  29.683  21.676  -55.299 0.1250000000
94870  33.574  21.283  -57.592 0.3750000000
94873  28.236  21.340  -56.547 0.6250000000
94879  33.522  21.294  -58.442 0.3750000000
94887  26.330  21.619  -57.871 0.7500000000
94888  33.040  20.967  -59.426 0.7500000000
95767  30.932  22.061  -52.004 0.1250000000
95813  26.171  22.263  -57.145 0.5000000000
95814  25.576  22.730  -57.219 0.7500000000
95828  26.798  21.937  -58.666 0.7500000000
95830  29.302  21.815  -59.321 0.7500000000
96743  32.643  23.806  -52.501 0.1250000000
96756  32.138  23.162  -53.798 0.1250000000
96770  27.170  23.590  -56.191 0.3750000000
96801  25.532  22.672  -57.750 0.6250000000
97689  28.732  24.480  -53.106 0.1250000000
97702  31.357  24.615  -54.132 0.1250000000
97712  30.392  24.914  -55.426 0.1250000000
97716  24.801  24.417  -56.154 0.5000000000
97733  29.302  24.866  -57.412 0.2500000000
97748  24.301  24.402  -57.602 0.6250000000
97749  27.626  24.372  -59.329 0.3750000000
98649  31.691  25.187  -53.698 0.1250000000
98652  26.328  26.186  -53.957 0.1250000000
98663  30.707  25.516  -54.965 0.1250000000
98690  23.613  24.789  -56.231 0.7500000000
98712  25.603  24.981  -58.980 0.3750000000
99568  26.233  27.151  -52.905 0.1250000000
99591  30.674  26.263  -55.220 0.1250000000
99612  30.124  26.706  -56.343 0.1250000000
99613  29.612  26.270  -56.865 0.1250000000
100508  32.573  27.038  -54.379 0.1250000000
100510  23.637  27.682  -55.211 0.2500000000
100550  28.783  28.237  -59.360 0.1250000000
100552  27.055  27.391  -59.905 0.2500000000
100557  22.527  28.349  -58.684 0.3750000000
101414  24.045  27.853  -52.013 0.1250000000
101453  26.222  29.083  -59.516 0.1250000000
101461  23.626  28.943  -59.358 0.2500000000
138790  23.188  28.536  -55.470 0.2500000000
142001  32.143  9.448  -46.433 1.0000000000
142550  32.792  17.015  -51.844 0.1250000000
144006  41.411  12.027  -54.976 0.1250000000
144428  31.201  26.705  -54.969 0.1250000000
145283  27.228  9.173  -47.297 0.2500000000
146022  30.551  23.721  -56.135 0.2500000000
146886  39.615  16.086  -53.578 0.1250000000
147127  33.233  8.981  -45.948 1.0000000000
149178  36.534  17.843  -57.438 0.5000000000
149251  29.356  19.739  -59.663 0.8750000000
149730  37.948  6.656  -51.815 0.6250000000
149921  32.824  17.860  -52.925 0.1250000000
150833  26.015  26.873  -53.388 0.1250000000
151349  23.537  26.117  -55.641 0.2500000000
151779  31.711  14.055  -48.373 0.6250000000
153895  32.251  13.305  -53.326 0.8750000000
154028  30.114  21.246  -59.380 0.7500000000
154043  28.209  24.821  -59.151 0.3750000000
154486  36.868  12.057  -49.343 1.0000000000
156734  41.339  12.695  -55.246 0.1250000000
156985  34.172  3.452  -43.163 0.1250000000
160048  32.570  14.845  -49.947 0.6250000000
161379  28.978  -0.472  -40.278 0.3750000000
162088  28.022  26.294  -59.561 0.2500000000
162306  31.745  15.668  -55.751 1.0000000000
162808  36.290  4.060  -44.936 0.1250000000
162850  28.980  23.650  -53.330 0.1250000000
163325  30.234  12.180  -47.165 0.6250000000
164939  37.756  2.329  -48.964 0.1250000000
166056  35.847  18.308  -54.426 0.1250000000
167017  40.711  14.241  -56.322 0.5000000000
168025  23.898  2.384  -41.052 0.3750000000
168750  32.303  14.559  -52.408 0.8750000000
168765  36.326  5.575  -45.086 0.5000000000
168836  41.063  6.384  -52.654 0.1250000000
170027  31.547  19.335  -59.858 0.8750000000
