#!ascii label  , from subject sub-v2s7x29796_ses-1 vox2ras=TkReg
1793
29083  41.964  -43.701  -33.476 0.6000000238
28324  43.027  -45.317  -33.589 0.5000000000
30735  43.091  -42.161  -34.902 0.6999999881
31597  42.592  -41.280  -34.743 0.6000000238
31592  42.550  -40.566  -34.561 0.6000000238
33428  43.056  -39.744  -34.676 0.6000000238
29093  42.691  -43.792  -33.932 0.6999999881
29913  42.840  -43.013  -34.414 0.6000000238
30736  42.059  -42.125  -34.303 0.5000000000
31598  41.708  -41.184  -34.210 0.5000000000
152292  42.481  -40.332  -34.131 0.6000000238
29081  43.259  -44.533  -34.041 0.5000000000
29082  42.523  -44.500  -33.426 0.5000000000
29902  42.156  -43.091  -33.984 0.6000000238
33418  42.924  -39.620  -33.659 0.6000000238
150121  42.960  -46.901  -33.445 0.5000000000
26745  42.817  -47.783  -33.473 0.5000000000
34336  44.055  -38.208  -35.202 0.6000000238
34337  44.083  -37.863  -34.907 0.6999999881
31600  44.780  -41.594  -35.607 0.6000000238
31601  44.198  -41.274  -35.642 0.6999999881
145988  43.845  -39.679  -35.536 0.6000000238
33436  43.636  -39.154  -35.238 0.6000000238
33427  43.448  -38.845  -34.671 0.6000000238
29912  43.669  -43.025  -35.048 0.6000000238
30740  43.960  -42.194  -35.506 0.6999999881
156553  43.352  -38.672  -33.812 0.6000000238
29092  43.862  -44.415  -34.636 0.5000000000
29911  44.172  -43.802  -35.115 0.5000000000
33407  43.177  -38.997  -32.718 0.6000000238
27609  43.409  -46.219  -33.806 0.5000000000
144780  43.008  -39.167  -31.765 0.6000000238
33386  42.873  -38.848  -31.128 0.6000000238
35197  42.666  -37.593  -30.225 0.6999999881
34291  42.433  -38.616  -30.348 0.6000000238
35185  42.242  -37.224  -29.555 0.6999999881
34281  42.183  -38.035  -29.723 0.6000000238
33373  41.647  -38.838  -29.602 0.6000000238
35180  41.122  -37.440  -28.453 0.6000000238
35186  41.693  -37.833  -29.169 0.6000000238
37770  38.404  -34.096  -27.137 0.5000000000
39635  37.307  -32.577  -29.202 0.6999999881
37771  37.534  -34.164  -27.491 0.6000000238
38677  37.129  -33.341  -28.733 0.6999999881
34328  44.247  -37.671  -34.660 0.6000000238
35234  44.127  -37.414  -34.253 0.6999999881
151356  44.874  -40.471  -35.243 0.6999999881
32512  44.284  -39.721  -35.560 0.6999999881
33434  44.209  -38.842  -35.387 0.6000000238
34329  43.789  -37.928  -34.504 0.6999999881
36083  44.011  -36.991  -33.604 0.6999999881
30738  45.220  -42.250  -35.498 0.6000000238
31599  45.095  -41.437  -35.385 0.6000000238
35228  43.668  -37.237  -32.811 0.8000000119
29095  45.609  -43.948  -35.471 0.5000000000
29914  45.303  -43.145  -35.516 0.5000000000
35220  43.623  -36.669  -31.890 0.8000000119
34312  43.313  -38.291  -31.956 0.6000000238
165193  44.813  -45.156  -35.064 0.5000000000
29091  44.518  -44.540  -35.077 0.5000000000
35196  43.219  -37.094  -30.911 0.8000000119
163346  43.386  -37.467  -31.644 0.6000000238
26744  43.591  -47.282  -34.056 0.5000000000
36039  42.785  -36.523  -30.142 0.8000000119
34290  43.055  -38.016  -30.949 0.6999999881
36864  42.062  -35.603  -28.966 0.6999999881
36027  42.217  -36.366  -29.326 0.6999999881
36853  40.980  -35.099  -27.880 0.6999999881
37783  41.706  -34.770  -28.518 0.6999999881
36028  41.757  -36.941  -28.948 0.6999999881
36021  41.330  -36.514  -28.413 0.6000000238
162120  41.789  -36.231  -28.797 0.6000000238
38664  39.815  -33.552  -27.339 0.6999999881
36837  40.259  -35.478  -27.422 0.6999999881
144571  40.887  -36.000  -27.889 0.6000000238
39610  38.550  -32.657  -27.617 0.6999999881
37769  39.295  -34.208  -27.119 0.6000000238
39624  37.707  -32.694  -28.162 0.8000000119
38666  38.034  -33.363  -27.504 0.8000000119
37761  38.779  -34.825  -26.852 0.6000000238
40626  37.565  -31.757  -29.645 0.8999999762
38704  37.307  -33.967  -30.858 0.6999999881
40642  37.737  -31.733  -30.612 0.8000000119
38691  37.090  -33.484  -29.794 0.6999999881
36081  44.554  -36.828  -33.463 0.6000000238
36074  44.503  -36.488  -33.029 0.6999999881
36891  45.001  -35.264  -32.146 0.6999999881
34327  44.785  -37.880  -34.257 0.6000000238
36892  44.356  -35.264  -31.826 0.6000000238
32498  45.517  -39.794  -32.872 0.4000000060
152088  45.182  -40.263  -34.528 0.6000000238
33417  45.238  -38.683  -33.667 0.6000000238
36075  44.062  -36.524  -32.892 0.6999999881
31595  45.378  -41.249  -34.477 0.6000000238
36060  43.949  -35.906  -31.984 0.8000000119
29909  46.106  -43.469  -35.062 0.4000000060
29910  45.679  -42.982  -35.267 0.5000000000
30734  45.533  -42.167  -35.035 0.6000000238
36872  43.736  -35.347  -31.215 0.8000000119
29090  46.059  -44.564  -35.349 0.5000000000
37808  43.499  -34.796  -30.587 0.8000000119
28330  45.561  -45.490  -35.196 0.4000000060
163307  42.801  -34.160  -29.589 0.8000000119
27619  45.051  -46.608  -34.890 0.5000000000
37782  42.204  -34.032  -28.924 0.8000000119
39622  40.963  -32.330  -27.847 0.8000000119
155750  41.628  -33.904  -28.378 0.6999999881
37797  42.383  -34.850  -29.248 0.8000000119
39608  40.357  -32.929  -27.573 0.8000000119
38675  41.183  -33.267  -27.965 0.6999999881
40613  39.633  -31.146  -27.862 0.8999999762
39609  39.466  -32.737  -27.451 0.8999999762
38676  40.537  -33.674  -27.618 0.6999999881
40601  39.063  -31.934  -27.722 0.8999999762
37768  40.245  -34.454  -27.417 0.6999999881
38665  38.902  -33.401  -27.280 0.6000000238
40615  37.798  -31.825  -28.695 0.8999999762
39670  38.198  -33.354  -32.245 0.8000000119
38731  37.989  -34.195  -32.629 0.8000000119
39657  37.916  -32.554  -31.437 0.8000000119
38717  37.732  -33.572  -31.559 0.8000000119
40651  38.215  -31.653  -31.496 0.8000000119
39646  37.454  -32.761  -30.431 0.6999999881
36912  44.864  -35.967  -32.656 0.6999999881
37823  45.445  -34.451  -31.649 0.6000000238
35227  44.866  -37.065  -33.497 0.6000000238
36073  45.058  -36.439  -32.937 0.5000000000
37824  44.746  -34.560  -31.584 0.6999999881
33406  45.735  -38.947  -32.315 0.4000000060
34311  45.843  -37.986  -32.186 0.5000000000
34319  45.288  -37.792  -33.300 0.6000000238
31581  45.695  -40.556  -32.440 0.5000000000
37825  44.072  -34.633  -31.207 0.6999999881
31580  46.061  -41.850  -32.112 0.5000000000
30727  45.671  -42.164  -34.063 0.6000000238
29895  46.639  -43.781  -33.217 0.4000000060
29901  46.325  -43.582  -34.259 0.4000000060
39634  42.911  -32.246  -29.290 0.8000000119
162706  43.339  -33.661  -30.000 0.8000000119
28323  46.615  -44.911  -34.903 0.4000000060
38690  42.709  -33.236  -29.289 0.8000000119
37809  42.946  -34.885  -29.926 0.8000000119
27618  46.126  -46.377  -35.084 0.3000000119
40612  40.703  -31.360  -27.835 0.8000000119
154977  41.690  -31.779  -28.268 0.8000000119
38674  41.956  -33.259  -28.566 0.8000000119
166252  40.234  -30.852  -27.863 0.8000000119
39621  41.614  -32.620  -28.267 0.8000000119
168298  39.063  -30.426  -28.327 0.8999999762
40600  40.056  -32.058  -27.612 0.8999999762
42437  38.761  -29.872  -28.922 0.8999999762
40614  38.532  -31.216  -28.316 0.8999999762
42448  38.687  -29.477  -29.632 0.8999999762
41542  38.439  -30.504  -28.825 0.8999999762
40625  37.954  -31.014  -29.140 0.8999999762
38730  38.659  -33.699  -33.357 0.8000000119
41567  38.210  -30.432  -30.507 0.8999999762
146235  37.993  -31.055  -30.787 0.8999999762
39656  38.549  -32.548  -32.353 0.8000000119
36890  45.459  -35.762  -32.288 0.6000000238
153033  45.881  -35.053  -31.840 0.6000000238
38715  45.829  -33.655  -31.452 0.6000000238
36889  46.495  -35.761  -31.803 0.6000000238
34310  46.398  -38.506  -31.583 0.4000000060
35219  45.513  -37.116  -32.631 0.5000000000
37807  44.421  -33.928  -31.050 0.6999999881
32487  45.874  -40.061  -31.957 0.4000000060
38702  43.967  -33.352  -30.480 0.6999999881
31562  46.605  -41.267  -31.411 0.5000000000
31563  45.998  -40.904  -31.901 0.4000000060
150107  46.799  -42.158  -31.447 0.5000000000
40624  43.061  -31.263  -29.155 0.8000000119
38689  43.462  -32.824  -29.869 0.8000000119
41538  41.936  -30.195  -28.321 0.8000000119
157074  42.452  -31.766  -28.780 0.8000000119
42435  40.456  -29.711  -28.154 0.8000000119
42447  39.164  -29.174  -29.012 0.8999999762
41541  39.902  -30.375  -28.017 0.8999999762
151827  39.040  -28.859  -29.671 0.8999999762
42463  38.463  -29.810  -30.262 0.8999999762
42472  38.672  -29.977  -31.058 1.0000000000
164576  39.859  -32.888  -34.448 0.8000000119
41575  39.146  -30.439  -32.018 1.0000000000
40661  39.248  -32.710  -33.423 0.8000000119
151546  38.984  -31.542  -32.479 0.8000000119
40660  39.821  -32.032  -33.756 0.8000000119
37822  46.284  -34.261  -31.637 0.6000000238
39654  46.080  -32.288  -31.182 0.6000000238
145519  46.825  -34.865  -31.731 0.6000000238
160793  45.546  -32.132  -30.891 0.6999999881
35217  47.227  -37.985  -31.301 0.4000000060
153128  47.054  -37.151  -31.465 0.4000000060
36058  46.632  -36.641  -31.680 0.4000000060
34309  47.112  -38.968  -31.182 0.4000000060
39645  44.177  -32.518  -30.315 0.6999999881
32485  47.268  -40.683  -31.015 0.5000000000
162039  47.795  -38.599  -31.165 0.4000000060
39633  43.658  -31.932  -29.741 0.8000000119
41553  42.765  -30.299  -28.774 0.8000000119
41552  43.569  -30.410  -29.342 0.8000000119
144696  41.599  -28.682  -28.365 0.8000000119
43316  40.237  -28.225  -28.692 0.8000000119
41539  41.206  -30.158  -28.093 0.8000000119
43317  39.874  -28.963  -28.517 0.8999999762
42462  38.915  -29.170  -30.523 0.8999999762
43342  39.391  -28.374  -30.199 0.8999999762
43348  39.571  -28.628  -31.214 1.0000000000
42471  39.320  -29.515  -31.597 1.0000000000
42481  39.838  -29.990  -32.610 1.0000000000
39682  39.400  -33.656  -34.599 0.8000000119
41599  40.566  -31.637  -34.377 0.8000000119
41584  39.831  -31.022  -33.084 0.8000000119
37821  47.246  -34.014  -31.751 0.6000000238
146343  46.149  -32.974  -31.368 0.6000000238
40639  45.226  -31.503  -30.610 0.6999999881
149657  45.342  -30.113  -30.497 0.6999999881
36056  48.145  -36.335  -31.557 0.4000000060
36057  47.288  -36.423  -31.562 0.5000000000
36888  47.598  -35.496  -31.681 0.5000000000
40640  44.429  -31.539  -30.180 0.8000000119
42461  44.809  -29.923  -30.139 0.8000000119
41551  44.303  -30.567  -29.852 0.8000000119
151431  49.017  -38.284  -31.345 0.4000000060
35216  48.298  -37.933  -31.305 0.4000000060
42446  43.282  -29.554  -29.015 0.8000000119
42433  42.370  -29.325  -28.508 0.8000000119
141898  40.743  -28.843  -28.335 0.8000000119
44250  39.867  -27.739  -29.815 0.8999999762
44249  40.372  -27.234  -29.487 0.8000000119
43347  40.325  -28.143  -31.949 1.0000000000
43358  39.994  -29.069  -32.218 1.0000000000
42496  41.100  -30.133  -34.285 1.0000000000
40683  40.573  -32.825  -36.099 0.8999999762
41598  41.208  -31.242  -35.023 1.0000000000
41607  41.364  -31.613  -36.281 1.0000000000
40674  41.057  -32.202  -35.757 1.0000000000
42495  41.461  -29.614  -34.799 1.0000000000
43407  41.669  -29.115  -36.534 1.0000000000
42507  41.674  -30.028  -36.091 1.0000000000
42523  41.522  -30.168  -37.066 1.0000000000
44348  41.441  -28.299  -37.380 1.0000000000
39653  46.794  -32.469  -31.477 0.6999999881
40649  46.542  -31.617  -31.292 0.6999999881
41573  46.380  -30.747  -31.162 0.6999999881
39652  47.398  -33.053  -31.746 0.6000000238
165439  47.511  -32.275  -31.769 0.6000000238
41574  45.642  -30.731  -30.702 0.6999999881
154631  47.570  -34.696  -31.783 0.6000000238
36887  48.714  -35.573  -31.758 0.5000000000
165638  45.216  -28.727  -30.430 0.8000000119
36055  49.440  -36.788  -31.727 0.4000000060
42445  44.124  -29.609  -29.587 0.8000000119
43327  43.668  -28.953  -29.255 0.8000000119
42432  43.052  -28.692  -28.818 0.8000000119
145509  41.672  -28.004  -28.476 0.8000000119
43314  42.310  -28.337  -28.540 0.8000000119
44235  40.562  -27.544  -28.873 0.6999999881
44234  41.289  -27.416  -28.671 0.8000000119
44264  40.319  -27.124  -30.275 0.8999999762
45205  40.805  -26.473  -30.691 0.8000000119
44276  40.495  -27.212  -31.288 0.8999999762
45219  41.017  -26.564  -31.741 1.0000000000
150683  40.874  -27.359  -32.392 1.0000000000
44285  41.321  -26.624  -32.776 1.0000000000
151864  40.903  -28.236  -33.053 1.0000000000
45242  41.586  -26.585  -33.789 1.0000000000
44304  41.317  -27.534  -33.568 1.0000000000
44335  41.730  -27.340  -35.606 1.0000000000
43391  41.626  -28.964  -35.228 1.0000000000
40682  41.001  -32.274  -36.538 1.0000000000
167585  41.708  -28.112  -36.404 1.0000000000
41606  41.514  -30.909  -36.723 1.0000000000
41619  41.335  -30.659  -37.213 1.0000000000
43419  41.069  -29.140  -37.686 1.0000000000
142664  41.261  -27.712  -37.928 1.0000000000
43428  41.192  -28.533  -37.757 1.0000000000
169060  46.807  -31.109  -31.430 0.6999999881
42470  45.957  -29.815  -30.899 0.6999999881
39668  48.188  -32.577  -32.063 0.5000000000
40648  47.224  -31.526  -31.634 0.6999999881
42460  45.319  -29.404  -30.490 0.6999999881
38713  48.069  -33.487  -31.951 0.6000000238
37840  48.998  -34.601  -32.027 0.5000000000
38729  48.676  -33.871  -32.117 0.5000000000
43341  44.789  -28.306  -30.084 0.8000000119
44245  44.238  -27.769  -29.624 0.8000000119
164119  43.611  -28.196  -29.207 0.6999999881
44246  42.900  -27.798  -28.782 0.8000000119
45179  41.695  -26.732  -28.873 0.8000000119
44247  42.633  -26.880  -28.860 0.8000000119
45192  40.741  -26.535  -29.826 0.6999999881
45191  41.313  -26.159  -29.469 0.6999999881
45218  41.309  -25.864  -31.131 0.8999999762
47252  42.104  -24.695  -31.416 0.8000000119
47271  42.444  -24.260  -31.931 0.8000000119
48423  42.777  -23.633  -33.350 0.8000000119
45230  41.435  -25.949  -32.122 0.8999999762
46224  41.693  -25.345  -31.661 0.8000000119
47289  42.410  -24.325  -32.932 0.8000000119
167909  41.680  -25.524  -32.347 0.8999999762
47303  42.063  -25.070  -33.519 0.8999999762
46240  41.679  -25.785  -33.036 0.8999999762
46253  41.863  -25.795  -34.120 1.0000000000
44323  41.603  -27.353  -34.571 1.0000000000
154260  41.520  -28.106  -34.526 1.0000000000
45271  41.800  -26.540  -35.947 1.0000000000
140844  41.636  -27.382  -36.787 1.0000000000
43408  40.704  -28.846  -37.495 1.0000000000
46292  41.631  -25.551  -37.832 1.0000000000
45284  41.372  -27.273  -37.811 1.0000000000
44349  40.854  -28.021  -37.961 1.0000000000
142472  41.285  -26.368  -38.139 1.0000000000
46306  41.151  -26.068  -38.365 1.0000000000
46302  40.782  -26.321  -38.252 1.0000000000
40659  48.398  -31.281  -32.493 0.6999999881
41583  47.786  -30.932  -32.078 0.6999999881
41572  47.087  -30.536  -31.663 0.6999999881
42469  46.435  -29.162  -31.462 0.6999999881
147793  48.533  -31.914  -32.348 0.6000000238
43346  45.796  -28.753  -30.935 0.6999999881
145241  48.848  -33.187  -32.236 0.5000000000
43340  45.355  -28.030  -30.582 0.6999999881
38728  49.409  -33.801  -32.353 0.5000000000
44263  44.852  -27.440  -30.157 0.8000000119
45189  43.254  -26.153  -29.254 0.6999999881
45188  44.255  -26.694  -29.653 0.6999999881
45190  42.194  -26.063  -29.181 0.6999999881
45204  41.228  -25.884  -30.201 0.6999999881
46197  41.788  -25.486  -29.779 0.6999999881
166849  42.461  -24.251  -31.283 0.8000000119
48391  43.609  -23.183  -31.263 0.8000000119
151193  43.663  -22.720  -32.134 0.8000000119
48410  42.947  -23.491  -32.209 0.8000000119
49507  43.767  -22.268  -32.990 0.8000000119
49508  43.166  -22.939  -33.739 0.8000000119
47318  42.143  -25.078  -34.531 1.0000000000
47302  42.437  -24.388  -33.947 0.8999999762
49521  43.026  -22.835  -34.767 0.8000000119
47317  42.405  -24.341  -35.004 1.0000000000
45259  41.754  -26.542  -34.808 1.0000000000
46281  41.898  -25.746  -36.407 1.0000000000
44336  40.324  -27.717  -37.204 1.0000000000
44337  40.073  -28.361  -36.313 1.0000000000
46301  41.250  -25.564  -38.415 1.0000000000
47360  40.770  -24.634  -38.442 1.0000000000
146774  40.936  -25.505  -38.501 1.0000000000
45285  40.507  -27.022  -37.841 1.0000000000
47349  40.180  -24.352  -37.396 1.0000000000
143089  47.640  -30.078  -32.319 0.6999999881
42468  47.058  -29.554  -31.890 0.6999999881
43345  46.366  -28.315  -31.553 0.6000000238
146224  45.912  -27.814  -31.139 0.6000000238
44262  45.482  -27.083  -30.746 0.6000000238
45202  45.266  -26.179  -30.574 0.6999999881
46194  44.002  -25.665  -29.640 0.6999999881
45203  44.681  -25.971  -30.065 0.6999999881
47238  43.750  -24.845  -29.818 0.6999999881
47239  42.954  -24.736  -29.806 0.6999999881
46205  42.260  -24.922  -29.980 0.6999999881
48373  43.271  -23.741  -30.696 0.8000000119
50541  44.212  -21.568  -33.575 0.8000000119
49531  43.381  -22.003  -35.189 0.8000000119
48452  42.637  -23.505  -35.467 0.8000000119
49532  42.906  -22.637  -35.918 0.8000000119
47336  42.323  -24.219  -36.378 1.0000000000
48464  42.548  -23.251  -36.715 1.0000000000
49545  42.643  -22.299  -37.278 0.6999999881
47347  42.239  -23.741  -37.553 1.0000000000
48477  41.815  -23.650  -38.634 1.0000000000
149367  41.382  -23.847  -38.808 1.0000000000
48478  41.208  -22.997  -38.992 1.0000000000
44324  39.573  -27.713  -34.894 1.0000000000
156019  41.081  -23.849  -38.794 1.0000000000
48465  40.632  -23.517  -38.337 1.0000000000
46293  40.192  -26.088  -37.473 1.0000000000
45272  40.005  -26.680  -36.703 1.0000000000
45273  39.813  -27.192  -35.778 1.0000000000
46282  39.970  -25.220  -36.846 1.0000000000
43357  46.888  -28.690  -32.082 0.6999999881
46223  45.484  -25.491  -30.909 0.6000000238
46203  45.012  -25.486  -30.413 0.6999999881
47249  44.206  -24.302  -30.253 0.6999999881
46204  44.460  -25.134  -30.075 0.6999999881
47250  43.421  -24.178  -30.197 0.6999999881
48390  44.406  -23.091  -31.099 0.8000000119
49473  44.278  -22.609  -31.683 0.6999999881
50540  44.837  -21.255  -33.373 0.6999999881
51531  44.267  -20.704  -34.982 0.6999999881
50572  43.680  -21.128  -35.609 0.6999999881
50589  42.624  -21.233  -38.009 0.8000000119
50573  43.131  -21.701  -36.463 0.6999999881
48476  42.284  -22.931  -38.079 0.8999999762
48487  41.579  -23.080  -38.989 1.0000000000
50608  41.304  -21.568  -39.075 1.0000000000
167872  40.980  -23.214  -38.830 1.0000000000
46283  39.726  -26.178  -35.417 1.0000000000
152391  46.715  -27.866  -32.122 0.6000000238
44274  46.544  -27.098  -32.013 0.6000000238
45216  46.314  -26.330  -31.789 0.6000000238
46239  46.500  -25.561  -32.193 0.6000000238
45217  45.774  -26.294  -31.179 0.6000000238
46222  46.009  -25.528  -31.528 0.6000000238
47269  45.631  -24.719  -31.233 0.6000000238
48388  45.707  -23.882  -31.537 0.6000000238
48389  45.086  -23.321  -31.235 0.6000000238
48409  45.564  -23.022  -31.856 0.6999999881
50522  45.087  -21.659  -32.728 0.6999999881
51523  45.037  -20.739  -33.970 0.6999999881
50555  44.585  -20.958  -34.129 0.6999999881
52543  44.874  -19.977  -35.363 0.6999999881
51541  44.538  -20.210  -35.414 0.6999999881
51542  43.959  -20.341  -36.026 0.6999999881
54690  46.856  -17.310  -35.861 0.3000000119
50588  43.314  -20.724  -37.028 0.6999999881
51559  43.470  -19.838  -37.479 0.6999999881
55823  46.798  -16.795  -35.315 0.3000000119
51560  42.458  -20.157  -38.622 0.8000000119
43394  36.162  -29.251  -34.430 0.8999999762
49567  41.692  -21.670  -39.127 1.0000000000
43380  37.376  -28.798  -33.253 1.0000000000
43378  39.072  -28.212  -34.116 1.0000000000
43379  38.212  -28.545  -33.383 1.0000000000
49546  40.586  -22.485  -37.870 1.0000000000
164335  40.106  -23.786  -36.202 1.0000000000
47338  39.956  -24.442  -35.956 1.0000000000
44284  46.935  -27.304  -32.706 0.6000000238
45229  46.734  -26.425  -32.508 0.6000000238
46252  46.900  -25.634  -32.983 0.6000000238
47301  46.629  -24.752  -32.600 0.6000000238
48421  46.998  -23.960  -33.757 0.6000000238
48422  46.585  -23.299  -33.099 0.6999999881
48408  46.270  -23.742  -32.299 0.6000000238
49505  46.328  -22.384  -33.315 0.6999999881
48484  48.048  -23.915  -39.646 0.3000000119
49564  48.430  -23.168  -39.712 0.3000000119
49506  45.695  -21.867  -32.899 0.6999999881
50554  45.528  -20.953  -34.117 0.6999999881
51540  45.306  -20.153  -35.515 0.6999999881
54698  47.035  -17.957  -37.163 0.3000000119
54714  46.754  -17.415  -37.735 0.4000000060
138369  46.617  -16.419  -36.000 0.4000000060
138379  46.514  -15.790  -37.024 0.4000000060
42513  35.456  -29.225  -34.779 0.6999999881
43395  35.082  -28.202  -35.228 0.6999999881
166625  46.619  -13.354  -35.117 0.3000000119
138368  46.714  -16.010  -35.246 0.3000000119
51571  42.468  -19.324  -38.629 0.6999999881
43381  36.697  -28.781  -33.434 0.8999999762
138375  46.929  -13.860  -34.477 0.3000000119
138370  46.558  -15.432  -36.006 0.3000000119
50601  41.976  -20.883  -39.033 0.8000000119
43361  37.011  -28.198  -32.812 0.8999999762
138373  46.489  -14.258  -36.063 0.3000000119
140685  46.488  -14.814  -36.762 0.3000000119
50607  41.540  -20.871  -38.986 0.8000000119
50574  40.727  -21.569  -37.455 1.0000000000
44305  39.133  -27.321  -33.800 1.0000000000
49533  40.513  -22.342  -36.463 1.0000000000
46270  39.569  -25.704  -34.333 1.0000000000
45260  39.487  -26.640  -34.407 1.0000000000
48453  40.323  -23.272  -36.969 1.0000000000
46269  39.766  -25.197  -35.339 1.0000000000
160393  40.184  -23.454  -34.330 1.0000000000
47319  39.881  -24.297  -34.743 1.0000000000
47304  39.850  -24.129  -33.625 1.0000000000
48433  47.224  -23.779  -34.916 0.6999999881
168159  46.906  -22.855  -34.748 0.6999999881
47367  47.574  -24.736  -38.718 0.3000000119
48485  47.685  -24.114  -39.352 0.4000000060
148163  46.536  -22.219  -34.174 0.6999999881
50553  46.200  -21.448  -34.524 0.6999999881
49570  47.969  -22.859  -40.429 0.4000000060
51539  45.762  -20.779  -34.995 0.6999999881
50605  48.522  -22.214  -40.005 0.3000000119
49573  47.662  -22.463  -40.589 0.5000000000
157361  45.563  -19.828  -37.379 0.6999999881
153974  45.065  -19.295  -37.120 0.6999999881
51581  48.433  -21.133  -40.116 0.5000000000
53623  47.550  -18.858  -38.574 0.4000000060
53628  47.386  -18.863  -40.314 0.6000000238
54735  47.090  -17.042  -39.646 0.5000000000
52569  44.398  -19.047  -37.234 0.6999999881
54713  47.085  -18.099  -38.126 0.3000000119
52570  43.526  -19.143  -37.855 0.6999999881
59970  45.348  -12.424  -37.561 0.4000000060
138382  47.269  -15.786  -39.546 0.4000000060
43410  34.664  -28.036  -35.316 0.6999999881
162305  45.465  -12.495  -37.260 0.4000000060
138377  46.630  -16.441  -38.060 0.4000000060
140289  47.479  -15.259  -38.907 0.4000000060
43396  34.858  -28.758  -34.993 0.6000000238
140610  46.401  -13.322  -35.803 0.3000000119
138385  46.229  -13.292  -36.577 0.3000000119
159022  45.965  -12.777  -37.415 0.4000000060
161838  46.749  -15.366  -38.071 0.4000000060
138394  47.862  -14.130  -39.449 0.4000000060
52584  42.371  -19.190  -38.550 0.6999999881
53616  42.942  -18.532  -38.230 0.6999999881
163803  35.492  -28.610  -34.830 0.6999999881
139696  46.950  -12.078  -38.557 0.4000000060
158810  47.996  -14.180  -38.707 0.4000000060
159021  47.343  -12.581  -39.899 0.4000000060
166786  41.787  -19.599  -38.644 0.8000000119
139517  47.124  -13.413  -38.259 0.3000000119
159008  48.123  -12.621  -39.155 0.4000000060
51573  41.466  -20.259  -38.767 0.8000000119
163800  38.614  -27.788  -33.371 1.0000000000
51561  41.223  -20.308  -37.827 0.8999999762
47320  39.666  -24.897  -34.042 1.0000000000
48436  40.315  -23.075  -35.515 1.0000000000
49522  40.622  -22.181  -35.218 1.0000000000
47305  39.531  -24.751  -32.938 1.0000000000
48412  39.711  -24.020  -32.499 1.0000000000
47290  39.243  -24.632  -31.875 1.0000000000
48451  47.319  -24.014  -36.358 0.6000000238
49529  47.084  -23.055  -35.689 0.6000000238
49530  46.807  -22.334  -36.216 0.6999999881
48463  47.140  -24.342  -37.830 0.5000000000
49557  47.064  -23.597  -38.399 0.6000000238
49519  46.720  -22.195  -35.118 0.6999999881
49565  47.322  -23.578  -39.546 0.5000000000
49571  47.504  -22.940  -40.242 0.4000000060
50571  46.388  -21.460  -35.546 0.6999999881
51557  45.985  -20.683  -36.003 0.6999999881
49566  46.945  -22.661  -39.942 0.6000000238
164251  46.252  -21.169  -38.403 0.6999999881
49572  47.183  -22.254  -40.513 0.6000000238
51569  46.083  -20.716  -37.265 0.6999999881
51582  48.072  -20.510  -40.515 0.6000000238
51584  47.497  -20.424  -40.940 0.6000000238
52590  45.553  -19.010  -39.608 0.6999999881
52581  45.324  -19.202  -38.275 0.6999999881
148518  47.683  -19.027  -39.567 0.5000000000
54734  47.105  -17.913  -40.165 0.6000000238
53632  46.374  -18.341  -40.669 0.6000000238
53624  44.762  -18.341  -38.842 0.6000000238
57779  44.379  -13.684  -36.745 0.4000000060
169714  46.906  -16.373  -39.095 0.4000000060
55866  46.963  -16.765  -39.956 0.4000000060
54738  46.649  -17.719  -40.414 0.5000000000
54739  46.025  -17.410  -40.696 0.6000000238
53605  44.528  -18.610  -37.968 0.6999999881
58791  44.759  -12.735  -37.158 0.4000000060
53615  43.806  -17.952  -38.380 0.6999999881
157837  45.872  -12.270  -38.046 0.4000000060
138383  45.082  -12.458  -38.140 0.5000000000
139992  47.102  -15.379  -40.067 0.4000000060
139596  47.133  -14.008  -40.248 0.4000000060
52583  42.658  -18.900  -38.446 0.6999999881
44325  35.862  -28.314  -34.148 0.8999999762
169519  35.365  -28.024  -35.020 0.6999999881
158811  46.347  -13.647  -37.356 0.4000000060
52571  41.913  -18.955  -37.907 0.6999999881
139020  46.893  -11.576  -39.544 0.4000000060
44286  37.378  -27.592  -32.546 0.8999999762
151195  40.955  -20.849  -36.996 0.8999999762
145577  37.887  -27.050  -32.364 0.8999999762
46254  39.422  -25.455  -33.329 1.0000000000
145878  38.475  -26.514  -32.460 1.0000000000
50558  40.779  -21.523  -36.074 1.0000000000
45231  39.042  -25.992  -32.791 1.0000000000
143649  40.469  -22.710  -34.525 1.0000000000
161664  39.105  -25.327  -32.340 1.0000000000
46241  38.500  -25.801  -31.979 1.0000000000
167222  40.470  -22.740  -33.552 1.0000000000
49445  39.698  -22.049  -29.905 0.8999999762
49474  40.410  -22.539  -31.337 1.0000000000
48411  40.088  -23.238  -32.058 1.0000000000
47253  38.826  -24.361  -31.094 1.0000000000
48374  39.783  -23.143  -30.925 1.0000000000
48375  39.102  -23.626  -30.694 1.0000000000
47254  38.513  -23.995  -30.702 0.8999999762
49458  39.006  -22.372  -29.940 1.0000000000
48376  38.603  -23.257  -30.359 0.8999999762
49544  46.841  -22.543  -37.488 0.6000000238
156977  46.528  -21.775  -37.933 0.6999999881
50600  46.559  -21.894  -39.148 0.6999999881
51579  46.288  -21.022  -39.371 0.6999999881
50611  47.082  -21.284  -40.766 0.6000000238
51583  46.523  -20.711  -40.310 0.6000000238
51580  45.934  -20.031  -39.485 0.6999999881
52593  46.203  -19.696  -40.385 0.6999999881
52594  45.872  -18.839  -40.437 0.6000000238
53629  45.160  -18.189  -39.779 0.6000000238
161705  44.430  -13.844  -35.014 0.3000000119
52595  47.204  -19.514  -40.939 0.6000000238
52596  46.546  -19.178  -40.745 0.6000000238
53630  44.781  -17.498  -39.897 0.6000000238
57763  44.344  -14.117  -35.715 0.4000000060
152869  44.383  -14.463  -34.859 0.4000000060
55867  46.476  -16.575  -40.466 0.6000000238
54740  45.179  -17.067  -40.481 0.6000000238
55868  45.619  -16.328  -40.754 0.5000000000
53625  44.406  -17.655  -39.108 0.6000000238
56869  46.148  -14.379  -41.067 0.4000000060
54727  44.038  -17.422  -38.606 0.6000000238
57790  44.537  -13.410  -37.632 0.5000000000
140188  45.044  -12.497  -41.231 0.4000000060
139758  46.285  -13.010  -40.795 0.4000000060
54715  43.563  -17.858  -38.165 0.6000000238
57796  44.743  -13.133  -38.677 0.5000000000
158395  45.976  -11.743  -40.400 0.4000000060
53617  42.476  -18.502  -38.100 0.6000000238
138384  44.790  -12.461  -40.084 0.4000000060
140388  44.586  -12.777  -41.032 0.4000000060
162616  36.508  -28.119  -33.069 0.8999999762
52555  41.650  -19.454  -36.557 0.8999999762
45244  36.228  -26.949  -32.670 0.8999999762
45232  37.300  -26.836  -32.116 0.8999999762
46228  36.990  -25.797  -31.624 0.8999999762
45220  37.867  -26.233  -31.806 0.8999999762
49509  40.746  -22.101  -34.184 1.0000000000
49493  40.587  -22.439  -32.515 1.0000000000
46226  38.123  -25.477  -31.464 1.0000000000
47273  38.172  -24.709  -31.023 0.8999999762
50492  38.667  -21.722  -29.891 1.0000000000
50493  37.907  -21.799  -30.327 1.0000000000
48377  38.009  -23.311  -30.390 0.8999999762
51481  38.287  -20.902  -30.111 1.0000000000
50508  37.204  -21.772  -30.991 0.8999999762
58766  44.476  -13.271  -34.591 0.3000000119
57751  44.440  -14.142  -34.301 0.3000000119
56798  44.410  -15.045  -34.107 0.3000000119
54741  44.559  -16.861  -39.985 0.6000000238
165688  44.202  -15.138  -35.705 0.5000000000
55808  44.220  -15.920  -34.435 0.4000000060
55869  44.749  -15.963  -40.462 0.5000000000
56871  44.683  -14.216  -41.321 0.5000000000
56865  44.321  -15.184  -40.163 0.5000000000
54737  44.118  -16.946  -39.009 0.5000000000
56826  44.208  -14.811  -36.392 0.5000000000
155573  44.406  -13.887  -40.822 0.5000000000
56833  44.240  -14.553  -37.227 0.5000000000
150626  44.485  -13.961  -40.169 0.5000000000
54716  42.988  -18.012  -38.048 0.6000000238
56842  44.360  -14.364  -38.128 0.5000000000
57806  44.485  -14.091  -39.177 0.5000000000
53606  42.445  -18.285  -37.022 0.6999999881
56834  44.010  -15.666  -36.897 0.5000000000
56843  44.073  -15.542  -37.761 0.5000000000
53598  42.145  -18.819  -36.202 0.6000000238
52545  41.538  -19.897  -35.581 0.8999999762
50557  41.025  -21.366  -34.871 0.8999999762
142962  41.106  -20.913  -35.857 0.8999999762
50542  41.064  -21.478  -33.730 0.8999999762
49444  40.369  -21.714  -30.003 0.8999999762
50507  40.938  -21.829  -31.736 0.8999999762
50543  40.788  -22.087  -33.349 1.0000000000
47274  37.594  -24.540  -30.966 0.8999999762
46227  37.603  -25.452  -31.388 0.8999999762
48393  37.545  -23.729  -30.715 0.8999999762
50477  39.387  -21.542  -29.720 0.8000000119
51465  39.016  -20.851  -29.681 0.6999999881
48394  37.058  -24.193  -31.064 0.8999999762
49476  36.817  -23.311  -31.212 0.8999999762
59917  44.506  -12.486  -33.938 0.3000000119
152143  44.474  -14.466  -33.528 0.3000000119
57740  44.513  -14.288  -32.693 0.4000000060
145410  44.519  -14.841  -31.926 0.3000000119
56788  44.464  -15.167  -32.886 0.3000000119
154870  44.456  -15.516  -32.003 0.4000000060
55790  44.320  -15.951  -33.468 0.4000000060
55864  44.311  -16.438  -39.655 0.6000000238
56812  44.083  -15.903  -35.281 0.5000000000
144613  43.998  -16.720  -33.828 0.4000000060
156532  43.983  -16.488  -38.315 0.5000000000
54728  43.942  -17.184  -38.551 0.5000000000
55824  43.694  -16.690  -35.687 0.5000000000
162308  44.210  -15.357  -38.652 0.5000000000
156774  43.610  -17.416  -38.040 0.5000000000
55831  43.686  -16.664  -36.625 0.5000000000
145981  43.339  -17.438  -37.363 0.5000000000
54700  43.146  -17.553  -36.401 0.5000000000
54691  43.308  -17.458  -35.166 0.5000000000
53588  42.413  -18.752  -34.935 0.6000000238
52544  41.910  -19.380  -35.308 0.6000000238
52515  42.418  -19.355  -33.266 0.6999999881
51532  41.664  -19.988  -34.630 0.6999999881
51533  41.340  -20.525  -35.206 0.6999999881
164611  41.847  -20.086  -33.513 0.6999999881
155716  41.393  -20.900  -33.127 0.8000000119
51524  41.381  -20.727  -34.151 0.8000000119
47275  36.881  -24.991  -31.390 0.8999999762
50525  41.039  -21.652  -32.765 0.8999999762
50476  40.064  -21.306  -29.684 0.6999999881
154126  36.217  -23.347  -31.910 0.8999999762
146547  36.874  -22.421  -31.244 0.8999999762
51482  37.559  -20.882  -30.802 1.0000000000
153761  44.444  -14.589  -30.957 0.3000000119
56782  44.418  -15.384  -31.195 0.4000000060
57705  44.195  -14.361  -30.171 0.3000000119
55777  44.349  -16.055  -32.441 0.4000000060
55745  44.110  -15.975  -30.537 0.3000000119
55763  44.008  -16.762  -30.827 0.4000000060
55809  43.824  -16.698  -34.758 0.4000000060
55791  44.099  -16.747  -32.854 0.4000000060
54653  43.820  -17.448  -32.234 0.4000000060
54681  43.532  -17.449  -34.167 0.4000000060
54667  43.688  -17.430  -33.210 0.4000000060
53572  43.242  -18.109  -33.560 0.5000000000
53587  43.004  -18.122  -34.541 0.5000000000
51507  41.837  -20.418  -32.481 0.6000000238
50524  41.446  -21.141  -32.097 0.8000000119
50491  40.937  -21.379  -30.285 0.6999999881
51496  36.919  -20.940  -31.737 0.8999999762
50526  36.420  -21.538  -32.383 0.8999999762
52506  37.409  -19.912  -31.551 0.8999999762
52516  37.179  -19.419  -32.461 0.8000000119
51509  36.589  -20.698  -32.719 0.8000000119
53558  37.393  -18.501  -32.587 0.6999999881
53574  37.156  -18.257  -33.471 0.8000000119
57686  43.895  -14.174  -29.710 0.3000000119
56764  43.750  -15.691  -29.856 0.3000000119
55746  43.652  -16.556  -30.009 0.3000000119
55720  43.243  -16.168  -29.518 0.4000000060
54640  43.792  -17.471  -31.208 0.4000000060
53525  43.361  -18.114  -30.676 0.5000000000
53556  43.401  -18.101  -32.572 0.5000000000
169418  43.184  -18.643  -31.130 0.5000000000
53526  42.877  -18.742  -30.415 0.5000000000
53543  43.118  -18.726  -31.940 0.5000000000
52489  42.329  -19.422  -30.152 0.5000000000
52505  42.757  -19.318  -31.200 0.5000000000
51494  42.191  -20.042  -30.883 0.6000000238
165956  41.740  -20.592  -30.714 0.6999999881
51479  41.318  -20.821  -30.211 0.6999999881
51464  39.754  -20.718  -29.558 0.6999999881
52475  39.414  -20.017  -29.603 0.6999999881
52490  38.681  -20.052  -29.960 0.6999999881
53511  39.054  -19.253  -29.829 0.6999999881
53529  37.887  -19.065  -31.112 0.8000000119
53544  38.158  -18.270  -31.008 0.6999999881
58709  44.139  -13.648  -29.949 0.3000000119
58700  43.340  -13.509  -29.099 0.3000000119
57678  42.892  -14.228  -28.864 0.4000000060
57687  43.472  -14.376  -29.340 0.3000000119
56741  42.867  -15.650  -29.152 0.4000000060
55721  42.594  -16.518  -29.271 0.4000000060
54628  42.915  -18.040  -29.837 0.4000000060
54608  42.351  -17.454  -29.408 0.3000000119
142132  42.138  -18.345  -29.532 0.5000000000
52471  42.020  -19.010  -29.636 0.6000000238
54609  41.491  -17.813  -29.301 0.3000000119
53509  41.343  -18.849  -29.429 0.5000000000
53510  40.665  -18.234  -29.313 0.4000000060
51478  41.785  -20.176  -30.128 0.6999999881
52472  41.598  -19.591  -29.685 0.6999999881
52473  40.855  -19.726  -29.503 0.6999999881
51480  40.703  -21.031  -29.843 0.6999999881
146858  40.475  -19.099  -29.395 0.6999999881
53527  39.456  -18.514  -29.671 0.6000000238
56731  42.517  -15.029  -28.878 0.3000000119
55707  42.116  -15.824  -28.923 0.3000000119
168486  41.633  -16.729  -29.117 0.3000000119
56732  41.670  -15.051  -28.734 0.3000000119
55708  41.116  -15.760  -28.905 0.3000000119
56742  40.362  -15.095  -29.149 0.3000000119
167133  40.915  -16.443  -29.084 0.3000000119
55722  40.248  -16.088  -29.308 0.4000000060
143540  40.050  -18.591  -29.394 0.5000000000
54610  40.656  -17.158  -29.233 0.5000000000
55723  39.723  -16.925  -29.603 0.5000000000
54611  39.934  -17.851  -29.419 0.6000000238
54629  39.221  -17.679  -29.932 0.6000000238
60915  43.111  -11.940  -28.761 0.4000000060
59856  42.666  -12.436  -28.622 0.3000000119
168269  42.435  -13.907  -28.657 0.3000000119
147070  41.299  -12.874  -28.584 0.3000000119
57680  41.255  -14.321  -28.661 0.3000000119
58703  40.857  -13.606  -28.756 0.3000000119
56733  40.922  -14.911  -28.794 0.3000000119
58711  40.223  -13.623  -29.266 0.3000000119
57690  39.933  -14.380  -29.461 0.3000000119
56743  39.717  -15.201  -29.670 0.4000000060
57706  39.433  -14.420  -30.055 0.4000000060
55747  38.992  -16.765  -30.349 0.6000000238
155697  39.420  -16.006  -29.965 0.4000000060
57707  38.984  -14.407  -30.704 0.4000000060
156174  38.781  -15.857  -30.757 0.5000000000
54630  38.552  -17.540  -30.718 0.6000000238
54668  37.242  -17.449  -33.724 0.6999999881
53575  36.744  -18.884  -34.027 0.8000000119
61901  42.218  -10.655  -28.517 0.4000000060
60917  41.625  -11.403  -28.519 0.3000000119
59858  40.962  -12.048  -28.683 0.3000000119
144689  40.567  -12.873  -28.999 0.3000000119
154406  39.948  -12.914  -29.566 0.3000000119
59872  39.472  -12.969  -30.193 0.4000000060
58717  39.252  -13.711  -30.445 0.4000000060
57732  38.602  -14.303  -31.393 0.4000000060
155101  38.388  -15.666  -31.467 0.4000000060
166045  38.332  -16.572  -31.367 0.5000000000
56783  38.231  -14.982  -31.934 0.4000000060
54641  38.006  -17.531  -31.593 0.6000000238
55764  37.973  -15.891  -32.147 0.4000000060
55765  37.772  -16.866  -32.385 0.6999999881
55779  37.673  -16.050  -32.955 0.4000000060
56799  37.605  -15.344  -33.452 0.4000000060
146542  37.492  -16.812  -33.285 0.6000000238
56813  37.406  -15.560  -34.236 0.5000000000
145463  37.291  -16.790  -33.917 0.6000000238
53589  36.909  -18.037  -34.258 0.6999999881
54682  37.031  -17.203  -34.456 0.6999999881
62973  42.350  -9.646  -28.583 0.3000000119
60918  40.922  -11.281  -28.688 0.3000000119
60943  40.510  -11.545  -29.060 0.3000000119
60944  40.013  -11.470  -29.619 0.3000000119
156206  39.718  -12.214  -29.931 0.3000000119
160101  39.396  -12.338  -30.579 0.4000000060
59877  39.080  -12.995  -30.990 0.3000000119
59890  38.757  -12.638  -31.810 0.3000000119
58738  38.644  -13.499  -31.612 0.3000000119
58751  38.343  -13.223  -32.375 0.3000000119
56789  37.818  -15.296  -32.719 0.4000000060
57741  38.265  -14.075  -32.134 0.3000000119
57752  37.926  -13.857  -32.925 0.3000000119
57753  37.685  -14.525  -33.429 0.3000000119
58759  37.711  -13.747  -33.665 0.3000000119
144466  37.547  -14.915  -34.003 0.3000000119
143765  37.407  -14.860  -34.754 0.4000000060
55810  37.207  -16.373  -34.450 0.5000000000
54692  36.880  -16.810  -35.399 0.5000000000
62975  40.765  -9.729  -28.787 0.3000000119
61903  40.462  -10.768  -29.131 0.3000000119
62993  40.201  -10.054  -29.496 0.3000000119
61926  39.851  -10.689  -29.880 0.3000000119
60957  39.547  -11.475  -30.479 0.3000000119
59909  38.504  -12.331  -32.613 0.3000000119
58758  37.993  -12.980  -33.262 0.3000000119
58767  37.719  -13.168  -33.934 0.3000000119
58768  37.607  -13.641  -34.349 0.3000000119
143088  37.138  -15.104  -35.745 0.4000000060
56828  37.150  -15.761  -35.090 0.5000000000
141997  36.892  -15.998  -36.160 0.5000000000
64040  40.751  -8.660  -28.805 0.3000000119
146809  40.177  -9.200  -29.575 0.3000000119
62994  39.794  -9.893  -30.126 0.3000000119
61946  39.572  -10.512  -30.701 0.3000000119
60960  39.296  -11.069  -31.465 0.3000000119
60961  38.918  -11.775  -32.023 0.3000000119
60981  38.757  -11.461  -32.757 0.3000000119
150129  38.311  -11.940  -33.478 0.3000000119
170162  37.365  -14.299  -35.449 0.4000000060
57791  37.136  -14.516  -36.441 0.4000000060
56835  36.944  -15.317  -36.855 0.4000000060
160344  37.061  -14.801  -37.400 0.4000000060
55832  36.766  -16.235  -37.485 0.5000000000
56844  36.945  -15.428  -38.095 0.4000000060
66068  41.961  -7.147  -28.592 0.3000000119
65036  41.326  -7.970  -28.576 0.3000000119
163327  39.758  -9.236  -30.362 0.3000000119
61952  39.447  -10.212  -31.393 0.3000000119
61963  39.263  -10.290  -32.144 0.3000000119
61964  39.021  -10.743  -32.724 0.3000000119
60995  38.711  -10.879  -33.467 0.3000000119
165196  37.680  -12.862  -34.582 0.3000000119
59936  37.769  -12.137  -35.095 0.3000000119
58780  37.526  -13.578  -35.102 0.3000000119
58792  37.345  -13.628  -36.156 0.4000000060
58802  37.218  -14.128  -37.318 0.3000000119
153543  40.730  -7.888  -28.835 0.3000000119
64052  40.318  -8.247  -29.435 0.3000000119
65049  39.969  -7.736  -30.060 0.3000000119
64053  39.856  -8.556  -30.209 0.3000000119
64068  39.588  -8.853  -31.082 0.3000000119
64085  39.455  -8.755  -31.963 0.3000000119
64097  39.381  -8.628  -32.761 0.3000000119
63044  39.339  -9.414  -32.476 0.3000000119
61982  39.099  -10.077  -32.989 0.3000000119
63061  39.197  -9.265  -33.289 0.3000000119
164869  38.332  -11.361  -34.100 0.3000000119
65048  40.432  -7.382  -29.259 0.3000000119
146914  39.666  -8.037  -30.863 0.3000000119
67126  39.850  -6.001  -30.553 0.3000000119
151613  39.564  -7.486  -31.501 0.3000000119
63062  38.844  -9.948  -33.811 0.3000000119
61994  38.488  -10.606  -34.352 0.3000000119
156106  38.095  -11.334  -34.897 0.3000000119
66090  40.019  -6.798  -29.991 0.3000000119
66124  39.512  -6.754  -31.950 0.3000000119
154839  39.612  -6.112  -31.499 0.4000000060
166647  39.479  -7.340  -32.107 0.3000000119
153307  39.390  -7.951  -33.010 0.3000000119
64108  39.271  -8.460  -33.566 0.3000000119
66147  39.460  -6.225  -32.644 0.4000000060
67139  39.529  -5.583  -32.098 0.4000000060
65099  39.430  -7.191  -32.740 0.4000000060
68076  39.647  -4.612  -31.730 0.3000000119
155253  39.490  -4.939  -32.780 0.4000000060
42480  40.503  -29.577  -33.175 1.0000000000
42497  40.540  -30.579  -33.703 0.8999999762
52491  37.975  -19.992  -30.587 0.6999999881
144802  37.511  -19.046  -31.880 0.8000000119
54642  37.658  -17.760  -32.259 0.6999999881
32509  43.651  -40.538  -35.488 0.6000000238
32510  43.269  -39.995  -35.157 0.6000000238
34320  43.514  -38.044  -33.305 0.6000000238
28332  43.961  -45.309  -34.444 0.5000000000
27620  44.141  -46.396  -34.480 0.5000000000
142636  44.721  -39.486  -35.100 0.6000000238
39623  38.289  -32.033  -28.060 0.8999999762
32506  45.205  -39.529  -34.114 0.5000000000
29089  46.349  -44.089  -35.031 0.4000000060
30726  45.937  -42.874  -34.587 0.5000000000
28329  46.414  -45.527  -35.103 0.4000000060
151623  43.766  -34.102  -30.600 0.6999999881
39655  45.470  -32.912  -31.133 0.6999999881
165968  45.730  -41.155  -32.526 0.5000000000
30707  46.459  -42.663  -32.036 0.5000000000
40610  42.246  -31.028  -28.530 0.8000000119
38701  44.671  -33.132  -30.844 0.6999999881
33404  47.152  -39.845  -31.070 0.4000000060
164808  40.043  -27.775  -29.166 0.8000000119
39681  40.492  -32.605  -35.068 0.8000000119
38714  46.608  -33.428  -31.556 0.6000000238
147671  48.620  -37.036  -31.492 0.4000000060
151318  47.872  -39.303  -31.029 0.4000000060
169098  48.865  -36.347  -31.645 0.5000000000
147241  48.181  -34.909  -31.821 0.5000000000
42508  41.507  -30.683  -35.596 1.0000000000
39669  47.946  -31.741  -32.033 0.6999999881
43377  41.019  -29.139  -33.658 1.0000000000
45293  40.912  -27.143  -38.238 1.0000000000
45297  41.090  -26.798  -38.284 1.0000000000
46206  41.805  -25.169  -30.622 0.8000000119
47348  41.983  -24.534  -37.792 1.0000000000
49520  43.570  -22.165  -34.104 0.8000000119
47337  42.134  -25.037  -35.647 1.0000000000
49472  44.904  -22.647  -31.629 0.6999999881
49559  42.174  -21.900  -38.713 0.8000000119
50603  40.927  -21.658  -38.756 1.0000000000
50602  41.216  -20.951  -38.959 1.0000000000
154611  46.747  -24.100  -32.995 0.6000000238
52580  47.941  -19.443  -38.033 0.4000000060
42499  37.158  -29.465  -33.827 1.0000000000
43360  37.548  -28.199  -32.882 1.0000000000
54726  46.851  -17.319  -38.676 0.4000000060
160480  40.124  -23.428  -33.155 1.0000000000
51578  48.326  -20.191  -39.902 0.4000000060
54725  47.280  -18.191  -39.352 0.5000000000
52589  47.999  -19.573  -39.172 0.5000000000
140913  45.207  -12.084  -39.127 0.4000000060
140065  45.710  -11.317  -40.021 0.4000000060
48392  39.449  -23.880  -31.432 1.0000000000
55870  46.299  -15.542  -40.851 0.5000000000
56827  43.999  -15.811  -36.077 0.5000000000
55844  43.792  -16.590  -37.498 0.5000000000
53597  42.715  -18.150  -35.662 0.5000000000
53573  42.683  -18.731  -33.903 0.6000000238
53557  42.928  -18.727  -32.922 0.5000000000
150761  42.653  -19.330  -32.312 0.5000000000
53542  43.490  -18.106  -31.610 0.5000000000
142094  38.420  -19.254  -30.398 0.6999999881
53528  38.716  -18.460  -30.281 0.6999999881
59889  39.166  -12.048  -31.238 0.3000000119
36022  40.810  -36.748  -28.013 0.5000000000
35164  40.419  -37.324  -27.807 0.5000000000
36838  39.559  -35.039  -27.035 0.5000000000
161668  40.234  -39.423  -28.667 0.5000000000
34274  40.497  -38.148  -28.131 0.5000000000
33388  41.172  -39.788  -29.973 0.5000000000
34273  41.080  -38.474  -28.782 0.5000000000
33365  40.388  -38.951  -28.442 0.5000000000
32471  40.675  -40.379  -30.478 0.5000000000
32488  41.774  -40.489  -31.951 0.4000000060
33387  41.933  -39.516  -30.403 0.5000000000
153060  41.330  -40.714  -33.110 0.4000000060
33409  42.197  -39.933  -31.190 0.5000000000
31593  41.630  -40.862  -33.942 0.5000000000
163284  42.635  -39.477  -31.350 0.5000000000
151569  35.747  -32.018  -34.875 0.6999999881
39683  34.749  -32.668  -34.023 0.6999999881
39704  37.156  -33.002  -35.591 0.8000000119
39702  39.220  -33.490  -36.140 0.8000000119
38770  37.673  -34.063  -35.641 0.8000000119
39701  40.002  -33.346  -36.198 0.8999999762
40684  35.686  -31.213  -34.821 0.6999999881
40689  38.762  -32.758  -36.198 0.8999999762
40690  37.612  -32.326  -35.723 0.8999999762
165099  39.710  -33.034  -36.346 0.8999999762
41621  40.592  -31.948  -36.646 0.8999999762
41625  36.256  -30.978  -35.062 0.8000000119
41623  38.077  -31.743  -35.728 0.8999999762
41608  39.622  -31.217  -36.209 0.8999999762
42525  40.615  -30.948  -36.897 0.8999999762
42524  41.143  -30.469  -37.357 0.8999999762
141126  47.588  -28.250  -35.252 0.5000000000
43375  47.509  -28.444  -33.514 0.5000000000
44302  47.269  -27.627  -33.450 0.5000000000
163457  48.089  -29.819  -33.091 0.6000000238
42479  47.470  -29.128  -32.732 0.5000000000
43356  47.149  -28.179  -32.752 0.5000000000
41582  48.241  -30.553  -32.701 0.6000000238
41612  35.745  -30.275  -34.770 0.6000000238
41611  36.481  -30.531  -34.954 0.8999999762
41609  38.435  -31.090  -35.485 0.8999999762
41624  36.986  -31.315  -35.350 0.8999999762
42509  39.721  -30.103  -35.758 0.8999999762
43409  40.485  -29.711  -36.939 0.8999999762
45241  47.334  -26.521  -34.527 0.5000000000
46251  47.220  -25.662  -33.922 0.5000000000
45258  47.346  -26.587  -35.669 0.5000000000
161136  47.341  -27.225  -34.150 0.5000000000
44303  47.136  -26.626  -33.436 0.5000000000
44322  47.425  -27.401  -35.179 0.5000000000
42512  36.822  -30.041  -34.611 0.8999999762
154840  36.092  -29.869  -34.763 0.6999999881
41610  37.344  -30.787  -35.141 0.8999999762
42510  38.659  -30.277  -34.888 0.8999999762
43392  39.676  -28.871  -35.334 0.8999999762
46267  47.353  -25.709  -35.043 0.5000000000
47316  47.267  -24.782  -34.422 0.5000000000
46280  47.330  -25.948  -36.214 0.5000000000
45270  47.278  -26.673  -36.670 0.5000000000
42511  37.697  -30.121  -34.525 0.8999999762
43393  38.884  -29.248  -34.423 0.8999999762
47335  47.372  -24.932  -35.818 0.5000000000
147886  47.229  -25.003  -37.265 0.5000000000
147089  47.272  -25.597  -36.911 0.5000000000
153494  47.261  -25.086  -38.278 0.4000000060
44338  35.109  -27.450  -35.419 0.6000000238
45275  34.833  -26.773  -35.721 0.6000000238
147543  35.500  -27.398  -34.486 0.8000000119
45274  35.172  -26.693  -35.251 0.6999999881
145412  34.906  -26.006  -35.674 0.6999999881
46295  34.270  -25.186  -36.070 0.6999999881
47352  33.852  -24.470  -36.136 0.6999999881
45261  35.510  -26.442  -34.066 0.8000000119
161220  35.808  -26.928  -33.341 0.8000000119
150087  35.248  -25.792  -34.832 0.6999999881
46271  35.055  -25.042  -35.453 0.6999999881
47350  34.817  -23.985  -36.075 0.6999999881
47339  35.064  -24.131  -35.688 0.6999999881
48466  35.050  -23.367  -35.996 0.6999999881
46243  35.751  -25.257  -32.709 0.8000000119
47306  35.448  -24.230  -33.802 0.8000000119
46242  36.365  -25.627  -31.986 0.8000000119
48454  35.311  -23.392  -35.228 0.6999999881
48437  35.462  -23.462  -34.193 0.6999999881
48424  35.605  -23.613  -33.211 0.8000000119
47291  36.084  -24.736  -32.045 0.8000000119
49523  35.538  -22.649  -34.588 0.6999999881
49511  35.665  -22.792  -33.561 0.8000000119
51535  35.885  -20.979  -35.148 0.6000000238
48413  36.450  -24.106  -31.570 0.8000000119
49495  35.888  -23.021  -32.643 0.8000000119
50559  35.991  -21.122  -34.177 0.6000000238
51534  36.233  -20.322  -34.421 0.6000000238
51544  36.118  -20.176  -35.337 0.6000000238
50544  36.190  -21.309  -33.279 0.8000000119
52546  36.438  -19.529  -34.644 0.6000000238
49494  36.342  -22.488  -31.971 0.8000000119
52556  36.340  -19.395  -35.559 0.6000000238
51525  36.393  -20.495  -33.564 0.6999999881
52533  36.582  -19.697  -33.804 0.6000000238
162509  36.719  -17.822  -35.120 0.6999999881
53599  36.486  -18.575  -35.805 0.6000000238
53590  36.601  -18.709  -34.874 0.6000000238
54693  36.587  -17.696  -36.113 0.6000000238
52517  36.777  -19.899  -33.020 0.6999999881
52532  36.981  -19.099  -33.230 0.6999999881
30737  40.656  -41.173  -34.015 0.4000000060
32499  42.172  -40.445  -33.094 0.5000000000
33408  42.641  -39.904  -32.139 0.5000000000
41620  41.226  -31.340  -36.963 0.8999999762
45245  35.902  -26.217  -32.787 0.8000000119
32457  40.381  -40.100  -29.648 0.5000000000
151954  40.923  -40.587  -31.422 0.5000000000
39705  36.494  -31.878  -35.276 0.8000000119
150934  47.750  -28.615  -34.384 0.5000000000
46255  35.522  -25.580  -33.663 0.8000000119
151106  35.355  -24.938  -34.363 0.6999999881
48414  35.887  -23.865  -32.326 0.8000000119
50560  35.674  -21.811  -34.917 0.6999999881
50545  35.770  -21.948  -33.880 0.6999999881
36911  49.752  -35.409  -32.139 0.4000000060
36910  50.613  -35.171  -32.748 0.4000000060
37839  50.010  -34.482  -32.446 0.4000000060
37856  50.785  -34.387  -33.115 0.4000000060
39667  49.657  -33.006  -32.637 0.5000000000
37855  51.290  -34.346  -33.948 0.4000000060
36920  51.224  -35.166  -33.648 0.4000000060
40672  49.508  -31.218  -33.544 0.5000000000
40673  48.839  -30.917  -33.092 0.5000000000
39679  50.589  -32.254  -34.189 0.5000000000
154249  50.996  -33.039  -33.939 0.4000000060
39666  50.408  -32.933  -33.256 0.4000000060
37864  51.319  -34.281  -34.633 0.4000000060
38744  51.223  -33.669  -34.259 0.4000000060
38745  50.869  -33.662  -33.484 0.4000000060
36925  51.371  -35.183  -34.816 0.4000000060
161179  48.597  -30.301  -33.331 0.5000000000
39680  49.827  -32.108  -33.170 0.5000000000
39678  50.968  -33.072  -35.007 0.4000000060
38767  50.658  -33.849  -35.695 0.4000000060
37878  50.219  -34.748  -37.512 0.4000000060
37876  49.727  -35.022  -37.155 0.4000000060
37871  50.865  -34.598  -35.588 0.4000000060
36934  51.171  -34.966  -37.512 0.4000000060
36933  49.931  -35.381  -37.196 0.4000000060
41597  49.144  -30.465  -33.910 0.5000000000
40681  49.697  -30.885  -34.745 0.5000000000
40680  50.218  -31.616  -34.832 0.4000000060
41615  54.799  -30.069  -36.107 0.3000000119
39688  50.273  -32.279  -35.499 0.4000000060
40693  53.994  -31.051  -37.655 0.3000000119
39699  49.795  -33.421  -36.463 0.4000000060
40692  54.776  -31.088  -37.698 0.3000000119
40705  54.284  -31.823  -38.011 0.3000000119
39728  52.845  -32.556  -37.681 0.3000000119
148511  51.861  -33.069  -37.626 0.3000000119
38781  50.549  -33.653  -37.599 0.4000000060
38782  49.628  -34.043  -37.349 0.4000000060
38768  49.948  -34.465  -36.636 0.4000000060
39727  53.760  -32.572  -37.784 0.3000000119
37877  52.936  -33.436  -37.481 0.3000000119
160415  51.507  -34.083  -37.531 0.4000000060
41605  49.087  -29.995  -34.993 0.4000000060
40687  49.549  -31.563  -35.779 0.4000000060
41616  54.010  -30.030  -36.310 0.3000000119
42530  53.280  -29.882  -36.796 0.3000000119
41631  53.678  -30.465  -37.138 0.3000000119
41643  53.309  -30.943  -37.673 0.3000000119
166916  51.947  -31.409  -37.730 0.3000000119
40708  51.012  -31.840  -37.694 0.4000000060
39730  49.791  -32.947  -37.560 0.4000000060
38777  49.471  -34.125  -37.186 0.4000000060
40706  53.312  -31.726  -37.830 0.3000000119
40707  52.145  -32.043  -37.717 0.3000000119
39729  51.076  -32.708  -37.656 0.3000000119
42506  48.116  -29.125  -34.475 0.4000000060
142418  51.648  -28.938  -37.705 0.3000000119
143889  49.353  -30.026  -37.531 0.3000000119
41646  48.538  -30.810  -37.511 0.4000000060
42541  48.238  -29.923  -37.466 0.4000000060
41634  47.804  -30.797  -37.189 0.4000000060
41617  48.678  -30.778  -36.156 0.4000000060
42532  52.253  -29.010  -37.455 0.3000000119
41644  51.195  -30.020  -37.716 0.3000000119
41645  49.931  -30.461  -37.575 0.3000000119
152228  49.178  -31.400  -37.567 0.4000000060
40710  48.237  -31.638  -37.360 0.4000000060
40694  48.290  -31.883  -36.865 0.4000000060
42539  52.074  -29.724  -37.674 0.3000000119
149546  50.521  -31.058  -37.642 0.3000000119
40709  49.614  -32.009  -37.584 0.4000000060
39731  48.820  -32.502  -37.362 0.4000000060
39715  48.542  -32.423  -37.203 0.4000000060
41632  52.779  -30.363  -37.540 0.3000000119
149054  51.801  -30.752  -37.743 0.3000000119
39714  49.006  -33.199  -37.135 0.4000000060
144265  47.326  -27.357  -36.487 0.4000000060
44347  47.390  -28.201  -36.780 0.4000000060
44334  47.388  -27.994  -36.069 0.4000000060
43390  47.853  -28.898  -35.340 0.4000000060
43415  48.392  -28.248  -37.176 0.3000000119
42543  47.467  -29.345  -37.065 0.4000000060
42533  47.515  -29.915  -37.060 0.4000000060
42505  48.373  -29.444  -35.169 0.4000000060
43426  49.132  -28.820  -37.304 0.4000000060
42542  47.595  -29.886  -37.215 0.4000000060
41618  47.737  -30.434  -36.813 0.4000000060
42504  48.220  -30.007  -35.959 0.4000000060
49534  35.338  -22.551  -35.717 0.6000000238
49547  35.034  -22.683  -36.387 0.6000000238
51545  35.758  -20.807  -36.114 0.5000000000
50575  35.486  -21.676  -36.029 0.5000000000
51563  35.623  -20.615  -36.965 0.5000000000
52574  35.905  -19.861  -37.201 0.5000000000
52573  36.252  -19.285  -36.536 0.5000000000
53607  36.391  -18.492  -36.805 0.5000000000
55833  36.678  -16.900  -36.614 0.4000000060
63084  38.581  -9.459  -35.547 0.3000000119
155311  38.709  -8.860  -36.131 0.3000000119
62020  38.130  -10.213  -37.016 0.3000000119
65107  39.368  -7.543  -33.750 0.3000000119
152123  39.153  -8.287  -34.486 0.3000000119
165042  38.848  -9.020  -34.841 0.3000000119
64137  38.933  -8.486  -35.403 0.3000000119
64147  38.705  -8.805  -36.919 0.3000000119
63101  38.432  -9.574  -37.497 0.3000000119
64159  38.779  -8.854  -37.898 0.3000000119
66155  39.418  -6.605  -33.496 0.3000000119
160478  39.405  -6.871  -34.210 0.3000000119
167553  39.152  -7.965  -35.019 0.3000000119
64136  39.209  -7.687  -35.479 0.3000000119
64146  39.005  -8.073  -36.291 0.3000000119
166778  39.196  -7.451  -36.791 0.3000000119
64158  38.999  -8.044  -37.260 0.3000000119
63115  39.105  -8.963  -38.986 0.3000000119
64183  39.618  -9.131  -40.150 0.3000000119
67162  39.439  -5.661  -33.417 0.3000000119
67172  39.436  -6.146  -34.217 0.3000000119
159963  39.435  -6.621  -34.854 0.3000000119
66174  39.457  -6.394  -35.606 0.3000000119
65150  39.340  -7.121  -36.102 0.3000000119
66188  39.464  -6.290  -36.414 0.3000000119
160044  39.363  -6.878  -36.803 0.3000000119
64174  39.214  -8.086  -38.192 0.3000000119
148982  39.568  -8.205  -39.237 0.3000000119
154239  39.494  -4.107  -33.234 0.3000000119
68137  39.474  -4.495  -34.478 0.3000000119
67179  39.497  -5.812  -35.006 0.3000000119
67190  39.501  -5.450  -35.918 0.3000000119
67209  39.536  -5.551  -36.876 0.3000000119
66204  39.505  -6.358  -37.224 0.3000000119
66213  39.639  -6.550  -38.087 0.3000000119
154828  39.453  -4.089  -33.949 0.3000000119
68147  39.487  -4.106  -35.190 0.3000000119
153496  39.513  -4.945  -35.124 0.3000000119
145110  39.501  -4.484  -35.826 0.3000000119
67227  39.633  -5.701  -37.741 0.3000000119
153355  39.474  -3.705  -34.554 0.3000000119
161505  39.476  -3.169  -35.364 0.3000000119
154579  39.482  -3.364  -36.082 0.3000000119
68163  39.494  -3.911  -36.364 0.3000000119
146956  39.491  -2.385  -34.865 0.3000000119
142244  39.485  -2.187  -35.615 0.3000000119
169031  39.504  -1.716  -35.071 0.3000000119
36928  50.538  -35.663  -36.322 0.4000000060
36072  50.011  -36.259  -32.064 0.4000000060
36909  51.104  -35.950  -33.156 0.4000000060
155027  50.844  -36.508  -35.894 0.4000000060
36080  51.436  -36.243  -34.283 0.4000000060
36932  51.466  -35.668  -37.394 0.4000000060
36098  50.710  -36.337  -37.354 0.4000000060
36092  50.345  -36.509  -36.922 0.4000000060
41642  55.571  -31.150  -37.862 0.3000000119
40704  55.147  -31.900  -38.174 0.3000000119
39726  54.707  -32.637  -38.030 0.3000000119
38780  54.186  -33.306  -37.629 0.3000000119
37875  52.495  -34.627  -37.279 0.3000000119
41629  55.206  -30.550  -36.891 0.3000000119
42520  53.471  -29.509  -35.904 0.3000000119
42521  52.775  -29.295  -36.634 0.3000000119
45283  47.336  -26.922  -37.165 0.4000000060
45282  47.803  -26.982  -37.337 0.4000000060
44354  49.945  -27.812  -37.191 0.3000000119
43425  50.766  -28.530  -37.595 0.3000000119
46291  47.327  -26.301  -37.312 0.4000000060
48467  34.629  -23.367  -36.345 0.6000000238
69071  39.619  -3.295  -32.709 0.3000000119
70073  39.633  -2.474  -33.210 0.3000000119
153075  39.546  -2.417  -34.052 0.3000000119
71015  39.561  -1.680  -34.402 0.3000000119
72038  39.703  -0.837  -33.989 0.3000000119
42518  55.131  -29.493  -35.500 0.3000000119
150044  49.041  -32.393  -32.477 0.5000000000
39700  49.013  -32.554  -36.712 0.4000000060
43406  47.483  -28.739  -36.328 0.4000000060
68122  39.450  -4.777  -33.703 0.3000000119
65174  39.595  -7.384  -38.529 0.3000000119
150186  39.520  -4.687  -36.600 0.3000000119
68184  39.571  -4.850  -37.437 0.3000000119
72055  39.635  -0.243  -34.703 0.3000000119
35214  49.846  -37.397  -31.767 0.3000000119
36071  50.727  -36.663  -32.598 0.3000000119
148129  36.907  -34.391  -30.267 0.6000000238
37810  37.054  -34.997  -31.246 0.6999999881
36874  36.647  -35.494  -30.869 0.6999999881
36070  51.331  -36.836  -33.457 0.3000000119
147646  46.974  -45.733  -34.770 0.3000000119
29071  47.187  -44.569  -33.217 0.3000000119
157270  36.198  -34.957  -32.332 0.6999999881
34307  49.283  -38.919  -31.328 0.3000000119
37842  36.860  -34.894  -32.570 0.6999999881
37826  37.056  -35.093  -32.011 0.6999999881
34306  49.853  -38.210  -31.623 0.3000000119
165299  51.172  -37.357  -32.891 0.3000000119
144155  37.478  -34.557  -31.914 0.6999999881
35225  51.262  -38.008  -32.779 0.3000000119
35239  51.563  -38.022  -35.010 0.3000000119
35232  51.587  -37.833  -33.683 0.3000000119
153674  51.530  -37.213  -34.270 0.3000000119
34341  51.390  -38.247  -36.597 0.3000000119
35243  51.168  -38.022  -36.285 0.3000000119
36088  51.263  -37.288  -35.412 0.3000000119
30721  46.622  -43.263  -32.379 0.3000000119
31561  47.435  -41.514  -31.039 0.4000000060
37866  37.087  -34.657  -34.586 0.6999999881
33402  49.550  -39.572  -31.289 0.3000000119
33403  48.745  -39.590  -31.059 0.3000000119
166877  37.526  -34.674  -33.992 0.6999999881
37841  37.417  -34.635  -32.944 0.6999999881
34318  50.870  -38.675  -32.225 0.3000000119
34317  51.706  -38.703  -33.208 0.3000000119
34326  51.942  -38.793  -34.565 0.3000000119
34340  51.968  -38.842  -36.106 0.3000000119
38759  36.251  -34.114  -34.531 0.6999999881
32468  49.057  -41.082  -30.837 0.3000000119
164726  48.664  -40.375  -30.897 0.3000000119
33401  50.810  -39.518  -31.917 0.3000000119
32483  49.381  -40.246  -31.071 0.3000000119
37857  37.884  -34.730  -34.742 0.6999999881
33416  51.616  -39.582  -32.631 0.3000000119
38747  38.067  -34.539  -33.774 0.6999999881
36097  50.694  -37.209  -37.101 0.3000000119
35244  51.698  -37.597  -37.045 0.3000000119
35246  50.996  -37.872  -36.925 0.3000000119
37865  37.587  -34.598  -35.208 0.6999999881
31560  49.949  -40.868  -31.159 0.3000000119
38757  38.320  -34.473  -35.454 0.6999999881
32497  51.931  -40.564  -32.443 0.3000000119
33400  51.123  -40.241  -31.899 0.3000000119
38746  38.673  -34.392  -34.707 0.6999999881
36096  51.531  -36.625  -37.267 0.3000000119
161223  50.638  -40.747  -31.508 0.3000000119
39690  39.286  -33.978  -35.698 0.6999999881
45290  48.043  -26.299  -37.670 0.3000000119
37798  36.781  -34.095  -29.267 0.5000000000
36029  36.160  -36.142  -29.830 0.6999999881
36865  36.359  -35.469  -29.288 0.6000000238
36915  35.711  -35.291  -31.887 0.6999999881
37859  36.091  -34.404  -33.044 0.6999999881
29894  47.118  -43.890  -32.319 0.3000000119
38748  35.577  -33.952  -33.848 0.6999999881
30706  47.089  -43.081  -31.618 0.4000000060
154042  36.188  -33.557  -34.870 0.6999999881
30692  48.637  -42.598  -30.978 0.4000000060
31547  48.328  -41.707  -30.861 0.4000000060
39691  36.271  -32.790  -35.142 0.6999999881
31545  49.786  -41.697  -30.977 0.3000000119
30691  49.578  -42.503  -30.960 0.3000000119
29870  50.110  -43.317  -31.183 0.3000000119
169790  36.803  -33.602  -35.342 0.6999999881
167932  36.813  -34.995  -30.600 0.6000000238
32482  51.355  -41.194  -31.745 0.3000000119
29883  48.623  -43.521  -31.306 0.3000000119
34258  39.891  -37.901  -27.528 0.5000000000
36828  38.381  -35.505  -26.675 0.5000000000
35995  38.850  -36.264  -26.646 0.5000000000
36004  40.198  -36.449  -27.466 0.4000000060
30672  33.134  -42.147  -27.995 0.4000000060
30673  32.507  -42.560  -28.523 0.5000000000
36827  39.056  -35.490  -26.749 0.4000000060
36005  39.590  -35.868  -26.980 0.5000000000
37762  37.969  -34.785  -26.905 0.5000000000
29857  30.850  -43.888  -29.275 0.4000000060
29048  30.319  -44.269  -29.507 0.4000000060
37772  36.880  -34.736  -27.822 0.4000000060
29049  29.681  -44.702  -29.886 0.4000000060
28284  28.656  -45.912  -30.058 0.4000000060
29865  31.159  -43.290  -29.497 0.4000000060
31531  32.799  -41.809  -28.842 0.5000000000
30674  31.827  -42.953  -29.016 0.4000000060
32451  33.677  -40.609  -28.480 0.5000000000
34277  34.615  -38.552  -28.618 0.4000000060
36854  36.432  -35.355  -28.272 0.5000000000
35181  35.385  -37.266  -28.695 0.4000000060
34276  35.011  -37.915  -28.374 0.4000000060
36024  35.857  -36.505  -28.287 0.4000000060
28295  28.939  -45.096  -30.510 0.4000000060
29891  26.924  -43.469  -31.478 0.4000000060
30686  30.780  -42.892  -30.291 0.4000000060
31571  28.651  -41.720  -31.351 0.4000000060
31538  32.542  -41.473  -29.733 0.5000000000
30685  31.485  -42.550  -29.844 0.4000000060
31537  33.161  -41.101  -29.188 0.5000000000
33412  30.220  -40.048  -31.125 0.4000000060
32492  29.698  -40.652  -31.167 0.4000000060
33368  33.818  -39.943  -28.966 0.5000000000
33377  33.683  -39.544  -29.861 0.5000000000
34294  30.946  -38.163  -30.382 0.4000000060
34295  30.335  -38.693  -30.388 0.4000000060
33376  34.192  -39.306  -28.849 0.5000000000
34282  34.237  -38.728  -29.684 0.6000000238
35188  34.784  -37.954  -29.467 0.6000000238
36030  35.750  -36.654  -29.366 0.5000000000
152103  27.486  -44.014  -31.580 0.4000000060
29890  27.779  -43.337  -31.541 0.4000000060
29054  29.350  -44.282  -30.678 0.4000000060
30712  28.291  -42.558  -31.486 0.4000000060
31539  31.844  -41.802  -30.229 0.5000000000
30696  31.082  -42.099  -30.686 0.4000000060
30711  29.297  -42.243  -31.443 0.4000000060
32461  32.889  -40.741  -30.089 0.5000000000
32491  30.605  -40.437  -31.403 0.4000000060
31570  29.492  -41.423  -31.362 0.4000000060
32460  33.417  -40.358  -29.507 0.5000000000
144187  34.293  -38.107  -30.316 0.5000000000
166145  34.714  -37.724  -30.190 0.6000000238
153823  35.758  -36.602  -30.380 0.6000000238
29889  28.441  -43.319  -31.515 0.4000000060
29888  28.914  -42.956  -31.484 0.4000000060
30698  29.495  -43.017  -31.173 0.4000000060
31568  31.020  -40.831  -31.444 0.4000000060
32473  33.157  -40.084  -30.299 0.5000000000
32490  31.353  -40.175  -31.426 0.4000000060
33411  30.901  -39.802  -31.303 0.4000000060
162866  33.631  -38.738  -30.570 0.5000000000
34315  31.021  -39.113  -30.929 0.4000000060
36894  36.353  -35.782  -31.274 0.6000000238
161686  35.835  -36.310  -31.042 0.6000000238
35198  35.220  -36.847  -30.821 0.6000000238
29055  28.771  -44.437  -31.120 0.4000000060
29875  28.977  -43.684  -31.280 0.4000000060
30697  30.197  -42.390  -31.079 0.4000000060
30710  29.969  -41.716  -31.398 0.4000000060
32474  32.530  -40.194  -30.891 0.5000000000
31551  31.437  -41.314  -30.995 0.5000000000
32475  31.748  -40.546  -31.243 0.5000000000
33390  32.465  -39.491  -31.142 0.5000000000
32489  31.984  -39.972  -31.393 0.5000000000
34293  32.978  -38.981  -30.972 0.5000000000
34314  31.648  -38.771  -30.996 0.4000000060
35199  34.512  -37.475  -30.659 0.6000000238
35223  31.928  -38.018  -30.804 0.5000000000
35201  31.270  -37.242  -30.288 0.4000000060
36895  35.898  -35.896  -31.454 0.6000000238
34292  33.877  -38.022  -30.734 0.6000000238
147794  33.239  -38.329  -30.885 0.5000000000
34313  32.424  -38.770  -31.067 0.5000000000
149619  34.529  -36.817  -31.050 0.6000000238
35221  33.712  -37.450  -30.910 0.6000000238
35222  32.798  -37.839  -30.920 0.5000000000
36896  35.113  -35.670  -31.544 0.6000000238
38749  33.694  -33.093  -33.063 0.5000000000
38732  34.174  -33.514  -32.939 0.6000000238
38733  33.505  -33.421  -32.527 0.5000000000
37860  34.978  -33.898  -33.008 0.6000000238
37844  34.265  -34.005  -32.236 0.6000000238
37828  32.888  -34.361  -31.246 0.5000000000
36898  32.394  -34.990  -30.740 0.5000000000
142114  34.447  -36.019  -31.274 0.6000000238
36062  33.716  -36.433  -31.034 0.5000000000
36063  32.975  -36.878  -30.812 0.5000000000
36041  32.271  -36.348  -30.511 0.5000000000
36875  31.874  -35.650  -30.465 0.5000000000
164142  34.601  -33.340  -33.560 0.5000000000
39684  33.972  -32.615  -33.409 0.5000000000
39692  35.521  -32.708  -34.612 0.6000000238
38760  35.461  -33.444  -34.258 0.6000000238
36897  33.500  -35.303  -31.075 0.6000000238
36040  32.798  -35.870  -30.685 0.5000000000
37843  35.327  -34.545  -32.355 0.6000000238
36916  34.765  -34.829  -31.786 0.6000000238
36829  37.549  -35.500  -26.851 0.4000000060
36839  36.797  -35.548  -27.393 0.4000000060
38667  37.440  -33.481  -27.966 0.5000000000
151014  37.322  -34.918  -27.252 0.4000000060
162679  39.365  -37.676  -27.046 0.5000000000
34248  37.955  -38.125  -26.522 0.5000000000
162152  39.089  -37.105  -26.760 0.5000000000
35996  37.937  -36.228  -26.560 0.5000000000
29866  30.521  -43.602  -29.874 0.4000000060
29053  29.935  -43.974  -30.212 0.4000000060
144137  28.961  -41.118  -31.156 0.4000000060
33391  30.287  -39.437  -30.766 0.4000000060
169705  29.585  -43.654  -30.820 0.4000000060
29065  28.210  -44.080  -31.499 0.4000000060
165008  34.326  -35.252  -31.453 0.6000000238
30713  27.208  -42.613  -31.361 0.3000000119
33392  29.327  -39.779  -30.486 0.3000000119
147725  27.635  -41.846  -31.230 0.3000000119
34296  29.488  -38.799  -30.191 0.3000000119
32476  28.680  -40.521  -30.669 0.3000000119
33393  28.094  -39.687  -30.245 0.3000000119
142170  27.602  -40.359  -30.489 0.3000000119
28331  44.699  -45.793  -34.847 0.5000000000
28333  45.329  -44.571  -35.370 0.5000000000
29079  47.151  -45.197  -34.192 0.3000000119
29080  46.710  -44.386  -34.233 0.4000000060
29094  45.920  -43.705  -35.382 0.5000000000
29096  44.970  -43.847  -35.500 0.5000000000
29874  30.103  -43.271  -30.606 0.4000000060
29915  44.530  -43.040  -35.482 0.6000000238
30684  32.180  -42.202  -29.366 0.5000000000
30690  50.515  -42.440  -31.187 0.3000000119
30693  47.659  -42.361  -31.130 0.4000000060
30722  46.101  -42.778  -33.168 0.4000000060
30723  45.653  -41.668  -33.200 0.6000000238
30739  44.718  -42.222  -35.606 0.6000000238
31530  33.361  -41.407  -28.288 0.4000000060
31546  49.084  -41.896  -30.828 0.3000000119
31550  32.209  -41.041  -30.610 0.5000000000
31552  30.652  -41.552  -31.262 0.4000000060
31559  50.556  -41.465  -31.290 0.3000000119
31569  30.251  -41.095  -31.440 0.4000000060
31591  45.473  -40.643  -33.359 0.4000000060
31596  43.414  -41.366  -35.294 0.6999999881
32469  48.126  -40.900  -30.859 0.4000000060
32470  41.491  -40.230  -30.856 0.5000000000
32484  47.972  -40.109  -30.910 0.5000000000
32486  46.479  -40.405  -31.406 0.4000000060
32493  28.034  -41.134  -30.888 0.3000000119
32511  44.550  -40.804  -35.591 0.6999999881
33374  40.745  -39.382  -29.117 0.5000000000
33375  40.015  -39.865  -28.919 0.5000000000
33389  33.087  -39.497  -30.726 0.5000000000
33405  46.391  -39.490  -31.475 0.4000000060
33410  31.720  -39.497  -31.284 0.4000000060
33426  44.605  -38.465  -34.843 0.6000000238
33435  43.990  -38.858  -35.479 0.6000000238
34308  48.493  -38.768  -31.188 0.4000000060
35153  38.225  -37.132  -26.521 0.5000000000
35187  35.224  -37.298  -30.059 0.6000000238
35200  32.171  -37.123  -30.592 0.5000000000
35215  49.181  -37.606  -31.504 0.3000000119
35218  46.350  -37.425  -31.739 0.4000000060
35226  50.559  -37.593  -32.253 0.3000000119
35233  44.358  -37.220  -33.970 0.6000000238
35235  43.857  -37.394  -33.825 0.6999999881
35242  52.007  -38.431  -36.598 0.3000000119
35245  51.130  -38.011  -36.946 0.3000000119
36023  36.124  -36.006  -28.828 0.4000000060
36038  43.445  -36.171  -31.066 0.8000000119
36042  31.510  -36.390  -30.322 0.4000000060
36054  50.132  -36.914  -32.030 0.3000000119
36059  45.885  -36.452  -32.141 0.6000000238
36061  35.251  -36.345  -31.233 0.6000000238
36082  44.203  -36.948  -33.591 0.6999999881
36093  50.277  -36.140  -37.135 0.4000000060
36852  41.482  -35.706  -28.400 0.6999999881
36863  42.579  -35.633  -29.662 0.8000000119
36873  43.173  -35.556  -30.416 0.8000000119
36886  49.366  -36.059  -31.836 0.5000000000
36893  36.751  -35.388  -31.494 0.6999999881
36913  44.482  -35.935  -32.478 0.6999999881
36914  36.535  -35.363  -31.779 0.6999999881
36929  49.997  -35.666  -37.082 0.4000000060
36935  50.493  -35.600  -37.429 0.4000000060
37784  41.066  -34.192  -27.926 0.6999999881
37785  36.982  -34.036  -28.276 0.6999999881
37786  36.592  -34.725  -28.756 0.5000000000
37799  36.621  -34.965  -29.877 0.6000000238
37820  48.118  -34.257  -31.911 0.6000000238
37827  33.838  -34.541  -31.543 0.6000000238
37845  33.279  -33.830  -31.866 0.5000000000
37858  36.970  -34.686  -33.573 0.6999999881
37867  36.409  -34.383  -33.996 0.6999999881
37872  50.026  -35.153  -36.731 0.4000000060
37879  49.700  -34.774  -37.204 0.4000000060
38703  43.278  -34.315  -30.136 0.8000000119
38716  45.090  -33.777  -31.339 0.6999999881
38727  50.247  -33.685  -32.789 0.4000000060
38756  51.208  -33.831  -34.988 0.4000000060
38758  36.908  -34.266  -35.139 0.6999999881
38769  38.606  -33.990  -35.900 0.8000000119
38778  49.068  -33.240  -37.177 0.4000000060
39620  42.256  -32.488  -28.715 0.8000000119
39644  44.910  -32.301  -30.669 0.6999999881
39689  40.051  -33.334  -35.530 0.8999999762
39703  38.211  -33.380  -36.027 0.8999999762
39716  48.361  -32.095  -37.295 0.4000000060
40611  41.438  -30.850  -28.125 0.8000000119
40623  43.807  -31.143  -29.661 0.8000000119
40641  37.800  -30.953  -30.013 0.8999999762
40650  45.926  -31.516  -30.945 0.6999999881
40658  49.042  -31.637  -32.803 0.6000000238
40671  50.060  -31.570  -34.081 0.5000000000
40688  40.344  -32.722  -36.361 0.8999999762
40695  48.041  -31.779  -37.220 0.4000000060
41540  40.674  -30.545  -27.944 0.8000000119
41554  38.257  -30.249  -29.596 0.8999999762
41566  44.944  -30.732  -30.347 0.6999999881
41576  38.471  -30.802  -31.387 0.8999999762
41622  39.436  -32.188  -36.326 0.8999999762
41628  55.996  -30.546  -37.136 0.3000000119
41630  54.453  -30.532  -36.897 0.3000000119
41633  47.862  -31.293  -37.028 0.4000000060
42434  41.406  -29.488  -28.242 0.8000000119
42436  39.488  -29.725  -28.440 0.8999999762
42493  48.547  -29.710  -34.036 0.5000000000
42494  47.897  -29.149  -33.678 0.5000000000
42498  37.924  -29.468  -33.847 0.8999999762
42522  47.697  -29.535  -36.367 0.4000000060
42531  52.617  -29.643  -37.333 0.3000000119
42534  47.411  -29.317  -36.873 0.4000000060
42535  41.236  -29.939  -37.493 1.0000000000
42540  50.517  -29.523  -37.609 0.3000000119
42544  41.231  -29.326  -37.605 1.0000000000
43315  40.988  -28.089  -28.478 0.8000000119
43326  44.226  -28.672  -29.631 0.8000000119
43328  39.563  -28.383  -29.213 0.8000000119
43359  38.031  -27.773  -32.807 1.0000000000
43376  41.347  -28.596  -34.091 1.0000000000
43404  52.898  -28.897  -35.676 0.3000000119
43416  47.523  -28.498  -37.071 0.4000000060
43417  47.397  -28.882  -36.915 0.4000000060
43418  41.372  -29.360  -37.411 1.0000000000
43427  47.808  -29.200  -37.286 0.4000000060
44233  42.103  -27.506  -28.609 0.8000000119
44248  40.885  -26.839  -29.139 0.6999999881
44265  39.923  -27.821  -30.781 0.8999999762
44275  46.067  -27.048  -31.420 0.6000000238
44287  36.764  -27.425  -32.540 0.8999999762
44306  38.547  -27.184  -32.966 1.0000000000
44307  36.076  -27.566  -33.242 0.8999999762
44339  34.761  -27.438  -35.523 0.6000000238
44355  41.127  -27.486  -38.102 1.0000000000
45221  37.303  -26.177  -31.747 0.8999999762
45233  36.705  -26.478  -32.084 0.8000000119
45243  39.072  -26.617  -33.313 1.0000000000
45276  34.323  -26.777  -35.708 0.6000000238
45291  47.444  -26.503  -37.496 0.4000000060
45292  41.198  -26.953  -38.154 1.0000000000
46195  43.332  -25.338  -29.535 0.6999999881
46196  42.602  -25.389  -29.509 0.6999999881
46225  38.616  -25.072  -31.543 1.0000000000
46268  41.943  -25.779  -35.175 1.0000000000
46294  34.725  -25.434  -35.924 0.6999999881
47251  42.584  -24.350  -30.584 0.8000000119
47255  38.071  -23.960  -30.596 0.8999999762
47270  45.000  -24.666  -30.586 0.6999999881
47272  41.975  -25.001  -32.447 0.8000000119
47288  46.195  -24.690  -31.860 0.6000000238
47292  35.631  -24.419  -32.875 0.8000000119
47300  46.993  -24.806  -33.411 0.6000000238
47321  35.309  -24.191  -34.831 0.6999999881
47346  47.253  -25.693  -37.800 0.3000000119
47351  34.404  -24.250  -36.189 0.6999999881
47359  41.458  -24.719  -38.531 1.0000000000
47366  48.059  -24.411  -39.115 0.3000000119
47368  41.189  -24.909  -38.628 1.0000000000
48371  44.644  -23.762  -30.729 0.6000000238
48372  43.905  -23.602  -30.609 0.6999999881
48434  46.819  -23.068  -33.962 0.6999999881
48435  42.717  -23.630  -34.361 0.8999999762
48475  47.325  -24.410  -38.839 0.4000000060
48486  41.835  -22.598  -38.994 1.0000000000
48490  47.785  -23.532  -39.943 0.3000000119
49456  40.082  -22.413  -30.402 0.8999999762
49457  39.358  -22.821  -30.279 1.0000000000
49459  38.300  -22.577  -30.181 0.8999999762
49475  37.515  -22.745  -30.614 0.8999999762
49489  46.013  -22.679  -32.535 0.6999999881
49490  45.319  -22.247  -32.240 0.6999999881
49491  44.740  -22.142  -32.163 0.6999999881
49492  44.199  -22.238  -32.274 0.8000000119
49510  35.977  -22.154  -32.941 0.8000000119
49543  47.103  -23.296  -36.980 0.6000000238
49548  34.659  -22.513  -36.584 0.6000000238
49558  46.836  -22.741  -38.830 0.6000000238
49560  40.911  -22.652  -38.790 1.0000000000
49568  41.465  -22.335  -39.130 1.0000000000
49569  41.163  -22.202  -39.033 1.0000000000
50506  41.381  -21.250  -30.997 0.6999999881
50509  36.701  -21.810  -31.642 0.8999999762
50523  44.506  -21.794  -32.779 0.6999999881
50538  45.999  -21.566  -33.634 0.6999999881
50539  45.358  -21.251  -33.385 0.6999999881
50556  43.934  -21.372  -34.522 0.6999999881
50587  46.500  -21.556  -36.687 0.6999999881
50590  40.997  -20.820  -38.380 1.0000000000
50606  46.723  -21.742  -40.169 0.6000000238
50609  48.056  -22.039  -40.645 0.5000000000
50610  47.816  -21.239  -40.801 0.6000000238
51463  41.131  -20.325  -29.749 0.6999999881
51495  41.843  -20.577  -31.501 0.6000000238
51506  42.290  -19.941  -31.846 0.5000000000
51508  36.965  -20.140  -32.322 0.8000000119
51529  45.156  -20.410  -34.693 0.6999999881
51530  44.818  -20.440  -34.704 0.6999999881
51543  41.293  -20.210  -36.513 0.8999999762
51558  45.479  -19.978  -36.477 0.6999999881
51562  36.041  -20.056  -36.310 0.6000000238
51570  45.890  -20.328  -38.354 0.6999999881
51572  41.916  -19.985  -38.831 0.8000000119
52474  40.128  -19.902  -29.450 0.6999999881
52531  42.139  -19.377  -34.244 0.6000000238
52554  44.361  -19.718  -36.413 0.6999999881
52568  44.935  -19.628  -36.216 0.6999999881
52572  41.504  -19.702  -37.925 0.8000000119
52582  43.391  -18.534  -38.221 0.6999999881
52592  47.857  -19.705  -40.338 0.6000000238
53545  37.734  -18.358  -31.721 0.8000000119
53631  46.941  -18.657  -40.672 0.6000000238
53633  45.658  -18.039  -40.470 0.6000000238
54607  43.095  -17.076  -29.639 0.4000000060
54627  43.519  -17.385  -30.279 0.5000000000
54654  37.470  -17.606  -32.966 0.6999999881
54699  46.653  -17.057  -36.846 0.3000000119
54701  42.773  -17.946  -37.460 0.5000000000
54736  44.295  -17.133  -39.325 0.6000000238
55762  44.311  -16.099  -31.481 0.4000000060
55778  44.162  -16.793  -31.852 0.4000000060
55792  37.446  -16.158  -33.714 0.5000000000
55854  44.196  -16.199  -39.150 0.5000000000
55871  45.212  -15.111  -41.142 0.5000000000
56739  43.837  -14.854  -29.748 0.3000000119
56740  43.380  -15.290  -29.433 0.3000000119
56763  44.187  -15.161  -30.327 0.3000000119
56765  39.155  -15.155  -30.371 0.4000000060
56766  38.655  -15.056  -31.081 0.4000000060
56811  44.282  -15.096  -35.034 0.4000000060
56854  44.294  -15.037  -39.492 0.5000000000
56868  44.570  -14.582  -40.863 0.5000000000
56870  45.222  -14.198  -41.396 0.5000000000
57679  42.146  -14.385  -28.647 0.3000000119
57688  43.076  -14.931  -29.098 0.4000000060
57689  40.535  -14.316  -28.990 0.3000000119
57731  44.518  -14.056  -31.752 0.3000000119
57742  37.906  -14.608  -32.713 0.4000000060
57764  37.577  -14.304  -34.151 0.4000000060
57819  44.565  -13.455  -41.196 0.5000000000
57820  45.440  -13.507  -41.276 0.4000000060
57821  44.854  -13.517  -41.485 0.5000000000
58702  41.781  -13.623  -28.547 0.3000000119
58710  43.765  -13.605  -29.520 0.3000000119
58712  39.669  -13.666  -29.802 0.4000000060
58718  38.888  -13.783  -31.005 0.4000000060
58757  44.483  -13.622  -33.531 0.3000000119
59857  41.878  -12.205  -28.487 0.3000000119
59871  40.269  -12.174  -29.306 0.3000000119
59918  37.888  -12.600  -33.906 0.3000000119
59952  45.697  -12.677  -36.423 0.4000000060
60916  42.504  -11.621  -28.567 0.3000000119
60980  39.074  -11.085  -32.225 0.3000000119
61902  41.175  -10.629  -28.591 0.3000000119
63015  39.586  -9.695  -30.903 0.3000000119
63033  39.457  -9.527  -31.672 0.3000000119
63088  38.457  -9.509  -36.521 0.3000000119
65062  39.744  -7.365  -30.689 0.3000000119
65120  39.316  -7.433  -34.733 0.3000000119
65138  39.376  -7.053  -35.354 0.3000000119
65164  39.361  -7.234  -37.529 0.3000000119
67127  39.726  -5.356  -31.142 0.4000000060
69128  39.501  -3.232  -36.700 0.3000000119
70136  39.483  -2.697  -36.205 0.3000000119
138386  46.668  -14.147  -35.165 0.3000000119
138393  45.089  -11.726  -40.875 0.4000000060
138399  46.740  -14.884  -40.516 0.5000000000
139294  46.053  -11.573  -38.849 0.4000000060
139551  46.672  -14.601  -37.698 0.3000000119
143459  47.457  -27.944  -34.297 0.5000000000
143534  40.729  -21.899  -30.732 0.8999999762
145287  40.435  -20.517  -29.599 0.6999999881
145674  43.939  -38.349  -35.192 0.6999999881
145732  46.779  -20.199  -40.861 0.6000000238
145747  47.770  -37.162  -31.404 0.4000000060
145851  39.450  -7.935  -32.230 0.3000000119
145852  44.762  -29.114  -30.061 0.8000000119
146100  40.071  -23.801  -35.316 1.0000000000
147192  44.925  -26.685  -30.239 0.6999999881
147248  42.106  -12.889  -28.505 0.3000000119
147505  41.693  -28.167  -35.451 1.0000000000
147626  39.355  -26.067  -33.618 1.0000000000
148447  43.406  -43.792  -34.515 0.6999999881
148482  49.639  -29.350  -37.453 0.3000000119
148910  44.008  -13.073  -29.722 0.3000000119
149191  39.673  -6.755  -31.053 0.3000000119
149598  42.468  -18.725  -29.856 0.6000000238
149785  39.767  -19.237  -29.493 0.6999999881
149931  46.584  -29.933  -31.394 0.6999999881
150292  39.535  -8.211  -31.536 0.3000000119
150304  43.514  -27.242  -29.163 0.8000000119
150469  42.029  -25.033  -36.798 1.0000000000
150636  50.462  -35.865  -32.476 0.4000000060
151294  37.978  -12.047  -34.335 0.3000000119
151947  43.068  -40.722  -35.054 0.6000000238
153162  40.424  -25.385  -38.008 1.0000000000
153585  50.105  -39.151  -31.610 0.3000000119
153759  44.525  -13.100  -35.483 0.3000000119
153777  39.513  -3.290  -33.739 0.3000000119
154831  39.462  -5.308  -34.324 0.3000000119
155220  44.100  -40.357  -35.685 0.6999999881
155371  45.240  -24.021  -31.011 0.6000000238
155441  40.553  -28.803  -32.786 1.0000000000
155545  36.426  -35.675  -30.148 0.6000000238
155899  50.782  -37.354  -36.647 0.3000000119
155938  47.437  -27.613  -37.048 0.4000000060
156154  52.610  -31.171  -37.731 0.3000000119
156231  39.551  -1.051  -34.869 0.3000000119
156692  41.612  -26.515  -37.261 1.0000000000
160852  39.572  -4.127  -32.458 0.3000000119
161394  36.226  -36.053  -30.678 0.6000000238
162609  44.639  -37.464  -34.031 0.6000000238
162751  42.437  -39.322  -30.825 0.5000000000
162857  46.162  -18.651  -40.625 0.6000000238
162890  48.706  -32.025  -37.486 0.4000000060
162921  39.872  -25.855  -36.327 1.0000000000
162962  42.842  -23.782  -31.250 0.8000000119
164118  44.295  -47.206  -34.557 0.5000000000
164332  42.218  -19.836  -32.697 0.5000000000
164780  47.801  -27.725  -37.164 0.4000000060
164834  40.990  -29.719  -37.604 1.0000000000
164972  35.506  -24.870  -33.446 0.8000000119
165043  46.334  -27.628  -31.639 0.6000000238
165183  43.254  -23.010  -32.872 0.8000000119
165587  50.240  -40.038  -31.467 0.3000000119
165610  39.489  -3.010  -34.537 0.3000000119
166232  47.560  -21.892  -40.697 0.6000000238
166515  39.471  -5.608  -32.740 0.4000000060
166874  39.513  -6.171  -32.056 0.4000000060
167737  39.762  -37.177  -27.265 0.5000000000
168145  38.276  -18.748  -30.705 0.6999999881
168254  35.221  -22.239  -36.326 0.6000000238
168417  37.730  -14.937  -33.086 0.3000000119
168583  39.486  -3.808  -35.767 0.3000000119
168657  39.515  -36.566  -26.975 0.5000000000
169432  34.760  -24.706  -35.992 0.6999999881
169451  40.328  -22.961  -32.823 1.0000000000
169823  37.516  -14.140  -34.745 0.4000000060
