#!ascii label  , from subject sub-v2s7x29796_ses-1 vox2ras=TkReg
1765
8032  13.087  -72.212  -36.149 0.6999999881
7451  12.767  -73.181  -35.770 0.8000000119
7443  12.739  -74.023  -35.121 0.8000000119
6870  11.988  -74.734  -35.291 0.6999999881
8695  12.498  -71.542  -37.579 0.6000000238
8680  12.724  -71.881  -36.886 0.6000000238
7444  12.253  -73.971  -35.796 0.6000000238
9294  12.671  -70.312  -38.542 0.6000000238
7442  13.340  -73.360  -34.904 0.8000000119
6854  12.611  -74.730  -34.383 0.6999999881
6834  12.447  -75.268  -33.592 0.6999999881
144139  11.929  -75.892  -33.266 0.6999999881
8694  12.942  -71.231  -37.181 0.6000000238
8023  13.445  -72.508  -35.318 0.6999999881
6295  11.985  -75.417  -34.368 0.6999999881
9305  12.562  -69.948  -39.520 0.6000000238
9914  12.855  -69.570  -40.450 0.6000000238
142896  12.107  -70.119  -40.456 0.6000000238
9332  12.591  -70.847  -42.337 0.6000000238
9326  12.566  -70.299  -41.725 0.6000000238
7415  13.988  -73.491  -33.300 0.8000000119
6822  12.960  -74.816  -32.206 0.8000000119
6823  12.236  -75.225  -31.873 0.6999999881
166509  11.657  -75.462  -31.705 0.6999999881
169443  10.462  -75.846  -31.356 0.6999999881
162746  14.050  -72.964  -33.864 0.8000000119
6277  12.426  -75.338  -32.648 0.6999999881
6279  11.165  -76.554  -31.907 0.6999999881
145859  13.787  -72.755  -34.529 0.6999999881
7416  13.570  -74.006  -33.548 0.8000000119
6278  11.675  -75.918  -32.122 0.6999999881
8667  13.566  -71.502  -35.600 0.6999999881
9293  13.157  -69.962  -37.977 0.6999999881
9897  13.360  -69.252  -39.703 0.6000000238
9885  13.164  -69.559  -38.811 0.6000000238
9313  13.343  -69.793  -41.332 0.6000000238
9314  12.484  -69.921  -41.054 0.6000000238
8745  14.091  -71.572  -42.717 0.6000000238
7500  14.028  -73.857  -42.880 0.6999999881
8096  13.707  -73.194  -43.115 0.6000000238
143320  14.279  -74.379  -40.700 0.5000000000
6907  14.121  -74.384  -42.089 0.6000000238
7394  13.668  -73.733  -31.609 0.8999999762
6814  12.600  -74.530  -31.565 0.8000000119
7396  12.362  -73.964  -31.299 0.6999999881
7999  14.323  -72.776  -33.183 0.6999999881
7405  14.184  -73.384  -32.364 0.8999999762
6816  10.733  -75.103  -31.429 0.6999999881
169741  13.836  -71.271  -34.978 0.8000000119
8015  14.118  -72.246  -34.009 0.8000000119
9262  13.855  -70.566  -35.223 0.8000000119
9867  14.273  -69.227  -37.138 0.6999999881
9276  13.618  -70.593  -36.156 0.6999999881
154139  13.579  -69.350  -38.231 0.8000000119
9884  13.928  -68.947  -38.915 0.8000000119
9913  13.735  -69.220  -40.565 0.6999999881
9330  14.586  -70.819  -42.347 0.6000000238
155650  14.582  -73.293  -42.842 0.6999999881
7495  14.966  -73.919  -42.188 0.6999999881
7988  14.526  -72.466  -32.092 0.8999999762
7395  13.062  -73.851  -31.243 0.8000000119
7397  11.505  -74.130  -31.461 0.6999999881
8637  14.403  -71.863  -33.241 0.8000000119
148573  14.551  -71.545  -32.492 0.8000000119
8653  14.053  -71.090  -34.239 0.6999999881
10476  14.840  -68.981  -36.831 0.6999999881
9857  13.965  -69.839  -35.836 0.6000000238
9868  13.825  -69.802  -36.659 0.8000000119
10503  14.845  -68.653  -38.505 0.8000000119
9895  14.969  -68.747  -39.958 0.8000000119
9923  15.376  -69.362  -41.213 0.6999999881
9329  15.575  -70.919  -42.382 0.8000000119
148614  14.165  -70.139  -41.817 0.6999999881
8743  16.218  -71.961  -42.611 0.8000000119
7493  16.423  -73.520  -41.663 0.6999999881
8094  15.445  -72.873  -42.730 0.6999999881
8744  15.100  -71.798  -42.713 0.6999999881
6902  15.858  -73.826  -40.869 0.6999999881
7498  15.333  -73.489  -42.457 0.6999999881
11206  10.075  -67.711  -38.369 0.6000000238
11205  10.627  -67.110  -37.943 0.6000000238
11883  9.515  -66.088  -38.384 0.6000000238
12568  8.717  -65.250  -37.693 0.6999999881
7977  14.306  -72.657  -31.068 0.8999999762
7979  12.897  -73.219  -30.880 0.6999999881
143634  14.389  -69.297  -34.802 0.6000000238
142910  15.116  -68.840  -36.086 0.6000000238
9856  14.445  -69.258  -35.562 0.6000000238
10490  14.837  -68.818  -37.558 0.6999999881
10524  16.179  -68.422  -39.421 0.6999999881
10502  15.790  -68.495  -38.627 0.6999999881
9811  11.567  -69.644  -30.771 0.6999999881
9822  11.154  -69.681  -31.650 0.6999999881
10541  15.728  -68.571  -40.075 0.8000000119
10525  15.345  -68.545  -39.316 0.8000000119
11109  12.032  -67.935  -30.115 0.6000000238
10417  11.307  -68.830  -31.298 0.6000000238
9823  10.769  -69.743  -32.481 0.6999999881
169647  15.344  -68.869  -40.553 0.6999999881
169718  11.198  -68.260  -31.871 0.5000000000
9835  10.545  -68.995  -33.082 0.6999999881
9328  16.504  -70.893  -42.338 0.8000000119
9324  15.943  -70.079  -41.901 0.8000000119
11126  11.593  -67.877  -31.092 0.5000000000
11142  11.410  -67.567  -32.179 0.5000000000
8089  16.813  -73.044  -42.149 0.6999999881
11125  12.021  -66.895  -31.620 0.5000000000
160710  12.858  -65.874  -31.260 0.6000000238
11844  12.438  -66.322  -32.379 0.5000000000
10444  11.179  -67.442  -33.200 0.6000000238
10457  10.596  -68.007  -34.305 0.6999999881
10477  10.442  -68.096  -36.074 0.6999999881
11852  12.372  -66.337  -33.322 0.5000000000
154276  11.248  -67.196  -33.984 0.6000000238
154671  10.718  -67.774  -35.175 0.6000000238
11189  10.923  -67.362  -36.980 0.6000000238
11834  12.965  -65.811  -32.013 0.6000000238
11860  11.653  -66.843  -34.749 0.6000000238
11174  11.259  -67.216  -35.451 0.6000000238
11843  13.009  -65.875  -32.942 0.5000000000
150285  11.718  -66.796  -33.694 0.5000000000
148356  11.803  -66.417  -36.900 0.6000000238
11882  10.517  -66.200  -38.106 0.6000000238
12567  9.815  -65.425  -37.869 0.6999999881
13298  9.400  -64.259  -36.890 0.6000000238
13300  7.488  -64.518  -36.378 0.6999999881
11859  12.344  -66.364  -34.355 0.6000000238
150651  12.359  -66.321  -35.511 0.6000000238
11874  11.737  -65.695  -37.251 0.6000000238
12557  11.080  -65.793  -37.705 0.6999999881
13297  10.324  -64.273  -36.981 0.5000000000
7970  13.366  -72.477  -30.425 0.8999999762
151793  14.172  -70.046  -33.787 0.6000000238
9251  14.327  -70.869  -33.190 0.6999999881
7981  11.194  -73.239  -31.620 0.6999999881
8618  12.388  -72.316  -30.744 0.6999999881
151142  12.941  -71.753  -30.036 0.8000000119
10475  15.579  -68.749  -37.057 0.6999999881
9798  11.998  -69.713  -30.001 0.8000000119
9239  11.535  -70.502  -31.112 0.6000000238
10402  12.423  -68.484  -29.396 0.6999999881
11093  12.574  -67.501  -29.388 0.6000000238
9323  16.826  -70.102  -41.951 0.8000000119
9921  17.263  -69.442  -41.557 0.8000000119
8741  17.911  -71.208  -42.258 0.8000000119
11814  12.717  -66.562  -29.859 0.5000000000
152846  17.154  -71.588  -42.409 0.8000000119
11835  12.515  -66.399  -30.881 0.5000000000
12495  13.745  -64.985  -29.982 0.5000000000
12510  14.049  -64.673  -30.940 0.6000000238
11825  13.048  -65.799  -30.411 0.6000000238
161657  13.464  -65.308  -31.304 0.6000000238
12521  13.629  -65.406  -32.479 0.6000000238
14647  10.273  -62.447  -35.572 0.5000000000
11851  12.969  -65.898  -33.954 0.5000000000
13967  9.944  -63.132  -35.923 0.5000000000
13986  8.729  -63.757  -36.221 0.6000000238
12537  12.963  -65.944  -35.074 0.6000000238
11866  12.303  -66.086  -36.655 0.6999999881
12556  12.515  -65.334  -36.977 0.6999999881
12558  11.050  -65.015  -37.457 0.6999999881
12535  14.358  -65.415  -34.338 0.6000000238
13296  11.907  -64.799  -37.191 0.6000000238
12545  14.203  -65.383  -35.482 0.6999999881
12555  13.237  -65.104  -36.744 0.6000000238
13294  13.561  -64.345  -36.965 0.5000000000
155570  14.636  -71.636  -31.506 0.6999999881
7968  14.435  -72.059  -30.739 0.6999999881
8603  14.191  -71.618  -30.110 0.6999999881
8612  13.695  -71.765  -29.981 0.8000000119
9224  13.541  -70.403  -29.221 0.6999999881
10392  13.182  -69.092  -28.816 0.6999999881
9225  12.668  -70.313  -29.513 0.6999999881
15375  9.866  -61.082  -34.549 0.5000000000
13196  15.138  -63.721  -30.614 0.5000000000
13212  14.693  -64.256  -31.295 0.6000000238
14632  9.533  -61.791  -34.835 0.5000000000
13211  15.465  -63.801  -31.632 0.5000000000
13921  16.673  -63.121  -31.273 0.5000000000
12520  14.202  -64.842  -31.911 0.6000000238
12527  14.520  -65.132  -33.127 0.6000000238
13983  11.982  -63.922  -37.006 0.5000000000
13939  16.249  -63.452  -31.891 0.5000000000
13227  15.870  -64.032  -32.583 0.6000000238
13245  15.456  -64.694  -33.288 0.6000000238
146596  14.691  -70.621  -31.316 0.6999999881
9238  14.533  -71.252  -30.561 0.6999999881
9232  14.338  -70.833  -29.803 0.6999999881
12544  15.009  -65.342  -35.204 0.5000000000
13920  17.444  -63.276  -31.633 0.5000000000
13293  14.444  -64.396  -36.741 0.5000000000
13938  16.692  -63.817  -32.730 0.5000000000
13244  16.274  -64.477  -33.484 0.5000000000
12534  15.176  -65.221  -34.150 0.5000000000
13277  16.349  -65.034  -35.723 0.5000000000
13291  16.120  -64.547  -36.498 0.5000000000
13242  18.205  -64.286  -33.618 0.5000000000
146993  17.178  -64.933  -35.347 0.5000000000
13278  15.563  -65.028  -35.952 0.5000000000
13937  17.567  -63.705  -32.671 0.5000000000
13262  18.036  -64.739  -34.806 0.5000000000
13263  16.457  -64.950  -34.586 0.5000000000
13919  18.218  -63.673  -31.967 0.5000000000
13243  17.229  -64.456  -33.837 0.5000000000
13275  18.666  -64.915  -35.462 0.5000000000
15345  9.629  -61.627  -32.610 0.6000000238
14620  9.248  -62.447  -33.130 0.6000000238
16158  9.533  -60.309  -33.425 0.5000000000
16123  9.936  -60.801  -32.095 0.6999999881
14609  9.750  -63.182  -31.961 0.6000000238
13940  9.253  -63.917  -32.438 0.6000000238
13908  8.322  -64.202  -31.322 0.6999999881
149629  10.545  -61.248  -31.293 0.6000000238
13923  10.052  -63.518  -30.907 0.6999999881
13924  9.440  -64.087  -31.455 0.6999999881
169341  8.571  -64.551  -31.720 0.6999999881
14598  8.002  -63.466  -30.835 0.8000000119
16107  11.137  -60.992  -30.743 0.5000000000
16122  10.301  -60.032  -31.503 0.5000000000
13907  9.521  -63.956  -30.637 0.8000000119
14597  10.641  -62.929  -30.323 0.6000000238
146176  7.338  -61.807  -30.536 0.6999999881
16926  10.553  -59.069  -31.181 0.5000000000
16943  9.997  -58.874  -31.983 0.5000000000
14587  8.211  -62.254  -29.945 0.6999999881
14599  6.973  -62.514  -31.174 0.6999999881
13889  9.423  -63.539  -29.994 0.6999999881
15328  11.015  -61.998  -30.624 0.6999999881
16109  5.953  -60.609  -31.152 0.6999999881
15329  7.769  -61.310  -29.892 0.6999999881
16106  11.916  -60.665  -30.181 0.6000000238
14584  10.663  -63.021  -29.452 0.8000000119
19271  5.244  -56.014  -27.553 0.6999999881
18494  5.132  -56.346  -28.234 0.8000000119
18517  11.824  -56.761  -30.310 0.4000000060
16927  5.568  -59.980  -31.052 0.6999999881
144895  11.947  -58.708  -30.183 0.5000000000
16108  6.862  -60.887  -30.570 0.6999999881
16925  11.482  -59.461  -30.488 0.6000000238
15304  12.113  -61.400  -29.549 0.6000000238
14586  9.093  -62.807  -29.523 0.6999999881
168404  11.704  -61.999  -29.450 0.8000000119
14575  10.401  -62.597  -28.722 0.8000000119
24864  4.486  -49.467  -18.906 0.5000000000
24088  5.795  -51.033  -19.430 0.5000000000
23252  4.327  -51.795  -19.350 0.5000000000
143252  5.148  -53.543  -24.572 0.5000000000
20017  6.792  -55.438  -25.073 0.6000000238
20003  6.210  -54.701  -24.755 0.6000000238
20792  3.800  -53.617  -24.121 0.6000000238
20777  4.075  -54.048  -21.470 0.6000000238
20036  5.292  -55.557  -26.274 0.6999999881
20823  5.004  -54.448  -25.150 0.6999999881
19257  5.945  -55.872  -26.929 0.6999999881
19239  4.211  -55.728  -26.292 0.6999999881
16910  6.877  -59.206  -30.158 0.6999999881
17709  6.986  -58.082  -29.867 0.6999999881
18506  7.089  -57.161  -29.339 0.8000000119
147435  12.998  -59.158  -29.516 0.5000000000
16101  7.355  -60.320  -30.006 0.6999999881
16924  12.488  -59.885  -29.826 0.6000000238
16100  8.268  -60.819  -29.302 0.8000000119
15305  11.895  -61.778  -28.740 0.6999999881
16092  8.757  -60.302  -28.751 0.8000000119
15308  9.155  -61.336  -28.720 0.8000000119
25689  5.367  -48.666  -18.737 0.5000000000
24876  6.064  -50.000  -19.311 0.6000000238
24875  7.194  -50.232  -19.047 0.5000000000
24087  7.018  -51.292  -19.280 0.6000000238
23250  6.847  -52.431  -19.571 0.6000000238
22381  5.140  -53.189  -19.626 0.6000000238
22379  7.449  -52.922  -19.939 0.6000000238
21579  5.947  -53.575  -19.950 0.5000000000
20808  6.108  -53.873  -24.459 0.5000000000
22434  5.224  -52.752  -24.085 0.5000000000
164417  7.100  -55.138  -24.318 0.6000000238
22414  4.775  -52.448  -23.684 0.6000000238
21602  3.443  -53.699  -23.343 0.6999999881
21594  5.762  -53.725  -20.369 0.6000000238
19217  7.737  -55.765  -24.422 0.6000000238
19238  6.452  -55.699  -26.019 0.6999999881
20020  3.808  -55.481  -25.593 0.6999999881
20810  3.573  -54.369  -24.540 0.6999999881
20793  3.230  -54.159  -23.839 0.8000000119
21599  3.311  -54.156  -22.373 0.6999999881
19237  7.464  -55.973  -25.619 0.6999999881
19256  7.217  -56.124  -26.872 0.6999999881
19269  8.057  -56.499  -27.232 0.6999999881
19270  6.347  -56.131  -27.948 0.8000000119
18505  8.011  -57.159  -28.553 0.8000000119
18507  6.801  -56.530  -28.852 0.8000000119
16909  13.197  -60.134  -28.933 0.5000000000
16890  12.944  -60.017  -27.417 0.6000000238
16901  7.772  -58.843  -29.356 0.8000000119
17690  7.867  -57.916  -29.090 0.8000000119
16088  12.553  -61.032  -28.490 0.6000000238
16898  13.075  -60.418  -28.056 0.6999999881
167888  8.445  -59.445  -28.892 0.8000000119
16089  11.631  -61.305  -27.979 0.6999999881
16091  9.656  -60.754  -28.216 0.6999999881
15307  10.081  -61.830  -28.299 0.8000000119
152461  5.576  -48.174  -18.166 0.4000000060
25688  6.199  -48.598  -18.669 0.5000000000
24086  8.162  -51.419  -19.004 0.4000000060
23249  7.878  -52.281  -19.515 0.5000000000
22394  7.343  -52.981  -20.436 0.5000000000
149700  7.022  -54.536  -24.119 0.5000000000
167029  5.310  -52.337  -23.816 0.6000000238
23271  5.414  -51.836  -22.735 0.6000000238
167384  6.220  -53.533  -20.567 0.6000000238
19204  8.460  -55.782  -23.676 0.6000000238
22402  4.370  -52.485  -22.986 0.6999999881
144549  5.067  -53.822  -21.005 0.6999999881
19236  8.175  -56.316  -25.071 0.6000000238
18492  8.403  -56.852  -27.752 0.8000000119
16892  10.824  -59.766  -27.321 0.6999999881
16899  10.228  -60.164  -27.740 0.6999999881
150224  8.516  -58.708  -28.679 0.8000000119
17671  8.654  -57.924  -28.379 0.8000000119
16079  11.282  -60.560  -27.547 0.6999999881
25681  6.523  -47.848  -17.884 0.4000000060
26567  5.911  -47.547  -17.243 0.4000000060
26550  5.769  -47.666  -16.627 0.4000000060
24075  8.404  -50.370  -18.579 0.5000000000
24861  7.305  -49.286  -18.695 0.4000000060
25654  6.107  -47.755  -14.941 0.5000000000
22378  8.246  -52.527  -19.851 0.5000000000
24108  7.370  -51.187  -21.800 0.5000000000
144372  6.966  -52.201  -21.397 0.5000000000
152419  7.911  -50.474  -22.106 0.5000000000
142534  5.631  -52.335  -21.912 0.6999999881
19235  8.966  -56.777  -25.224 0.6000000238
169075  8.776  -57.374  -27.999 0.8000000119
16880  12.630  -59.493  -26.885 0.6000000238
17669  10.885  -59.142  -26.962 0.6000000238
17650  10.778  -58.536  -26.436 0.6999999881
17651  9.877  -57.822  -26.623 0.6999999881
16893  9.970  -59.074  -27.607 0.6999999881
26511  6.828  -47.596  -14.023 0.3000000119
24860  8.546  -49.282  -18.064 0.4000000060
25687  7.432  -48.434  -18.112 0.3000000119
26566  6.874  -47.152  -17.096 0.4000000060
26549  6.011  -47.139  -16.508 0.4000000060
26529  5.932  -47.059  -15.857 0.4000000060
26512  6.122  -46.859  -14.327 0.5000000000
24085  9.284  -51.257  -18.925 0.4000000060
23248  8.689  -52.046  -19.480 0.4000000060
24114  7.246  -50.528  -22.639 0.5000000000
23265  8.773  -52.297  -20.103 0.4000000060
23284  7.141  -51.192  -23.571 0.6000000238
24102  10.067  -51.320  -20.254 0.4000000060
24113  7.910  -50.050  -22.868 0.4000000060
24107  8.807  -50.921  -21.529 0.5000000000
18471  8.619  -56.770  -26.999 0.6999999881
144121  10.175  -58.487  -27.103 0.6999999881
25653  6.838  -48.687  -14.994 0.4000000060
27390  6.028  -46.395  -15.152 0.4000000060
28101  6.519  -45.665  -13.999 0.3000000119
24074  9.472  -50.137  -18.287 0.3000000119
24106  9.764  -50.939  -21.268 0.4000000060
24910  8.628  -49.798  -23.273 0.4000000060
24902  8.782  -50.111  -22.383 0.4000000060
25679  8.932  -47.494  -17.021 0.3000000119
27411  6.198  -46.581  -16.055 0.4000000060
28138  6.524  -45.728  -15.773 0.3000000119
28122  6.353  -45.565  -14.821 0.3000000119
25685  9.753  -48.077  -17.325 0.3000000119
24101  10.648  -50.763  -19.673 0.3000000119
24897  10.344  -50.317  -21.906 0.3000000119
24105  10.701  -50.666  -20.725 0.3000000119
24901  9.601  -49.732  -22.955 0.3000000119
27432  7.253  -46.514  -16.662 0.3000000119
28137  7.053  -45.101  -16.092 0.3000000119
26565  8.017  -46.930  -16.856 0.3000000119
27410  7.372  -45.732  -16.511 0.3000000119
24892  11.184  -50.165  -20.062 0.3000000119
24896  11.492  -49.932  -21.136 0.3000000119
24900  11.086  -49.831  -22.437 0.3000000119
26499  7.468  -46.960  -13.425 0.3000000119
26578  9.726  -47.093  -17.340 0.3000000119
168654  9.603  -46.187  -17.649 0.3000000119
25714  12.095  -48.970  -21.093 0.3000000119
10432  10.900  -68.188  -32.631 0.6000000238
10445  10.673  -68.141  -33.487 0.6999999881
9847  10.357  -68.756  -34.037 0.6999999881
10466  10.308  -68.481  -34.963 0.6999999881
23269  7.772  -52.448  -20.911 0.4000000060
23270  6.069  -51.808  -22.135 0.6000000238
28121  6.800  -44.748  -15.357 0.3000000119
8033  12.440  -72.689  -36.614 0.6999999881
145637  10.898  -76.811  -32.112 0.6999999881
9282  13.327  -70.481  -37.109 0.8000000119
155581  13.648  -72.314  -43.022 0.6000000238
9846  14.078  -69.754  -35.190 0.6000000238
7980  12.095  -73.258  -31.188 0.6999999881
9922  16.379  -69.404  -41.405 0.8000000119
8093  16.340  -72.778  -42.496 0.6999999881
8092  17.059  -72.479  -42.359 0.8000000119
13304  9.278  -64.801  -37.375 0.6999999881
151923  10.969  -67.518  -36.020 0.6000000238
13281  7.907  -63.957  -35.945 0.6000000238
12546  13.499  -65.514  -35.832 0.6999999881
8613  12.148  -71.265  -30.538 0.8000000119
148256  13.051  -66.794  -29.048 0.5000000000
13228  15.038  -64.460  -32.317 0.6000000238
162839  7.918  -59.818  -29.397 0.8000000119
4244  17.283  -79.436  -36.761 0.4000000060
4229  17.714  -78.938  -36.003 0.4000000060
3799  17.957  -80.135  -39.875 0.3000000119
4254  17.292  -79.990  -37.517 0.4000000060
4245  16.276  -79.105  -36.555 0.4000000060
154685  16.783  -78.796  -36.030 0.4000000060
5297  20.053  -77.313  -39.238 0.4000000060
4776  19.912  -78.627  -39.622 0.5000000000
4264  20.245  -79.640  -39.231 0.5000000000
5303  19.683  -77.797  -39.593 0.3000000119
4275  19.519  -79.354  -39.576 0.4000000060
3786  18.906  -80.542  -38.764 0.4000000060
5312  18.445  -77.982  -40.061 0.3000000119
3793  18.766  -80.239  -39.298 0.3000000119
3776  17.666  -80.516  -38.205 0.3000000119
4784  18.050  -78.482  -40.235 0.3000000119
156078  19.274  -76.804  -38.732 0.4000000060
5827  20.336  -76.836  -38.559 0.5000000000
5817  18.624  -76.352  -37.647 0.3000000119
5832  18.532  -77.140  -39.299 0.3000000119
5306  16.980  -77.487  -39.728 0.4000000060
5833  17.344  -77.021  -38.983 0.3000000119
5835  14.499  -75.746  -38.315 0.4000000060
149604  15.250  -76.614  -38.473 0.4000000060
5836  13.927  -75.677  -38.518 0.4000000060
6324  18.488  -75.154  -35.999 0.4000000060
6334  18.037  -75.724  -36.698 0.4000000060
165985  17.183  -74.548  -36.463 0.4000000060
169739  18.146  -73.413  -36.093 0.5000000000
6344  16.645  -75.830  -37.340 0.4000000060
7470  16.424  -73.475  -37.661 0.4000000060
5834  16.118  -76.969  -38.762 0.4000000060
6346  15.010  -74.599  -38.125 0.5000000000
6892  15.561  -73.779  -38.172 0.4000000060
6904  14.613  -74.211  -39.706 0.4000000060
7506  13.258  -73.822  -42.993 0.6000000238
7449  18.618  -72.947  -36.366 0.6000000238
7468  18.079  -72.833  -38.322 0.6000000238
7469  17.170  -72.973  -38.009 0.6000000238
7480  17.494  -73.119  -39.075 0.6000000238
150453  16.984  -73.399  -39.880 0.6000000238
7487  17.915  -73.317  -40.191 0.6999999881
6898  15.893  -73.591  -39.622 0.5000000000
7488  16.700  -73.609  -40.814 0.6000000238
7492  17.241  -73.273  -41.540 0.6999999881
7466  20.008  -72.900  -39.367 0.6999999881
163397  19.458  -72.945  -40.676 0.6999999881
7467  19.088  -72.873  -38.733 0.6000000238
7478  19.341  -73.071  -39.887 0.6999999881
8738  18.869  -71.773  -42.047 0.6999999881
9322  17.653  -70.239  -42.023 0.6999999881
9911  16.032  -68.851  -40.774 0.6999999881
7491  18.128  -73.077  -41.251 0.6999999881
8742  17.906  -72.192  -42.195 0.6999999881
8088  17.649  -72.810  -41.957 0.6999999881
8736  20.871  -71.566  -41.417 0.5000000000
154450  20.199  -71.051  -41.627 0.6000000238
8086  19.447  -72.294  -41.552 0.6999999881
9320  19.423  -70.886  -41.820 0.6000000238
9920  18.137  -69.592  -41.667 0.6999999881
9908  18.632  -68.857  -41.336 0.6999999881
8079  19.069  -72.760  -41.264 0.6999999881
9909  17.748  -68.763  -41.192 0.6999999881
10540  16.535  -68.461  -40.242 0.6000000238
142024  19.028  -69.843  -41.669 0.6000000238
9919  19.509  -69.067  -41.413 0.6000000238
10538  18.294  -68.235  -40.691 0.6000000238
10537  19.152  -68.153  -41.039 0.6000000238
10464  15.778  -68.558  -35.402 0.5000000000
5773  10.858  -76.725  -33.081 0.6000000238
6296  11.334  -76.095  -34.209 0.6000000238
10523  17.035  -68.313  -39.545 0.6000000238
10501  16.636  -68.443  -38.706 0.6000000238
10488  16.524  -68.658  -37.225 0.5000000000
148863  16.170  -68.633  -36.305 0.5000000000
5239  9.349  -76.005  -31.474 0.6000000238
5764  10.306  -77.154  -31.440 0.6000000238
5253  10.990  -76.578  -32.312 0.6000000238
10522  17.957  -68.203  -39.697 0.6000000238
142838  17.027  -68.622  -37.972 0.5000000000
144302  16.249  -68.560  -37.983 0.5000000000
7419  8.719  -73.861  -33.476 0.6000000238
6835  9.102  -74.258  -32.484 0.6000000238
6825  9.018  -75.214  -31.768 0.6000000238
6288  8.775  -75.098  -32.055 0.6000000238
6265  9.434  -75.863  -31.276 0.6000000238
7406  10.625  -74.053  -31.645 0.6000000238
164555  10.175  -75.589  -31.297 0.6000000238
9821  14.603  -69.831  -32.134 0.6000000238
10500  17.510  -68.442  -38.750 0.6000000238
164943  9.242  -73.578  -33.133 0.6000000238
8000  10.202  -72.306  -33.224 0.6000000238
7407  9.772  -73.724  -32.341 0.6000000238
7990  10.793  -72.294  -32.414 0.6000000238
7417  10.380  -73.061  -32.378 0.6000000238
9245  11.094  -70.570  -31.991 0.5000000000
7989  11.480  -72.345  -31.550 0.6000000238
8619  11.575  -71.423  -31.377 0.5000000000
7445  8.036  -73.501  -34.925 0.6999999881
8017  8.550  -72.950  -34.774 0.6000000238
7418  9.733  -73.005  -33.217 0.6000000238
8627  10.487  -71.442  -33.228 0.6000000238
9246  10.691  -70.589  -32.816 0.6000000238
8712  7.178  -71.155  -38.960 0.6000000238
7435  9.029  -73.110  -33.953 0.6000000238
8001  9.665  -72.357  -33.943 0.6000000238
8655  10.087  -71.094  -34.042 0.5000000000
8668  9.031  -71.742  -35.157 0.6000000238
9273  9.260  -70.441  -35.765 0.6000000238
9277  8.734  -70.576  -36.647 0.6000000238
9285  8.465  -70.319  -37.797 0.6000000238
8669  8.486  -71.944  -35.675 0.6000000238
161325  10.487  -69.861  -33.153 0.6000000238
155710  9.386  -71.040  -35.155 0.6000000238
9263  10.007  -70.293  -34.301 0.5000000000
9264  9.661  -70.289  -35.027 0.6000000238
9296  8.349  -70.140  -39.038 0.5000000000
9848  10.000  -69.418  -34.752 0.6000000238
150232  9.304  -69.826  -36.414 0.6000000238
9284  9.037  -69.777  -37.373 0.6000000238
9886  9.119  -68.971  -39.188 0.6999999881
9898  7.660  -68.867  -40.250 0.6999999881
10528  6.704  -68.831  -40.280 0.6999999881
10506  6.107  -68.079  -39.629 0.6999999881
154192  9.652  -69.245  -36.226 0.6000000238
9869  9.516  -69.181  -37.045 0.6999999881
10505  9.024  -68.244  -39.508 0.6999999881
9887  8.519  -68.912  -39.901 0.6999999881
10527  8.208  -68.117  -40.014 0.6999999881
160314  6.649  -67.342  -39.364 0.6000000238
10491  10.364  -67.915  -37.340 0.6000000238
10463  16.767  -68.515  -35.589 0.5000000000
10465  14.931  -68.832  -35.094 0.5000000000
147792  16.963  -68.174  -34.149 0.5000000000
10455  15.439  -68.478  -34.536 0.5000000000
165774  15.254  -68.432  -33.814 0.6000000238
10427  18.306  -68.812  -32.805 0.6000000238
10440  17.544  -68.288  -33.375 0.6000000238
10442  15.619  -68.190  -33.234 0.6000000238
10443  14.921  -68.705  -33.170 0.6000000238
10431  14.893  -68.939  -32.067 0.6000000238
10428  17.540  -68.228  -32.419 0.5000000000
11140  16.680  -67.829  -31.965 0.6000000238
10416  15.014  -69.179  -30.845 0.6000000238
11122  16.863  -67.831  -31.177 0.6000000238
11124  15.769  -68.022  -30.784 0.5000000000
10400  15.272  -68.585  -30.246 0.6000000238
10401  14.798  -69.438  -29.751 0.6000000238
11107  16.026  -67.686  -30.125 0.5000000000
148071  13.062  -68.275  -28.772 0.5000000000
11075  14.201  -67.425  -28.561 0.5000000000
9787  13.757  -69.670  -28.879 0.6000000238
10391  14.781  -68.701  -29.162 0.6000000238
145930  15.248  -73.941  -40.005 0.6000000238
10456  14.738  -68.844  -34.165 0.5000000000
142480  10.271  -69.612  -33.813 0.6000000238
10492  9.822  -68.474  -37.727 0.6999999881
9834  14.426  -69.281  -33.531 0.6000000238
9786  14.298  -69.546  -29.039 0.6000000238
165886  13.965  -68.595  -28.625 0.6000000238
168407  17.529  -80.741  -39.140 0.3000000119
4276  18.848  -79.692  -39.691 0.3000000119
4271  19.453  -79.894  -39.318 0.4000000060
5305  17.988  -77.484  -39.820 0.3000000119
5828  18.124  -76.687  -38.421 0.4000000060
155900  16.285  -76.387  -37.956 0.4000000060
6874  18.182  -74.092  -35.793 0.4000000060
6336  16.357  -74.973  -37.052 0.3000000119
6875  17.462  -73.831  -36.323 0.5000000000
7457  17.817  -72.859  -37.365 0.6000000238
6345  15.707  -75.143  -37.510 0.5000000000
7481  16.515  -73.272  -38.726 0.5000000000
6899  14.967  -73.931  -38.988 0.5000000000
7479  18.459  -73.095  -39.460 0.6000000238
8737  19.891  -71.718  -41.652 0.6999999881
8638  10.051  -71.768  -33.831 0.6000000238
10493  5.453  -67.808  -38.411 0.6000000238
142983  16.887  -67.903  -32.765 0.6000000238
150662  18.116  -68.902  -31.048 0.5000000000
10430  15.420  -68.317  -32.416 0.6000000238
10415  15.416  -68.432  -31.429 0.6000000238
10414  17.450  -68.209  -31.559 0.5000000000
11141  15.884  -67.961  -31.783 0.6000000238
10399  17.443  -68.183  -30.534 0.5000000000
10390  15.436  -67.981  -29.644 0.5000000000
10376  14.761  -67.831  -28.816 0.5000000000
142325  20.133  -85.990  -21.621 0.4000000060
1439  20.120  -86.516  -22.478 0.4000000060
141922  20.163  -85.713  -23.140 0.5000000000
2510  19.196  -83.400  -19.966 0.5000000000
2511  18.669  -82.419  -19.801 0.5000000000
148608  16.582  -81.265  -18.914 0.5000000000
142260  19.787  -83.592  -20.813 0.5000000000
2125  20.018  -84.613  -20.892 0.5000000000
1150  19.865  -87.505  -23.344 0.4000000060
869  19.679  -89.337  -23.886 0.4000000060
140686  19.684  -88.220  -24.057 0.5000000000
4696  14.763  -78.135  -31.566 0.3000000119
4188  15.763  -79.542  -31.354 0.3000000119
4708  14.316  -78.347  -32.113 0.3000000119
4725  14.422  -77.940  -33.227 0.3000000119
153134  19.581  -84.379  -20.051 0.4000000060
164081  18.911  -83.149  -19.285 0.5000000000
2502  18.286  -82.364  -18.946 0.5000000000
1755  19.839  -85.328  -20.229 0.4000000060
152548  20.073  -85.462  -21.012 0.4000000060
1145  19.941  -87.709  -22.443 0.3000000119
1129  19.859  -87.812  -20.602 0.3000000119
891  19.762  -88.877  -26.449 0.4000000060
620  19.892  -90.127  -23.614 0.3000000119
151203  19.831  -90.060  -24.624 0.4000000060
873  19.612  -89.026  -24.821 0.5000000000
411  20.155  -90.350  -24.059 0.3000000119
142735  15.250  -78.237  -31.084 0.3000000119
3725  17.084  -80.351  -32.255 0.3000000119
5252  15.213  -77.229  -33.232 0.3000000119
5262  15.920  -77.317  -34.014 0.3000000119
156423  15.506  -77.781  -34.532 0.3000000119
2118  19.686  -84.970  -19.486 0.3000000119
2112  19.804  -84.388  -18.860 0.4000000060
1419  19.952  -86.706  -19.582 0.3000000119
402  20.227  -90.327  -23.258 0.3000000119
643  20.717  -90.105  -26.862 0.4000000060
644  20.164  -89.588  -26.930 0.4000000060
425  20.410  -90.329  -25.290 0.4000000060
409  20.981  -90.484  -23.614 0.3000000119
5215  15.855  -76.964  -30.614 0.4000000060
4695  15.653  -77.948  -30.622 0.4000000060
4182  16.882  -79.483  -30.951 0.4000000060
3717  18.275  -80.312  -31.524 0.4000000060
3313  19.348  -81.332  -32.305 0.4000000060
3312  20.250  -81.832  -32.249 0.5000000000
5235  15.988  -76.725  -33.222 0.3000000119
5236  15.449  -76.819  -32.405 0.3000000119
4748  17.135  -78.430  -35.395 0.3000000119
3763  18.007  -80.105  -37.413 0.3000000119
1409  20.155  -86.371  -19.112 0.3000000119
884  22.564  -89.275  -26.007 0.3000000119
642  22.161  -89.786  -26.455 0.3000000119
905  22.893  -88.375  -28.058 0.4000000060
911  22.375  -88.057  -28.608 0.4000000060
152023  21.599  -90.258  -23.216 0.3000000119
633  22.002  -89.951  -25.552 0.3000000119
408  21.683  -90.135  -23.878 0.3000000119
415  21.214  -90.366  -24.360 0.3000000119
162099  23.654  -83.398  -32.220 0.5000000000
1863  23.954  -84.213  -31.790 0.5000000000
149701  18.371  -76.039  -31.148 0.3000000119
5731  17.097  -76.173  -30.293 0.3000000119
5761  18.050  -76.131  -32.039 0.3000000119
4690  16.259  -77.680  -30.031 0.3000000119
4180  16.388  -78.641  -30.358 0.4000000060
3303  19.984  -81.025  -30.913 0.5000000000
150346  21.843  -82.472  -32.015 0.5000000000
5732  16.489  -76.194  -30.845 0.3000000119
4178  17.745  -79.745  -30.928 0.4000000060
3713  18.571  -80.036  -30.707 0.4000000060
3308  19.871  -81.318  -31.641 0.5000000000
3307  20.638  -81.645  -31.404 0.5000000000
5251  16.753  -77.050  -33.703 0.3000000119
5261  16.808  -77.529  -34.291 0.3000000119
4747  18.060  -78.532  -35.269 0.3000000119
147076  18.284  -79.584  -36.605 0.3000000119
3762  18.885  -80.255  -37.283 0.4000000060
889  23.590  -88.240  -26.726 0.3000000119
1203  24.233  -86.869  -28.130 0.4000000060
614  22.624  -89.723  -22.534 0.3000000119
872  22.325  -89.304  -25.131 0.3000000119
1177  22.721  -88.671  -25.649 0.3000000119
1204  23.258  -87.462  -28.446 0.4000000060
861  22.475  -89.416  -23.249 0.3000000119
1509  22.977  -85.944  -30.286 0.4000000060
1856  23.715  -84.947  -31.370 0.5000000000
2611  24.687  -83.804  -30.961 0.4000000060
1854  24.332  -84.298  -31.056 0.5000000000
5729  19.362  -76.340  -30.094 0.3000000119
2937  23.700  -82.972  -31.507 0.5000000000
2620  24.290  -83.597  -31.681 0.5000000000
5718  17.416  -76.486  -29.583 0.3000000119
2933  22.034  -81.840  -30.311 0.4000000060
2938  22.827  -82.423  -30.941 0.5000000000
5760  19.020  -76.484  -31.897 0.3000000119
4687  16.864  -77.622  -29.544 0.4000000060
4175  17.967  -79.074  -29.380 0.4000000060
3299  20.910  -80.967  -29.830 0.5000000000
140946  22.048  -82.202  -31.282 0.5000000000
5234  17.722  -76.468  -32.902 0.3000000119
4689  16.884  -78.325  -29.763 0.4000000060
161597  17.947  -79.440  -30.122 0.5000000000
3712  19.388  -80.387  -30.405 0.5000000000
4724  18.431  -78.037  -34.488 0.3000000119
4746  18.962  -78.685  -35.170 0.4000000060
4227  19.455  -79.305  -35.728 0.3000000119
4228  18.609  -79.105  -35.855 0.4000000060
4243  19.133  -79.730  -36.441 0.4000000060
8090  9.080  -72.409  -41.845 0.5000000000
146021  20.049  -80.437  -38.397 0.3000000119
1144  23.204  -88.190  -22.616 0.3000000119
868  22.410  -88.992  -24.220 0.3000000119
867  22.661  -88.606  -23.401 0.3000000119
1501  24.915  -85.545  -28.911 0.3000000119
2239  24.597  -84.124  -30.501 0.5000000000
2931  24.151  -83.247  -29.662 0.4000000060
2603  25.057  -83.999  -29.863 0.3000000119
5744  20.126  -76.829  -30.762 0.3000000119
143465  23.448  -82.719  -29.409 0.5000000000
165830  18.613  -76.154  -30.403 0.3000000119
3298  21.583  -81.328  -29.577 0.4000000060
3297  22.271  -81.784  -29.257 0.4000000060
4686  17.494  -78.190  -28.993 0.4000000060
4172  18.454  -78.954  -28.660 0.4000000060
166741  19.218  -79.608  -28.983 0.4000000060
3708  20.415  -80.433  -29.324 0.4000000060
5233  18.709  -76.794  -32.733 0.3000000119
5249  19.353  -77.508  -33.239 0.3000000119
4174  18.734  -79.689  -29.686 0.4000000060
3711  20.186  -80.689  -30.119 0.5000000000
4213  19.819  -78.934  -35.043 0.3000000119
4226  20.397  -79.640  -35.745 0.4000000060
3752  20.454  -80.289  -36.741 0.4000000060
8080  10.056  -71.828  -40.611 0.5000000000
152477  20.351  -80.545  -37.683 0.4000000060
3773  20.943  -80.475  -38.064 0.5000000000
8100  9.302  -72.708  -42.371 0.5000000000
163143  22.604  -87.466  -23.504 0.3000000119
6856  8.070  -74.874  -33.557 0.5000000000
2927  23.948  -82.865  -28.490 0.3000000119
2926  24.949  -83.579  -28.951 0.3000000119
5255  9.553  -75.070  -32.787 0.5000000000
6880  6.924  -74.536  -35.712 0.6000000238
5201  20.937  -77.196  -30.501 0.3000000119
5716  19.356  -76.361  -29.129 0.3000000119
5213  20.736  -77.469  -31.268 0.3000000119
5710  18.677  -76.622  -28.509 0.3000000119
5191  18.445  -77.317  -28.058 0.3000000119
3295  21.816  -81.210  -28.663 0.4000000060
2928  23.023  -82.317  -28.796 0.4000000060
6311  11.467  -75.472  -35.032 0.5000000000
6348  3.694  -74.672  -37.299 0.5000000000
4682  18.209  -78.070  -28.206 0.3000000119
4171  19.338  -79.282  -28.233 0.3000000119
3705  20.637  -80.213  -28.466 0.3000000119
3696  20.877  -79.938  -27.574 0.3000000119
6876  11.630  -74.365  -36.177 0.5000000000
153252  19.909  -78.066  -33.589 0.3000000119
4732  20.086  -78.537  -34.238 0.3000000119
8043  11.631  -72.623  -37.768 0.5000000000
4212  20.700  -79.185  -34.824 0.3000000119
8711  11.089  -71.938  -39.043 0.5000000000
151175  21.933  -80.270  -36.057 0.4000000060
149388  10.704  -71.421  -40.344 0.6000000238
3760  22.015  -80.534  -36.918 0.4000000060
3772  21.740  -80.450  -37.694 0.5000000000
8731  10.546  -71.277  -41.215 0.5000000000
4263  21.982  -79.676  -38.470 0.4000000060
3784  21.471  -80.192  -38.302 0.3000000119
3785  20.637  -80.190  -38.636 0.4000000060
8748  10.403  -71.835  -42.524 0.6000000238
5800  22.979  -76.420  -37.123 0.3000000119
5814  21.686  -76.613  -37.847 0.4000000060
5295  21.675  -77.714  -38.775 0.4000000060
4775  20.871  -78.848  -39.286 0.3000000119
147077  11.081  -71.891  -42.783 0.6000000238
8099  10.687  -72.691  -42.871 0.5000000000
6320  22.383  -75.884  -36.228 0.3000000119
6321  21.461  -75.857  -36.187 0.5000000000
5815  20.659  -76.422  -37.572 0.4000000060
5816  19.640  -76.415  -37.732 0.4000000060
7501  11.436  -73.431  -42.999 0.6000000238
6308  21.793  -75.338  -35.348 0.3000000119
6309  20.827  -75.253  -35.350 0.5000000000
6322  20.461  -75.850  -36.267 0.4000000060
6332  19.833  -76.087  -36.848 0.4000000060
6866  21.252  -74.519  -34.836 0.4000000060
6310  19.889  -75.037  -35.343 0.5000000000
6323  19.407  -75.532  -35.983 0.4000000060
6868  19.075  -74.454  -35.453 0.5000000000
7437  8.031  -74.342  -34.176 0.6000000238
6887  6.069  -74.199  -36.767 0.6000000238
5743  22.637  -77.102  -30.476 0.3000000119
5728  20.292  -76.590  -29.839 0.3000000119
145639  20.173  -76.350  -28.868 0.3000000119
5709  19.177  -76.834  -27.806 0.3000000119
7454  7.172  -73.868  -35.935 0.6000000238
6888  5.208  -73.908  -37.595 0.6000000238
5211  22.196  -77.840  -30.940 0.3000000119
5189  19.244  -77.471  -27.305 0.3000000119
4673  19.951  -78.511  -26.830 0.3000000119
7464  5.784  -73.491  -37.575 0.6000000238
4702  24.012  -78.452  -32.603 0.3000000119
4681  18.888  -78.552  -27.848 0.3000000119
4170  20.124  -79.593  -27.923 0.3000000119
7475  4.403  -73.235  -38.051 0.6000000238
4731  20.942  -78.856  -34.112 0.3000000119
8072  4.507  -71.893  -38.916 0.6000000238
7476  3.718  -72.865  -38.048 0.6000000238
8046  3.122  -72.828  -37.707 0.6000000238
146251  2.760  -72.780  -37.123 0.5000000000
4262  23.292  -79.171  -37.902 0.4000000060
5825  21.993  -77.182  -38.407 0.4000000060
6853  20.924  -73.708  -34.764 0.4000000060
146067  19.578  -73.684  -35.220 0.5000000000
5742  23.540  -76.549  -30.782 0.3000000119
5725  22.880  -76.056  -30.163 0.3000000119
5727  21.190  -76.818  -29.822 0.3000000119
5715  20.951  -76.309  -29.207 0.3000000119
5705  19.696  -76.869  -27.197 0.3000000119
5176  19.957  -77.334  -26.703 0.3000000119
4147  20.703  -78.784  -26.444 0.3000000119
6855  8.243  -74.434  -33.575 0.5000000000
5210  23.257  -77.647  -31.186 0.3000000119
5230  22.606  -78.286  -31.665 0.3000000119
8035  7.353  -72.753  -36.563 0.5000000000
7462  6.736  -73.052  -37.111 0.6000000238
146915  24.042  -77.787  -31.893 0.3000000119
4163  20.378  -79.250  -27.104 0.3000000119
169964  6.195  -73.120  -37.608 0.6000000238
5228  24.816  -77.694  -32.750 0.3000000119
8057  5.240  -72.402  -38.677 0.6000000238
3770  23.482  -79.862  -37.415 0.3000000119
3759  23.121  -80.342  -37.025 0.3000000119
8701  3.509  -72.249  -38.146 0.6000000238
8685  2.998  -71.819  -37.212 0.6000000238
8044  7.086  -72.243  -37.464 0.6000000238
8683  7.680  -71.864  -36.903 0.5000000000
8699  6.888  -71.790  -38.250 0.6000000238
8071  5.058  -71.866  -39.128 0.6000000238
8724  4.892  -71.355  -39.384 0.6000000238
8715  3.929  -71.712  -38.705 0.6000000238
9299  3.946  -70.955  -38.571 0.6000000238
8714  4.455  -71.212  -39.198 0.6000000238
161978  3.387  -70.688  -36.970 0.5000000000
8034  7.922  -72.296  -36.115 0.5000000000
8682  8.287  -71.481  -36.383 0.5000000000
9310  4.967  -70.802  -39.642 0.6000000238
9860  3.770  -69.697  -35.815 0.5000000000
11208  4.885  -67.940  -37.434 0.6000000238
9859  3.943  -68.887  -36.065 0.6000000238
9849  3.930  -70.005  -35.071 0.5000000000
142278  3.948  -69.048  -35.248 0.6000000238
147618  4.233  -69.340  -34.663 0.6000000238
8697  8.072  -71.072  -37.264 0.5000000000
9901  5.478  -70.058  -39.955 0.5000000000
9889  5.123  -69.459  -39.474 0.5000000000
9298  4.600  -70.253  -39.179 0.6000000238
10529  5.807  -69.078  -39.968 0.6000000238
10508  4.596  -69.277  -38.563 0.5000000000
9871  3.773  -69.656  -36.450 0.5000000000
10507  5.276  -68.654  -39.058 0.6000000238
11224  8.661  -67.445  -39.436 0.6000000238
10494  4.751  -68.496  -37.986 0.6000000238
10468  4.275  -68.169  -35.288 0.5000000000
15294  6.573  -61.754  -26.752 0.5000000000
8681  8.860  -71.200  -35.788 0.5000000000
164996  7.169  -70.743  -39.711 0.5000000000
9899  7.057  -69.609  -40.263 0.6000000238
15272  7.143  -61.025  -25.596 0.5000000000
16055  7.640  -61.056  -24.779 0.6000000238
15286  6.006  -61.070  -26.770 0.6000000238
15295  5.640  -61.616  -27.546 0.6000000238
15271  7.696  -61.745  -25.445 0.5000000000
15309  4.947  -61.817  -28.606 0.5000000000
13862  5.981  -63.179  -28.317 0.5000000000
10446  5.019  -67.807  -33.613 0.5000000000
160808  4.701  -68.424  -34.021 0.5000000000
152622  5.153  -56.760  -29.045 0.6000000238
18495  4.295  -57.211  -28.192 0.6999999881
18509  4.454  -57.598  -29.011 0.6000000238
16882  3.907  -59.164  -26.982 0.6999999881
16871  5.022  -59.376  -25.481 0.6000000238
16866  6.433  -59.512  -24.200 0.6000000238
16894  3.955  -59.408  -28.189 0.6000000238
16881  4.710  -59.764  -26.313 0.6000000238
18508  5.254  -57.352  -29.708 0.6000000238
17692  4.102  -58.507  -29.033 0.6000000238
16072  4.367  -60.027  -27.183 0.6000000238
16063  5.730  -60.049  -25.808 0.5000000000
16042  7.228  -60.032  -23.730 0.6000000238
147026  5.921  -58.437  -30.411 0.6000000238
16070  6.356  -60.693  -26.074 0.5000000000
16062  6.692  -60.423  -25.328 0.6000000238
16913  4.305  -59.446  -29.997 0.6000000238
16080  5.016  -60.710  -27.401 0.6000000238
16929  4.695  -59.717  -30.605 0.6000000238
16093  4.086  -60.113  -29.022 0.6000000238
15310  4.349  -61.068  -29.335 0.6000000238
14577  4.625  -61.925  -29.669 0.5000000000
13872  5.616  -63.462  -29.052 0.5000000000
13891  5.376  -63.916  -29.835 0.5000000000
148962  5.240  -64.364  -30.534 0.5000000000
12497  5.535  -65.097  -30.574 0.5000000000
17639  4.096  -58.899  -25.525 0.6000000238
17633  4.909  -58.638  -24.265 0.6999999881
16911  5.715  -59.312  -30.785 0.5000000000
16111  4.733  -60.384  -30.818 0.6000000238
15332  4.852  -61.310  -31.041 0.6000000238
13892  4.856  -62.875  -30.039 0.5000000000
15348  4.910  -62.121  -31.107 0.6000000238
13909  4.922  -63.554  -30.778 0.5000000000
13928  5.342  -63.436  -31.920 0.6000000238
163003  4.976  -64.180  -31.244 0.6000000238
18440  10.432  -57.562  -24.464 0.4000000060
19240  3.616  -56.361  -25.727 0.6999999881
169569  3.666  -57.556  -22.835 0.5000000000
154254  4.233  -57.768  -22.186 0.5000000000
151572  10.903  -58.059  -25.001 0.6000000238
18450  9.916  -57.518  -25.348 0.5000000000
17627  4.376  -57.936  -23.067 0.6000000238
17626  5.428  -58.173  -22.373 0.5000000000
18449  11.756  -58.157  -24.978 0.5000000000
19259  3.857  -56.534  -26.537 0.6000000238
17631  4.165  -58.116  -23.971 0.8000000119
18472  4.200  -56.699  -27.401 0.6999999881
17634  3.907  -58.397  -24.906 0.8000000119
17629  6.160  -58.698  -22.949 0.6999999881
15331  5.535  -61.275  -31.326 0.6000000238
15346  5.971  -62.048  -31.563 0.6000000238
18430  3.841  -57.366  -21.400 0.5000000000
18441  9.563  -57.001  -24.163 0.5000000000
19218  3.323  -56.154  -24.927 0.6999999881
18424  4.415  -57.336  -20.581 0.5000000000
19234  12.965  -57.192  -24.685 0.4000000060
18439  11.223  -57.715  -24.324 0.4000000060
18448  12.651  -57.941  -25.191 0.4000000060
17648  12.928  -58.965  -26.490 0.5000000000
17668  13.408  -59.292  -27.290 0.4000000060
19198  2.824  -56.433  -22.489 0.5000000000
154049  4.012  -56.800  -20.083 0.5000000000
19202  9.834  -56.457  -23.429 0.3000000119
19203  9.099  -56.316  -23.655 0.3000000119
19206  2.819  -56.119  -23.454 0.6000000238
141689  13.867  -57.302  -26.504 0.4000000060
18490  13.993  -57.762  -27.295 0.4000000060
16889  13.573  -59.623  -28.133 0.4000000060
19983  2.717  -55.428  -22.796 0.6000000238
20005  3.377  -55.211  -24.849 0.6000000238
17667  13.949  -58.671  -27.872 0.4000000060
19982  2.800  -55.797  -21.816 0.5000000000
19193  3.522  -56.712  -20.755 0.5000000000
20787  12.465  -54.602  -23.383 0.3000000119
19988  10.134  -55.593  -23.192 0.3000000119
20790  9.309  -55.016  -23.264 0.3000000119
20791  8.521  -55.131  -23.466 0.4000000060
18504  13.581  -57.029  -28.747 0.3000000119
17688  13.761  -58.916  -28.546 0.4000000060
18516  12.890  -57.198  -29.470 0.4000000060
20805  9.586  -54.261  -23.612 0.4000000060
20780  2.953  -54.494  -23.072 0.6000000238
19978  3.318  -55.495  -20.358 0.4000000060
21628  7.989  -53.566  -23.737 0.4000000060
21610  12.822  -53.730  -23.451 0.3000000119
21624  12.124  -53.341  -23.772 0.3000000119
20778  3.355  -54.793  -21.383 0.5000000000
21629  6.991  -53.565  -24.025 0.4000000060
22433  6.691  -52.571  -23.943 0.4000000060
23285  6.295  -51.544  -23.450 0.5000000000
162549  7.412  -52.152  -23.997 0.4000000060
23305  6.823  -51.863  -23.780 0.4000000060
24949  10.711  -49.700  -25.745 0.3000000119
141320  10.248  -49.491  -25.038 0.3000000119
24142  9.331  -50.389  -24.955 0.3000000119
24929  8.892  -49.980  -24.156 0.3000000119
24909  9.397  -49.591  -23.826 0.3000000119
25674  5.483  -48.495  -16.722 0.4000000060
25754  11.081  -49.043  -25.206 0.3000000119
3695  21.627  -80.311  -27.171 0.3000000119
3771  22.807  -80.173  -37.582 0.4000000060
23304  7.740  -51.575  -24.033 0.3000000119
165672  6.358  -62.861  -31.687 0.6000000238
24831  7.047  -50.022  -15.843 0.4000000060
17636  12.307  -58.538  -25.768 0.5000000000
24143  8.701  -50.651  -24.456 0.3000000119
5302  20.528  -78.017  -39.454 0.3000000119
5826  21.250  -76.977  -38.462 0.4000000060
163870  6.003  -70.899  -39.957 0.5000000000
1140  20.029  -87.127  -21.514 0.4000000060
1763  20.220  -84.860  -21.798 0.5000000000
141203  17.399  -81.624  -18.865 0.5000000000
885  19.599  -88.684  -25.589 0.5000000000
3719  16.558  -79.830  -31.523 0.4000000060
1427  19.931  -86.479  -20.474 0.4000000060
142262  19.847  -89.653  -25.733 0.4000000060
167972  20.330  -89.292  -27.507 0.4000000060
5216  15.236  -77.335  -31.414 0.4000000060
3724  17.923  -80.576  -32.227 0.4000000060
3314  18.480  -81.120  -32.732 0.4000000060
150938  20.029  -83.125  -18.136 0.3000000119
154682  20.681  -90.348  -22.171 0.3000000119
634  21.397  -90.191  -26.201 0.3000000119
168411  21.723  -89.453  -27.823 0.4000000060
655  21.133  -89.296  -28.021 0.4000000060
5747  15.875  -76.466  -31.602 0.3000000119
165347  17.448  -76.908  -33.484 0.4000000060
894  23.315  -88.443  -27.308 0.4000000060
1208  22.670  -87.064  -29.160 0.4000000060
3306  21.357  -81.743  -30.879 0.5000000000
8068  9.645  -72.522  -40.022 0.5000000000
4734  17.413  -77.987  -34.735 0.4000000060
1164  22.473  -88.350  -24.866 0.3000000119
167949  24.383  -86.278  -28.619 0.4000000060
1508  23.781  -85.735  -29.899 0.4000000060
1855  24.076  -85.039  -30.546 0.5000000000
140788  23.526  -82.806  -30.419 0.5000000000
5193  17.863  -76.828  -28.774 0.3000000119
5232  19.611  -77.223  -32.459 0.3000000119
5250  18.365  -77.276  -33.577 0.3000000119
4733  19.312  -78.424  -34.582 0.3000000119
8740  10.352  -71.365  -42.025 0.6000000238
2234  24.858  -84.393  -29.665 0.3000000119
1507  24.448  -85.277  -29.617 0.4000000060
3707  21.131  -80.781  -29.021 0.3000000119
8054  11.371  -72.248  -38.426 0.5000000000
149770  21.160  -80.564  -37.312 0.4000000060
159991  24.773  -83.006  -28.025 0.3000000119
3282  22.082  -81.012  -27.688 0.3000000119
5813  22.627  -76.938  -37.958 0.4000000060
153483  21.936  -78.371  -38.803 0.4000000060
4769  21.664  -78.968  -38.947 0.4000000060
6306  23.703  -75.366  -35.629 0.3000000119
5708  19.985  -76.369  -27.781 0.3000000119
8070  5.674  -72.049  -38.860 0.6000000238
5291  23.160  -77.695  -38.015 0.3000000119
5704  20.454  -76.518  -26.867 0.3000000119
5175  20.795  -77.337  -26.250 0.3000000119
5248  24.761  -78.393  -33.321 0.3000000119
9287  3.963  -69.907  -37.965 0.5000000000
147071  4.256  -69.085  -37.631 0.6000000238
17652  3.800  -58.621  -26.289 0.6999999881
17630  5.197  -58.368  -23.413 0.6999999881
18451  3.552  -57.438  -25.689 0.6999999881
18434  3.564  -57.536  -23.611 0.6000000238
19987  11.223  -55.591  -23.238 0.3000000119
20788  11.533  -54.778  -23.326 0.3000000119
9295  12.194  -70.662  -38.965 0.5000000000
8709  12.308  -71.107  -38.281 0.5000000000
8065  20.635  -72.913  -40.028 0.6000000238
9307  7.159  -70.331  -40.072 0.4000000060
164842  8.644  -69.495  -39.466 0.5000000000
11191  4.735  -67.729  -36.557 0.5000000000
11893  8.074  -66.642  -39.002 0.5000000000
11894  7.018  -66.634  -38.861 0.5000000000
11207  5.344  -67.330  -37.386 0.5000000000
11175  4.677  -67.433  -35.555 0.5000000000
11190  5.244  -66.991  -36.401 0.5000000000
11222  10.022  -66.912  -38.630 0.5000000000
11162  4.628  -67.392  -34.745 0.4000000060
11885  7.414  -66.020  -38.257 0.5000000000
11886  6.526  -66.253  -37.869 0.5000000000
11868  5.180  -66.611  -35.489 0.5000000000
149030  4.727  -67.026  -34.086 0.5000000000
12569  7.695  -65.409  -37.627 0.6000000238
11876  6.247  -66.010  -37.024 0.5000000000
11869  4.822  -66.882  -34.878 0.5000000000
12511  5.116  -64.902  -31.442 0.5000000000
12560  7.108  -65.059  -36.800 0.6000000238
11845  4.954  -66.009  -32.991 0.5000000000
12522  5.249  -65.688  -32.047 0.5000000000
12561  6.349  -65.477  -36.361 0.6000000238
12539  5.404  -65.849  -34.551 0.6000000238
11151  4.985  -66.792  -33.374 0.5000000000
12559  7.848  -64.878  -37.074 0.6000000238
12548  6.748  -64.833  -36.019 0.6000000238
12549  6.250  -65.273  -35.630 0.6000000238
13249  5.252  -65.318  -33.026 0.6000000238
13282  7.219  -64.398  -35.583 0.6000000238
13233  5.232  -64.804  -32.381 0.5000000000
13943  5.239  -64.154  -32.108 0.5000000000
12529  5.839  -65.457  -34.411 0.6000000238
167510  5.268  -65.707  -33.777 0.6000000238
16861  6.690  -59.347  -23.370 0.5000000000
17625  6.479  -58.679  -22.061 0.5000000000
16862  5.859  -58.899  -23.811 0.5000000000
13927  6.331  -63.643  -32.121 0.6000000238
13266  7.090  -64.575  -34.738 0.6000000238
13941  6.852  -64.515  -32.686 0.6000000238
13248  6.475  -65.095  -34.205 0.6000000238
13231  6.425  -64.835  -33.311 0.6000000238
13247  7.215  -64.765  -33.901 0.6000000238
165555  8.466  -52.739  -24.272 0.3000000119
24850  4.949  -49.106  -17.345 0.3000000119
6869  18.818  -73.468  -35.698 0.4000000060
8053  19.906  -72.679  -37.944 0.5000000000
7508  12.000  -73.813  -42.961 0.5000000000
8097  12.756  -72.591  -43.075 0.5000000000
8746  13.113  -71.506  -42.743 0.4000000060
8077  20.798  -72.598  -40.729 0.4000000060
8710  11.679  -71.388  -38.845 0.4000000060
9315  11.837  -70.325  -41.297 0.4000000060
8730  11.298  -70.775  -40.641 0.4000000060
9316  11.099  -70.838  -41.661 0.4000000060
9327  11.795  -70.709  -42.067 0.4000000060
9317  22.702  -70.609  -41.189 0.4000000060
9318  21.725  -70.822  -41.330 0.4000000060
9319  20.745  -70.485  -41.482 0.4000000060
8042  12.193  -72.286  -37.338 0.4000000060
8735  22.445  -71.584  -41.095 0.4000000060
10544  19.988  -68.306  -41.189 0.4000000060
150244  19.729  -67.778  -40.729 0.5000000000
13265  7.606  -63.881  -35.002 0.5000000000
154763  8.572  -62.911  -35.172 0.5000000000
13246  7.870  -64.297  -33.928 0.5000000000
14634  8.631  -62.613  -34.606 0.5000000000
15376  9.130  -61.330  -34.203 0.5000000000
13229  8.575  -64.385  -32.911 0.5000000000
15357  9.270  -61.114  -33.560 0.5000000000
17617  6.016  -58.270  -21.546 0.4000000060
18429  5.083  -57.834  -21.318 0.4000000060
14627  8.815  -62.124  -34.011 0.5000000000
13230  7.659  -64.712  -32.947 0.5000000000
8085  20.388  -72.170  -41.295 0.5000000000
151538  21.717  -71.767  -41.198 0.4000000060
9917  21.252  -69.550  -41.346 0.4000000060
2833  17.916  -81.510  -19.711 0.4000000060
3217  17.718  -80.989  -20.359 0.4000000060
1782  16.527  -84.995  -23.334 0.4000000060
2850  19.316  -82.270  -20.939 0.4000000060
2842  18.427  -81.358  -20.606 0.4000000060
2155  16.406  -84.062  -24.003 0.4000000060
3227  17.963  -80.801  -21.151 0.4000000060
2906  16.546  -82.217  -26.374 0.4000000060
2552  16.241  -82.901  -24.760 0.4000000060
2543  16.632  -82.897  -23.731 0.4000000060
2142  20.209  -83.775  -22.251 0.5000000000
2858  19.535  -81.827  -22.090 0.5000000000
2529  19.932  -82.712  -22.608 0.4000000060
2851  18.830  -81.198  -21.563 0.4000000060
2875  17.118  -81.965  -23.487 0.4000000060
1768  20.231  -84.626  -22.860 0.5000000000
1781  20.024  -84.990  -23.785 0.5000000000
160774  20.115  -83.543  -22.974 0.5000000000
2872  19.407  -81.749  -23.030 0.4000000060
3239  18.214  -81.023  -22.512 0.4000000060
2168  19.711  -84.257  -24.481 0.4000000060
2542  19.755  -82.741  -23.441 0.4000000060
2189  18.865  -83.816  -26.735 0.4000000060
2893  17.954  -82.326  -26.055 0.4000000060
147686  17.967  -81.907  -25.273 0.4000000060
151884  17.650  -81.500  -24.007 0.4000000060
2874  17.723  -81.398  -23.091 0.4000000060
2905  17.296  -82.313  -26.578 0.4000000060
2886  17.440  -81.743  -24.956 0.4000000060
2174  19.461  -84.712  -25.255 0.5000000000
2551  19.494  -83.048  -24.287 0.4000000060
2884  19.090  -81.928  -23.925 0.4000000060
2873  18.531  -81.364  -23.371 0.4000000060
2188  19.300  -84.789  -26.567 0.5000000000
2175  19.088  -84.245  -25.917 0.4000000060
169434  18.505  -82.564  -25.496 0.4000000060
150963  18.228  -81.665  -24.384 0.4000000060
1832  20.363  -85.336  -28.643 0.3000000119
152932  20.526  -85.660  -30.489 0.3000000119
1503  20.952  -86.718  -29.736 0.4000000060
142431  19.731  -85.280  -27.243 0.3000000119
1205  20.817  -87.735  -28.709 0.4000000060
1497  20.678  -86.333  -28.767 0.4000000060
1528  20.699  -85.699  -32.512 0.3000000119
1518  20.967  -86.014  -31.701 0.4000000060
1510  21.016  -86.709  -30.651 0.4000000060
1218  21.035  -86.818  -30.256 0.4000000060
1527  21.274  -85.748  -32.088 0.4000000060
1226  21.005  -86.205  -30.776 0.4000000060
1217  21.341  -86.436  -29.844 0.4000000060
1215  22.477  -86.371  -29.830 0.3000000119
2200  19.297  -84.341  -27.416 0.3000000119
914  20.962  -88.186  -28.552 0.3000000119
1490  20.380  -87.113  -28.004 0.4000000060
1535  21.674  -85.252  -32.505 0.4000000060
919  21.588  -87.234  -29.039 0.3000000119
1225  21.550  -85.988  -31.069 0.4000000060
1525  22.946  -85.305  -31.618 0.4000000060
1517  22.598  -85.821  -30.979 0.4000000060
1813  19.521  -85.850  -26.357 0.4000000060
1491  19.899  -86.467  -27.207 0.4000000060
1875  20.525  -85.097  -33.611 0.4000000060
912  22.128  -87.759  -28.821 0.3000000119
2644  21.684  -83.937  -33.625 0.4000000060
1878  21.408  -84.439  -33.375 0.4000000060
2951  21.566  -82.730  -32.615 0.4000000060
2627  22.873  -83.412  -32.698 0.4000000060
1865  22.540  -85.005  -32.222 0.4000000060
1802  19.495  -85.664  -25.413 0.4000000060
1479  19.634  -87.088  -26.545 0.4000000060
1192  20.415  -88.401  -27.975 0.3000000119
1193  19.968  -87.726  -27.322 0.4000000060
907  21.226  -88.708  -28.346 0.3000000119
2952  20.766  -82.676  -33.115 0.4000000060
2945  21.044  -82.223  -32.141 0.4000000060
2943  22.844  -82.749  -31.997 0.4000000060
2243  23.446  -84.085  -32.338 0.4000000060
1448  19.963  -86.006  -23.983 0.4000000060
1184  19.732  -88.097  -26.751 0.3000000119
148311  20.010  -86.621  -23.338 0.4000000060
1795  19.740  -85.343  -24.609 0.4000000060
143228  19.541  -87.137  -25.106 0.4000000060
1465  19.652  -86.302  -24.818 0.4000000060
1178  19.533  -87.779  -25.891 0.4000000060
157214  19.022  -67.904  -40.011 0.4000000060
1873  22.089  -84.590  -32.875 0.4000000060
392  20.299  -90.279  -22.328 0.3000000119
399  21.937  -90.193  -22.640 0.3000000119
400  21.151  -90.384  -22.780 0.3000000119
401  20.562  -90.383  -22.982 0.3000000119
410  20.431  -90.412  -23.657 0.3000000119
414  21.770  -90.051  -24.700 0.3000000119
416  20.150  -90.324  -24.731 0.4000000060
424  21.155  -90.341  -25.243 0.3000000119
426  20.075  -90.188  -25.285 0.4000000060
432  20.742  -90.327  -25.975 0.4000000060
615  19.768  -89.638  -22.986 0.3000000119
619  22.169  -89.926  -23.267 0.3000000119
623  22.118  -89.657  -24.184 0.3000000119
635  20.291  -90.076  -26.052 0.4000000060
646  22.074  -89.679  -27.234 0.4000000060
647  21.218  -89.821  -27.536 0.4000000060
648  20.582  -89.451  -27.584 0.4000000060
656  20.774  -88.926  -28.061 0.3000000119
890  22.857  -89.058  -26.774 0.3000000119
895  22.525  -89.064  -27.612 0.4000000060
896  20.450  -89.027  -27.776 0.3000000119
897  20.067  -88.881  -27.376 0.4000000060
906  21.908  -88.884  -28.276 0.4000000060
913  21.379  -88.019  -28.624 0.3000000119
1163  22.786  -87.768  -25.360 0.3000000119
1165  19.545  -87.971  -24.947 0.5000000000
1207  23.676  -86.447  -29.007 0.4000000060
1209  21.153  -87.197  -29.045 0.3000000119
1210  20.972  -87.003  -29.182 0.4000000060
1214  23.098  -86.268  -29.648 0.4000000060
1216  22.195  -86.820  -29.518 0.3000000119
1224  22.036  -86.276  -30.276 0.4000000060
1408  20.566  -85.997  -18.631 0.3000000119
1472  19.499  -86.620  -25.688 0.4000000060
1496  25.002  -86.104  -28.284 0.3000000119
1502  24.431  -85.878  -29.070 0.4000000060
1516  23.407  -85.474  -30.748 0.5000000000
1519  20.859  -86.141  -31.208 0.4000000060
1526  22.118  -85.602  -31.789 0.4000000060
1536  20.910  -85.431  -32.869 0.3000000119
1740  20.043  -85.519  -19.028 0.3000000119
1748  19.888  -85.903  -19.613 0.3000000119
1824  20.273  -85.775  -27.970 0.3000000119
1839  25.114  -85.015  -29.149 0.3000000119
1840  20.553  -85.504  -29.442 0.3000000119
1846  24.487  -84.608  -30.086 0.5000000000
1864  23.324  -84.661  -32.011 0.4000000060
1872  22.861  -84.426  -32.451 0.4000000060
1874  21.230  -84.944  -33.220 0.4000000060
2131  20.149  -83.954  -21.497 0.5000000000
2154  19.978  -83.877  -23.650 0.4000000060
2251  22.748  -84.087  -32.799 0.4000000060
2252  21.939  -84.084  -33.268 0.4000000060
2258  21.238  -84.142  -33.810 0.4000000060
2501  19.359  -83.977  -19.323 0.5000000000
2519  19.927  -82.982  -21.711 0.5000000000
2530  16.779  -82.863  -22.807 0.4000000060
2556  19.157  -83.462  -25.213 0.4000000060
2557  18.627  -83.219  -26.053 0.4000000060
2572  15.952  -82.538  -26.228 0.4000000060
2604  24.812  -83.730  -30.209 0.4000000060
2610  24.896  -83.972  -30.355 0.3000000119
2612  24.336  -83.366  -30.917 0.5000000000
2618  24.656  -83.879  -30.988 0.4000000060
2619  24.348  -83.811  -31.444 0.5000000000
2625  23.944  -83.805  -32.046 0.5000000000
2626  23.309  -83.807  -32.593 0.4000000060
2628  21.909  -83.421  -33.162 0.4000000060
2635  22.500  -83.860  -33.084 0.4000000060
2834  17.167  -81.079  -19.687 0.5000000000
2859  18.903  -81.179  -22.447 0.4000000060
2885  18.752  -82.312  -24.788 0.4000000060
2887  16.885  -81.958  -24.479 0.4000000060
2894  17.283  -81.945  -25.833 0.4000000060
2895  16.494  -82.110  -25.528 0.4000000060
2932  22.804  -82.319  -29.851 0.4000000060
2944  21.374  -82.062  -31.526 0.5000000000
2950  22.244  -82.950  -32.543 0.4000000060
3221  17.220  -80.936  -20.461 0.4000000060
3238  18.379  -80.885  -21.912 0.4000000060
3301  21.330  -81.425  -30.238 0.5000000000
3302  20.724  -81.258  -30.565 0.5000000000
3359  17.946  -80.780  -38.858 0.3000000119
3704  21.353  -80.600  -28.087 0.3000000119
3709  19.653  -80.112  -29.570 0.5000000000
3716  19.177  -80.723  -31.382 0.4000000060
3718  17.445  -80.050  -31.647 0.4000000060
3723  18.654  -80.804  -32.047 0.4000000060
3751  21.218  -80.252  -36.348 0.4000000060
3761  19.705  -80.309  -37.068 0.4000000060
3774  19.467  -80.567  -38.000 0.4000000060
3775  18.530  -80.588  -38.200 0.4000000060
3783  22.235  -80.199  -37.948 0.5000000000
3787  17.257  -80.693  -38.772 0.3000000119
3792  19.713  -80.243  -38.929 0.3000000119
4162  21.169  -79.561  -26.780 0.3000000119
4164  19.626  -78.921  -27.476 0.3000000119
4176  17.454  -78.843  -29.667 0.4000000060
4179  17.186  -79.136  -30.282 0.4000000060
4183  15.882  -79.015  -30.902 0.4000000060
4184  15.171  -78.884  -31.237 0.3000000119
4225  21.359  -79.772  -35.447 0.4000000060
4242  19.829  -79.843  -36.310 0.4000000060
4253  22.728  -79.776  -38.024 0.4000000060
4270  21.189  -79.653  -38.880 0.3000000119
4277  18.358  -79.316  -40.037 0.3000000119
4657  20.280  -78.007  -26.374 0.3000000119
4658  19.685  -77.893  -26.800 0.3000000119
4674  19.292  -78.207  -27.243 0.3000000119
4675  18.740  -77.928  -27.660 0.3000000119
4683  17.811  -77.509  -28.593 0.3000000119
4707  14.766  -77.534  -32.305 0.3000000119
4722  20.651  -78.391  -33.534 0.3000000119
4723  19.244  -77.979  -33.953 0.3000000119
4735  16.383  -77.913  -34.837 0.3000000119
4736  15.084  -77.580  -33.952 0.3000000119
4749  15.591  -78.204  -35.169 0.3000000119
4767  23.181  -78.397  -38.078 0.3000000119
4768  22.512  -78.929  -38.479 0.4000000060
4783  18.956  -78.770  -39.957 0.3000000119
5194  17.276  -77.216  -29.167 0.3000000119
5200  21.734  -77.347  -30.372 0.3000000119
5202  16.604  -76.829  -29.876 0.3000000119
5212  21.426  -77.659  -30.929 0.3000000119
5217  9.922  -77.081  -31.145 0.6000000238
5218  9.655  -76.844  -31.069 0.6000000238
5229  23.429  -78.240  -31.865 0.3000000119
5237  10.398  -76.965  -31.501 0.6000000238
5238  10.177  -77.257  -31.675 0.6000000238
5247  25.480  -78.138  -33.582 0.3000000119
5254  9.961  -75.983  -32.337 0.6000000238
5260  17.554  -77.447  -34.068 0.3000000119
5294  22.504  -77.892  -38.485 0.3000000119
5296  20.899  -77.502  -39.021 0.3000000119
5301  21.297  -78.244  -39.135 0.4000000060
5304  18.875  -77.627  -39.709 0.3000000119
5311  19.186  -78.108  -39.821 0.3000000119
5313  17.594  -77.864  -40.127 0.3000000119
5717  18.369  -76.310  -29.481 0.3000000119
5726  22.042  -76.700  -29.901 0.3000000119
5730  17.829  -76.062  -30.308 0.3000000119
5746  17.424  -75.916  -31.094 0.3000000119
5748  9.781  -76.899  -30.986 0.6000000238
5749  9.646  -76.849  -31.001 0.6000000238
5750  9.437  -76.201  -31.207 0.6000000238
5762  16.878  -76.034  -32.056 0.3000000119
5763  16.155  -76.397  -32.498 0.3000000119
5765  8.981  -75.591  -31.696 0.6000000238
5772  16.799  -76.469  -33.044 0.4000000060
5774  8.990  -75.356  -32.105 0.6000000238
5782  11.074  -76.451  -33.556 0.6000000238
5801  22.064  -76.307  -37.058 0.3000000119
5802  21.272  -76.230  -36.999 0.5000000000
5818  17.595  -76.178  -37.405 0.4000000060
5829  17.193  -76.502  -38.010 0.4000000060
5831  19.318  -77.305  -39.390 0.3000000119
6238  20.750  -75.967  -28.413 0.3000000119
6263  11.023  -75.825  -31.534 0.6999999881
6264  10.257  -76.231  -31.132 0.6999999881
6280  8.974  -75.739  -31.558 0.6000000238
6287  11.280  -76.524  -32.827 0.6999999881
6289  8.593  -75.179  -32.405 0.6000000238
6297  8.367  -74.956  -32.815 0.5000000000
6307  22.736  -75.364  -35.419 0.3000000119
6325  17.674  -74.800  -36.217 0.4000000060
6333  18.988  -75.971  -36.764 0.4000000060
6335  17.083  -75.263  -36.717 0.3000000119
6349  14.486  -74.666  -38.570 0.4000000060
6350  14.018  -74.665  -39.133 0.5000000000
6352  13.582  -74.737  -39.747 0.4000000060
6813  13.222  -74.307  -31.721 0.8000000119
6815  11.706  -74.883  -31.553 0.6999999881
6824  9.852  -74.676  -31.645 0.6000000238
6832  13.615  -74.157  -32.544 0.8000000119
6833  13.055  -74.704  -33.310 0.8000000119
6836  8.557  -74.639  -32.739 0.6000000238
6837  8.347  -74.878  -32.939 0.6000000238
6867  20.291  -74.243  -34.921 0.5000000000
6882  16.691  -74.186  -36.819 0.4000000060
6883  16.029  -74.275  -37.336 0.4000000060
6889  4.448  -74.300  -37.512 0.5000000000
6903  15.118  -74.106  -40.899 0.6000000238
6906  14.880  -74.156  -41.675 0.6999999881
6909  13.397  -74.215  -42.693 0.6000000238
6914  12.820  -73.979  -42.928 0.6000000238
7393  14.184  -73.177  -31.534 0.8999999762
7433  13.696  -73.449  -34.110 0.8000000119
7434  13.230  -74.079  -34.288 0.8000000119
7436  8.376  -73.711  -34.212 0.6999999881
7446  7.715  -74.211  -34.873 0.6000000238
7450  17.868  -73.114  -36.642 0.5000000000
7456  18.699  -72.716  -37.434 0.6000000238
7458  17.148  -73.243  -37.079 0.5000000000
7459  11.819  -73.047  -37.116 0.5000000000
7463  6.432  -73.735  -36.819 0.6000000238
7473  5.734  -72.772  -38.222 0.6000000238
7474  5.206  -73.068  -38.176 0.6000000238
7477  3.269  -73.294  -37.618 0.6000000238
7485  4.202  -72.361  -38.478 0.6000000238
7486  18.770  -73.125  -40.525 0.6999999881
7494  15.584  -73.827  -41.824 0.6999999881
7497  16.037  -73.262  -42.338 0.6999999881
7499  14.703  -73.721  -42.556 0.6999999881
7507  12.583  -73.839  -42.995 0.5000000000
7969  14.018  -72.346  -30.456 0.6999999881
7978  13.665  -73.110  -30.937 0.8999999762
8016  9.115  -72.350  -34.620 0.6000000238
8024  8.677  -72.327  -35.156 0.6000000238
8025  8.214  -72.704  -35.438 0.5000000000
8026  7.689  -73.206  -35.690 0.6999999881
8028  2.728  -73.092  -36.252 0.5000000000
8045  6.378  -72.397  -38.101 0.6000000238
8058  4.730  -72.386  -38.646 0.6000000238
8059  3.949  -72.127  -38.502 0.6000000238
8060  3.496  -72.607  -37.946 0.6000000238
8066  20.052  -72.905  -40.356 0.6000000238
8067  10.498  -72.093  -39.629 0.5000000000
8078  19.873  -72.588  -41.040 0.6999999881
8084  21.332  -72.186  -41.099 0.4000000060
8087  18.541  -72.537  -41.789 0.6999999881
8095  14.480  -72.579  -42.954 0.6999999881
8098  11.658  -72.609  -43.009 0.6000000238
8101  12.930  -73.454  -43.107 0.6000000238
8102  12.215  -73.389  -43.079 0.5000000000
8604  13.922  -71.049  -29.579 0.6999999881
8605  13.274  -71.100  -29.621 0.8000000119
8626  11.019  -71.457  -32.290 0.5000000000
8654  13.847  -71.918  -34.807 0.6999999881
8656  9.621  -71.612  -34.507 0.6000000238
8679  13.228  -71.336  -36.520 0.6000000238
8696  11.960  -71.878  -38.036 0.4000000060
8698  7.470  -71.482  -37.820 0.6000000238
8700  3.588  -70.726  -37.608 0.5000000000
8713  6.362  -71.604  -38.988 0.6000000238
8721  11.175  -71.363  -39.681 0.6000000238
8722  6.551  -70.933  -39.808 0.5000000000
8723  5.666  -71.321  -39.581 0.6000000238
8725  4.355  -71.632  -38.956 0.6000000238
8732  9.786  -71.784  -41.587 0.5000000000
8739  11.035  -71.248  -42.354 0.6000000238
8747  11.983  -71.576  -42.686 0.4000000060
8749  9.727  -71.988  -42.237 0.5000000000
9223  14.089  -70.316  -29.236 0.6000000238
9233  12.011  -70.424  -30.271 0.8000000119
9244  14.544  -70.756  -32.274 0.6999999881
9252  10.344  -70.483  -33.578 0.6000000238
9283  12.810  -70.779  -37.770 0.6000000238
9286  7.880  -70.784  -38.344 0.6000000238
9297  7.682  -70.516  -39.459 0.6000000238
9306  11.807  -70.647  -39.687 0.5000000000
9308  6.290  -70.336  -40.090 0.5000000000
9309  5.515  -70.816  -39.830 0.5000000000
9321  18.530  -70.591  -42.011 0.6000000238
9325  15.003  -70.106  -41.845 0.6999999881
9331  13.497  -70.609  -42.227 0.6000000238
9788  13.137  -69.814  -29.019 0.6999999881
9796  14.445  -70.127  -29.544 0.6000000238
9797  12.452  -69.378  -29.416 0.8000000119
9810  14.726  -70.231  -30.363 0.6000000238
9845  14.042  -69.980  -34.562 0.6000000238
9858  9.633  -69.685  -35.617 0.6000000238
9870  3.910  -69.327  -36.969 0.6000000238
9877  14.131  -68.997  -37.967 0.8000000119
9878  13.684  -69.590  -37.504 0.8000000119
9879  9.351  -69.067  -38.113 0.6999999881
9880  8.866  -69.651  -38.485 0.5000000000
9888  7.974  -69.735  -40.057 0.5000000000
9896  14.160  -68.865  -39.864 0.8000000119
9900  6.279  -69.554  -40.183 0.6000000238
9910  16.877  -68.776  -40.998 0.6999999881
9912  14.636  -69.022  -40.607 0.6999999881
9918  20.375  -69.336  -41.404 0.4000000060
9924  14.364  -69.561  -41.241 0.6999999881
10403  11.789  -68.806  -30.262 0.6999999881
10429  16.100  -67.915  -32.606 0.6000000238
10441  16.518  -67.995  -33.377 0.6000000238
10454  16.378  -68.334  -34.780 0.5000000000
10458  4.332  -68.513  -34.665 0.5000000000
10467  9.947  -68.905  -35.663 0.6000000238
10478  9.940  -68.638  -36.637 0.6999999881
10479  4.303  -68.493  -36.899 0.6000000238
10487  17.343  -68.748  -37.307 0.5000000000
10489  15.533  -68.619  -37.875 0.6999999881
10504  9.597  -68.350  -38.789 0.6999999881
10526  14.624  -68.703  -39.310 0.8000000119
10539  17.394  -68.350  -40.441 0.6000000238
11092  13.394  -67.570  -28.676 0.5000000000
11106  16.632  -67.690  -30.396 0.5000000000
11108  12.173  -67.163  -30.484 0.5000000000
11123  16.273  -67.796  -31.112 0.6000000238
11160  11.003  -67.410  -34.548 0.6000000238
11161  10.895  -67.619  -33.875 0.6999999881
11188  11.428  -67.010  -36.514 0.6000000238
11223  9.531  -67.584  -39.068 0.6000000238
11225  7.662  -67.327  -39.576 0.6000000238
11813  13.380  -65.915  -29.252 0.5000000000
11846  5.083  -65.807  -33.373 0.6000000238
11853  11.800  -66.849  -32.716 0.5000000000
11854  4.938  -66.347  -33.746 0.5000000000
11861  5.097  -66.336  -34.711 0.6000000238
11862  4.862  -66.677  -34.323 0.5000000000
11867  11.818  -66.665  -35.962 0.6000000238
11875  11.232  -66.509  -37.439 0.6000000238
11877  5.750  -66.224  -36.321 0.5000000000
11884  8.447  -65.983  -38.405 0.6000000238
11887  5.829  -66.595  -37.231 0.5000000000
11892  9.122  -66.764  -38.937 0.5000000000
12512  5.007  -65.104  -32.065 0.5000000000
12523  5.149  -65.348  -32.705 0.6000000238
12528  13.671  -65.555  -33.556 0.6000000238
12536  13.610  -65.653  -34.676 0.6000000238
12538  5.941  -65.490  -35.056 0.6000000238
12540  4.999  -66.111  -34.038 0.6000000238
12547  12.862  -65.733  -36.236 0.6999999881
12550  5.696  -65.857  -35.425 0.6000000238
12566  10.563  -65.488  -37.771 0.6999999881
12570  6.850  -65.651  -37.338 0.6000000238
13213  8.961  -64.597  -31.920 0.6000000238
13214  8.397  -64.639  -32.205 0.5000000000
13215  5.063  -64.359  -31.860 0.5000000000
13232  5.458  -64.792  -32.748 0.5000000000
13261  18.868  -64.737  -34.450 0.5000000000
13264  15.757  -65.227  -34.960 0.5000000000
13267  6.495  -64.981  -35.163 0.6000000238
13279  14.764  -64.995  -36.195 0.5000000000
13280  13.990  -65.000  -36.487 0.5000000000
13295  12.706  -64.562  -37.070 0.5000000000
13299  8.436  -64.429  -36.807 0.6999999881
13303  10.101  -64.864  -37.445 0.6999999881
13871  6.555  -63.861  -28.231 0.5000000000
13888  10.125  -63.597  -30.003 0.6000000238
13890  8.863  -63.900  -30.647 0.8000000119
13922  15.887  -63.216  -30.940 0.5000000000
13925  8.994  -64.397  -31.217 0.6999999881
13926  7.721  -64.519  -32.046 0.6999999881
13929  5.106  -63.573  -31.480 0.6000000238
13942  5.960  -64.079  -32.488 0.6000000238
13949  8.909  -63.303  -33.409 0.5000000000
13950  8.469  -63.271  -34.043 0.5000000000
13958  8.221  -63.344  -34.719 0.5000000000
13968  9.008  -63.184  -35.724 0.6000000238
13984  10.447  -63.696  -36.540 0.5000000000
13985  9.626  -63.686  -36.381 0.5000000000
14563  6.726  -62.461  -27.071 0.5000000000
14564  5.854  -62.531  -27.973 0.5000000000
14574  11.226  -62.483  -28.938 0.8000000119
14576  5.214  -62.646  -28.932 0.5000000000
14583  11.262  -62.443  -29.831 0.6999999881
14585  9.906  -63.159  -29.309 0.8000000119
14588  4.711  -61.977  -30.605 0.6000000238
14600  4.859  -62.754  -30.969 0.5000000000
14610  7.271  -63.633  -31.545 0.6000000238
14611  5.590  -62.733  -31.728 0.6000000238
14612  5.103  -62.756  -31.374 0.5000000000
14633  8.945  -62.000  -34.510 0.5000000000
14648  9.135  -62.489  -35.200 0.5000000000
15285  6.944  -61.395  -26.176 0.5000000000
15296  4.587  -60.955  -28.305 0.6000000238
15306  10.982  -61.987  -28.290 0.6999999881
15316  9.568  -62.364  -28.862 0.6999999881
15317  8.670  -61.823  -29.315 0.6999999881
15318  4.539  -61.125  -30.337 0.6000000238
15327  11.626  -61.626  -30.105 0.8000000119
15330  6.405  -61.464  -31.133 0.6999999881
15344  10.308  -62.322  -31.381 0.6999999881
15347  5.173  -62.004  -31.401 0.6000000238
16056  6.989  -60.208  -24.530 0.6000000238
16071  5.371  -60.394  -26.580 0.5000000000
16078  12.264  -60.609  -27.691 0.6999999881
16081  4.244  -60.275  -27.992 0.6000000238
16090  10.657  -61.185  -27.908 0.6999999881
16099  12.568  -60.793  -29.398 0.6000000238
16102  6.358  -60.002  -30.680 0.6999999881
16103  4.363  -60.279  -30.087 0.6000000238
16110  5.194  -60.507  -31.174 0.6999999881
16157  9.824  -59.970  -33.614 0.5000000000
16849  6.924  -59.277  -22.538 0.5000000000
16860  7.426  -59.951  -22.902 0.5000000000
16867  5.513  -59.173  -24.613 0.6000000238
16870  6.089  -59.756  -25.009 0.6000000238
16872  4.203  -59.235  -26.080 0.6000000238
16891  11.867  -59.864  -27.130 0.6000000238
16900  9.219  -59.583  -28.261 0.8000000119
16908  13.515  -59.327  -28.861 0.5000000000
16912  4.974  -58.983  -30.570 0.5000000000
16928  5.046  -59.751  -30.987 0.6999999881
17637  11.396  -58.444  -25.701 0.6999999881
17638  4.685  -58.918  -24.941 0.6999999881
17647  13.620  -58.617  -27.019 0.4000000060
17649  11.851  -59.055  -26.422 0.6000000238
17670  9.444  -58.013  -27.682 0.6999999881
17672  3.892  -58.334  -28.077 0.6000000238
17689  9.176  -58.627  -28.147 0.8000000119
17691  4.650  -57.940  -29.710 0.6000000238
17707  13.384  -58.509  -29.182 0.4000000060
17708  12.355  -57.915  -29.875 0.5000000000
17710  6.102  -57.552  -29.972 0.6000000238
17711  5.184  -58.073  -30.175 0.6000000238
17712  4.476  -58.611  -29.938 0.6000000238
18432  3.312  -57.280  -22.235 0.5000000000
18435  3.094  -57.023  -23.114 0.6000000238
18438  12.107  -57.634  -24.363 0.4000000060
18442  3.431  -57.379  -24.683 0.6999999881
18469  13.358  -58.159  -26.170 0.4000000060
18470  9.147  -57.052  -26.313 0.6999999881
18473  3.690  -57.600  -26.510 0.6999999881
18491  9.068  -57.269  -27.282 0.8000000119
18493  7.531  -56.505  -28.069 0.8000000119
19196  3.054  -56.679  -21.556 0.5000000000
19201  10.853  -56.416  -23.378 0.3000000119
19205  3.088  -56.732  -24.032 0.6000000238
19215  10.547  -57.173  -23.785 0.4000000060
19216  8.641  -56.356  -24.249 0.6000000238
19219  3.003  -55.855  -24.278 0.6000000238
19258  4.727  -55.911  -26.944 0.6000000238
19989  9.185  -55.752  -23.346 0.3000000119
19990  7.761  -55.166  -23.808 0.6000000238
19991  2.929  -55.040  -23.888 0.6000000238
20004  4.050  -54.671  -25.267 0.6999999881
20018  5.728  -55.221  -25.464 0.6000000238
20019  4.599  -55.195  -25.736 0.6999999881
20806  8.645  -54.350  -23.512 0.4000000060
20807  7.836  -54.451  -23.712 0.5000000000
20809  4.316  -53.903  -24.740 0.6999999881
21593  6.555  -53.402  -20.189 0.5000000000
21595  4.684  -54.066  -20.424 0.6000000238
21598  5.645  -53.331  -21.190 0.6000000238
21601  3.857  -53.281  -22.677 0.6999999881
21611  11.866  -54.002  -23.552 0.3000000119
21613  4.026  -52.942  -23.608 0.6000000238
21630  4.519  -53.142  -24.205 0.6000000238
22380  6.385  -53.209  -19.812 0.6000000238
22395  6.490  -53.117  -20.997 0.6000000238
22396  4.990  -52.382  -22.378 0.6999999881
22397  4.567  -53.125  -21.918 0.6999999881
22401  4.902  -52.078  -23.130 0.6000000238
22413  5.903  -52.239  -23.844 0.6000000238
23247  9.417  -51.779  -19.765 0.4000000060
23251  5.566  -52.207  -19.503 0.5000000000
23266  8.089  -52.696  -20.254 0.5000000000
23268  8.419  -51.909  -21.037 0.5000000000
23275  5.989  -51.357  -22.962 0.5000000000
23286  5.469  -51.960  -23.424 0.6000000238
23303  8.602  -51.300  -24.620 0.3000000119
24084  10.227  -50.638  -18.803 0.3000000119
24089  4.650  -50.849  -19.353 0.5000000000
24103  9.291  -51.670  -20.627 0.4000000060
24109  6.616  -51.126  -22.421 0.6000000238
24115  6.727  -50.926  -23.081 0.5000000000
24123  8.239  -50.266  -23.624 0.4000000060
24854  4.890  -48.878  -18.333 0.5000000000
24859  9.627  -49.058  -17.682 0.4000000060
24862  5.543  -49.113  -19.097 0.6000000238
24863  4.969  -49.041  -19.005 0.5000000000
24877  4.952  -49.770  -19.293 0.5000000000
24908  10.418  -49.460  -23.511 0.3000000119
24927  10.090  -49.373  -24.354 0.3000000119
24928  9.566  -49.772  -24.633 0.3000000119
24950  9.950  -50.051  -25.391 0.3000000119
25680  7.750  -47.647  -17.358 0.3000000119
25686  8.771  -48.329  -17.434 0.3000000119
26500  6.692  -46.757  -13.720 0.3000000119
26530  5.809  -47.742  -15.852 0.4000000060
26564  9.041  -46.589  -16.919 0.3000000119
27359  6.422  -46.293  -13.886 0.3000000119
27371  6.186  -46.145  -14.376 0.3000000119
27433  6.343  -46.898  -16.659 0.4000000060
140766  19.762  -87.087  -24.218 0.4000000060
141048  17.977  -80.580  -39.271 0.3000000119
141222  2.864  -54.947  -22.092 0.6000000238
141409  3.797  -57.971  -27.225 0.6999999881
142417  19.327  -85.093  -25.871 0.5000000000
142862  15.842  -64.995  -34.072 0.5000000000
143706  3.082  -56.025  -20.951 0.4000000060
143831  4.050  -59.218  -29.249 0.6000000238
144662  7.918  -61.426  -23.843 0.6000000238
145432  8.290  -63.412  -35.486 0.5000000000
145968  14.294  -69.421  -34.179 0.6000000238
146080  10.903  -68.915  -32.152 0.5000000000
146464  3.705  -58.297  -25.730 0.8000000119
146543  6.050  -66.974  -38.362 0.5000000000
147198  3.063  -55.391  -21.200 0.4000000060
147296  13.730  -58.090  -28.651 0.4000000060
147363  9.953  -72.428  -42.598 0.5000000000
147407  20.714  -88.586  -28.150 0.3000000119
148186  7.599  -52.744  -23.957 0.4000000060
148487  10.733  -54.977  -23.252 0.3000000119
148575  15.987  -68.168  -33.998 0.5000000000
148756  4.301  -68.143  -36.006 0.5000000000
149720  5.936  -52.986  -24.243 0.4000000060
149959  14.339  -69.949  -32.964 0.6000000238
150050  11.168  -64.180  -36.967 0.5000000000
150074  21.725  -88.365  -28.558 0.3000000119
150199  19.892  -70.123  -41.593 0.6000000238
150268  9.936  -73.107  -42.716 0.5000000000
151280  5.678  -65.276  -33.545 0.6000000238
151556  5.941  -47.106  -15.147 0.4000000060
151761  12.537  -66.245  -31.644 0.6000000238
152064  14.583  -69.261  -32.816 0.6000000238
153005  14.383  -69.278  -36.339 0.6000000238
154288  5.364  -48.236  -17.484 0.4000000060
154589  11.040  -60.052  -30.784 0.5000000000
154661  11.963  -48.735  -25.493 0.3000000119
155114  16.911  -63.329  -32.073 0.5000000000
155269  10.006  -51.272  -19.423 0.4000000060
155387  4.585  -67.797  -34.386 0.4000000060
155751  22.462  -80.398  -37.386 0.4000000060
155837  6.110  -56.826  -29.432 0.6000000238
156427  3.442  -71.613  -37.965 0.6000000238
156659  14.002  -57.746  -28.145 0.4000000060
156964  3.644  -70.082  -37.043 0.5000000000
157116  14.787  -69.734  -31.323 0.6000000238
157275  6.666  -46.307  -16.337 0.4000000060
157389  16.357  -78.395  -35.476 0.4000000060
160245  17.217  -70.794  -42.263 0.8000000119
160303  7.613  -60.691  -24.023 0.6000000238
160879  19.410  -76.511  -28.346 0.3000000119
160886  7.197  -68.015  -40.119 0.6999999881
161793  20.226  -85.539  -22.383 0.4000000060
161930  21.545  -90.049  -26.913 0.4000000060
161965  8.593  -63.156  -30.190 0.8000000119
162212  21.044  -78.191  -26.086 0.3000000119
162235  15.208  -75.809  -38.031 0.5000000000
162316  20.008  -90.195  -22.859 0.3000000119
162393  9.682  -59.711  -33.093 0.5000000000
162933  8.269  -56.467  -26.221 0.6000000238
163309  10.540  -49.212  -24.727 0.3000000119
163459  17.451  -73.443  -40.816 0.6999999881
163834  22.439  -88.111  -24.147 0.3000000119
163899  5.963  -56.398  -28.808 0.8000000119
164017  12.586  -71.020  -29.898 0.8000000119
164343  19.916  -79.868  -28.774 0.4000000060
164461  20.564  -90.443  -24.413 0.3000000119
164763  19.674  -74.357  -35.158 0.5000000000
164782  9.764  -70.872  -34.616 0.5000000000
164856  7.496  -50.545  -23.254 0.6000000238
165051  3.106  -72.325  -37.730 0.6000000238
165227  2.924  -71.983  -36.250 0.6000000238
165562  7.987  -50.902  -23.915 0.3000000119
166343  7.376  -56.802  -28.758 0.8000000119
166476  10.575  -58.096  -25.808 0.6999999881
166569  7.450  -64.433  -34.342 0.6000000238
166750  15.028  -73.315  -42.671 0.6999999881
167069  22.090  -89.749  -24.900 0.3000000119
167205  23.180  -85.412  -31.191 0.4000000060
167380  18.211  -72.844  -36.896 0.6000000238
167508  3.268  -71.186  -37.261 0.6000000238
167870  15.974  -68.630  -37.531 0.5000000000
168421  5.107  -64.606  -30.966 0.6000000238
168436  22.484  -86.056  -30.351 0.4000000060
168595  4.436  -67.927  -34.816 0.5000000000
168709  6.009  -67.475  -38.994 0.6000000238
168847  22.611  -80.491  -36.958 0.4000000060
169078  6.400  -49.345  -19.079 0.5000000000
169502  12.383  -61.312  -29.074 0.6000000238
169537  13.257  -53.272  -23.499 0.3000000119
169791  5.556  -54.117  -24.768 0.5000000000
170091  7.820  -62.654  -30.505 0.8000000119
170108  20.679  -76.490  -29.487 0.3000000119
170139  14.538  -72.244  -31.330 0.6999999881
170180  19.994  -87.050  -22.895 0.4000000060
