#!ascii label  , from subject sub-v2s7x29677_ses-1 vox2ras=TkReg
1426
87776  -31.002  15.312  12.437 0.0000000000
85380  -48.836  13.250  4.429 0.0000000000
92269  -39.414  21.460  14.472 0.0000000000
87781  -40.611  15.480  12.794 0.0000000000
81160  -41.616  7.360  15.156 0.0000000000
89361  -38.989  17.281  4.984 0.0000000000
94428  -38.831  24.809  2.736 0.0000000000
95776  -36.123  27.147  8.033 0.0000000000
77508  -35.811  3.054  18.175 0.0000000000
86955  -36.037  15.106  12.401 0.0000000000
139131  -38.963  13.118  7.601 0.0000000000
88563  -34.316  16.686  8.570 0.0000000000
93662  -44.819  22.934  13.046 0.0000000000
95094  -40.614  25.051  9.083 0.0000000000
96421  -44.537  27.314  5.790 0.0000000000
95793  -37.524  27.118  4.709 0.0000000000
97660  -40.295  29.376  8.867 0.0000000000
85411  -45.238  12.624  -0.389 0.0000000000
90047  -28.175  18.557  15.795 0.0000000000
91569  -33.513  20.496  13.988 0.0000000000
83668  -47.823  11.787  16.560 0.0000000000
140441  -41.722  11.750  13.299 0.0000000000
128011  -36.651  11.432  15.120 0.0000000000
79314  -37.010  5.306  13.347 0.0000000000
87093  -43.761  14.979  3.454 0.0000000000
90145  -42.430  18.790  0.485 0.0000000000
92311  -37.684  21.424  9.828 0.0000000000
92337  -38.174  21.127  5.552 0.0000000000
92391  -38.156  22.275  -1.659 0.0000000000
93749  -34.744  23.855  0.646 0.0000000000
93721  -32.350  23.972  5.234 0.0000000000
86952  -33.550  14.994  12.603 0.0000000000
87003  -34.476  14.110  9.805 0.0000000000
127302  -32.339  16.003  10.460 0.0000000000
95050  -45.768  24.824  13.185 0.0000000000
94375  -45.563  24.704  8.914 0.0000000000
130665  -46.042  27.495  9.342 0.0000000000
97036  -42.638  29.148  7.377 0.0000000000
85394  -47.445  12.397  1.931 0.0000000000
89268  -29.082  17.214  17.893 0.0000000000
90782  -31.338  19.485  17.635 0.0000000000
121947  -42.106  8.937  13.183 0.0000000000
121165  -38.482  12.071  14.744 0.0000000000
82910  -39.094  8.976  12.573 0.0000000000
77539  -36.261  3.505  15.533 0.0000000000
139503  -32.068  9.282  15.561 0.0000000000
85275  -28.928  12.335  15.230 0.0000000000
124688  -29.784  9.628  16.010 0.0000000000
86992  -42.448  15.205  10.388 0.0000000000
87062  -38.156  14.698  5.605 0.0000000000
86216  -40.617  13.661  5.498 0.0000000000
87090  -40.181  14.897  3.798 0.0000000000
87903  -42.234  16.266  1.533 0.0000000000
130084  -40.754  18.450  3.209 0.0000000000
92266  -36.757  21.386  14.935 0.0000000000
92297  -35.867  21.192  11.854 0.0000000000
93002  -38.057  22.919  12.188 0.0000000000
95143  -40.307  24.560  5.149 0.0000000000
93716  -38.456  23.639  7.240 0.0000000000
93052  -37.115  22.706  4.771 0.0000000000
92361  -37.670  21.053  2.149 0.0000000000
93062  -36.467  22.639  2.260 0.0000000000
93086  -35.776  22.213  -0.703 0.0000000000
94447  -35.950  25.329  1.696 0.0000000000
96416  -36.842  27.220  6.689 0.0000000000
136459  -34.800  25.841  5.042 0.0000000000
95127  -34.698  25.087  6.713 0.0000000000
94405  -31.693  24.185  6.638 0.0000000000
95101  -33.816  24.871  9.095 0.0000000000
86957  -37.861  15.458  12.321 0.0000000000
86989  -39.143  14.262  10.396 0.0000000000
86144  -36.447  13.197  10.261 0.0000000000
87020  -35.942  13.835  8.150 0.0000000000
89345  -36.782  17.053  6.985 0.0000000000
92981  -42.042  21.788  13.958 0.0000000000
94328  -40.564  24.301  12.069 0.0000000000
94359  -43.472  23.905  10.490 0.0000000000
128957  -43.604  24.557  6.886 0.0000000000
95804  -42.339  25.917  2.816 0.0000000000
134784  -38.932  26.548  2.582 0.0000000000
97051  -40.680  28.327  4.969 0.0000000000
116428  -39.303  29.157  6.385 0.0000000000
133140  -37.557  29.823  8.022 0.0000000000
87124  -42.461  14.596  -0.739 0.0000000000
89296  -29.207  17.463  13.261 0.0000000000
90062  -31.155  18.854  12.094 0.0000000000
90791  -31.021  20.094  15.107 0.0000000000
91525  -34.438  20.718  17.020 0.0000000000
91527  -37.620  20.504  17.346 0.0000000000
90752  -38.394  18.953  19.141 0.0000000000
91547  -40.670  20.646  16.721 0.0000000000
86115  -43.825  14.155  14.454 0.0000000000
84525  -44.909  11.235  13.800 0.0000000000
86923  -40.763  14.079  14.403 0.0000000000
86920  -38.162  14.768  14.957 0.0000000000
86905  -36.402  14.447  15.320 0.0000000000
80228  -40.144  6.889  17.316 0.0000000000
78386  -37.252  4.684  18.534 0.0000000000
79289  -38.747  5.416  16.646 0.0000000000
80261  -39.419  6.194  13.714 0.0000000000
82102  -36.337  8.625  13.287 0.0000000000
86914  -31.351  14.427  14.305 0.0000000000
87053  -47.216  15.900  5.969 0.0000000000
86173  -41.283  13.838  7.939 0.0000000000
87064  -44.189  14.675  5.493 0.0000000000
87095  -47.457  15.550  3.171 0.0000000000
138749  -46.384  15.561  1.127 0.0000000000
88631  -44.769  16.217  -0.474 0.0000000000
119480  -42.393  17.980  -1.529 0.0000000000
90827  -33.722  19.445  10.413 0.0000000000
90845  -35.925  19.235  9.033 0.0000000000
90855  -38.766  18.924  8.159 0.0000000000
94371  -38.852  23.941  9.727 0.0000000000
124303  -39.191  21.167  8.273 0.0000000000
90872  -40.579  19.523  6.065 0.0000000000
118346  -40.777  20.348  3.361 0.0000000000
92383  -41.607  21.490  -0.897 0.0000000000
90180  -39.688  19.119  -2.087 0.0000000000
95800  -36.010  26.591  2.939 0.0000000000
117541  -33.584  24.067  2.951 0.0000000000
91636  -32.098  20.937  4.439 0.0000000000
93044  -31.101  22.157  6.039 0.0000000000
93033  -29.991  22.919  7.225 0.0000000000
86950  -31.760  15.093  12.584 0.0000000000
86968  -32.751  14.900  11.534 0.0000000000
87795  -31.460  15.809  11.440 0.0000000000
95757  -46.273  26.316  10.871 0.0000000000
135226  -45.398  28.411  9.666 0.0000000000
85395  -48.522  13.073  2.482 0.0000000000
81171  -41.816  7.648  14.285 0.0000000000
82104  -40.742  8.315  12.847 0.0000000000
81183  -41.012  7.484  13.598 0.0000000000
137605  -32.128  7.704  15.469 0.0000000000
82872  -30.610  9.704  15.804 0.0000000000
87782  -42.485  15.443  12.635 0.0000000000
86977  -41.200  15.332  11.247 0.0000000000
87868  -38.329  15.586  5.292 0.0000000000
127136  -39.132  15.055  4.608 0.0000000000
87879  -39.314  15.734  4.317 0.0000000000
88607  -40.047  16.681  3.438 0.0000000000
89369  -39.923  17.633  3.895 0.0000000000
134540  -38.102  21.335  14.812 0.0000000000
92283  -37.252  21.675  13.756 0.0000000000
92992  -39.354  22.457  13.430 0.0000000000
139926  -39.678  24.491  4.581 0.0000000000
138772  -38.122  23.828  5.417 0.0000000000
93729  -37.360  23.604  4.078 0.0000000000
93057  -36.653  22.390  3.326 0.0000000000
93735  -37.111  24.022  2.905 0.0000000000
93742  -35.960  23.765  1.465 0.0000000000
94438  -37.398  25.352  2.182 0.0000000000
138297  -36.615  27.459  7.394 0.0000000000
95116  -36.005  25.971  6.909 0.0000000000
95780  -35.895  26.127  7.801 0.0000000000
95114  -34.679  24.963  7.733 0.0000000000
95774  -34.999  25.958  9.079 0.0000000000
86956  -36.945  15.285  12.320 0.0000000000
86973  -37.389  14.736  11.627 0.0000000000
86972  -36.470  14.482  11.678 0.0000000000
87824  -34.013  15.389  9.092 0.0000000000
87004  -34.925  13.934  9.254 0.0000000000
87838  -35.157  15.422  8.108 0.0000000000
87848  -36.173  15.403  7.302 0.0000000000
89337  -35.668  17.113  7.714 0.0000000000
92996  -43.512  22.106  13.431 0.0000000000
93671  -42.743  22.900  12.277 0.0000000000
93682  -44.075  23.085  11.506 0.0000000000
95122  -45.647  25.697  7.507 0.0000000000
94399  -45.032  24.446  7.586 0.0000000000
95148  -44.588  25.502  5.093 0.0000000000
95146  -42.671  24.827  4.055 0.0000000000
95806  -43.551  26.641  4.014 0.0000000000
96436  -41.587  26.810  3.214 0.0000000000
120981  -42.380  28.217  5.099 0.0000000000
97024  -41.936  29.399  7.994 0.0000000000
97034  -40.962  29.308  6.739 0.0000000000
97673  -40.304  29.608  8.091 0.0000000000
97032  -38.871  29.481  7.116 0.0000000000
97672  -38.882  29.834  8.519 0.0000000000
86256  -43.825  13.053  -0.682 0.0000000000
90050  -28.601  18.338  14.520 0.0000000000
134613  -29.906  19.233  14.254 0.0000000000
131689  -29.856  19.633  15.569 0.0000000000
91505  -33.263  19.832  18.042 0.0000000000
134057  -32.919  20.452  17.071 0.0000000000
131584  -34.567  20.280  17.775 0.0000000000
92239  -35.951  20.814  16.965 0.0000000000
91508  -36.048  20.090  18.284 0.0000000000
90009  -38.254  17.110  20.191 0.0000000000
91511  -39.495  20.003  17.884 0.0000000000
91513  -41.325  19.837  18.023 0.0000000000
91549  -42.438  20.472  16.741 0.0000000000
91514  -42.308  19.583  17.959 0.0000000000
86117  -45.836  14.388  14.958 0.0000000000
122996  -46.114  13.057  14.708 0.0000000000
82895  -44.979  10.017  14.216 0.0000000000
84523  -43.276  11.542  13.323 0.0000000000
85296  -42.473  13.313  14.042 0.0000000000
85294  -40.787  13.315  14.259 0.0000000000
86922  -39.971  14.077  14.583 0.0000000000
85293  -39.958  13.177  14.503 0.0000000000
84513  -37.770  11.536  14.648 0.0000000000
86098  -37.309  13.579  15.427 0.0000000000
85283  -36.531  12.977  15.519 0.0000000000
127573  -36.704  4.020  18.608 0.0000000000
78404  -37.508  4.333  16.365 0.0000000000
78423  -38.040  4.693  14.880 0.0000000000
79299  -39.136  5.457  15.208 0.0000000000
79315  -37.950  5.647  13.352 0.0000000000
81181  -38.080  7.121  12.645 0.0000000000
80259  -36.669  6.817  12.816 0.0000000000
86912  -29.578  14.245  14.249 0.0000000000
131296  -30.311  12.740  15.093 0.0000000000
87037  -47.432  16.104  7.426 0.0000000000
86158  -38.846  13.352  9.180 0.0000000000
86160  -40.916  14.204  8.956 0.0000000000
86172  -40.254  13.632  8.253 0.0000000000
86227  -41.908  14.123  4.880 0.0000000000
121776  -42.105  13.967  5.813 0.0000000000
87063  -43.500  14.561  4.915 0.0000000000
132224  -44.789  15.009  4.813 0.0000000000
119900  -44.757  15.207  3.504 0.0000000000
87105  -47.794  15.196  2.005 0.0000000000
87104  -44.663  15.322  2.815 0.0000000000
88625  -42.731  17.052  0.718 0.0000000000
87912  -44.038  16.668  0.224 0.0000000000
89397  -43.514  17.678  -0.509 0.0000000000
89415  -43.737  17.176  -1.076 0.0000000000
90165  -42.967  18.801  -1.027 0.0000000000
90802  -32.224  19.922  13.161 0.0000000000
90820  -32.663  19.511  11.432 0.0000000000
91587  -33.691  20.175  11.783 0.0000000000
92305  -36.906  21.510  10.530 0.0000000000
125770  -35.606  20.454  10.567 0.0000000000
91603  -37.021  20.352  9.618 0.0000000000
90846  -37.086  19.341  8.886 0.0000000000
91610  -38.226  20.283  9.105 0.0000000000
95070  -41.037  24.944  10.816 0.0000000000
94340  -39.445  24.426  11.117 0.0000000000
95082  -40.036  24.847  9.705 0.0000000000
132362  -37.878  22.433  6.426 0.0000000000
135398  -38.517  22.965  7.840 0.0000000000
117875  -38.833  21.263  6.639 0.0000000000
91626  -40.242  19.844  7.389 0.0000000000
126647  -40.382  20.104  5.773 0.0000000000
90878  -40.830  19.651  4.712 0.0000000000
121326  -39.600  20.531  4.540 0.0000000000
92380  -38.381  21.722  -0.203 0.0000000000
92370  -39.295  21.303  0.915 0.0000000000
92392  -40.144  22.037  -1.292 0.0000000000
91688  -41.077  21.181  -2.086 0.0000000000
91696  -38.556  21.431  -2.522 0.0000000000
90171  -37.825  18.992  -1.896 0.0000000000
91687  -37.179  21.313  -1.932 0.0000000000
93754  -34.964  23.860  0.374 0.0000000000
92389  -35.631  21.901  -0.766 0.0000000000
95794  -38.353  27.233  4.156 0.0000000000
95810  -37.080  26.728  2.824 0.0000000000
95792  -36.837  26.778  4.566 0.0000000000
95139  -34.040  25.544  4.925 0.0000000000
95153  -34.035  25.680  3.981 0.0000000000
93727  -32.795  23.801  4.445 0.0000000000
93055  -32.834  22.688  4.170 0.0000000000
93046  -32.309  23.120  5.025 0.0000000000
92342  -31.900  21.632  5.070 0.0000000000
93720  -31.782  23.429  5.701 0.0000000000
94394  -31.556  24.245  7.436 0.0000000000
94404  -31.004  23.956  6.977 0.0000000000
93708  -30.363  23.671  7.360 0.0000000000
93706  -29.311  23.054  7.820 0.0000000000
86953  -34.350  14.945  12.492 0.0000000000
86131  -35.115  13.895  11.076 0.0000000000
86969  -33.559  14.595  11.271 0.0000000000
87812  -33.281  15.038  10.265 0.0000000000
88555  -33.088  16.457  9.619 0.0000000000
94345  -45.067  23.595  10.811 0.0000000000
119722  -45.849  24.882  10.664 0.0000000000
95771  -46.038  26.569  8.946 0.0000000000
96412  -45.120  27.174  6.617 0.0000000000
97046  -43.236  28.729  6.731 0.0000000000
97037  -44.340  28.605  7.725 0.0000000000
139442  -43.083  28.979  8.812 0.0000000000
85404  -46.745  12.876  0.233 0.0000000000
90037  -28.541  18.553  16.869 0.0000000000
90781  -29.806  19.390  16.958 0.0000000000
90039  -30.125  18.733  17.541 0.0000000000
82905  -42.473  9.817  12.984 0.0000000000
84514  -39.782  12.225  14.076 0.0000000000
83681  -39.764  10.552  13.002 0.0000000000
83680  -38.844  10.544  13.217 0.0000000000
83679  -37.950  10.406  13.451 0.0000000000
77517  -36.160  3.329  16.563 0.0000000000
78421  -35.712  4.252  13.929 0.0000000000
83660  -31.895  10.496  15.525 0.0000000000
85276  -29.751  12.193  15.287 0.0000000000
83654  -30.284  10.570  15.671 0.0000000000
83657  -28.605  11.030  15.721 0.0000000000
86200  -38.402  13.427  6.503 0.0000000000
86185  -39.560  13.249  7.066 0.0000000000
86215  -39.713  13.624  5.537 0.0000000000
87076  -40.572  14.282  4.167 0.0000000000
87091  -41.809  14.681  3.428 0.0000000000
87103  -43.474  15.189  2.600 0.0000000000
87894  -41.097  16.068  2.506 0.0000000000
88618  -41.138  17.003  2.317 0.0000000000
89385  -41.531  18.406  1.878 0.0000000000
135464  -34.935  21.007  14.018 0.0000000000
91582  -34.808  20.743  12.553 0.0000000000
92282  -36.508  21.538  13.440 0.0000000000
131788  -37.031  22.057  12.284 0.0000000000
139148  -37.696  22.701  10.956 0.0000000000
95118  -40.911  24.897  7.149 0.0000000000
94398  -39.592  24.555  7.947 0.0000000000
94409  -38.904  24.188  6.965 0.0000000000
93715  -37.887  23.297  6.250 0.0000000000
118478  -37.286  21.885  5.159 0.0000000000
91646  -37.791  20.840  3.647 0.0000000000
92353  -36.988  21.200  3.333 0.0000000000
92360  -36.946  21.295  2.488 0.0000000000
92378  -36.453  22.231  0.658 0.0000000000
93087  -36.405  22.009  -1.062 0.0000000000
131231  -35.791  22.719  0.094 0.0000000000
93750  -35.187  24.005  0.621 0.0000000000
95183  -34.934  24.799  1.112 0.0000000000
95787  -37.018  27.020  5.668 0.0000000000
95142  -36.030  26.276  5.152 0.0000000000
95129  -35.980  26.022  6.019 0.0000000000
95140  -34.695  25.476  5.770 0.0000000000
95126  -33.880  25.101  5.948 0.0000000000
94416  -31.943  24.116  5.924 0.0000000000
140125  -32.864  24.587  6.843 0.0000000000
94396  -33.061  24.498  7.641 0.0000000000
94383  -32.372  24.368  9.024 0.0000000000
87780  -39.766  15.561  12.431 0.0000000000
87796  -39.863  15.307  11.593 0.0000000000
86135  -38.728  14.580  10.980 0.0000000000
86146  -38.370  13.871  10.417 0.0000000000
120968  -37.797  12.950  8.961 0.0000000000
86143  -35.526  13.473  10.404 0.0000000000
86155  -36.377  12.948  9.340 0.0000000000
86183  -37.337  13.321  7.399 0.0000000000
87034  -36.955  13.927  7.078 0.0000000000
87858  -37.224  15.405  6.366 0.0000000000
89353  -38.036  17.111  6.025 0.0000000000
92271  -41.318  21.524  14.591 0.0000000000
92993  -40.254  22.522  13.437 0.0000000000
93659  -41.482  22.888  12.906 0.0000000000
94329  -42.155  23.622  11.940 0.0000000000
95072  -42.546  24.618  10.306 0.0000000000
94360  -44.382  23.712  10.020 0.0000000000
95096  -43.766  24.313  8.710 0.0000000000
120708  -42.154  24.957  8.253 0.0000000000
95119  -41.807  24.874  6.660 0.0000000000
95144  -41.171  24.699  4.058 0.0000000000
95157  -40.196  25.355  2.347 0.0000000000
95170  -38.988  25.865  1.985 0.0000000000
122351  -40.734  26.019  2.373 0.0000000000
96435  -40.247  26.932  3.264 0.0000000000
96426  -38.686  27.799  4.891 0.0000000000
97044  -41.796  28.950  6.093 0.0000000000
97042  -39.919  28.784  5.666 0.0000000000
96418  -38.145  28.242  5.872 0.0000000000
97031  -37.744  28.599  6.715 0.0000000000
97030  -37.265  29.040  7.383 0.0000000000
124756  -36.810  29.483  7.878 0.0000000000
88537  -29.957  16.581  12.459 0.0000000000
88538  -30.517  16.532  11.922 0.0000000000
134157  -30.262  18.809  13.105 0.0000000000
90801  -31.431  19.675  13.471 0.0000000000
132187  -32.865  20.379  14.297 0.0000000000
91538  -30.915  20.110  16.403 0.0000000000
91555  -33.008  20.566  15.681 0.0000000000
116326  -33.893  20.740  15.543 0.0000000000
92255  -35.427  21.072  15.685 0.0000000000
116495  -37.282  21.078  16.070 0.0000000000
92247  -39.052  20.914  15.676 0.0000000000
90751  -36.917  18.961  19.278 0.0000000000
134695  -37.655  20.115  18.139 0.0000000000
91528  -39.275  20.387  17.122 0.0000000000
92248  -39.794  20.859  15.837 0.0000000000
124270  -41.688  21.205  15.338 0.0000000000
92261  -42.656  21.178  15.390 0.0000000000
92972  -44.126  21.677  15.038 0.0000000000
86944  -43.875  14.929  14.300 0.0000000000
86942  -42.070  14.725  13.888 0.0000000000
82886  -45.997  10.247  15.422 0.0000000000
83675  -46.291  10.985  14.868 0.0000000000
85298  -44.280  13.158  14.142 0.0000000000
86114  -42.918  13.912  14.217 0.0000000000
87764  -40.574  15.124  13.637 0.0000000000
87750  -39.320  15.214  14.177 0.0000000000
87761  -37.939  15.771  13.880 0.0000000000
87760  -37.059  15.883  13.867 0.0000000000
85285  -38.535  12.858  15.090 0.0000000000
86919  -37.122  14.887  15.092 0.0000000000
87746  -35.720  15.691  14.363 0.0000000000
87745  -34.710  15.710  14.046 0.0000000000
79265  -38.186  6.042  19.519 0.0000000000
78395  -36.898  3.996  16.994 0.0000000000
78387  -37.796  5.218  18.150 0.0000000000
122138  -38.379  5.724  17.950 0.0000000000
126975  -39.218  5.880  16.811 0.0000000000
122620  -39.923  6.173  15.797 0.0000000000
80251  -40.273  6.714  13.850 0.0000000000
81182  -39.518  6.873  13.113 0.0000000000
82103  -38.184  8.813  12.661 0.0000000000
137539  -36.441  10.463  14.520 0.0000000000
86935  -30.691  14.771  13.736 0.0000000000
86934  -29.855  15.180  13.431 0.0000000000
87756  -28.553  15.937  13.836 0.0000000000
88530  -27.613  16.926  14.737 0.0000000000
89288  -27.075  17.397  15.883 0.0000000000
129821  -50.295  14.922  7.574 0.0000000000
86207  -49.934  14.982  6.032 0.0000000000
87082  -48.966  15.329  4.459 0.0000000000
86990  -40.746  14.874  10.357 0.0000000000
87007  -41.755  14.623  9.431 0.0000000000
86187  -41.211  13.581  6.959 0.0000000000
86189  -42.999  14.120  7.182 0.0000000000
87035  -43.947  14.437  7.079 0.0000000000
87065  -45.518  15.266  5.585 0.0000000000
87066  -47.479  15.780  5.018 0.0000000000
87096  -48.841  15.158  3.500 0.0000000000
86239  -48.666  14.088  2.144 0.0000000000
86238  -48.072  13.990  1.302 0.0000000000
87119  -46.633  14.655  0.229 0.0000000000
87897  -43.957  15.583  1.635 0.0000000000
87914  -45.442  15.789  -0.074 0.0000000000
87926  -45.180  15.115  -0.597 0.0000000000
87126  -44.150  15.160  -1.020 0.0000000000
87933  -42.805  16.015  -1.293 0.0000000000
89406  -41.293  17.290  -1.172 0.0000000000
89316  -31.645  17.391  10.880 0.0000000000
90076  -32.515  18.176  10.247 0.0000000000
90083  -33.706  18.664  9.663 0.0000000000
91595  -34.914  20.435  11.071 0.0000000000
90834  -34.327  19.256  9.791 0.0000000000
90090  -34.816  18.270  8.707 0.0000000000
89332  -36.020  17.990  7.962 0.0000000000
89339  -37.320  17.725  7.265 0.0000000000
90108  -39.097  18.124  6.965 0.0000000000
93668  -39.334  23.750  12.372 0.0000000000
94339  -38.733  23.901  11.208 0.0000000000
93021  -38.306  22.428  9.645 0.0000000000
94386  -39.006  24.035  8.802 0.0000000000
93026  -38.597  22.470  9.110 0.0000000000
122409  -38.847  21.187  8.838 0.0000000000
90848  -39.421  19.608  8.308 0.0000000000
90857  -40.195  19.290  7.522 0.0000000000
89355  -39.669  17.992  5.405 0.0000000000
90123  -40.806  19.117  4.398 0.0000000000
119319  -41.584  19.657  1.856 0.0000000000
140211  -39.685  20.850  2.516 0.0000000000
91664  -41.107  20.852  1.831 0.0000000000
90899  -41.918  20.370  0.570 0.0000000000
91690  -42.344  20.175  -1.172 0.0000000000
90914  -41.179  19.275  -1.986 0.0000000000
91686  -36.619  21.288  -1.564 0.0000000000
95169  -37.438  26.209  2.048 0.0000000000
95177  -35.888  25.946  1.808 0.0000000000
95176  -34.869  25.362  1.597 0.0000000000
95155  -35.440  26.388  3.814 0.0000000000
123186  -34.421  25.918  3.325 0.0000000000
94445  -34.202  24.391  1.958 0.0000000000
139839  -33.469  22.526  2.879 0.0000000000
92357  -33.080  21.275  3.185 0.0000000000
90881  -31.869  19.170  3.462 0.0000000000
93714  -31.371  23.693  6.357 0.0000000000
93039  -30.539  22.353  6.575 0.0000000000
97022  -36.183  29.316  8.223 0.0000000000
96396  -35.268  27.851  8.940 0.0000000000
95769  -34.468  26.573  9.572 0.0000000000
95091  -33.511  25.378  9.769 0.0000000000
94369  -32.380  24.682  9.858 0.0000000000
122662  -31.520  15.330  11.926 0.0000000000
87794  -30.919  15.783  11.873 0.0000000000
85387  -48.690  13.131  3.463 0.0000000000
81155  -41.682  7.607  16.073 0.0000000000
81161  -42.208  7.824  15.310 0.0000000000
81170  -41.090  7.023  14.531 0.0000000000
80240  -32.268  6.949  15.123 0.0000000000
87765  -41.578  15.259  13.192 0.0000000000
87798  -41.854  15.452  12.005 0.0000000000
133112  -41.156  15.465  12.208 0.0000000000
88586  -38.582  16.528  5.092 0.0000000000
87878  -38.797  15.670  4.759 0.0000000000
88595  -39.072  16.583  4.582 0.0000000000
88596  -39.532  16.656  4.050 0.0000000000
89362  -39.517  17.483  4.569 0.0000000000
92268  -38.709  21.484  14.444 0.0000000000
92978  -39.000  21.807  13.926 0.0000000000
94421  -39.655  24.740  3.187 0.0000000000
94419  -38.071  24.013  4.269 0.0000000000
94427  -37.869  24.544  2.913 0.0000000000
95103  -35.285  25.575  8.276 0.0000000000
95775  -35.561  26.441  8.556 0.0000000000
86971  -35.573  14.374  11.716 0.0000000000
88557  -34.254  15.957  8.684 0.0000000000
87837  -34.601  15.303  8.611 0.0000000000
88564  -34.734  16.096  8.286 0.0000000000
88565  -35.304  16.255  7.865 0.0000000000
123792  -34.908  16.914  8.125 0.0000000000
92997  -44.333  22.353  13.637 0.0000000000
93661  -44.036  22.473  12.798 0.0000000000
93673  -44.434  22.927  12.160 0.0000000000
95788  -45.072  26.167  5.721 0.0000000000
95134  -45.056  25.114  5.961 0.0000000000
134491  -44.581  26.448  5.063 0.0000000000
95796  -44.205  26.037  4.352 0.0000000000
96431  -43.977  27.234  4.884 0.0000000000
130103  -43.157  27.544  4.686 0.0000000000
97674  -41.110  29.376  8.471 0.0000000000
97681  -39.423  29.700  7.780 0.0000000000
139928  -39.651  29.622  8.489 0.0000000000
84625  -45.788  12.340  0.038 0.0000000000
84633  -44.632  11.899  -0.181 0.0000000000
85410  -44.209  12.272  -0.523 0.0000000000
86257  -44.812  13.247  -0.626 0.0000000000
126394  -28.473  18.640  15.247 0.0000000000
90051  -28.966  18.962  15.005 0.0000000000
90048  -28.764  19.010  15.702 0.0000000000
90764  -34.261  19.210  18.651 0.0000000000
91506  -33.983  19.806  18.204 0.0000000000
126772  -34.791  19.685  18.409 0.0000000000
91507  -35.369  20.172  18.055 0.0000000000
90765  -35.599  19.601  18.660 0.0000000000
90770  -40.785  19.454  18.668 0.0000000000
84510  -47.935  12.661  16.278 0.0000000000
133701  -47.099  12.780  15.333 0.0000000000
85304  -42.048  12.541  13.691 0.0000000000
85303  -41.145  12.540  13.803 0.0000000000
84515  -40.421  12.772  14.142 0.0000000000
84507  -37.273  11.788  15.111 0.0000000000
128700  -36.664  12.067  15.364 0.0000000000
130337  -35.556  13.009  15.562 0.0000000000
85282  -35.876  12.184  15.509 0.0000000000
78422  -37.115  4.285  14.533 0.0000000000
78431  -37.640  4.860  13.940 0.0000000000
79306  -38.433  5.222  14.148 0.0000000000
80260  -37.628  6.553  12.804 0.0000000000
121950  -37.083  6.043  12.946 0.0000000000
85277  -31.075  12.598  15.193 0.0000000000
86091  -30.829  13.163  14.930 0.0000000000
87036  -44.505  14.747  7.850 0.0000000000
86171  -38.383  12.986  8.238 0.0000000000
131256  -39.337  13.294  8.351 0.0000000000
132890  -39.697  13.318  7.741 0.0000000000
128811  -42.253  14.436  4.097 0.0000000000
138313  -42.663  14.376  4.663 0.0000000000
87078  -43.145  14.627  4.119 0.0000000000
87079  -44.196  14.941  4.150 0.0000000000
89386  -42.123  18.080  1.049 0.0000000000
89396  -42.886  17.894  0.220 0.0000000000
135463  -43.025  18.297  -0.305 0.0000000000
90156  -43.312  18.184  -0.835 0.0000000000
90155  -42.803  18.862  -0.443 0.0000000000
91568  -32.827  20.260  13.603 0.0000000000
91580  -33.246  20.169  12.410 0.0000000000
131553  -33.451  20.374  13.151 0.0000000000
91597  -36.993  20.877  9.978 0.0000000000
90838  -37.498  19.988  9.224 0.0000000000
135836  -37.660  20.625  9.495 0.0000000000
95083  -40.804  25.110  9.996 0.0000000000
92331  -37.863  21.839  6.092 0.0000000000
116385  -38.389  21.961  6.966 0.0000000000
91633  -39.668  20.584  6.221 0.0000000000
91638  -39.556  20.541  5.287 0.0000000000
120196  -39.184  22.165  -1.211 0.0000000000
117516  -39.195  22.371  -1.942 0.0000000000
92408  -39.123  22.052  -2.337 0.0000000000
130950  -38.250  22.266  -2.145 0.0000000000
91695  -37.813  21.180  -2.354 0.0000000000
93095  -37.635  22.158  -1.914 0.0000000000
93076  -34.850  23.268  0.151 0.0000000000
117887  -34.799  22.504  -0.015 0.0000000000
93069  -34.467  23.252  0.757 0.0000000000
95801  -37.872  26.987  3.467 0.0000000000
94418  -33.281  25.012  5.282 0.0000000000
94426  -33.512  25.212  4.322 0.0000000000
94425  -32.935  24.561  4.768 0.0000000000
94382  -31.542  24.256  8.402 0.0000000000
94393  -30.807  24.103  7.732 0.0000000000
126991  -33.936  14.586  11.802 0.0000000000
133028  -33.269  14.749  11.919 0.0000000000
87811  -32.586  15.310  10.765 0.0000000000
87822  -32.832  15.787  10.093 0.0000000000
87823  -33.435  15.585  9.610 0.0000000000
88551  -32.518  16.609  10.107 0.0000000000
137968  -45.495  24.106  12.432 0.0000000000
95060  -45.760  24.815  12.285 0.0000000000
95764  -46.229  26.836  9.842 0.0000000000
95777  -45.820  26.584  8.170 0.0000000000
135583  -45.618  27.491  8.092 0.0000000000
118523  -45.134  28.016  7.626 0.0000000000
96404  -45.433  28.154  8.525 0.0000000000
97006  -44.488  28.481  9.765 0.0000000000
97018  -43.896  28.747  9.113 0.0000000000
97017  -42.888  28.735  9.416 0.0000000000
85400  -47.466  12.758  0.993 0.0000000000
89281  -28.707  18.004  17.390 0.0000000000
90038  -29.256  18.695  17.234 0.0000000000
89282  -29.604  17.924  17.703 0.0000000000
82105  -42.918  9.097  13.525 0.0000000000
127927  -41.586  9.675  12.773 0.0000000000
83682  -40.781  10.409  12.806 0.0000000000
132772  -40.797  9.341  12.679 0.0000000000
82113  -40.009  9.074  12.580 0.0000000000
82902  -39.378  9.800  12.752 0.0000000000
82901  -38.470  9.706  12.862 0.0000000000
82090  -33.510  8.267  14.957 0.0000000000
82880  -32.618  9.454  15.485 0.0000000000
123320  -32.004  9.817  15.562 0.0000000000
83659  -31.288  10.941  15.527 0.0000000000
82878  -31.247  10.115  15.636 0.0000000000
83653  -29.189  10.286  15.892 0.0000000000
87050  -37.925  14.027  6.102 0.0000000000
86201  -39.244  13.345  6.329 0.0000000000
86214  -38.742  13.877  5.637 0.0000000000
87089  -39.613  14.978  4.248 0.0000000000
122344  -39.941  14.405  4.320 0.0000000000
87077  -41.396  14.275  4.100 0.0000000000
124567  -40.926  14.711  3.491 0.0000000000
87890  -41.365  15.196  2.845 0.0000000000
87889  -40.528  15.639  3.169 0.0000000000
89370  -40.403  17.697  3.313 0.0000000000
88608  -40.584  16.792  2.828 0.0000000000
89378  -40.813  17.785  2.726 0.0000000000
89379  -41.256  17.857  2.234 0.0000000000
90135  -41.127  18.722  2.693 0.0000000000
116485  -36.016  21.328  14.897 0.0000000000
92265  -35.759  21.297  13.986 0.0000000000
120324  -36.616  21.460  14.258 0.0000000000
92990  -37.771  22.086  13.290 0.0000000000
92292  -37.064  21.917  12.986 0.0000000000
93001  -37.557  22.363  12.550 0.0000000000
93008  -37.409  22.452  11.599 0.0000000000
95130  -40.182  24.685  6.565 0.0000000000
119466  -39.454  24.491  7.209 0.0000000000
94410  -39.305  24.409  6.043 0.0000000000
93722  -37.572  23.394  5.174 0.0000000000
93723  -38.528  23.981  6.197 0.0000000000
93047  -37.499  22.561  5.690 0.0000000000
92345  -37.263  21.311  4.344 0.0000000000
92344  -36.843  22.138  4.244 0.0000000000
92359  -36.674  21.785  2.897 0.0000000000
92367  -36.604  21.969  1.883 0.0000000000
92368  -37.033  21.472  1.509 0.0000000000
93070  -35.986  22.998  0.950 0.0000000000
124037  -36.063  24.525  1.700 0.0000000000
94458  -35.401  24.677  1.197 0.0000000000
94464  -34.925  24.405  0.835 0.0000000000
95184  -35.251  25.238  1.397 0.0000000000
96417  -37.428  27.760  6.239 0.0000000000
123642  -36.438  26.476  5.587 0.0000000000
95786  -36.448  26.526  6.370 0.0000000000
95115  -35.403  25.449  7.343 0.0000000000
95128  -35.388  25.585  6.404 0.0000000000
94407  -33.048  24.791  6.145 0.0000000000
94408  -33.761  24.728  7.032 0.0000000000
95102  -34.567  25.155  8.695 0.0000000000
94385  -33.889  24.687  8.168 0.0000000000
94384  -33.125  24.520  8.595 0.0000000000
86958  -38.801  15.576  12.416 0.0000000000
86975  -39.160  15.202  11.629 0.0000000000
86974  -38.291  15.026  11.606 0.0000000000
86133  -36.928  13.865  11.014 0.0000000000
86134  -37.872  14.241  10.998 0.0000000000
86145  -37.484  13.450  10.364 0.0000000000
86157  -38.080  13.286  9.746 0.0000000000
86156  -37.185  12.981  9.604 0.0000000000
86142  -34.740  13.878  10.457 0.0000000000
87019  -35.153  14.428  8.555 0.0000000000
86168  -35.598  13.418  8.997 0.0000000000
86169  -36.476  13.136  8.539 0.0000000000
86182  -36.696  13.460  7.762 0.0000000000
87033  -36.339  14.354  7.485 0.0000000000
88572  -36.434  16.291  7.058 0.0000000000
87857  -36.677  15.638  6.807 0.0000000000
88578  -37.007  16.367  6.597 0.0000000000
88579  -37.581  16.395  6.113 0.0000000000
89346  -37.592  17.254  6.584 0.0000000000
92994  -41.773  22.253  13.397 0.0000000000
93681  -43.141  23.246  11.648 0.0000000000
94343  -42.568  24.107  11.165 0.0000000000
95071  -41.822  24.733  10.851 0.0000000000
121976  -45.423  23.995  10.474 0.0000000000
94374  -45.154  24.157  9.063 0.0000000000
95108  -44.215  24.343  7.690 0.0000000000
95107  -43.068  24.653  8.039 0.0000000000
119347  -42.462  24.816  7.329 0.0000000000
118096  -42.914  24.688  6.112 0.0000000000
95160  -42.933  25.314  3.313 0.0000000000
95145  -41.869  24.685  4.425 0.0000000000
95159  -42.027  25.001  3.160 0.0000000000
135357  -40.426  24.732  3.507 0.0000000000
95158  -41.086  25.163  2.741 0.0000000000
95803  -41.519  25.830  2.565 0.0000000000
96429  -41.657  27.744  4.288 0.0000000000
96428  -40.752  27.464  3.967 0.0000000000
96427  -39.766  27.925  4.618 0.0000000000
97045  -42.782  28.590  5.984 0.0000000000
136286  -42.451  29.010  6.666 0.0000000000
97033  -40.118  29.279  6.480 0.0000000000
96419  -39.015  28.536  5.656 0.0000000000
97041  -38.495  28.962  6.482 0.0000000000
97023  -38.473  29.787  7.870 0.0000000000
125878  -38.059  29.364  7.256 0.0000000000
86255  -42.887  12.911  -0.580 0.0000000000
88534  -29.416  16.601  12.997 0.0000000000
89301  -29.665  17.295  12.722 0.0000000000
90060  -29.747  18.131  12.930 0.0000000000
90795  -30.379  19.678  14.796 0.0000000000
90800  -30.539  19.356  13.768 0.0000000000
90796  -31.194  19.897  14.365 0.0000000000
91567  -32.106  20.145  14.111 0.0000000000
91559  -31.713  20.250  14.994 0.0000000000
122809  -30.662  19.452  17.353 0.0000000000
130041  -30.544  19.813  16.869 0.0000000000
91522  -31.296  20.024  17.126 0.0000000000
91541  -33.555  20.671  16.517 0.0000000000
91540  -32.579  20.501  16.459 0.0000000000
91542  -34.524  20.886  16.149 0.0000000000
91556  -34.661  20.910  15.354 0.0000000000
91526  -36.705  20.654  17.229 0.0000000000
92246  -36.590  20.954  16.500 0.0000000000
91543  -37.222  20.811  16.729 0.0000000000
92257  -38.165  21.047  15.645 0.0000000000
91544  -37.902  20.808  16.481 0.0000000000
90022  -38.756  18.102  19.723 0.0000000000
137152  -37.666  19.117  19.089 0.0000000000
137223  -37.264  19.692  18.695 0.0000000000
90767  -38.071  19.678  18.596 0.0000000000
91529  -40.101  20.314  17.273 0.0000000000
91546  -39.893  20.588  16.551 0.0000000000
92249  -40.412  20.848  16.108 0.0000000000
92260  -40.609  21.164  15.360 0.0000000000
92250  -41.153  20.930  16.075 0.0000000000
128685  -42.999  20.845  16.143 0.0000000000
92262  -43.574  21.244  15.565 0.0000000000
92252  -43.947  20.945  16.354 0.0000000000
86929  -46.529  15.279  14.985 0.0000000000
86116  -44.794  14.148  14.713 0.0000000000
86928  -45.225  14.991  14.854 0.0000000000
86927  -44.369  14.723  14.637 0.0000000000
86943  -43.003  14.774  14.022 0.0000000000
86926  -43.346  14.466  14.272 0.0000000000
83685  -45.134  10.654  14.013 0.0000000000
124177  -45.388  9.948  14.831 0.0000000000
83674  -45.561  10.465  14.538 0.0000000000
84516  -45.596  11.166  14.244 0.0000000000
85299  -45.482  11.982  14.113 0.0000000000
85307  -44.657  12.061  13.757 0.0000000000
85297  -43.347  13.269  14.051 0.0000000000
86113  -42.052  13.813  14.199 0.0000000000
86924  -41.560  14.207  14.231 0.0000000000
139666  -40.962  14.327  14.267 0.0000000000
124669  -39.896  15.246  13.825 0.0000000000
133901  -40.229  14.636  14.244 0.0000000000
86921  -39.181  14.559  14.696 0.0000000000
87749  -38.494  15.249  14.473 0.0000000000
87748  -37.584  15.406  14.586 0.0000000000
137006  -39.019  11.929  14.236 0.0000000000
85292  -39.184  12.650  14.666 0.0000000000
135942  -36.648  13.804  15.465 0.0000000000
131719  -37.069  14.227  15.360 0.0000000000
87747  -36.641  15.538  14.563 0.0000000000
86918  -36.089  15.141  14.978 0.0000000000
86917  -35.146  15.252  14.742 0.0000000000
78376  -37.051  4.465  19.339 0.0000000000
78377  -37.665  5.267  19.193 0.0000000000
79253  -37.840  5.543  20.015 0.0000000000
78403  -36.876  3.813  16.017 0.0000000000
78405  -38.144  4.863  16.545 0.0000000000
78396  -37.576  4.678  17.336 0.0000000000
78397  -38.243  5.289  17.351 0.0000000000
79282  -38.807  5.822  17.396 0.0000000000
79307  -39.168  5.649  14.413 0.0000000000
80242  -39.645  5.911  15.132 0.0000000000
80243  -40.387  6.428  15.055 0.0000000000
80250  -39.792  6.167  14.406 0.0000000000
81180  -37.289  7.477  12.690 0.0000000000
81190  -38.041  7.922  12.560 0.0000000000
117151  -37.168  8.518  12.843 0.0000000000
82900  -36.670  9.328  13.476 0.0000000000
86110  -31.900  14.003  14.782 0.0000000000
125240  -31.561  14.842  13.901 0.0000000000
140237  -29.943  14.657  13.902 0.0000000000
87743  -29.140  15.041  13.856 0.0000000000
87739  -26.640  15.989  15.305 0.0000000000
88528  -27.048  16.866  15.370 0.0000000000
88527  -26.582  16.662  15.914 0.0000000000
89284  -26.857  17.086  16.454 0.0000000000
87039  -49.452  15.642  8.277 0.0000000000
87038  -49.037  16.036  7.463 0.0000000000
136421  -48.587  16.047  6.519 0.0000000000
87067  -48.922  15.662  5.444 0.0000000000
124325  -39.518  14.862  10.976 0.0000000000
86976  -40.291  15.140  11.035 0.0000000000
123251  -39.910  14.596  10.347 0.0000000000
86202  -40.291  13.413  6.408 0.0000000000
86203  -41.245  13.632  6.109 0.0000000000
86218  -43.194  14.299  5.846 0.0000000000
86204  -42.592  14.004  6.559 0.0000000000
86205  -43.353  14.260  6.591 0.0000000000
87051  -44.217  14.587  6.239 0.0000000000
87052  -45.349  15.154  6.731 0.0000000000
87080  -45.689  15.383  3.948 0.0000000000
122457  -46.116  15.512  4.703 0.0000000000
87081  -47.460  15.632  4.118 0.0000000000
87106  -48.642  14.905  2.707 0.0000000000
133975  -46.066  15.586  1.943 0.0000000000
87113  -47.215  14.994  0.965 0.0000000000
86245  -47.337  13.811  0.513 0.0000000000
87907  -46.171  15.402  0.491 0.0000000000
87896  -42.790  15.516  1.929 0.0000000000
87904  -43.315  16.043  1.045 0.0000000000
87913  -44.902  16.278  -0.060 0.0000000000
87915  -45.846  15.284  -0.106 0.0000000000
87925  -45.226  15.747  -0.413 0.0000000000
87924  -44.570  16.065  -0.771 0.0000000000
89414  -42.926  17.339  -1.378 0.0000000000
88646  -43.351  16.690  -1.281 0.0000000000
88638  -41.680  16.853  -1.189 0.0000000000
89413  -41.951  17.416  -1.499 0.0000000000
90068  -30.784  18.144  11.837 0.0000000000
89310  -30.974  17.277  11.493 0.0000000000
90069  -31.481  18.313  11.318 0.0000000000
90826  -32.971  19.323  10.805 0.0000000000
90070  -32.333  18.814  10.904 0.0000000000
90077  -33.012  18.816  10.279 0.0000000000
90082  -33.041  18.234  9.801 0.0000000000
92291  -35.579  21.097  12.508 0.0000000000
91588  -34.460  20.462  11.783 0.0000000000
91589  -35.268  20.778  11.737 0.0000000000
90836  -35.687  19.903  9.762 0.0000000000
90828  -34.751  19.891  10.278 0.0000000000
90835  -35.025  19.364  9.461 0.0000000000
90084  -34.499  18.770  9.234 0.0000000000
90085  -35.136  18.866  8.937 0.0000000000
90091  -35.581  18.486  8.511 0.0000000000
90092  -36.511  18.685  8.404 0.0000000000
90093  -37.608  18.821  8.315 0.0000000000
90099  -37.988  18.324  7.716 0.0000000000
90107  -38.275  17.944  7.094 0.0000000000
90100  -39.009  18.462  7.539 0.0000000000
93658  -40.639  23.163  12.967 0.0000000000
93657  -39.735  23.183  12.964 0.0000000000
93669  -40.187  23.830  12.529 0.0000000000
94356  -38.918  24.129  10.545 0.0000000000
93689  -38.497  23.565  10.484 0.0000000000
93694  -38.488  23.098  9.696 0.0000000000
94397  -39.023  24.191  7.860 0.0000000000
94387  -39.469  24.450  8.572 0.0000000000
93709  -38.689  23.534  8.230 0.0000000000
93034  -38.817  22.077  7.890 0.0000000000
118970  -38.645  22.656  8.473 0.0000000000
92319  -38.808  21.840  8.645 0.0000000000
91611  -39.001  20.431  8.688 0.0000000000
91618  -39.803  20.364  7.969 0.0000000000
119699  -40.401  20.021  6.635 0.0000000000
90864  -40.407  19.363  6.896 0.0000000000
139722  -40.290  18.776  6.155 0.0000000000
138462  -40.307  18.602  5.438 0.0000000000
90116  -40.666  19.125  5.311 0.0000000000
91649  -40.790  20.011  4.082 0.0000000000
130288  -40.955  19.605  4.056 0.0000000000
90883  -41.110  19.887  3.350 0.0000000000
91657  -41.123  20.343  2.607 0.0000000000
91655  -38.555  20.789  2.881 0.0000000000
92382  -41.071  21.555  -0.337 0.0000000000
92371  -40.681  21.312  0.888 0.0000000000
91672  -41.451  20.962  0.802 0.0000000000
123903  -41.832  21.070  -0.193 0.0000000000
91679  -42.247  20.368  -0.397 0.0000000000
91678  -42.074  21.049  -0.980 0.0000000000
90181  -40.398  19.570  -2.203 0.0000000000
90174  -40.500  18.637  -1.850 0.0000000000
134857  -40.137  17.978  -1.395 0.0000000000
90173  -39.483  18.550  -1.734 0.0000000000
93093  -36.564  21.872  -1.248 0.0000000000
92400  -36.311  21.796  -1.210 0.0000000000
91677  -35.283  20.811  -0.569 0.0000000000
94439  -38.242  25.679  2.107 0.0000000000
95811  -38.145  26.367  2.313 0.0000000000
95168  -36.513  26.404  2.160 0.0000000000
95167  -35.573  26.300  2.242 0.0000000000
137056  -35.255  25.831  1.798 0.0000000000
95166  -34.728  25.870  2.375 0.0000000000
95141  -35.404  26.175  4.697 0.0000000000
94435  -33.345  24.557  3.737 0.0000000000
95165  -33.945  25.411  3.194 0.0000000000
94436  -33.861  24.786  2.781 0.0000000000
93741  -33.813  23.650  2.354 0.0000000000
93061  -33.727  22.900  2.331 0.0000000000
93056  -33.420  23.095  3.143 0.0000000000
92351  -32.739  21.572  3.923 0.0000000000
91645  -32.543  20.666  3.631 0.0000000000
130374  -32.380  19.913  3.340 0.0000000000
91644  -31.984  20.051  3.946 0.0000000000
92336  -31.296  21.564  5.639 0.0000000000
91632  -31.465  20.844  5.163 0.0000000000
91631  -30.844  20.823  5.736 0.0000000000
92335  -30.724  21.534  6.166 0.0000000000
94406  -32.354  24.457  6.342 0.0000000000
93713  -30.727  23.297  6.770 0.0000000000
93038  -29.923  22.091  7.002 0.0000000000
130694  -34.826  28.411  9.096 0.0000000000
95770  -35.142  26.905  9.127 0.0000000000
96395  -34.618  27.549  9.401 0.0000000000
95768  -33.778  26.223  9.991 0.0000000000
95090  -32.913  25.170  10.047 0.0000000000
86951  -32.650  15.007  12.561 0.0000000000
139945  -32.120  15.066  11.975 0.0000000000
86967  -32.046  15.333  11.423 0.0000000000
87810  -31.935  15.868  10.922 0.0000000000
95061  -46.231  25.857  12.654 0.0000000000
120253  -46.292  27.674  10.743 0.0000000000
96397  -45.700  28.114  9.229 0.0000000000
96391  -46.031  28.083  9.979 0.0000000000
96390  -45.219  28.380  10.391 0.0000000000
128300  -44.284  28.171  11.109 0.0000000000
88514  -28.499  16.646  18.202 0.0000000000
89269  -29.845  17.236  18.136 0.0000000000
137864  -42.338  7.945  14.544 0.0000000000
82094  -41.635  8.188  13.385 0.0000000000
82904  -41.393  8.869  12.887 0.0000000000
81192  -39.760  8.217  12.614 0.0000000000
82081  -32.265  8.695  15.522 0.0000000000
82879  -31.381  9.156  15.724 0.0000000000
123210  -43.095  15.474  13.093 0.0000000000
87799  -42.560  15.458  11.753 0.0000000000
86978  -42.131  15.378  11.069 0.0000000000
87074  -38.709  14.784  5.062 0.0000000000
87888  -39.814  15.696  3.759 0.0000000000
92267  -37.372  21.463  14.508 0.0000000000
92284  -38.116  21.679  14.005 0.0000000000
92991  -38.520  22.262  13.400 0.0000000000
94420  -38.799  24.265  4.753 0.0000000000
93728  -36.848  22.982  3.770 0.0000000000
93734  -36.553  23.512  2.495 0.0000000000
94437  -36.643  24.822  1.996 0.0000000000
95781  -36.368  26.694  7.244 0.0000000000
87002  -33.879  14.773  9.716 0.0000000000
130539  -34.457  14.597  9.143 0.0000000000
87032  -35.680  14.823  7.835 0.0000000000
87847  -35.619  15.633  7.698 0.0000000000
88571  -35.883  16.277  7.473 0.0000000000
140491  -36.223  16.875  7.332 0.0000000000
92982  -42.955  21.700  13.992 0.0000000000
92995  -42.657  22.080  13.389 0.0000000000
93003  -43.178  22.413  12.777 0.0000000000
93672  -43.656  22.735  12.144 0.0000000000
95109  -45.436  24.860  7.691 0.0000000000
94389  -45.303  24.464  8.284 0.0000000000
95121  -45.293  24.967  6.937 0.0000000000
95120  -44.657  24.585  6.709 0.0000000000
95133  -44.155  24.771  5.603 0.0000000000
95132  -43.292  24.845  4.848 0.0000000000
95147  -43.950  25.222  4.478 0.0000000000
95795  -43.599  25.658  3.743 0.0000000000
95805  -43.022  26.241  3.293 0.0000000000
136654  -42.279  26.829  3.420 0.0000000000
97035  -41.809  29.292  7.091 0.0000000000
97683  -41.061  29.467  7.624 0.0000000000
97682  -40.233  29.514  7.306 0.0000000000
125181  -39.579  29.473  7.014 0.0000000000
123354  -43.364  14.102  -0.833 0.0000000000
89295  -28.626  17.580  13.902 0.0000000000
90052  -29.171  18.218  13.704 0.0000000000
122974  -29.311  18.844  14.301 0.0000000000
90794  -29.595  19.315  14.884 0.0000000000
90790  -30.588  19.999  15.672 0.0000000000
90762  -32.611  19.456  18.140 0.0000000000
90783  -31.986  19.798  17.642 0.0000000000
91523  -32.750  20.088  17.602 0.0000000000
91524  -33.620  20.354  17.494 0.0000000000
134543  -35.247  20.873  16.585 0.0000000000
128001  -35.252  20.595  17.364 0.0000000000
128072  -36.018  20.466  17.690 0.0000000000
90753  -39.303  18.898  19.187 0.0000000000
90768  -38.929  19.601  18.560 0.0000000000
90769  -39.843  19.497  18.589 0.0000000000
91512  -40.403  19.941  17.987 0.0000000000
91530  -40.968  20.355  17.410 0.0000000000
91548  -41.515  20.603  16.744 0.0000000000
91531  -41.882  20.133  17.360 0.0000000000
86118  -47.099  14.330  15.539 0.0000000000
138002  -45.469  13.667  14.705 0.0000000000
83684  -44.555  10.507  13.739 0.0000000000
84524  -44.021  11.170  13.462 0.0000000000
85306  -43.787  12.220  13.612 0.0000000000
85305  -42.922  12.389  13.598 0.0000000000
85295  -41.619  13.343  14.123 0.0000000000
86112  -41.213  13.757  14.304 0.0000000000
85287  -40.421  13.702  14.444 0.0000000000
139349  -39.797  13.669  14.643 0.0000000000
86100  -39.325  13.914  14.892 0.0000000000
84508  -37.942  12.170  15.088 0.0000000000
85284  -37.534  12.687  15.333 0.0000000000
86097  -35.964  13.776  15.492 0.0000000000
86904  -35.555  14.581  15.238 0.0000000000
86096  -35.133  13.818  15.445 0.0000000000
78413  -36.819  3.870  15.217 0.0000000000
78414  -37.421  4.215  15.454 0.0000000000
78415  -37.984  4.588  15.788 0.0000000000
127178  -38.628  5.072  15.699 0.0000000000
79298  -38.710  5.179  14.851 0.0000000000
79316  -38.777  5.757  13.694 0.0000000000
117971  -38.645  6.419  13.051 0.0000000000
81179  -36.319  7.786  13.001 0.0000000000
85279  -33.146  12.466  15.416 0.0000000000
86092  -31.510  13.233  15.041 0.0000000000
86109  -31.054  13.774  14.668 0.0000000000
86913  -30.473  14.242  14.279 0.0000000000
86108  -30.125  13.516  14.661 0.0000000000
86107  -29.079  13.654  14.580 0.0000000000
87850  -47.954  16.146  8.129 0.0000000000
140823  -46.875  15.957  6.798 0.0000000000
87005  -39.484  13.996  9.767 0.0000000000
87006  -40.323  14.359  9.691 0.0000000000
86159  -39.865  13.785  9.050 0.0000000000
86217  -41.368  13.826  5.421 0.0000000000
134708  -42.649  14.249  5.238 0.0000000000
87094  -45.988  15.529  2.955 0.0000000000
88629  -43.568  17.328  0.011 0.0000000000
88630  -44.168  16.883  -0.466 0.0000000000
88639  -44.254  16.761  -0.823 0.0000000000
89407  -43.771  17.393  -0.872 0.0000000000
90166  -43.244  17.972  -1.170 0.0000000000
90811  -31.661  19.464  12.581 0.0000000000
90819  -31.919  19.198  11.732 0.0000000000
90812  -32.501  19.792  12.286 0.0000000000
90813  -33.072  19.918  11.808 0.0000000000
90821  -33.343  19.787  11.191 0.0000000000
92298  -36.376  21.479  11.357 0.0000000000
91590  -35.799  20.930  11.198 0.0000000000
91596  -36.341  20.942  10.587 0.0000000000
91602  -36.363  20.411  9.977 0.0000000000
90837  -36.591  19.876  9.418 0.0000000000
90847  -38.281  19.598  8.710 0.0000000000
94342  -41.387  24.422  11.600 0.0000000000
94341  -40.380  24.636  11.412 0.0000000000
94358  -40.167  24.825  10.557 0.0000000000
94357  -39.418  24.481  10.162 0.0000000000
93041  -38.223  22.733  7.125 0.0000000000
92325  -39.280  21.230  7.555 0.0000000000
91625  -39.904  20.583  7.128 0.0000000000
90873  -40.683  19.718  5.362 0.0000000000
91639  -40.435  20.153  4.859 0.0000000000
91648  -40.236  20.405  4.023 0.0000000000
92369  -37.983  21.304  1.139 0.0000000000
91663  -38.841  20.999  1.904 0.0000000000
92381  -39.801  21.638  -0.200 0.0000000000
92393  -40.968  21.843  -1.388 0.0000000000
92394  -41.447  21.430  -1.465 0.0000000000
136113  -40.810  21.766  -1.860 0.0000000000
92409  -40.208  21.646  -2.283 0.0000000000
90921  -39.498  19.969  -2.384 0.0000000000
133912  -38.746  19.305  -2.117 0.0000000000
90920  -38.574  20.493  -2.471 0.0000000000
90913  -37.848  19.991  -2.248 0.0000000000
93077  -35.100  23.160  -0.016 0.0000000000
93085  -35.101  22.555  -0.334 0.0000000000
92388  -34.941  21.799  -0.281 0.0000000000
93733  -33.190  23.665  3.711 0.0000000000
93051  -32.260  22.325  4.897 0.0000000000
93045  -31.691  22.452  5.518 0.0000000000
93707  -29.790  23.525  7.693 0.0000000000
93700  -29.353  23.734  8.190 0.0000000000
86954  -35.164  15.001  12.433 0.0000000000
117116  -34.728  14.437  11.743 0.0000000000
86970  -34.311  14.220  11.120 0.0000000000
86988  -33.909  14.414  10.517 0.0000000000
86987  -33.204  14.791  10.879 0.0000000000
88556  -33.731  16.335  9.070 0.0000000000
94330  -45.111  23.388  12.222 0.0000000000
94346  -45.479  24.021  11.459 0.0000000000
127478  -45.636  24.484  9.730 0.0000000000
95073  -45.985  25.352  11.641 0.0000000000
95087  -46.082  25.566  10.041 0.0000000000
95097  -45.930  25.544  9.289 0.0000000000
96405  -45.580  26.857  7.406 0.0000000000
96420  -43.678  28.097  5.930 0.0000000000
96411  -44.279  28.222  6.843 0.0000000000
119430  -43.540  28.874  7.521 0.0000000000
97027  -44.702  28.613  8.370 0.0000000000
97026  -43.762  28.904  8.274 0.0000000000
97025  -42.841  29.162  8.179 0.0000000000
97016  -42.041  29.079  9.023 0.0000000000
97661  -40.995  29.105  9.201 0.0000000000
85412  -46.108  12.940  -0.215 0.0000000000
90042  -27.978  18.329  16.379 0.0000000000
90780  -29.072  19.035  16.751 0.0000000000
90040  -30.995  18.827  17.866 0.0000000000
89270  -30.554  17.794  18.089 0.0000000000
90761  -31.809  19.095  18.106 0.0000000000
83683  -41.900  10.736  12.884 0.0000000000
84521  -41.038  11.468  13.232 0.0000000000
125262  -40.179  11.349  13.352 0.0000000000
84519  -39.313  11.328  13.586 0.0000000000
83673  -38.394  11.281  13.947 0.0000000000
83672  -37.605  10.908  14.106 0.0000000000
83666  -37.001  11.018  14.674 0.0000000000
77516  -35.666  2.896  17.407 0.0000000000
77525  -35.375  2.711  16.510 0.0000000000
121594  -35.596  3.070  15.715 0.0000000000
139749  -35.730  3.410  15.032 0.0000000000
77550  -35.371  3.684  14.428 0.0000000000
77551  -36.236  3.851  14.651 0.0000000000
130148  -36.448  4.333  14.031 0.0000000000
84502  -32.120  11.208  15.461 0.0000000000
130952  -30.556  12.043  15.354 0.0000000000
137793  -30.717  11.381  15.492 0.0000000000
84500  -29.999  11.475  15.493 0.0000000000
84499  -29.216  11.639  15.471 0.0000000000
83658  -29.461  11.002  15.640 0.0000000000
138319  -28.512  11.797  15.456 0.0000000000
86184  -38.119  13.106  7.354 0.0000000000
133743  -38.840  13.196  6.968 0.0000000000
87075  -39.390  14.287  4.833 0.0000000000
86225  -40.173  13.925  4.805 0.0000000000
86226  -40.994  13.946  4.793 0.0000000000
87092  -42.747  14.791  3.412 0.0000000000
87102  -42.304  15.090  2.728 0.0000000000
87895  -41.812  15.671  2.195 0.0000000000
129428  -41.548  16.422  2.026 0.0000000000
88619  -41.717  17.260  1.642 0.0000000000
90144  -41.798  19.049  1.474 0.0000000000
91570  -34.316  20.677  13.447 0.0000000000
91571  -35.208  21.044  13.280 0.0000000000
92281  -35.905  21.296  13.140 0.0000000000
124814  -36.385  21.576  12.449 0.0000000000
92299  -36.817  21.902  11.783 0.0000000000
121578  -36.937  21.950  11.177 0.0000000000
93014  -37.449  22.193  10.599 0.0000000000
95105  -40.767  24.970  8.145 0.0000000000
95104  -40.055  24.786  8.407 0.0000000000
95117  -40.135  24.764  7.603 0.0000000000
91637  -38.399  20.792  4.567 0.0000000000
133002  -37.464  20.956  2.895 0.0000000000
133573  -36.772  21.720  3.664 0.0000000000
92379  -37.202  21.752  0.292 0.0000000000
92390  -37.407  22.088  -0.873 0.0000000000
93088  -37.174  22.056  -1.476 0.0000000000
93079  -36.411  22.231  -0.601 0.0000000000
93078  -35.524  22.522  -0.433 0.0000000000
93756  -35.169  23.360  0.065 0.0000000000
93755  -35.038  23.767  0.325 0.0000000000
140039  -34.948  24.100  0.573 0.0000000000
94457  -34.914  24.299  0.776 0.0000000000
96425  -37.789  27.509  5.290 0.0000000000
125369  -35.379  25.875  5.557 0.0000000000
94417  -32.607  24.522  5.603 0.0000000000
137055  -32.272  24.419  7.126 0.0000000000
94395  -32.331  24.363  8.044 0.0000000000
87797  -40.491  15.445  11.895 0.0000000000
86147  -38.801  13.700  9.917 0.0000000000
86132  -35.982  13.721  11.054 0.0000000000
86154  -35.139  13.553  9.770 0.0000000000
136052  -35.767  13.149  9.764 0.0000000000
129626  -37.022  12.877  8.918 0.0000000000
86170  -37.375  13.002  8.146 0.0000000000
86199  -37.643  13.590  6.775 0.0000000000
87049  -37.325  14.396  6.514 0.0000000000
87048  -36.730  14.838  6.879 0.0000000000
87061  -37.641  14.781  6.032 0.0000000000
87867  -37.789  15.533  5.779 0.0000000000
88585  -38.120  16.463  5.608 0.0000000000
89354  -38.696  17.374  5.655 0.0000000000
92270  -40.296  21.479  14.522 0.0000000000
92979  -39.876  21.861  13.927 0.0000000000
92980  -40.949  21.955  13.888 0.0000000000
126754  -41.017  22.556  13.337 0.0000000000
93670  -41.188  23.752  12.436 0.0000000000
93660  -42.311  22.564  12.848 0.0000000000
136846  -41.968  23.125  12.469 0.0000000000
95084  -41.646  25.031  10.154 0.0000000000
122293  -41.363  25.136  9.469 0.0000000000
93683  -44.820  23.282  11.454 0.0000000000
94344  -44.456  23.437  10.765 0.0000000000
94388  -44.806  24.136  8.391 0.0000000000
94373  -44.593  23.952  9.284 0.0000000000
95086  -43.520  24.221  9.671 0.0000000000
95085  -42.402  24.869  9.211 0.0000000000
95095  -41.456  25.098  8.691 0.0000000000
95106  -41.558  24.977  7.760 0.0000000000
135285  -41.169  24.762  5.743 0.0000000000
95131  -42.242  24.737  5.366 0.0000000000
94429  -39.534  25.318  2.235 0.0000000000
95171  -39.553  25.897  1.970 0.0000000000
95802  -39.846  26.281  2.499 0.0000000000
135676  -40.976  26.643  2.914 0.0000000000
96434  -39.334  27.147  3.645 0.0000000000
96430  -43.192  28.021  5.331 0.0000000000
97052  -41.437  28.525  5.283 0.0000000000
97043  -40.801  28.986  5.848 0.0000000000
96410  -37.098  28.050  7.064 0.0000000000
96403  -36.578  28.338  7.772 0.0000000000
87775  -30.395  15.820  12.374 0.0000000000
89302  -30.244  17.523  12.205 0.0000000000
90061  -30.465  18.482  12.460 0.0000000000
90053  -29.792  18.791  13.631 0.0000000000
90810  -30.885  19.161  12.880 0.0000000000
90786  -29.305  19.373  16.210 0.0000000000
90787  -30.144  19.780  16.327 0.0000000000
91553  -31.329  20.276  15.736 0.0000000000
130998  -32.180  20.303  17.111 0.0000000000
91539  -31.720  20.352  16.458 0.0000000000
91554  -32.138  20.442  15.722 0.0000000000
91560  -32.534  20.395  14.943 0.0000000000
91561  -33.356  20.528  14.846 0.0000000000
91562  -34.270  20.744  14.574 0.0000000000
91557  -35.172  21.091  14.764 0.0000000000
132852  -35.931  21.008  16.289 0.0000000000
92256  -36.471  21.217  15.678 0.0000000000
118065  -37.354  21.281  15.283 0.0000000000
92258  -38.863  21.200  15.017 0.0000000000
90766  -36.439  19.647  18.759 0.0000000000
91509  -36.825  20.251  18.076 0.0000000000
91510  -38.508  20.169  17.802 0.0000000000
126148  -38.512  20.562  16.884 0.0000000000
91545  -39.183  20.647  16.357 0.0000000000
92259  -39.675  21.123  15.108 0.0000000000
92272  -42.337  21.463  14.625 0.0000000000
92251  -42.072  20.836  16.047 0.0000000000
92273  -43.242  21.489  14.752 0.0000000000
126869  -43.796  21.878  14.195 0.0000000000
92983  -44.652  22.205  14.569 0.0000000000
92263  -44.492  21.444  15.882 0.0000000000
86945  -44.718  15.241  14.421 0.0000000000
87768  -44.207  15.508  13.804 0.0000000000
87767  -43.413  15.279  13.761 0.0000000000
87766  -42.602  15.196  13.539 0.0000000000
127564  -45.171  12.984  14.278 0.0000000000
86925  -42.503  14.306  14.154 0.0000000000
87763  -40.030  15.491  13.277 0.0000000000
116676  -39.292  15.619  13.376 0.0000000000
87779  -38.346  15.800  13.162 0.0000000000
87762  -38.685  15.605  13.844 0.0000000000
87778  -37.435  15.843  13.064 0.0000000000
87777  -36.539  15.756  13.098 0.0000000000
85286  -39.298  13.353  14.844 0.0000000000
86907  -38.621  14.131  15.111 0.0000000000
86099  -38.158  13.510  15.287 0.0000000000
86906  -37.767  14.235  15.271 0.0000000000
133744  -36.286  15.859  13.855 0.0000000000
87759  -35.583  15.631  13.342 0.0000000000
86940  -34.755  15.410  13.172 0.0000000000
86939  -34.048  15.400  13.386 0.0000000000
86938  -33.236  15.283  13.534 0.0000000000
86936  -31.258  14.995  13.186 0.0000000000
124267  -41.092  7.011  15.661 0.0000000000
79254  -38.220  6.129  20.375 0.0000000000
77509  -36.346  3.556  17.767 0.0000000000
78385  -36.996  4.292  17.876 0.0000000000
139063  -37.391  4.738  17.987 0.0000000000
79274  -38.251  5.876  18.666 0.0000000000
80220  -38.732  6.562  19.040 0.0000000000
79275  -38.893  6.308  18.142 0.0000000000
79283  -39.383  6.315  17.373 0.0000000000
79290  -39.342  5.679  15.989 0.0000000000
80235  -39.745  6.254  16.590 0.0000000000
125637  -40.431  6.635  16.235 0.0000000000
117851  -40.189  7.454  13.054 0.0000000000
135436  -39.455  7.566  12.732 0.0000000000
81191  -38.782  7.320  12.676 0.0000000000
82112  -38.874  8.145  12.554 0.0000000000
121714  -37.549  9.527  13.098 0.0000000000
82892  -37.027  10.239  13.891 0.0000000000
83665  -36.247  10.904  14.960 0.0000000000
80258  -35.685  6.905  13.053 0.0000000000
82101  -35.691  8.365  13.548 0.0000000000
82093  -35.896  9.109  13.847 0.0000000000
82890  -35.468  9.566  14.510 0.0000000000
83671  -35.815  10.280  14.772 0.0000000000
84506  -36.050  11.467  15.307 0.0000000000
87758  -30.466  15.269  12.988 0.0000000000
87774  -29.831  15.828  12.874 0.0000000000
87757  -29.244  15.839  13.384 0.0000000000
88533  -28.836  16.710  13.532 0.0000000000
89293  -28.032  17.624  14.589 0.0000000000
89289  -27.965  18.200  15.204 0.0000000000
86090  -29.465  12.910  14.970 0.0000000000
131623  -27.269  16.307  14.859 0.0000000000
89292  -27.484  17.567  15.281 0.0000000000
90046  -27.565  18.051  15.832 0.0000000000
89285  -27.387  17.750  16.422 0.0000000000
89280  -27.922  17.975  16.978 0.0000000000
88523  -28.153  17.293  17.566 0.0000000000
88525  -26.383  16.449  16.478 0.0000000000
88521  -26.732  16.639  17.115 0.0000000000
88522  -27.553  16.646  17.765 0.0000000000
86191  -50.260  14.239  6.766 0.0000000000
87054  -49.827  15.388  6.862 0.0000000000
86206  -49.698  13.837  6.051 0.0000000000
86219  -49.764  14.336  5.009 0.0000000000
86228  -49.528  14.244  3.916 0.0000000000
86991  -41.668  15.043  10.268 0.0000000000
120454  -41.086  14.617  9.734 0.0000000000
124390  -42.313  14.940  9.825 0.0000000000
86186  -40.391  13.457  7.395 0.0000000000
139451  -41.855  13.761  6.558 0.0000000000
86175  -42.675  14.125  7.730 0.0000000000
87023  -43.403  14.332  7.788 0.0000000000
86233  -49.189  14.124  2.952 0.0000000000
129473  -48.275  13.182  1.708 0.0000000000
86250  -46.564  13.696  -0.086 0.0000000000
139691  -44.627  15.459  2.093 0.0000000000
87112  -45.376  15.698  1.217 0.0000000000
87905  -44.570  16.025  0.729 0.0000000000
87906  -45.476  15.910  0.377 0.0000000000
87128  -45.957  14.464  -0.280 0.0000000000
87127  -45.299  14.129  -0.617 0.0000000000
126827  -44.489  14.151  -0.799 0.0000000000
87125  -43.151  15.227  -1.134 0.0000000000
88647  -44.043  16.644  -1.016 0.0000000000
87934  -43.747  16.031  -1.175 0.0000000000
87923  -42.396  15.414  -0.952 0.0000000000
88543  -31.028  16.362  11.525 0.0000000000
88544  -31.471  16.539  11.104 0.0000000000
88550  -31.990  16.624  10.600 0.0000000000
90075  -31.982  18.061  10.686 0.0000000000
89317  -32.224  17.402  10.356 0.0000000000
89323  -32.833  17.419  9.769 0.0000000000
89324  -33.453  17.820  9.366 0.0000000000
89329  -33.875  17.272  8.918 0.0000000000
91581  -33.995  20.442  12.522 0.0000000000
90822  -34.126  20.081  11.065 0.0000000000
137606  -35.390  20.668  11.133 0.0000000000
136172  -34.077  18.102  8.975 0.0000000000
89330  -34.511  17.511  8.548 0.0000000000
89331  -35.219  17.735  8.217 0.0000000000
89338  -36.469  17.498  7.507 0.0000000000
90098  -36.964  18.175  7.852 0.0000000000
89347  -38.499  17.661  6.437 0.0000000000
93656  -38.788  23.025  12.789 0.0000000000
94327  -39.793  24.301  11.960 0.0000000000
93679  -38.608  23.584  11.965 0.0000000000
93009  -38.117  23.173  11.260 0.0000000000
93015  -38.067  22.779  10.373 0.0000000000
93020  -37.985  22.111  9.917 0.0000000000
95093  -39.898  24.729  9.027 0.0000000000
94372  -39.417  24.417  9.337 0.0000000000
93701  -38.721  23.298  9.012 0.0000000000
92312  -38.419  21.732  9.303 0.0000000000
91604  -38.390  20.918  9.233 0.0000000000
132398  -40.024  19.594  7.878 0.0000000000
90856  -39.719  19.037  7.872 0.0000000000
90101  -39.893  18.697  7.136 0.0000000000
90115  -39.421  18.096  6.336 0.0000000000
90122  -40.215  18.375  4.655 0.0000000000
90129  -40.500  18.465  3.819 0.0000000000
90136  -41.428  19.263  2.268 0.0000000000
90892  -41.926  19.669  1.094 0.0000000000
91647  -39.024  20.635  3.833 0.0000000000
91656  -39.925  20.648  3.237 0.0000000000
118350  -40.662  20.734  2.630 0.0000000000
126258  -40.176  21.046  1.833 0.0000000000
123506  -41.525  20.277  1.671 0.0000000000
90900  -42.358  19.619  0.121 0.0000000000
125716  -42.602  19.547  -0.730 0.0000000000
90916  -42.552  19.370  -1.223 0.0000000000
90176  -42.536  18.716  -1.388 0.0000000000
91689  -41.775  20.668  -1.626 0.0000000000
90915  -41.972  19.578  -1.684 0.0000000000
90175  -41.675  18.549  -1.734 0.0000000000
89412  -41.132  17.887  -1.490 0.0000000000
93094  -37.150  21.914  -1.575 0.0000000000
91685  -35.992  21.219  -1.183 0.0000000000
90911  -36.280  20.429  -1.417 0.0000000000
94448  -36.725  25.850  1.942 0.0000000000
94446  -34.712  24.741  1.337 0.0000000000
95156  -36.160  26.576  4.063 0.0000000000
117343  -35.075  26.290  3.090 0.0000000000
95154  -34.685  26.026  4.143 0.0000000000
95175  -34.389  25.163  2.136 0.0000000000
93748  -34.212  23.617  1.449 0.0000000000
92358  -33.521  21.979  2.565 0.0000000000
92352  -33.223  22.169  3.358 0.0000000000
91653  -32.935  20.356  2.826 0.0000000000
91635  -30.915  20.133  5.198 0.0000000000
93040  -31.210  22.902  6.180 0.0000000000
93032  -29.399  22.235  7.460 0.0000000000
97015  -40.301  28.921  9.770 0.0000000000
97671  -38.136  29.988  8.482 0.0000000000
117421  -37.490  30.115  8.847 0.0000000000
96402  -35.897  28.140  8.415 0.0000000000
97013  -35.403  29.100  8.682 0.0000000000
139584  -35.616  27.257  8.659 0.0000000000
95092  -34.246  25.617  9.442 0.0000000000
94370  -33.054  24.763  9.433 0.0000000000
82891  -36.204  9.836  14.196 0.0000000000
82903  -40.157  9.824  12.702 0.0000000000
84520  -40.496  12.113  13.744 0.0000000000
86258  -45.724  13.505  -0.440 0.0000000000
86941  -41.181  14.695  14.002 0.0000000000
88645  -42.424  16.723  -1.370 0.0000000000
90043  -28.616  18.848  16.315 0.0000000000
90789  -29.271  19.304  15.480 0.0000000000
90922  -41.192  20.168  -2.070 0.0000000000
91579  -32.839  20.133  12.921 0.0000000000
91697  -39.393  21.110  -2.535 0.0000000000
91698  -40.331  20.621  -2.356 0.0000000000
92401  -36.953  21.743  -1.599 0.0000000000
92402  -37.555  21.950  -2.062 0.0000000000
92403  -40.138  22.119  -1.949 0.0000000000
92407  -38.207  21.928  -2.365 0.0000000000
93075  -34.421  22.540  0.609 0.0000000000
93680  -39.130  24.094  11.776 0.0000000000
94361  -45.038  23.754  9.984 0.0000000000
94456  -34.528  24.280  1.283 0.0000000000
95110  -45.750  25.398  8.371 0.0000000000
95782  -45.456  25.912  6.592 0.0000000000
96398  -45.841  27.470  8.725 0.0000000000
96437  -42.691  27.290  4.073 0.0000000000
97019  -45.067  28.580  9.089 0.0000000000
119700  -43.556  23.503  11.090 0.0000000000
128273  -38.139  22.551  12.856 0.0000000000
128817  -33.347  21.108  2.549 0.0000000000
130890  -26.755  15.146  15.000 0.0000000000
130897  -33.372  17.064  9.315 0.0000000000
131577  -43.913  14.592  14.447 0.0000000000
133415  -38.571  20.783  16.199 0.0000000000
134076  -38.832  13.568  15.080 0.0000000000
134990  -43.366  25.060  3.973 0.0000000000
139563  -41.781  17.937  -1.632 0.0000000000
