#!ascii label  , from subject sub-v2s7x29677_ses-1 vox2ras=TkReg
2104
129768  -24.983  -33.739  -31.424 0.5000000000
41047  -25.626  -33.605  -31.021 0.5000000000
41988  -25.230  -32.997  -31.301 0.4000000060
41029  -26.201  -33.171  -30.550 0.5000000000
42925  -25.746  -32.099  -30.920 0.5000000000
42907  -26.208  -31.678  -30.542 0.5000000000
64899  -24.589  -10.485  -30.998 0.5000000000
64901  -26.598  -10.386  -30.273 0.4000000060
65880  -26.931  -9.788  -30.685 0.4000000060
64902  -27.376  -10.058  -29.837 0.4000000060
131042  -28.140  -9.243  -29.520 0.6000000238
65881  -27.977  -9.779  -29.402 0.5000000000
65865  -28.383  -9.478  -29.071 0.5000000000
66813  -28.527  -8.826  -29.066 0.4000000060
66814  -29.022  -8.074  -28.799 0.4000000060
66815  -29.269  -8.887  -28.488 0.5000000000
67814  -29.071  -7.205  -29.211 0.4000000060
119783  -24.877  -36.116  -31.374 0.5000000000
38928  -25.481  -35.000  -30.975 0.4000000060
39957  -26.212  -33.851  -30.475 0.5000000000
41013  -26.775  -33.594  -29.990 0.5000000000
41952  -27.543  -32.573  -29.528 0.5000000000
127539  -27.731  -31.598  -29.317 0.5000000000
119397  -26.748  -31.164  -29.990 0.5000000000
44983  -26.871  -29.776  -29.802 0.5000000000
62757  -23.137  -11.711  -30.730 0.5000000000
63848  -23.067  -11.260  -31.446 0.5000000000
135962  -23.413  -11.131  -31.064 0.5000000000
64912  -25.074  -9.960  -31.501 0.5000000000
64913  -26.002  -9.876  -31.140 0.5000000000
122256  -27.658  -9.391  -30.204 0.6000000238
71517  -29.413  -3.529  -30.363 0.3000000119
66825  -28.779  -8.162  -29.595 0.4000000060
71504  -29.778  -3.719  -29.607 0.3000000119
121689  -29.610  -5.668  -28.791 0.4000000060
69701  -29.795  -4.978  -28.912 0.4000000060
38927  -24.911  -35.188  -31.407 0.5000000000
42908  -26.813  -32.041  -29.943 0.5000000000
41971  -26.774  -32.839  -29.995 0.5000000000
134093  -26.075  -30.950  -30.570 0.5000000000
71505  -30.318  -3.239  -29.194 0.3000000119
70613  -29.774  -4.420  -29.290 0.3000000119
26198  -34.565  -47.554  -29.811 0.3000000119
27213  -34.187  -46.827  -29.606 0.3000000119
27214  -34.561  -46.771  -30.274 0.4000000060
28257  -34.247  -46.627  -30.373 0.4000000060
27230  -34.694  -47.034  -30.987 0.4000000060
27243  -34.320  -47.292  -31.317 0.4000000060
27229  -33.772  -46.807  -30.774 0.4000000060
25248  -34.266  -47.852  -31.760 0.4000000060
26212  -31.696  -47.737  -30.826 0.4000000060
27227  -31.098  -47.054  -30.678 0.4000000060
27198  -33.480  -47.184  -28.860 0.3000000119
28234  -33.754  -46.326  -29.408 0.3000000119
29177  -32.944  -44.975  -29.012 0.4000000060
28246  -34.016  -46.311  -29.909 0.4000000060
28245  -33.314  -45.669  -29.421 0.4000000060
28256  -33.382  -46.147  -30.091 0.4000000060
29199  -32.543  -45.508  -29.727 0.4000000060
27228  -32.390  -46.789  -30.529 0.4000000060
28254  -30.801  -46.382  -30.711 0.4000000060
30166  -30.646  -44.965  -31.730 0.4000000060
28266  -30.528  -46.403  -31.260 0.4000000060
30093  -31.496  -44.530  -27.095 0.3000000119
30108  -32.204  -44.653  -27.829 0.3000000119
31092  -31.918  -43.311  -27.721 0.3000000119
30122  -32.387  -44.455  -29.060 0.4000000060
29186  -32.797  -45.084  -29.243 0.4000000060
29198  -31.818  -44.921  -29.678 0.4000000060
30142  -30.790  -44.853  -30.382 0.4000000060
29197  -30.632  -45.699  -30.861 0.4000000060
31133  -30.668  -43.457  -31.337 0.4000000060
136511  -30.488  -45.122  -31.039 0.4000000060
34091  -32.035  -41.035  -32.116 0.4000000060
33071  -31.427  -41.642  -31.776 0.4000000060
30157  -30.856  -44.131  -31.948 0.4000000060
30092  -30.717  -44.402  -26.451 0.3000000119
29152  -31.570  -45.178  -27.297 0.3000000119
128596  -31.982  -43.987  -27.561 0.3000000119
30121  -31.812  -43.759  -29.036 0.3000000119
121099  -31.009  -43.736  -29.585 0.3000000119
30131  -31.338  -44.285  -29.627 0.4000000060
31122  -30.562  -43.532  -30.537 0.4000000060
32088  -30.688  -42.004  -30.981 0.4000000060
120568  -30.555  -42.828  -30.796 0.4000000060
30156  -30.491  -44.322  -31.003 0.4000000060
34085  -31.538  -40.730  -31.578 0.4000000060
34086  -32.234  -40.267  -32.013 0.4000000060
31073  -31.436  -43.652  -26.870 0.3000000119
32045  -31.536  -42.767  -27.068 0.3000000119
139318  -31.253  -42.015  -27.872 0.3000000119
32058  -30.903  -42.063  -28.542 0.4000000060
32066  -30.674  -42.545  -29.457 0.4000000060
124829  -30.481  -41.904  -29.725 0.4000000060
31112  -30.694  -43.359  -29.879 0.4000000060
35972  -31.240  -38.322  -29.796 0.3000000119
126411  -30.948  -40.037  -30.371 0.4000000060
32077  -30.489  -42.316  -30.230 0.4000000060
35036  -31.393  -39.542  -30.848 0.3000000119
34074  -31.167  -40.361  -30.951 0.4000000060
33058  -30.903  -41.147  -31.034 0.4000000060
35037  -31.994  -39.473  -31.564 0.4000000060
128333  -30.122  -41.367  -24.064 0.3000000119
31998  -30.020  -41.911  -24.476 0.3000000119
32949  -30.695  -40.799  -23.096 0.3000000119
126737  -30.570  -42.829  -25.782 0.3000000119
32011  -30.471  -42.041  -25.415 0.3000000119
32028  -30.995  -42.265  -26.353 0.3000000119
139894  -30.927  -41.591  -26.586 0.3000000119
127717  -30.706  -40.901  -26.374 0.3000000119
32044  -31.261  -41.982  -27.244 0.3000000119
33017  -30.818  -41.159  -27.179 0.3000000119
125419  -30.458  -39.986  -28.406 0.3000000119
34045  -30.551  -40.658  -27.979 0.3000000119
35010  -30.554  -39.707  -29.069 0.3000000119
33043  -30.587  -41.316  -28.658 0.3000000119
34063  -30.626  -40.263  -29.686 0.3000000119
34056  -30.475  -40.536  -28.884 0.4000000060
35983  -31.709  -38.170  -30.590 0.3000000119
36004  -31.815  -38.799  -31.077 0.4000000060
36973  -32.505  -37.522  -31.335 0.4000000060
36980  -32.734  -38.046  -31.824 0.4000000060
117372  -30.382  -40.703  -23.986 0.3000000119
32984  -30.363  -41.208  -24.864 0.3000000119
34001  -30.596  -39.941  -24.253 0.3000000119
32999  -30.686  -41.483  -25.852 0.3000000119
128394  -30.524  -40.049  -26.156 0.3000000119
34993  -30.405  -38.764  -27.452 0.3000000119
120662  -30.409  -39.435  -26.814 0.3000000119
35963  -30.581  -38.405  -28.274 0.3000000119
35003  -30.503  -39.245  -28.348 0.3000000119
127321  -30.447  -39.733  -27.686 0.3000000119
36930  -31.119  -37.126  -28.770 0.3000000119
35971  -30.732  -38.836  -29.076 0.3000000119
36941  -31.332  -37.555  -29.439 0.3000000119
37911  -32.014  -36.937  -30.344 0.3000000119
36954  -32.097  -37.493  -30.776 0.3000000119
117137  -32.590  -36.703  -31.022 0.3000000119
136194  -33.604  -37.097  -32.242 0.4000000060
33988  -30.806  -40.104  -23.496 0.3000000119
33989  -31.294  -40.244  -22.842 0.3000000119
34970  -30.487  -39.751  -25.165 0.3000000119
34953  -30.627  -39.151  -24.374 0.3000000119
35879  -32.752  -39.145  -22.875 0.3000000119
35893  -32.439  -38.581  -23.122 0.3000000119
35933  -30.462  -38.773  -25.126 0.3000000119
35913  -30.792  -38.208  -24.367 0.3000000119
128886  -33.326  -38.759  -23.214 0.3000000119
37878  -30.589  -36.506  -26.846 0.3000000119
125045  -30.367  -37.942  -26.876 0.3000000119
123966  -30.358  -38.596  -26.491 0.3000000119
36929  -30.684  -37.566  -28.139 0.3000000119
35954  -30.467  -37.998  -27.603 0.3000000119
128664  -31.328  -36.230  -28.653 0.3000000119
37898  -31.633  -36.773  -29.561 0.3000000119
37899  -32.186  -36.217  -30.154 0.3000000119
37927  -33.344  -36.463  -31.715 0.4000000060
38939  -33.894  -35.943  -31.940 0.4000000060
37937  -34.756  -36.721  -32.838 0.5000000000
35891  -31.017  -38.861  -23.735 0.3000000119
35892  -31.676  -38.810  -23.235 0.3000000119
35914  -31.362  -38.204  -23.745 0.3000000119
36852  -31.946  -37.936  -23.481 0.3000000119
135241  -30.382  -38.458  -25.769 0.3000000119
36870  -30.745  -37.406  -24.684 0.3000000119
35915  -33.635  -38.051  -23.819 0.3000000119
35894  -34.144  -38.843  -23.760 0.3000000119
37865  -30.609  -36.384  -25.938 0.3000000119
128478  -30.338  -37.845  -26.020 0.3000000119
35916  -34.395  -38.281  -24.500 0.3000000119
139716  -30.798  -35.944  -27.182 0.3000000119
35934  -34.967  -38.306  -25.457 0.3000000119
38886  -32.154  -35.081  -29.007 0.3000000119
38885  -31.605  -35.384  -28.466 0.3000000119
136956  -35.603  -37.609  -26.713 0.3000000119
38896  -31.834  -35.828  -29.316 0.3000000119
38897  -32.440  -35.429  -29.811 0.3000000119
38911  -32.830  -35.735  -30.663 0.3000000119
38930  -33.484  -35.656  -31.306 0.3000000119
38931  -34.223  -35.326  -31.699 0.4000000060
38940  -34.628  -35.882  -32.396 0.5000000000
36871  -31.368  -37.368  -24.056 0.3000000119
36872  -32.237  -37.171  -23.842 0.3000000119
36853  -32.774  -37.904  -23.479 0.3000000119
37849  -30.823  -36.301  -25.210 0.3000000119
37830  -31.019  -36.672  -24.636 0.3000000119
37831  -31.755  -36.486  -24.327 0.3000000119
128049  -33.464  -36.836  -24.409 0.3000000119
38861  -30.805  -35.772  -26.398 0.3000000119
36874  -33.867  -37.458  -24.401 0.3000000119
39925  -31.464  -34.927  -27.623 0.3000000119
36890  -34.439  -37.494  -25.076 0.3000000119
37853  -35.148  -36.535  -25.905 0.3000000119
125160  -35.414  -37.207  -26.406 0.3000000119
38865  -36.847  -35.106  -26.445 0.3000000119
38864  -36.207  -35.761  -26.406 0.3000000119
41016  -32.993  -34.077  -28.977 0.3000000119
39947  -33.316  -34.324  -29.770 0.3000000119
39960  -33.633  -34.596  -30.439 0.3000000119
39978  -33.914  -34.924  -31.058 0.3000000119
37850  -31.343  -35.948  -24.853 0.3000000119
38834  -32.081  -35.694  -24.717 0.3000000119
38862  -31.074  -35.288  -26.956 0.3000000119
38847  -31.231  -35.070  -26.030 0.3000000119
38846  -30.987  -35.710  -25.549 0.3000000119
38848  -32.381  -34.899  -25.163 0.3000000119
37851  -33.920  -35.613  -24.992 0.3000000119
37833  -33.599  -36.280  -24.697 0.3000000119
39936  -31.954  -34.619  -28.229 0.3000000119
125812  -31.921  -34.226  -27.366 0.3000000119
39926  -31.990  -34.040  -26.542 0.3000000119
39903  -32.728  -34.120  -25.507 0.3000000119
39904  -33.641  -34.044  -25.334 0.3000000119
38850  -34.247  -34.870  -25.201 0.3000000119
121920  -34.782  -35.750  -25.456 0.3000000119
41006  -32.496  -33.853  -28.053 0.3000000119
39906  -35.541  -34.164  -25.454 0.3000000119
38851  -35.184  -34.949  -25.451 0.3000000119
40971  -36.597  -33.358  -25.636 0.3000000119
137404  -36.628  -34.563  -26.027 0.3000000119
38852  -36.076  -34.927  -25.859 0.3000000119
40982  -37.229  -33.186  -25.851 0.3000000119
40983  -37.855  -33.335  -26.340 0.3000000119
41032  -33.931  -33.926  -30.112 0.4000000060
39961  -34.278  -34.262  -30.735 0.4000000060
41937  -40.200  -32.193  -28.007 0.3000000119
39979  -34.589  -34.604  -31.385 0.3000000119
39980  -35.309  -34.286  -31.685 0.4000000060
126123  -40.782  -31.967  -28.502 0.3000000119
39990  -35.781  -34.723  -32.354 0.5000000000
38942  -36.375  -35.318  -33.074 0.5000000000
40995  -32.371  -33.561  -26.977 0.3000000119
41906  -33.623  -32.744  -26.075 0.3000000119
40968  -34.034  -33.324  -25.535 0.3000000119
129868  -36.101  -32.778  -25.470 0.3000000119
41017  -33.609  -33.645  -29.370 0.4000000060
41910  -36.781  -32.453  -25.561 0.3000000119
41922  -38.872  -31.884  -26.636 0.3000000119
41975  -34.909  -32.907  -30.091 0.4000000060
118453  -35.300  -33.236  -30.682 0.5000000000
41921  -38.351  -32.596  -26.452 0.3000000119
125482  -39.534  -32.032  -27.314 0.4000000060
42876  -40.028  -31.332  -27.503 0.4000000060
41052  -35.621  -33.572  -31.338 0.5000000000
41062  -36.028  -33.941  -31.989 0.6000000238
42877  -40.630  -31.358  -28.110 0.3000000119
39991  -36.735  -34.388  -32.705 0.6000000238
40996  -32.991  -33.087  -27.494 0.3000000119
126463  -34.136  -31.895  -26.940 0.3000000119
42863  -35.137  -31.441  -25.996 0.3000000119
41007  -33.254  -33.352  -28.498 0.3000000119
41918  -34.130  -32.180  -26.334 0.3000000119
131483  -35.401  -31.904  -25.665 0.3000000119
41909  -35.986  -32.097  -25.529 0.3000000119
121095  -37.370  -31.059  -25.577 0.4000000060
41957  -34.577  -32.627  -29.417 0.4000000060
127770  -37.302  -31.833  -25.626 0.4000000060
42852  -38.076  -30.716  -25.776 0.4000000060
41976  -35.632  -32.419  -30.342 0.5000000000
42865  -38.736  -31.034  -26.271 0.4000000060
43854  -39.236  -30.441  -26.538 0.4000000060
125860  -40.149  -29.828  -27.236 0.4000000060
41034  -35.940  -32.871  -31.024 0.5000000000
41053  -36.287  -33.235  -31.633 0.6000000238
42866  -39.399  -31.218  -26.871 0.4000000060
43859  -39.820  -30.553  -27.094 0.4000000060
44954  -40.873  -29.789  -27.877 0.4000000060
44946  -40.970  -28.995  -27.881 0.4000000060
41063  -36.658  -33.585  -32.194 0.6000000238
43868  -41.036  -30.660  -28.259 0.3000000119
44955  -41.500  -29.306  -28.386 0.4000000060
41064  -37.501  -33.533  -32.724 0.6000000238
41073  -38.324  -33.896  -33.520 0.6999999881
41934  -34.130  -32.041  -27.694 0.3000000119
42874  -34.564  -31.471  -27.343 0.3000000119
127975  -35.458  -30.974  -26.077 0.3000000119
41956  -33.910  -32.939  -28.988 0.3000000119
42882  -34.676  -31.648  -28.293 0.3000000119
42850  -35.764  -31.428  -25.688 0.3000000119
43839  -36.685  -30.464  -25.631 0.4000000060
135922  -35.136  -32.358  -29.744 0.5000000000
43840  -37.431  -30.220  -25.620 0.4000000060
44938  -39.075  -29.671  -26.319 0.4000000060
41958  -35.550  -31.762  -29.671 0.5000000000
44944  -39.644  -29.085  -26.708 0.4000000060
41977  -36.260  -32.213  -30.833 0.6000000238
44945  -40.411  -29.042  -27.370 0.4000000060
45936  -41.303  -28.488  -28.138 0.4000000060
41994  -37.342  -32.055  -31.766 0.6000000238
45946  -41.837  -28.643  -28.569 0.4000000060
46893  -42.076  -27.317  -28.953 0.4000000060
42012  -38.703  -32.952  -33.390 0.6999999881
41082  -40.676  -33.775  -35.719 0.6999999881
41074  -39.473  -33.867  -34.412 0.6999999881
42883  -35.066  -30.938  -27.933 0.4000000060
42875  -35.062  -31.000  -26.770 0.4000000060
43852  -36.143  -29.862  -26.131 0.4000000060
44923  -36.554  -29.070  -26.178 0.4000000060
42897  -35.268  -31.314  -28.903 0.4000000060
130454  -35.525  -30.373  -28.106 0.4000000060
44924  -36.894  -29.633  -25.748 0.4000000060
116876  -35.545  -30.712  -28.668 0.4000000060
44937  -38.351  -29.491  -25.887 0.4000000060
45909  -37.937  -28.738  -25.803 0.4000000060
45924  -38.773  -28.829  -26.145 0.4000000060
45925  -39.228  -28.091  -26.421 0.4000000060
45934  -40.011  -28.225  -27.003 0.4000000060
46881  -40.328  -27.506  -27.370 0.4000000060
42913  -37.142  -30.871  -30.773 0.6000000238
46882  -41.029  -27.695  -27.930 0.4000000060
47962  -41.360  -27.098  -28.372 0.4000000060
42929  -37.801  -31.061  -31.571 0.6999999881
42003  -38.569  -32.075  -32.892 0.6999999881
47987  -42.397  -26.558  -29.694 0.4000000060
42013  -39.491  -31.979  -33.745 0.6999999881
41083  -40.616  -33.556  -36.323 0.6999999881
44936  -36.109  -29.220  -26.701 0.4000000060
42898  -35.996  -30.886  -29.472 0.4000000060
44943  -36.101  -29.006  -27.529 0.4000000060
128840  -38.335  -27.939  -26.012 0.4000000060
134218  -36.655  -30.691  -30.148 0.6000000238
43883  -36.604  -30.069  -29.714 0.5000000000
43896  -37.156  -30.096  -30.470 0.6999999881
46880  -39.557  -27.327  -26.818 0.4000000060
43897  -37.729  -30.166  -31.218 0.6999999881
47961  -40.647  -26.851  -27.797 0.4000000060
43911  -38.393  -30.168  -32.090 0.6999999881
47970  -41.627  -26.482  -28.978 0.4000000060
49169  -41.210  -25.795  -29.150 0.4000000060
43919  -39.040  -30.314  -33.270 0.6999999881
49185  -42.234  -25.799  -30.549 0.4000000060
123504  -40.271  -32.821  -34.734 0.6999999881
42027  -40.680  -32.772  -36.339 0.6999999881
49196  -42.801  -25.448  -31.873 0.4000000060
50355  -43.877  -24.574  -32.147 0.4000000060
45945  -36.348  -28.473  -28.602 0.4000000060
45933  -36.329  -28.039  -27.528 0.4000000060
128511  -36.334  -28.539  -26.786 0.4000000060
45922  -36.788  -28.402  -26.233 0.4000000060
44969  -36.541  -29.294  -29.272 0.5000000000
46868  -37.926  -27.163  -26.221 0.4000000060
44987  -37.543  -29.457  -30.894 0.6999999881
47947  -39.090  -26.509  -26.781 0.4000000060
49161  -40.183  -26.031  -27.813 0.4000000060
49160  -39.389  -25.879  -27.278 0.4000000060
49168  -40.485  -25.531  -28.610 0.4000000060
42939  -38.898  -31.309  -33.016 0.6999999881
49184  -41.548  -25.456  -30.134 0.4000000060
47986  -41.798  -26.003  -29.617 0.4000000060
49195  -42.030  -25.120  -31.591 0.4000000060
42945  -39.712  -31.023  -34.068 0.6999999881
133150  -40.556  -31.672  -35.771 0.6999999881
50354  -43.417  -23.947  -32.525 0.4000000060
51352  -43.716  -23.768  -31.822 0.4000000060
46879  -36.486  -27.176  -27.406 0.4000000060
46866  -36.791  -26.956  -26.856 0.4000000060
46867  -37.215  -27.112  -26.437 0.4000000060
46909  -36.421  -27.694  -29.270 0.6000000238
46891  -36.339  -27.491  -28.270 0.5000000000
49145  -37.181  -25.971  -26.937 0.5000000000
47945  -37.564  -26.494  -26.568 0.4000000060
45954  -26.676  -28.276  -29.593 0.4000000060
45955  -27.409  -28.632  -29.239 0.5000000000
45958  -36.811  -28.577  -29.883 0.6000000238
140425  -38.870  -25.334  -27.397 0.4000000060
45982  -37.678  -28.886  -31.286 0.6000000238
49167  -39.593  -25.209  -28.019 0.4000000060
45989  -38.035  -28.812  -32.270 0.6000000238
50312  -40.074  -24.845  -29.061 0.4000000060
45005  -38.614  -29.389  -33.023 0.6999999881
49183  -40.834  -25.170  -29.591 0.4000000060
45998  -38.233  -28.535  -33.876 0.6999999881
50326  -41.210  -24.848  -30.877 0.4000000060
43933  -39.484  -30.394  -35.758 0.6999999881
50353  -42.862  -23.375  -32.668 0.4000000060
51351  -43.240  -22.840  -32.278 0.4000000060
51328  -43.480  -23.154  -30.635 0.4000000060
52368  -44.010  -22.505  -28.794 0.4000000060
47959  -36.697  -26.352  -27.301 0.5000000000
120544  -36.273  -26.966  -28.823 0.6000000238
47968  -36.376  -26.639  -28.068 0.5000000000
49158  -37.459  -25.353  -27.287 0.5000000000
46921  -25.904  -27.979  -29.929 0.3000000119
46904  -27.487  -27.643  -29.032 0.5000000000
46930  -36.879  -27.711  -31.278 0.6000000238
46924  -36.617  -27.740  -30.279 0.6000000238
49159  -38.168  -25.233  -27.236 0.4000000060
45981  -37.507  -28.309  -31.733 0.6000000238
50311  -39.281  -24.488  -28.710 0.5000000000
120993  -37.447  -27.577  -34.383 0.6999999881
45988  -37.735  -28.270  -32.714 0.6000000238
50324  -39.675  -24.220  -29.693 0.4000000060
46946  -38.173  -28.108  -35.455 0.8000000119
45997  -37.714  -27.997  -33.694 0.6999999881
51326  -40.099  -23.810  -30.792 0.4000000060
50340  -40.967  -24.017  -31.477 0.4000000060
51350  -41.938  -23.116  -32.431 0.4000000060
51364  -42.626  -22.418  -32.339 0.4000000060
51327  -43.077  -22.478  -31.205 0.4000000060
136918  -43.292  -22.570  -28.989 0.4000000060
54499  -44.573  -20.551  -28.195 0.4000000060
47984  -35.942  -25.837  -29.591 0.6000000238
47985  -36.170  -26.197  -28.801 0.6000000238
49166  -36.467  -25.844  -28.059 0.5000000000
49157  -36.867  -25.564  -27.514 0.5000000000
46902  -25.670  -27.081  -29.724 0.4000000060
46903  -26.541  -27.368  -29.437 0.4000000060
48011  -36.332  -27.027  -31.848 0.6000000238
48002  -36.281  -27.027  -30.741 0.6000000238
50303  -37.738  -24.776  -27.733 0.5000000000
47979  -27.305  -26.569  -29.089 0.5000000000
46937  -37.098  -27.660  -32.599 0.6999999881
50304  -38.621  -24.722  -27.908 0.5000000000
47980  -28.255  -26.653  -28.838 0.5000000000
48033  -36.820  -25.298  -35.411 0.6999999881
48029  -37.353  -26.882  -35.266 0.6999999881
119341  -38.628  -24.243  -28.637 0.5000000000
49180  -29.218  -25.211  -29.597 0.6999999881
128196  -28.966  -25.946  -29.025 0.6000000238
46954  -37.948  -26.786  -37.599 0.6999999881
48034  -38.043  -26.315  -37.000 0.6999999881
46951  -38.024  -27.895  -36.406 0.6999999881
51325  -39.327  -23.530  -30.341 0.5000000000
49203  -29.761  -25.072  -31.636 0.6999999881
49193  -29.963  -25.214  -30.409 0.6999999881
129262  -38.090  -27.389  -37.245 0.6999999881
46953  -37.160  -26.814  -37.533 0.6999999881
46950  -37.309  -27.548  -37.228 0.8000000119
51349  -40.848  -22.986  -31.697 0.4000000060
139243  -42.355  -21.841  -32.098 0.4000000060
52377  -42.534  -22.134  -30.347 0.4000000060
52367  -42.697  -22.270  -29.062 0.4000000060
121759  -43.888  -21.069  -28.044 0.4000000060
135224  -35.932  -26.326  -30.295 0.6000000238
50308  -36.720  -24.697  -28.538 0.6000000238
134113  -36.657  -25.231  -28.091 0.5000000000
47997  -25.769  -26.272  -29.538 0.4000000060
47978  -26.438  -26.449  -29.375 0.4000000060
49178  -27.177  -25.660  -29.280 0.6999999881
48010  -35.953  -26.241  -32.288 0.6999999881
48001  -35.889  -26.309  -31.146 0.6000000238
49194  -35.764  -25.599  -30.463 0.6000000238
51309  -36.967  -23.906  -29.197 0.5000000000
49179  -28.217  -25.608  -29.182 0.6999999881
135490  -35.981  -24.890  -33.870 0.6999999881
48020  -36.247  -26.007  -33.661 0.6999999881
51310  -37.649  -23.980  -28.886 0.5000000000
51311  -38.243  -23.858  -29.118 0.5000000000
130391  -28.652  -24.771  -29.733 0.6999999881
51324  -38.490  -23.290  -30.239 0.5000000000
49202  -29.195  -24.583  -30.598 0.6999999881
50379  -35.980  -24.192  -36.598 0.6999999881
49232  -37.473  -25.179  -37.010 0.6999999881
51347  -39.119  -22.750  -30.918 0.4000000060
49230  -35.596  -24.908  -36.786 0.6999999881
46952  -35.541  -26.350  -36.879 0.6999999881
50373  -33.545  -24.090  -35.253 0.6000000238
48035  -33.246  -25.551  -35.719 0.6000000238
48036  -34.262  -25.909  -36.278 0.6999999881
51348  -39.882  -22.862  -31.226 0.4000000060
52403  -40.777  -21.876  -31.619 0.4000000060
50361  -29.045  -24.758  -33.033 0.6999999881
50376  -32.820  -24.651  -35.381 0.6000000238
52404  -41.848  -21.368  -31.612 0.4000000060
49227  -32.135  -25.646  -35.252 0.6000000238
53491  -41.414  -20.772  -31.067 0.4000000060
53468  -42.019  -21.758  -29.466 0.4000000060
54498  -43.059  -21.065  -27.823 0.4000000060
54471  -43.819  -20.190  -27.772 0.4000000060
50323  -36.335  -24.454  -29.401 0.6000000238
49191  -25.349  -25.640  -29.535 0.6000000238
49177  -26.325  -25.616  -29.413 0.6000000238
121598  -27.014  -24.936  -29.475 0.6999999881
50362  -35.530  -24.090  -33.171 0.6000000238
49216  -35.719  -25.185  -32.664 0.6999999881
49205  -35.679  -25.425  -31.472 0.6999999881
49224  -35.992  -24.100  -34.688 0.6000000238
49192  -27.858  -24.795  -29.536 0.6999999881
50368  -35.737  -23.745  -35.180 0.6000000238
50337  -28.340  -24.219  -30.228 0.6999999881
50336  -27.373  -24.070  -29.908 0.6999999881
51389  -34.269  -23.757  -34.983 0.6000000238
50378  -35.133  -24.216  -36.251 0.6000000238
50360  -28.523  -24.195  -32.527 0.6999999881
50350  -28.586  -24.034  -31.285 0.6999999881
49229  -34.393  -24.894  -36.196 0.6999999881
51370  -28.018  -23.785  -32.986 0.6999999881
52402  -39.650  -21.770  -31.316 0.4000000060
53490  -40.596  -20.817  -31.145 0.4000000060
50372  -32.304  -24.071  -34.928 0.6000000238
53466  -40.635  -20.396  -30.471 0.4000000060
50366  -29.265  -24.720  -33.721 0.6999999881
50369  -29.624  -24.468  -34.263 0.6999999881
50370  -30.207  -24.709  -34.512 0.6999999881
49226  -31.292  -25.523  -34.786 0.6000000238
53467  -41.429  -20.922  -30.156 0.4000000060
54497  -42.028  -20.995  -27.755 0.4000000060
53452  -42.401  -21.695  -28.390 0.4000000060
54470  -42.710  -20.177  -27.402 0.4000000060
55462  -43.457  -19.263  -27.514 0.4000000060
49181  -35.902  -24.981  -29.835 0.6000000238
50319  -24.499  -24.470  -29.575 0.5000000000
51383  -35.419  -23.722  -33.986 0.6000000238
128871  -35.555  -24.367  -31.827 0.6000000238
50338  -35.683  -24.686  -30.766 0.6000000238
50339  -35.935  -23.996  -30.288 0.6000000238
133569  -36.418  -23.674  -29.823 0.6000000238
50334  -25.207  -24.682  -29.541 0.6000000238
50335  -26.260  -24.622  -29.507 0.5000000000
51372  -34.772  -23.538  -33.213 0.6000000238
51373  -35.178  -23.697  -32.959 0.6000000238
51323  -37.616  -23.399  -29.866 0.5000000000
51346  -36.826  -23.131  -30.169 0.5000000000
52400  -37.392  -22.220  -30.801 0.4000000060
139967  -37.925  -22.731  -30.630 0.4000000060
51342  -27.181  -23.275  -30.527 0.8000000119
51381  -33.928  -23.703  -33.963 0.6000000238
53488  -37.962  -21.237  -31.034 0.4000000060
53489  -39.115  -20.952  -31.106 0.4000000060
51358  -28.010  -23.613  -31.939 0.6999999881
51388  -33.127  -23.814  -34.626 0.6000000238
121731  -32.107  -23.546  -34.409 0.6000000238
53465  -39.672  -20.337  -30.645 0.4000000060
133614  -40.413  -20.289  -29.660 0.4000000060
53450  -40.915  -20.746  -29.186 0.4000000060
51378  -28.448  -23.486  -33.694 0.6999999881
51384  -29.083  -23.359  -34.221 0.6999999881
51386  -30.289  -23.945  -34.588 0.6999999881
52429  -31.301  -22.926  -34.290 0.6999999881
54468  -40.625  -20.343  -27.662 0.4000000060
54496  -41.121  -20.839  -28.125 0.4000000060
52427  -29.731  -22.750  -34.389 0.6999999881
55461  -41.079  -19.923  -27.043 0.4000000060
55443  -41.580  -19.203  -26.798 0.3000000119
139477  -42.040  -20.426  -27.376 0.4000000060
56429  -42.557  -18.153  -27.065 0.4000000060
56430  -43.340  -18.252  -27.428 0.3000000119
51362  -34.921  -23.486  -32.094 0.6000000238
51344  -35.185  -23.285  -30.894 0.6000000238
127166  -35.568  -23.814  -31.075 0.6000000238
120244  -35.692  -23.357  -30.583 0.6000000238
52399  -36.579  -22.268  -30.392 0.5000000000
51339  -24.963  -22.866  -29.853 0.6000000238
51322  -25.985  -23.371  -29.922 0.6000000238
51361  -34.118  -23.445  -32.044 0.6000000238
51343  -34.423  -23.194  -31.147 0.6000000238
50322  -26.545  -23.669  -29.903 0.6999999881
53487  -37.143  -21.483  -30.680 0.5000000000
50349  -27.923  -23.594  -30.801 0.6999999881
51356  -26.875  -22.681  -31.081 0.6999999881
120011  -32.832  -23.607  -33.698 0.6000000238
51360  -33.086  -23.375  -31.878 0.6000000238
53463  -37.579  -20.774  -30.608 0.5000000000
53464  -38.548  -20.502  -30.734 0.5000000000
51368  -27.030  -22.768  -31.965 0.8000000119
54515  -39.038  -19.990  -30.086 0.4000000060
52417  -27.479  -22.796  -33.108 0.8000000119
51380  -31.942  -23.163  -33.608 0.6000000238
51377  -27.829  -23.228  -33.250 0.6999999881
52426  -31.283  -22.548  -33.509 0.6999999881
58272  -38.742  -16.573  -26.480 0.5000000000
56408  -38.623  -18.197  -26.518 0.5000000000
55440  -38.953  -18.967  -26.771 0.5000000000
54466  -38.887  -19.782  -28.130 0.4000000060
54494  -39.378  -19.979  -28.996 0.4000000060
52423  -28.899  -22.658  -34.117 0.6999999881
52428  -30.545  -22.667  -34.338 0.6999999881
52425  -30.718  -22.214  -33.996 0.6999999881
59415  -38.284  -15.853  -26.674 0.5000000000
130336  -39.303  -17.391  -26.404 0.5000000000
56409  -39.559  -18.360  -26.508 0.4000000060
55441  -39.862  -19.133  -26.759 0.4000000060
55460  -40.225  -19.778  -27.171 0.4000000060
60519  -39.220  -14.561  -27.554 0.4000000060
131309  -39.504  -16.518  -26.488 0.5000000000
59417  -40.123  -15.993  -26.680 0.4000000060
131062  -40.851  -17.334  -26.550 0.4000000060
56411  -41.167  -18.514  -26.600 0.4000000060
55442  -40.717  -19.230  -26.736 0.4000000060
59429  -39.648  -15.205  -27.016 0.4000000060
59418  -40.897  -15.903  -26.921 0.4000000060
58275  -41.535  -17.042  -26.794 0.4000000060
57324  -42.114  -17.594  -26.907 0.4000000060
52397  -34.657  -22.721  -30.350 0.6000000238
52391  -24.570  -22.211  -30.188 0.5000000000
136690  -33.603  -23.200  -31.265 0.6000000238
52374  -34.036  -22.207  -29.745 0.6000000238
53485  -35.907  -22.080  -30.000 0.5000000000
129140  -36.106  -21.380  -29.754 0.5000000000
53486  -36.552  -21.640  -30.276 0.5000000000
52392  -25.400  -22.259  -30.508 0.6000000238
51340  -25.745  -22.854  -30.171 0.6999999881
52412  -32.836  -22.961  -31.047 0.6000000238
136424  -36.388  -20.814  -29.363 0.5000000000
53462  -36.806  -21.066  -30.225 0.5000000000
53480  -25.044  -21.640  -30.878 0.6000000238
52411  -32.237  -23.003  -31.777 0.6000000238
54513  -37.205  -20.545  -29.799 0.5000000000
52409  -26.475  -22.266  -31.830 0.8000000119
55439  -37.935  -18.768  -26.885 0.5000000000
54464  -37.137  -19.810  -28.103 0.5000000000
54492  -37.607  -20.090  -29.087 0.5000000000
54514  -38.066  -20.225  -30.067 0.5000000000
128157  -26.667  -21.876  -32.666 0.8000000119
136867  -31.258  -22.353  -32.661 0.6000000238
58270  -37.090  -16.776  -26.782 0.5000000000
57337  -36.458  -17.414  -27.072 0.5000000000
57321  -37.763  -18.000  -26.584 0.5000000000
55457  -37.560  -19.345  -27.470 0.5000000000
54465  -38.007  -19.742  -28.185 0.5000000000
52421  -27.359  -22.133  -33.166 0.8000000119
58271  -37.919  -16.628  -26.557 0.5000000000
55458  -38.433  -19.402  -27.369 0.5000000000
53509  -27.987  -21.566  -33.554 0.8000000119
53512  -30.197  -21.614  -33.645 0.6999999881
135685  -30.297  -21.324  -32.625 0.6999999881
58282  -36.884  -15.852  -27.055 0.5000000000
59427  -37.667  -15.211  -27.094 0.4000000060
134539  -29.464  -22.062  -34.174 0.6999999881
59428  -38.703  -15.143  -26.991 0.4000000060
136555  -35.353  -22.624  -30.220 0.5000000000
53479  -23.424  -21.427  -30.397 0.5000000000
53484  -33.176  -22.039  -29.869 0.6000000238
53459  -33.627  -21.474  -29.361 0.6000000238
53461  -35.299  -21.598  -29.404 0.5000000000
120810  -24.248  -21.529  -30.606 0.5000000000
140523  -35.207  -20.558  -28.536 0.5000000000
54490  -35.884  -20.435  -28.535 0.5000000000
54526  -23.093  -20.771  -30.716 0.5000000000
54535  -23.353  -20.172  -31.254 0.5000000000
53496  -24.697  -21.175  -31.234 0.5000000000
52395  -32.040  -22.349  -30.946 0.6000000238
53483  -32.406  -21.736  -30.183 0.6000000238
55455  -35.888  -19.123  -27.588 0.5000000000
55456  -36.740  -19.279  -27.540 0.5000000000
54491  -36.757  -20.317  -28.784 0.5000000000
52410  -31.544  -22.445  -31.864 0.6000000238
53482  -31.650  -21.415  -30.559 0.6000000238
138523  -35.871  -17.156  -27.395 0.5000000000
56426  -35.792  -18.083  -27.422 0.5000000000
56427  -36.553  -18.657  -27.228 0.5000000000
53498  -26.019  -21.622  -32.119 0.6999999881
53504  -30.952  -21.893  -32.195 0.6000000238
56407  -37.171  -18.373  -26.892 0.5000000000
56428  -37.178  -18.890  -27.157 0.5000000000
53502  -26.354  -21.171  -32.633 0.6999999881
134205  -30.692  -21.371  -31.694 0.6999999881
58281  -36.323  -16.556  -27.207 0.5000000000
53508  -27.180  -21.200  -33.135 0.6999999881
60517  -37.352  -14.482  -27.845 0.4000000060
53511  -29.493  -21.426  -33.838 0.6999999881
60531  -37.918  -13.991  -28.344 0.5000000000
128920  -27.906  -20.802  -33.470 0.6999999881
53510  -28.793  -21.830  -33.901 0.8000000119
60518  -38.273  -14.524  -27.612 0.4000000060
62767  -39.488  -12.551  -29.881 0.4000000060
62774  -40.121  -12.050  -30.319 0.5000000000
63860  -40.122  -11.322  -30.148 0.5000000000
62776  -41.306  -12.298  -30.863 0.5000000000
63864  -40.758  -11.582  -30.636 0.5000000000
64908  -40.673  -10.818  -30.303 0.5000000000
53460  -34.449  -21.615  -29.273 0.6000000238
53449  -34.831  -21.045  -28.854 0.5000000000
53458  -32.842  -21.188  -29.625 0.6000000238
54512  -34.067  -20.924  -28.860 0.6000000238
54489  -34.581  -20.360  -28.520 0.5000000000
55480  -35.268  -19.841  -28.098 0.5000000000
54463  -36.246  -19.838  -28.002 0.5000000000
53495  -23.968  -20.833  -31.140 0.5000000000
54537  -24.870  -20.705  -31.787 0.6999999881
54510  -32.590  -20.317  -29.494 0.6000000238
54511  -33.316  -20.631  -29.171 0.6000000238
133265  -34.890  -17.890  -27.926 0.5000000000
54534  -22.780  -19.543  -31.321 0.5000000000
54536  -24.130  -20.046  -31.724 0.6000000238
52394  -31.277  -21.780  -31.330 0.6000000238
56453  -34.933  -18.801  -27.925 0.5000000000
133368  -24.863  -20.075  -32.121 0.6999999881
54509  -31.847  -20.014  -29.757 0.6000000238
54544  -25.461  -20.372  -32.319 0.6999999881
54528  -31.333  -20.569  -30.278 0.6000000238
59426  -36.748  -15.084  -27.583 0.5000000000
59447  -36.008  -14.998  -27.997 0.4000000060
60516  -36.471  -14.437  -28.280 0.5000000000
54547  -29.761  -20.724  -32.541 0.6999999881
54539  -30.149  -20.722  -31.603 0.6999999881
53503  -29.720  -21.024  -33.271 0.6999999881
61625  -37.090  -13.893  -28.594 0.5000000000
63858  -38.351  -11.912  -29.446 0.4000000060
64906  -38.673  -11.204  -29.176 0.4000000060
54538  -29.449  -20.158  -32.032 0.6999999881
63859  -39.318  -11.794  -29.776 0.4000000060
55521  -28.260  -19.061  -32.674 0.6999999881
64907  -39.508  -10.983  -29.475 0.4000000060
55526  -27.646  -19.559  -33.104 0.6999999881
64916  -41.062  -10.895  -30.697 0.5000000000
63865  -41.353  -11.427  -30.935 0.5000000000
64909  -41.208  -10.409  -30.314 0.5000000000
54488  -33.809  -20.096  -28.725 0.5000000000
55479  -34.361  -19.522  -28.361 0.5000000000
55491  -33.089  -19.769  -29.156 0.6000000238
55478  -33.524  -19.121  -28.810 0.5000000000
56487  -22.579  -18.743  -31.516 0.6000000238
55511  -23.863  -19.261  -31.810 0.6000000238
55490  -32.435  -19.467  -29.484 0.6000000238
56494  -24.336  -18.701  -32.076 0.6000000238
55489  -31.731  -19.122  -29.743 0.5000000000
56468  -32.428  -18.632  -29.574 0.5000000000
57336  -35.202  -17.196  -27.813 0.5000000000
59446  -35.352  -15.529  -28.317 0.5000000000
55518  -24.610  -19.446  -32.130 0.6999999881
55504  -31.078  -19.721  -30.056 0.6000000238
59425  -36.120  -15.708  -27.560 0.5000000000
60530  -35.648  -14.630  -28.715 0.5000000000
55519  -25.388  -19.630  -32.415 0.6999999881
55503  -30.296  -19.447  -30.444 0.6999999881
62764  -36.573  -12.484  -29.409 0.5000000000
63843  -36.963  -11.371  -28.941 0.4000000060
55520  -26.094  -19.980  -32.664 0.6999999881
55514  -29.790  -19.922  -31.118 0.6999999881
55513  -29.158  -19.401  -31.544 0.6999999881
124035  -37.075  -13.309  -29.116 0.5000000000
62765  -37.261  -12.791  -29.370 0.5000000000
63857  -37.375  -12.071  -29.306 0.4000000060
64894  -37.320  -10.823  -28.619 0.4000000060
126648  -38.086  -10.585  -28.467 0.4000000060
55525  -26.878  -19.690  -32.939 0.6999999881
55522  -28.785  -19.649  -32.608 0.6999999881
65871  -38.608  -9.999  -27.932 0.4000000060
56503  -27.095  -18.887  -32.913 0.6999999881
56498  -28.037  -18.387  -32.443 0.6999999881
64895  -39.045  -10.496  -28.624 0.4000000060
65852  -39.563  -9.910  -27.712 0.4000000060
56504  -27.795  -18.929  -32.864 0.6999999881
64896  -39.902  -10.469  -28.879 0.4000000060
65872  -40.597  -10.189  -28.099 0.4000000060
124228  -40.764  -10.417  -29.457 0.5000000000
56451  -33.624  -18.227  -28.827 0.5000000000
56452  -34.260  -18.081  -28.344 0.5000000000
56469  -33.051  -18.369  -29.303 0.5000000000
57350  -33.828  -17.586  -28.847 0.5000000000
57351  -34.392  -17.196  -28.475 0.5000000000
58300  -34.861  -16.397  -28.330 0.5000000000
56488  -23.422  -18.470  -31.761 0.6000000238
56493  -24.097  -18.012  -31.989 0.6000000238
57364  -32.623  -17.806  -29.720 0.5000000000
120351  -24.857  -18.068  -32.295 0.6999999881
59445  -34.647  -15.775  -28.931 0.6000000238
57363  -31.736  -18.087  -29.856 0.6000000238
56481  -30.904  -18.828  -29.975 0.6999999881
60550  -36.051  -13.759  -29.137 0.5000000000
63842  -36.176  -11.320  -28.995 0.4000000060
126390  -25.185  -18.834  -32.384 0.6999999881
56480  -30.041  -18.599  -30.355 0.8000000119
61637  -36.422  -13.097  -29.433 0.5000000000
62763  -35.950  -12.781  -29.626 0.5000000000
65870  -37.123  -10.114  -28.142 0.4000000060
132761  -37.883  -9.901  -27.931 0.4000000060
65851  -38.135  -9.420  -27.484 0.4000000060
56502  -26.157  -19.025  -32.709 0.6999999881
58321  -29.544  -16.756  -30.570 0.6000000238
136144  -38.802  -9.525  -27.398 0.4000000060
55512  -28.553  -18.836  -31.983 0.6999999881
57382  -28.918  -17.468  -30.923 0.6000000238
124116  -30.249  -16.023  -30.458 0.6000000238
118881  -39.209  -9.297  -27.040 0.4000000060
56497  -27.382  -18.184  -32.702 0.6999999881
57392  -27.769  -17.499  -32.274 0.6000000238
57381  -28.354  -17.138  -31.577 0.6999999881
59482  -29.164  -15.860  -30.874 0.6000000238
58333  -28.818  -16.717  -31.007 0.6000000238
65836  -39.818  -9.329  -26.912 0.4000000060
56496  -26.610  -18.128  -32.747 0.6999999881
122312  -29.007  -14.822  -31.231 0.6000000238
65873  -41.457  -10.208  -28.445 0.5000000000
60575  -29.798  -14.045  -31.256 0.6000000238
65884  -41.553  -10.154  -29.647 0.5000000000
65885  -42.383  -9.920  -29.612 0.5000000000
58299  -34.221  -16.378  -29.054 0.6000000238
57380  -22.332  -16.952  -31.750 0.5000000000
57365  -33.273  -17.526  -29.439 0.5000000000
58298  -33.774  -16.959  -29.250 0.6000000238
59463  -34.885  -15.025  -29.361 0.6000000238
57388  -24.431  -17.349  -32.147 0.6000000238
58312  -32.886  -17.103  -29.991 0.6000000238
58313  -33.336  -16.738  -29.967 0.6000000238
118539  -35.342  -13.936  -29.927 0.5000000000
60549  -35.327  -14.313  -29.475 0.5000000000
58339  -23.931  -16.653  -31.985 0.6000000238
58340  -24.906  -16.539  -32.328 0.6000000238
57373  -32.314  -17.140  -30.058 0.6000000238
58324  -32.892  -16.386  -30.496 0.6000000238
61636  -35.512  -13.332  -29.932 0.5000000000
64905  -35.422  -11.134  -29.366 0.5000000000
64893  -36.572  -10.697  -28.600 0.4000000060
57390  -26.215  -17.287  -32.630 0.6999999881
124402  -25.714  -16.721  -32.536 0.6000000238
121186  -30.732  -17.943  -30.055 0.6999999881
58323  -32.040  -16.433  -30.406 0.6000000238
116359  -35.904  -12.027  -29.533 0.5000000000
65850  -37.363  -9.367  -27.638 0.4000000060
66800  -37.650  -8.751  -27.189 0.4000000060
57371  -29.864  -17.643  -30.376 0.6999999881
130135  -30.461  -16.864  -30.275 0.6999999881
137709  -31.691  -15.080  -30.930 0.6999999881
61651  -34.977  -13.896  -30.657 0.5000000000
62773  -35.458  -12.601  -30.101 0.5000000000
66801  -38.530  -8.838  -26.948 0.4000000060
58341  -26.280  -16.493  -32.602 0.6000000238
60559  -31.061  -14.544  -30.994 0.6000000238
60577  -31.716  -14.029  -31.535 0.6999999881
132458  -26.609  -16.900  -32.622 0.6999999881
58343  -27.356  -16.685  -32.379 0.6000000238
58332  -28.365  -16.347  -31.488 0.6000000238
59472  -30.040  -15.071  -30.726 0.6000000238
61670  -32.106  -13.458  -31.818 0.6000000238
66787  -39.447  -8.580  -26.579 0.4000000060
59492  -27.751  -16.068  -32.017 0.6000000238
59481  -28.349  -15.497  -31.541 0.6000000238
61669  -31.208  -13.408  -31.675 0.6000000238
138825  -31.955  -12.811  -31.946 0.6000000238
66788  -40.381  -8.875  -26.584 0.4000000060
61668  -30.175  -13.154  -31.715 0.6000000238
62786  -31.135  -12.761  -31.945 0.6000000238
65853  -41.378  -9.895  -27.401 0.5000000000
65874  -42.127  -10.172  -28.744 0.5000000000
66803  -42.765  -9.238  -27.093 0.5000000000
59462  -34.206  -15.711  -29.812 0.6000000238
59461  -33.585  -16.044  -30.406 0.6000000238
118178  -34.468  -15.028  -30.285 0.6000000238
60548  -34.894  -14.445  -30.172 0.5000000000
58331  -23.022  -16.521  -31.823 0.6000000238
59474  -33.316  -15.596  -31.042 0.6000000238
60563  -34.425  -14.604  -31.017 0.5000000000
65883  -35.340  -10.201  -28.956 0.5000000000
117973  -36.064  -9.942  -28.350 0.4000000060
59488  -24.911  -15.756  -32.357 0.6000000238
120604  -25.658  -15.928  -32.530 0.6000000238
60561  -32.997  -14.989  -31.507 0.6000000238
61650  -34.466  -13.886  -31.282 0.5000000000
63874  -34.360  -11.569  -31.045 0.5000000000
132812  -34.547  -12.477  -31.119 0.5000000000
125396  -34.986  -12.177  -30.637 0.5000000000
65869  -36.568  -9.308  -27.859 0.4000000060
66799  -36.884  -8.690  -27.441 0.4000000060
127519  -32.307  -15.590  -30.873 0.6999999881
60579  -33.430  -14.414  -31.712 0.5000000000
62772  -34.979  -13.119  -30.868 0.5000000000
66785  -37.958  -8.208  -26.796 0.4000000060
59490  -26.467  -15.605  -32.575 0.6000000238
63872  -32.687  -11.470  -31.757 0.6000000238
66786  -38.651  -8.004  -26.524 0.4000000060
59491  -27.151  -15.818  -32.432 0.6000000238
60590  -27.661  -14.261  -32.163 0.6000000238
67772  -39.389  -7.621  -26.313 0.4000000060
56495  -25.744  -18.115  -32.544 0.6999999881
60574  -28.564  -13.903  -31.792 0.6000000238
66789  -41.247  -9.189  -26.739 0.4000000060
67773  -40.189  -7.983  -26.298 0.4000000060
61667  -29.229  -13.319  -31.758 0.6000000238
65854  -42.312  -9.976  -27.736 0.5000000000
125116  -42.968  -8.423  -26.908 0.4000000060
59475  -34.002  -15.375  -30.803 0.6000000238
119137  -34.329  -9.811  -30.062 0.5000000000
65882  -34.758  -9.602  -29.294 0.5000000000
65868  -35.349  -9.357  -28.611 0.5000000000
124259  -35.896  -9.139  -28.115 0.4000000060
118721  -25.237  -15.141  -32.503 0.6000000238
60588  -26.268  -14.553  -32.592 0.6000000238
60562  -33.750  -14.945  -31.408 0.6000000238
64904  -34.777  -10.471  -29.663 0.5000000000
133610  -36.178  -8.601  -27.756 0.4000000060
139840  -36.509  -8.118  -27.431 0.4000000060
67784  -37.174  -7.968  -27.038 0.4000000060
62787  -33.929  -12.331  -31.483 0.5000000000
132268  -27.130  -13.812  -32.477 0.6000000238
60589  -26.992  -14.725  -32.495 0.6000000238
61666  -28.523  -12.977  -32.187 0.6000000238
117293  -32.203  -10.756  -31.817 0.6000000238
123632  -40.013  -7.094  -26.209 0.4000000060
62785  -29.954  -12.298  -32.173 0.6000000238
63870  -30.763  -11.838  -32.222 0.6000000238
118864  -41.041  -8.297  -26.409 0.4000000060
67774  -41.495  -7.702  -26.449 0.4000000060
67775  -42.029  -7.482  -26.610 0.3000000119
66802  -41.986  -9.465  -26.988 0.5000000000
66790  -42.052  -8.475  -26.650 0.4000000060
67785  -42.694  -7.628  -26.786 0.3000000119
66816  -34.773  -8.785  -28.962 0.5000000000
66798  -35.914  -7.880  -27.717 0.5000000000
67782  -35.804  -7.060  -27.689 0.5000000000
65892  -34.129  -9.226  -30.548 0.6000000238
68824  -36.383  -6.616  -27.240 0.5000000000
67769  -37.051  -7.051  -26.884 0.4000000060
125097  -26.588  -13.768  -32.587 0.6000000238
62803  -27.921  -12.263  -32.652 0.6000000238
64928  -33.872  -10.647  -31.205 0.6000000238
68810  -37.624  -6.486  -26.558 0.4000000060
67770  -37.931  -7.388  -26.599 0.4000000060
61689  -27.675  -13.256  -32.410 0.6000000238
137913  -28.610  -12.432  -32.405 0.6000000238
65904  -33.457  -9.802  -31.369 0.6999999881
123633  -38.980  -6.024  -26.195 0.3000000119
62804  -28.812  -11.789  -32.609 0.6000000238
119080  -32.951  -9.011  -31.652 0.6000000238
128315  -39.791  -6.254  -26.247 0.3000000119
62805  -29.750  -11.607  -32.464 0.6000000238
65903  -32.518  -9.903  -31.715 0.6000000238
64925  -31.054  -10.954  -32.150 0.6000000238
133633  -31.636  -10.849  -31.983 0.6000000238
66837  -31.797  -9.056  -31.986 0.6000000238
130586  -40.815  -7.405  -26.309 0.3000000119
68814  -41.502  -6.830  -26.555 0.3000000119
69679  -41.933  -6.083  -26.982 0.3000000119
68815  -42.354  -6.806  -26.803 0.3000000119
136455  -34.307  -7.600  -29.588 0.6000000238
138509  -34.452  -8.317  -29.377 0.5000000000
68841  -35.189  -6.679  -28.210 0.5000000000
67824  -34.076  -7.841  -30.473 0.6000000238
69686  -36.423  -5.640  -27.105 0.4000000060
120176  -37.314  -5.681  -26.596 0.4000000060
119472  -27.204  -12.482  -32.741 0.6000000238
116484  -27.741  -11.223  -33.071 0.6000000238
65891  -33.752  -8.949  -31.181 0.6000000238
69674  -38.149  -5.826  -26.300 0.3000000119
63886  -28.354  -10.843  -33.008 0.6000000238
63887  -29.161  -10.928  -32.739 0.6000000238
65915  -30.750  -9.445  -32.318 0.6000000238
66838  -32.495  -8.230  -31.961 0.6000000238
64940  -30.506  -10.254  -32.391 0.6000000238
68813  -40.609  -6.526  -26.387 0.3000000119
69678  -41.162  -5.932  -26.756 0.3000000119
70584  -41.608  -5.389  -27.268 0.3000000119
140396  -42.237  -5.548  -27.330 0.3000000119
123274  -34.670  -7.135  -28.786 0.5000000000
69705  -35.077  -5.768  -28.343 0.5000000000
67835  -33.938  -7.437  -31.056 0.6000000238
130484  -34.098  -7.074  -30.453 0.6000000238
70582  -36.261  -4.646  -27.174 0.4000000060
68874  -33.890  -6.720  -31.363 0.6000000238
69673  -36.969  -4.877  -26.702 0.4000000060
121556  -37.857  -4.908  -26.329 0.3000000119
67834  -33.574  -7.433  -31.548 0.6000000238
138276  -29.954  -9.634  -32.601 0.6000000238
67833  -32.903  -7.432  -32.072 0.6000000238
122365  -38.988  -3.708  -26.412 0.3000000119
139186  -32.260  -7.712  -32.172 0.6000000238
69676  -39.549  -5.430  -26.328 0.3000000119
125939  -30.855  -8.652  -32.317 0.6000000238
66847  -31.544  -7.989  -32.249 0.6000000238
70569  -40.580  -4.449  -27.224 0.3000000119
132680  -41.284  -4.761  -27.631 0.3000000119
124213  -34.319  -5.818  -29.878 0.6000000238
68854  -34.338  -6.580  -29.554 0.5000000000
69704  -34.819  -5.079  -28.806 0.5000000000
137555  -35.187  -5.107  -28.310 0.4000000060
122921  -35.627  -5.135  -27.763 0.4000000060
68863  -34.145  -6.248  -30.553 0.6000000238
70581  -35.767  -4.165  -27.664 0.4000000060
126348  -36.240  -3.927  -27.213 0.4000000060
133588  -34.027  -5.940  -31.337 0.6000000238
70565  -36.755  -4.084  -26.816 0.4000000060
131094  -38.064  -3.976  -26.327 0.3000000119
126357  -29.152  -9.429  -32.708 0.6000000238
67843  -33.447  -6.811  -31.971 0.6000000238
72374  -37.704  -2.509  -26.616 0.3000000119
133055  -29.940  -8.914  -32.501 0.6000000238
71464  -38.961  -2.859  -26.561 0.3000000119
68879  -32.760  -6.425  -32.411 0.6000000238
67842  -31.064  -7.154  -32.504 0.6000000238
69730  -34.217  -5.359  -30.676 0.6000000238
70600  -34.684  -4.238  -29.300 0.4000000060
70601  -35.202  -4.406  -28.364 0.4000000060
71476  -35.456  -3.470  -28.135 0.4000000060
69742  -33.973  -5.300  -31.694 0.5000000000
71461  -36.550  -3.342  -26.995 0.4000000060
68873  -33.687  -6.015  -32.070 0.5000000000
71462  -37.346  -3.412  -26.577 0.3000000119
66845  -29.712  -8.442  -32.369 0.6000000238
66846  -30.433  -7.998  -32.341 0.6000000238
69748  -32.134  -5.622  -32.814 0.6000000238
68877  -30.758  -6.404  -32.653 0.6000000238
68878  -31.601  -6.389  -32.625 0.6000000238
69747  -31.166  -5.685  -32.925 0.5000000000
71532  -34.250  -3.276  -30.881 0.4000000060
71518  -34.457  -3.680  -30.122 0.4000000060
71495  -35.032  -3.608  -28.768 0.4000000060
70633  -33.838  -4.592  -32.105 0.5000000000
70634  -34.142  -4.584  -31.251 0.4000000060
72406  -35.149  -2.682  -28.737 0.3000000119
135245  -35.673  -2.604  -27.890 0.3000000119
71477  -35.956  -3.360  -27.501 0.3000000119
70642  -33.285  -4.709  -32.697 0.5000000000
138105  -35.795  -1.320  -27.939 0.3000000119
73280  -36.038  -1.803  -27.608 0.3000000119
69749  -33.090  -5.489  -32.590 0.5000000000
72373  -36.934  -2.621  -26.844 0.3000000119
70641  -32.609  -4.946  -32.967 0.5000000000
74158  -38.680  -0.815  -27.410 0.3000000119
72443  -33.980  -2.982  -31.632 0.3000000119
72432  -34.172  -2.408  -30.833 0.3000000119
117546  -34.470  -2.872  -30.139 0.3000000119
72420  -34.700  -2.412  -29.546 0.3000000119
129543  -33.562  -2.891  -32.450 0.3000000119
71531  -34.045  -3.802  -31.684 0.4000000060
73306  -34.946  -1.752  -29.119 0.3000000119
122291  -33.153  -3.356  -33.112 0.3000000119
73307  -35.478  -1.716  -28.321 0.3000000119
71542  -32.708  -4.124  -33.236 0.4000000060
132762  -36.174  -0.988  -27.703 0.3000000119
118161  -36.731  -1.349  -27.301 0.3000000119
140818  -38.071  -0.648  -27.292 0.3000000119
70640  -31.635  -4.835  -33.232 0.5000000000
121544  -30.732  -5.173  -33.045 0.4000000060
127345  -33.780  -2.178  -31.687 0.3000000119
73331  -33.963  -1.570  -30.969 0.3000000119
119803  -34.285  -1.803  -30.416 0.3000000119
72454  -33.345  -1.952  -32.477 0.3000000119
73319  -34.549  -1.702  -29.830 0.3000000119
136796  -32.967  -2.546  -33.245 0.3000000119
75140  -35.185  -0.349  -28.829 0.3000000119
74181  -35.652  -0.788  -28.233 0.3000000119
71545  -31.990  -2.768  -33.710 0.3000000119
72462  -32.298  -1.954  -33.534 0.3000000119
74155  -36.225  -0.179  -27.846 0.3000000119
74156  -36.840  -0.509  -27.465 0.3000000119
71544  -30.805  -2.899  -33.674 0.3000000119
71541  -31.500  -3.729  -33.557 0.4000000060
140175  -36.249  0.529  -28.034 0.3000000119
75118  -36.947  0.435  -27.731 0.3000000119
75120  -38.340  -0.077  -27.663 0.3000000119
70639  -30.523  -4.441  -33.197 0.4000000060
74182  -39.043  -0.274  -27.939 0.3000000119
75144  -39.343  0.109  -28.674 0.3000000119
73353  -33.089  -1.118  -32.542 0.3000000119
73341  -33.533  -1.303  -31.730 0.3000000119
74213  -33.782  -0.591  -30.926 0.3000000119
73332  -34.280  -1.142  -30.293 0.3000000119
74214  -34.278  -0.303  -30.062 0.3000000119
126372  -32.919  -1.732  -33.059 0.3000000119
124425  -34.718  0.054  -29.379 0.3000000119
72461  -31.347  -2.166  -33.844 0.3000000119
73351  -31.679  -1.433  -33.808 0.3000000119
116127  -35.222  0.535  -28.811 0.3000000119
75142  -36.600  1.197  -28.113 0.3000000119
76142  -37.365  1.234  -28.082 0.3000000119
71540  -30.085  -3.595  -33.261 0.4000000060
76156  -38.077  1.304  -28.299 0.3000000119
137640  -38.616  1.337  -28.692 0.3000000119
76157  -39.138  0.931  -28.973 0.3000000119
75170  -39.627  0.350  -29.503 0.3000000119
74225  -33.232  -0.423  -31.833 0.3000000119
75193  -33.387  0.292  -31.225 0.3000000119
75181  -33.862  0.352  -30.451 0.3000000119
74224  -32.580  -0.260  -32.691 0.3000000119
76191  -33.465  1.068  -30.780 0.3000000119
117337  -30.893  -1.030  -34.103 0.3000000119
74233  -31.890  -0.615  -33.622 0.3000000119
75182  -34.307  0.451  -29.823 0.3000000119
75168  -34.685  0.929  -29.310 0.3000000119
125342  -35.840  0.987  -28.347 0.3000000119
124941  -30.775  -1.680  -34.003 0.3000000119
76176  -34.679  1.866  -29.233 0.3000000119
75169  -35.306  1.462  -28.754 0.3000000119
72460  -30.196  -2.230  -33.837 0.4000000060
76154  -36.190  1.956  -28.407 0.3000000119
72453  -29.517  -2.844  -33.352 0.4000000060
76155  -37.040  1.889  -28.303 0.3000000119
137089  -37.652  1.785  -28.414 0.3000000119
71539  -29.091  -3.264  -32.505 0.4000000060
76177  -38.923  1.687  -29.250 0.3000000119
76178  -39.422  1.188  -29.749 0.3000000119
76192  -39.564  1.344  -30.628 0.3000000119
75192  -32.878  0.407  -31.932 0.3000000119
76203  -33.077  0.954  -31.451 0.3000000119
75202  -31.835  0.346  -33.340 0.3000000119
75203  -32.399  0.593  -32.512 0.3000000119
74243  -30.049  -0.510  -34.368 0.3000000119
76153  -35.442  2.419  -28.756 0.3000000119
77085  -36.889  2.524  -28.535 0.3000000119
77110  -38.032  2.692  -29.050 0.3000000119
77111  -38.607  2.400  -29.476 0.3000000119
72442  -29.005  -2.622  -31.635 0.3000000119
77132  -39.200  1.971  -30.007 0.3000000119
76204  -39.579  1.416  -31.554 0.3000000119
76213  -31.309  1.277  -33.542 0.3000000119
76202  -32.531  1.291  -32.014 0.3000000119
77129  -33.009  2.525  -30.927 0.3000000119
75167  -34.035  1.258  -29.934 0.3000000119
75218  -30.832  0.356  -34.250 0.3000000119
76226  -30.482  1.052  -34.403 0.3000000119
77107  -34.079  2.318  -29.735 0.3000000119
77108  -34.765  2.823  -29.162 0.3000000119
78016  -34.174  3.243  -29.617 0.3000000119
77109  -35.568  3.326  -28.886 0.3000000119
77986  -36.312  2.921  -28.657 0.3000000119
77987  -37.338  3.257  -28.984 0.3000000119
78018  -38.225  3.138  -29.646 0.3000000119
127748  -38.451  3.451  -30.619 0.3000000119
77131  -38.850  2.697  -30.311 0.3000000119
130266  -39.310  2.104  -30.922 0.3000000119
77144  -38.904  2.791  -31.435 0.3000000119
135338  -39.290  2.061  -31.756 0.3000000119
76215  -39.447  1.488  -32.555 0.3000000119
76212  -30.532  1.830  -34.201 0.3000000119
125763  -31.093  2.173  -33.457 0.3000000119
77143  -32.472  2.281  -31.704 0.3000000119
76225  -29.619  1.433  -34.811 0.3000000119
77152  -31.220  2.925  -33.056 0.3000000119
126760  -33.559  2.840  -30.224 0.3000000119
75227  -28.583  1.267  -35.033 0.3000000119
75201  -28.453  0.085  -33.649 0.3000000119
78876  -37.077  4.055  -29.358 0.3000000119
78017  -37.787  3.987  -29.882 0.3000000119
77163  -29.064  3.005  -35.245 0.3000000119
77173  -27.719  2.819  -35.260 0.3000000119
77162  -28.098  2.950  -35.574 0.3000000119
77161  -27.593  2.575  -34.823 0.3000000119
76223  -27.852  1.872  -34.933 0.3000000119
76232  -28.040  1.892  -35.291 0.3000000119
131425  -29.738  2.222  -34.795 0.3000000119
76211  -28.450  1.103  -33.327 0.3000000119
76210  -27.952  1.862  -34.149 0.3000000119
61671  -33.065  -13.751  -31.850 0.6999999881
122857  -34.243  -13.154  -31.395 0.5000000000
119516  -33.136  -12.275  -31.772 0.6000000238
54552  -28.742  -20.252  -33.236 0.6999999881
127469  -34.300  -49.605  -29.629 0.3000000119
25226  -34.074  -48.719  -29.340 0.3000000119
25227  -34.848  -48.449  -30.097 0.3000000119
26199  -34.975  -47.458  -30.632 0.3000000119
26214  -35.129  -47.642  -31.372 0.4000000060
26231  -34.968  -48.054  -32.149 0.4000000060
125853  -33.251  -48.433  -31.558 0.4000000060
26222  -32.036  -48.626  -31.090 0.4000000060
26211  -30.648  -47.791  -31.059 0.4000000060
120450  -30.428  -47.040  -31.687 0.4000000060
125105  -31.722  -44.013  -32.628 0.4000000060
29219  -30.940  -45.691  -32.402 0.4000000060
32094  -31.880  -42.503  -32.325 0.4000000060
124817  -33.535  -37.935  -32.434 0.4000000060
33971  -31.988  -40.399  -22.497 0.3000000119
34939  -33.266  -39.581  -22.837 0.3000000119
34940  -33.972  -39.525  -23.260 0.3000000119
36981  -34.349  -37.376  -32.771 0.5000000000
35942  -35.494  -38.878  -26.095 0.3000000119
36903  -35.387  -37.995  -26.376 0.3000000119
37947  -35.495  -37.125  -33.419 0.5000000000
38941  -35.502  -35.529  -32.665 0.5000000000
42885  -41.807  -31.525  -29.267 0.3000000119
43869  -41.593  -30.720  -28.789 0.3000000119
43884  -42.186  -30.669  -29.290 0.3000000119
39992  -37.749  -34.483  -33.396 0.6000000238
44956  -42.200  -29.182  -28.885 0.4000000060
40003  -38.811  -34.698  -34.277 0.6000000238
45947  -42.421  -28.273  -28.999 0.4000000060
46911  -43.520  -27.459  -30.031 0.4000000060
48003  -42.975  -26.142  -30.756 0.4000000060
49197  -43.557  -25.687  -31.761 0.4000000060
49207  -43.956  -25.293  -32.084 0.4000000060
44982  -26.280  -29.594  -30.223 0.4000000060
44964  -27.443  -29.464  -29.331 0.5000000000
45956  -28.070  -29.022  -28.842 0.5000000000
42955  -39.245  -31.404  -36.235 0.6999999881
52379  -44.504  -23.178  -29.389 0.4000000060
42953  -38.493  -30.624  -35.900 0.6999999881
52369  -44.958  -22.301  -28.895 0.4000000060
46905  -28.534  -27.559  -28.669 0.5000000000
47981  -29.916  -25.851  -29.329 0.6000000238
116111  -29.226  -26.673  -28.735 0.6000000238
47998  -30.619  -25.808  -30.246 0.8000000119
45017  -38.128  -28.804  -37.044 0.8000000119
45019  -38.947  -29.574  -35.634 0.6999999881
46003  -37.382  -28.290  -36.831 0.8000000119
43931  -37.989  -29.922  -35.970 0.6999999881
54500  -45.187  -20.803  -28.515 0.4000000060
46004  -38.223  -28.420  -36.956 0.8000000119
49204  -30.429  -25.645  -31.389 0.8000000119
127163  -35.717  -27.439  -36.661 0.8000000119
46002  -35.899  -28.124  -36.306 0.8000000119
54472  -44.613  -19.782  -28.114 0.4000000060
135548  -29.479  -25.131  -32.634 0.6999999881
46949  -34.532  -27.694  -35.515 0.8000000119
49214  -29.575  -25.304  -33.406 0.6999999881
49222  -30.084  -25.863  -33.752 0.6999999881
132950  -33.344  -27.237  -35.119 0.8000000119
49223  -30.790  -26.209  -34.176 0.6999999881
48030  -31.650  -26.442  -34.567 0.6000000238
57340  -44.265  -17.879  -27.938 0.3000000119
59430  -40.544  -15.291  -27.127 0.4000000060
58284  -42.311  -16.742  -27.191 0.4000000060
57338  -42.836  -17.479  -27.270 0.4000000060
57339  -43.598  -17.313  -27.645 0.3000000119
60520  -40.134  -14.610  -27.550 0.4000000060
59431  -41.381  -15.465  -27.267 0.4000000060
58283  -41.530  -16.259  -27.039 0.4000000060
60533  -39.722  -14.051  -28.193 0.4000000060
61630  -40.956  -13.550  -29.047 0.4000000060
61642  -41.295  -13.173  -29.976 0.5000000000
60532  -38.830  -13.985  -28.378 0.5000000000
62768  -40.270  -12.696  -30.173 0.5000000000
61643  -42.167  -13.212  -30.000 0.4000000060
61653  -41.669  -12.880  -30.631 0.5000000000
61638  -37.871  -13.101  -29.228 0.5000000000
123047  -38.077  -12.564  -29.449 0.5000000000
62766  -38.800  -12.388  -29.638 0.4000000060
63875  -41.919  -11.102  -31.105 0.5000000000
65893  -41.767  -10.046  -30.372 0.5000000000
140193  -43.100  -10.017  -29.101 0.5000000000
57379  -21.428  -17.235  -31.658 0.5000000000
65855  -43.287  -9.727  -27.780 0.5000000000
67786  -43.502  -7.765  -27.045 0.4000000060
59486  -22.271  -14.490  -32.028 0.6000000238
58338  -22.691  -15.680  -31.903 0.6000000238
133282  -23.481  -16.043  -31.946 0.6000000238
121720  -24.379  -15.136  -32.312 0.6000000238
68825  -43.177  -6.848  -26.994 0.3000000119
60586  -24.738  -14.322  -32.483 0.6000000238
123714  -25.935  -13.625  -32.641 0.6000000238
69687  -42.719  -6.087  -27.108 0.3000000119
117591  -42.880  -5.323  -27.415 0.3000000119
61687  -26.230  -12.827  -32.691 0.6000000238
62802  -27.047  -11.637  -33.010 0.6000000238
64938  -28.495  -9.993  -32.983 0.6000000238
65914  -29.108  -8.882  -32.543 0.6000000238
67840  -29.842  -7.832  -32.269 0.6000000238
67841  -30.360  -7.157  -32.403 0.6000000238
68872  -30.136  -6.427  -32.398 0.5000000000
69746  -30.429  -5.747  -32.736 0.5000000000
70632  -29.962  -5.056  -32.655 0.4000000060
70638  -29.364  -4.187  -32.332 0.4000000060
71530  -29.119  -3.391  -31.309 0.4000000060
78904  -38.025  4.146  -31.021 0.3000000119
77153  -38.538  3.011  -32.420 0.3000000119
76199  -28.552  2.070  -32.913 0.3000000119
76200  -29.210  1.475  -32.148 0.3000000119
50343  -44.367  -24.370  -30.888 0.4000000060
62788  -41.877  -11.998  -31.162 0.5000000000
26213  -33.186  -47.647  -31.153 0.4000000060
29164  -32.020  -45.504  -27.705 0.3000000119
29165  -32.595  -45.143  -28.394 0.3000000119
30109  -32.546  -44.596  -28.603 0.3000000119
117056  -31.220  -45.591  -30.277 0.4000000060
32059  -31.576  -42.555  -27.921 0.3000000119
31093  -32.253  -43.923  -28.396 0.3000000119
36005  -32.396  -38.778  -31.694 0.4000000060
32010  -29.973  -42.633  -24.976 0.3000000119
34073  -30.709  -40.751  -30.324 0.4000000060
34981  -30.411  -39.177  -25.937 0.3000000119
37936  -34.041  -36.547  -32.349 0.4000000060
36891  -34.941  -37.361  -25.794 0.3000000119
37834  -33.994  -36.927  -24.795 0.3000000119
126299  -37.174  -34.102  -26.143 0.3000000119
41935  -39.024  -32.707  -27.102 0.3000000119
40967  -33.161  -33.410  -25.795 0.3000000119
39905  -34.617  -34.110  -25.315 0.3000000119
40969  -34.959  -33.354  -25.442 0.3000000119
41946  -41.229  -32.151  -28.992 0.3000000119
41933  -33.563  -32.428  -26.980 0.3000000119
41908  -35.337  -32.584  -25.544 0.3000000119
41993  -36.585  -32.500  -31.388 0.6000000238
43870  -41.898  -29.960  -28.851 0.4000000060
42002  -37.812  -32.525  -32.451 0.6000000238
46910  -42.802  -27.466  -29.509 0.4000000060
42021  -40.886  -32.628  -35.895 0.6999999881
43858  -35.400  -30.367  -27.327 0.4000000060
44953  -36.136  -29.308  -28.407 0.4000000060
44986  -37.051  -29.385  -30.146 0.6000000238
44999  -38.043  -29.453  -31.734 0.6999999881
42956  -39.964  -31.397  -36.229 0.6999999881
47946  -38.276  -26.465  -26.541 0.4000000060
121394  -37.223  -28.388  -30.809 0.6000000238
50342  -42.833  -24.483  -32.643 0.4000000060
43925  -39.512  -30.234  -34.697 0.6999999881
52378  -43.662  -23.001  -29.502 0.4000000060
45971  -26.104  -28.805  -30.155 0.3000000119
45012  -38.700  -29.006  -34.771 0.6999999881
43934  -39.365  -30.699  -36.070 0.6999999881
48021  -36.599  -26.923  -33.216 0.6999999881
46005  -38.358  -28.462  -36.082 0.8000000119
49233  -37.555  -25.485  -37.426 0.6999999881
52376  -42.050  -21.181  -31.052 0.4000000060
49228  -36.505  -24.207  -36.072 0.6000000238
48031  -32.540  -26.609  -35.149 0.6999999881
135112  -33.402  -26.583  -35.644 0.6999999881
134976  -31.901  -24.768  -35.159 0.6000000238
128819  -45.015  -18.142  -28.322 0.4000000060
56431  -43.984  -18.631  -27.753 0.3000000119
50352  -35.240  -23.733  -32.020 0.6000000238
51382  -35.002  -23.616  -34.487 0.6000000238
49221  -29.768  -25.206  -34.075 0.6999999881
120125  -30.894  -23.374  -34.559 0.6999999881
50371  -31.123  -24.342  -34.831 0.6999999881
48027  -31.395  -26.731  -33.803 0.8000000119
51387  -31.562  -23.579  -34.639 0.6999999881
51345  -36.174  -23.110  -30.210 0.4000000060
54516  -39.938  -20.004  -29.943 0.3000000119
54495  -40.277  -20.369  -28.702 0.3000000119
54469  -41.459  -20.474  -27.460 0.3000000119
123249  -42.527  -19.064  -27.080 0.3000000119
52408  -25.765  -21.868  -31.322 0.6999999881
54493  -38.476  -19.906  -29.147 0.4000000060
59416  -39.165  -15.832  -26.641 0.4000000060
58273  -40.159  -16.908  -26.471 0.4000000060
55459  -39.350  -19.560  -27.287 0.4000000060
54467  -39.764  -20.062  -27.917 0.4000000060
59414  -37.550  -16.026  -26.748 0.5000000000
56410  -40.401  -18.503  -26.543 0.4000000060
58274  -40.861  -16.563  -26.711 0.4000000060
52375  -34.955  -22.190  -29.789 0.5000000000
53497  -25.352  -21.322  -31.641 0.6999999881
137900  -36.601  -18.070  -27.029 0.5000000000
54551  -28.154  -20.199  -33.347 0.8000000119
53481  -30.893  -21.061  -30.963 0.6999999881
61627  -38.317  -13.521  -28.928 0.5000000000
61652  -40.952  -12.794  -30.449 0.5000000000
55509  -21.962  -19.131  -31.250 0.5000000000
119738  -34.115  -18.770  -28.397 0.5000000000
54527  -30.539  -20.280  -30.673 0.6999999881
55502  -29.621  -19.199  -30.832 0.8000000119
130422  -22.462  -17.857  -31.639 0.5000000000
56490  -29.121  -18.477  -31.003 0.6000000238
65837  -40.504  -9.674  -27.123 0.4000000060
57387  -23.395  -17.421  -31.831 0.5000000000
57389  -25.332  -17.353  -32.442 0.6999999881
137657  -30.601  -17.393  -30.162 0.6999999881
59473  -31.171  -15.485  -30.624 0.6999999881
57391  -26.998  -17.309  -32.676 0.6000000238
60576  -30.792  -13.793  -31.388 0.6000000238
138584  -28.222  -14.719  -31.751 0.6000000238
136048  -42.885  -10.086  -28.532 0.5000000000
134488  -22.222  -16.189  -31.795 0.5000000000
63863  -35.334  -11.860  -29.962 0.5000000000
64892  -35.871  -10.670  -28.769 0.4000000060
57372  -31.312  -17.154  -30.094 0.6999999881
138684  -31.695  -15.957  -30.551 0.6999999881
60578  -32.641  -14.260  -31.702 0.6999999881
123324  -32.296  -12.240  -31.901 0.6000000238
136109  -27.648  -15.194  -32.099 0.6000000238
131250  -31.568  -12.284  -32.022 0.6000000238
61672  -33.821  -13.856  -31.680 0.5000000000
64915  -34.343  -10.628  -30.555 0.5000000000
121784  -33.490  -13.094  -31.722 0.6000000238
67771  -38.736  -7.290  -26.362 0.4000000060
63873  -33.555  -11.475  -31.496 0.6999999881
64927  -33.101  -10.658  -31.556 0.6000000238
68812  -39.241  -6.806  -26.232 0.4000000060
62784  -29.204  -12.648  -32.120 0.6000000238
66826  -34.326  -8.951  -29.768 0.6000000238
66817  -35.430  -8.468  -28.269 0.4000000060
64914  -34.036  -9.827  -30.949 0.6000000238
67800  -34.748  -7.980  -28.804 0.5000000000
67801  -35.278  -7.536  -28.211 0.5000000000
68823  -35.714  -6.155  -27.681 0.4000000060
68809  -36.934  -6.306  -26.846 0.4000000060
69675  -38.720  -5.219  -26.263 0.3000000119
70568  -39.319  -4.604  -26.406 0.3000000119
66839  -33.294  -8.177  -31.591 0.6000000238
64926  -31.501  -10.180  -32.034 0.6000000238
66840  -33.829  -8.075  -31.130 0.6000000238
69677  -40.360  -5.679  -26.499 0.3000000119
70570  -40.874  -5.161  -26.988 0.3000000119
68840  -34.564  -5.798  -29.117 0.6000000238
70566  -37.384  -4.259  -26.522 0.4000000060
70567  -38.584  -4.486  -26.302 0.3000000119
122528  -32.020  -7.182  -32.366 0.6000000238
119504  -40.114  -4.860  -26.623 0.3000000119
69718  -34.490  -5.135  -29.648 0.5000000000
70627  -34.374  -4.493  -30.296 0.4000000060
121523  -34.271  -3.962  -30.856 0.4000000060
71507  -34.737  -3.248  -29.408 0.4000000060
130182  -36.649  -2.049  -27.171 0.3000000119
128261  -38.172  -1.384  -26.955 0.3000000119
73281  -37.473  -0.958  -27.187 0.3000000119
138697  -33.818  -3.382  -32.118 0.4000000060
71543  -33.568  -3.846  -32.581 0.4000000060
74199  -34.718  -0.902  -29.474 0.3000000119
134728  -32.547  -3.309  -33.470 0.3000000119
74157  -37.594  -0.162  -27.481 0.3000000119
75119  -37.844  0.608  -27.843 0.3000000119
73352  -32.503  -1.151  -33.248 0.3000000119
75141  -35.705  0.126  -28.325 0.3000000119
75143  -38.659  0.613  -28.240 0.3000000119
77087  -38.233  1.984  -28.803 0.3000000119
117272  -39.806  0.506  -30.389 0.3000000119
76190  -33.019  1.672  -31.236 0.3000000119
74244  -31.211  -0.300  -34.096 0.3000000119
76214  -32.029  1.125  -32.776 0.3000000119
77130  -33.502  1.934  -30.453 0.3000000119
75217  -29.443  0.437  -34.619 0.3000000119
76201  -31.832  2.011  -32.637 0.3000000119
75200  -28.202  1.104  -34.359 0.3000000119
77998  -36.421  3.752  -28.992 0.3000000119
77154  -38.997  2.333  -32.433 0.3000000119
76228  -39.393  1.276  -33.660 0.3000000119
77151  -30.336  2.845  -34.218 0.3000000119
77142  -31.876  3.007  -32.137 0.3000000119
78040  -31.286  3.790  -32.597 0.3000000119
75191  -28.972  0.484  -32.469 0.3000000119
75180  -29.716  0.926  -31.403 0.3000000119
78033  -38.389  3.541  -31.668 0.3000000119
26220  -30.273  -48.364  -31.687 0.4000000060
122333  -38.410  -29.261  -36.616 0.6999999881
117125  -34.809  -28.201  -35.066 0.8000000119
48028  -32.374  -27.134  -34.255 0.8000000119
61631  -41.871  -13.511  -29.061 0.4000000060
61628  -39.427  -13.658  -28.867 0.4000000060
61641  -40.506  -13.156  -29.814 0.4000000060
63890  -45.568  -11.467  -32.341 0.3000000119
64931  -44.285  -10.529  -31.686 0.4000000060
64942  -45.801  -10.463  -32.630 0.3000000119
62789  -42.601  -12.422  -31.143 0.4000000060
64929  -42.637  -10.627  -31.218 0.4000000060
65917  -45.322  -9.508  -32.189 0.3000000119
65907  -43.990  -9.560  -31.268 0.4000000060
65905  -42.513  -9.826  -30.944 0.4000000060
65906  -43.144  -9.702  -31.122 0.4000000060
65887  -44.341  -9.590  -29.476 0.3000000119
65895  -42.947  -9.544  -30.636 0.4000000060
65877  -45.161  -9.153  -29.255 0.3000000119
66827  -44.842  -9.184  -30.155 0.3000000119
65875  -43.695  -9.876  -28.692 0.4000000060
65886  -43.184  -9.626  -29.917 0.4000000060
66818  -45.148  -8.701  -28.483 0.3000000119
66805  -44.514  -8.785  -27.870 0.3000000119
59487  -23.457  -15.283  -32.078 0.5000000000
67787  -44.322  -7.944  -27.421 0.3000000119
66804  -43.671  -8.823  -27.343 0.3000000119
62782  -22.202  -12.017  -31.893 0.5000000000
61684  -22.983  -12.806  -32.272 0.5000000000
61685  -24.683  -12.560  -32.652 0.5000000000
68826  -44.057  -6.993  -27.203 0.3000000119
129196  -25.019  -11.908  -32.722 0.5000000000
63885  -26.743  -10.511  -33.183 0.5000000000
64935  -25.301  -10.046  -32.553 0.5000000000
65911  -26.653  -9.496  -32.670 0.5000000000
64936  -26.138  -9.866  -32.838 0.5000000000
65912  -27.428  -9.272  -32.847 0.4000000060
64924  -25.696  -9.671  -32.219 0.5000000000
64923  -24.912  -9.958  -32.161 0.5000000000
121505  -26.980  -9.664  -33.026 0.5000000000
65900  -27.306  -9.265  -32.178 0.4000000060
65902  -28.613  -8.817  -32.419 0.5000000000
65899  -26.603  -9.528  -31.723 0.4000000060
65890  -27.808  -9.005  -31.249 0.4000000060
125990  -29.203  -8.335  -32.102 0.5000000000
66830  -28.474  -8.588  -31.578 0.4000000060
66824  -28.264  -8.760  -30.189 0.4000000060
66831  -28.915  -8.210  -30.833 0.5000000000
67831  -29.446  -7.728  -31.479 0.4000000060
67823  -29.154  -7.579  -30.300 0.5000000000
130751  -29.577  -7.059  -30.964 0.4000000060
69740  -29.805  -5.721  -32.139 0.4000000060
68862  -29.439  -6.318  -30.510 0.3000000119
69739  -29.544  -5.662  -31.069 0.3000000119
128319  -29.468  -4.958  -31.611 0.3000000119
68853  -29.279  -6.161  -29.469 0.3000000119
69729  -29.355  -5.615  -30.152 0.3000000119
128187  -29.348  -4.944  -30.515 0.3000000119
124702  -29.240  -4.192  -30.961 0.3000000119
69717  -29.446  -5.150  -29.561 0.3000000119
70626  -29.415  -4.308  -30.017 0.3000000119
132470  -21.971  -11.979  -31.450 0.5000000000
62808  -46.374  -11.974  -32.409 0.3000000119
63877  -43.284  -12.170  -31.386 0.4000000060
62771  -22.258  -11.747  -31.215 0.4000000060
62783  -22.723  -11.505  -31.746 0.5000000000
63868  -23.449  -10.926  -31.900 0.4000000060
65889  -27.251  -9.363  -31.153 0.5000000000
61640  -39.623  -13.163  -29.551 0.4000000060
64937  -27.622  -10.233  -33.182 0.5000000000
60534  -40.599  -14.023  -28.154 0.4000000060
61639  -38.730  -13.014  -29.489 0.3000000119
61654  -42.440  -12.978  -30.769 0.4000000060
64918  -42.015  -10.209  -30.908 0.4000000060
65856  -44.014  -9.454  -27.950 0.3000000119
60585  -23.538  -14.165  -32.221 0.5000000000
125839  -24.206  -13.340  -32.470 0.5000000000
61686  -25.521  -12.686  -32.693 0.5000000000
123195  -26.552  -12.142  -32.816 0.5000000000
65913  -28.264  -9.203  -32.771 0.5000000000
67832  -29.840  -7.114  -32.014 0.4000000060
63891  -46.358  -11.228  -32.852 0.3000000119
63889  -44.752  -11.269  -32.039 0.4000000060
64941  -45.043  -10.507  -32.179 0.3000000119
64930  -43.528  -10.552  -31.393 0.4000000060
63878  -43.983  -11.550  -31.621 0.4000000060
62778  -42.717  -12.766  -31.028 0.4000000060
66833  -44.477  -8.935  -30.980 0.3000000119
65908  -44.783  -9.088  -31.464 0.3000000119
65896  -43.778  -9.371  -30.560 0.4000000060
65876  -44.558  -9.403  -28.561 0.3000000119
67802  -45.047  -8.020  -27.916 0.3000000119
60573  -21.273  -13.206  -31.692 0.5000000000
61665  -21.504  -12.418  -31.455 0.5000000000
60584  -22.376  -13.467  -32.094 0.5000000000
62798  -23.102  -11.745  -32.219 0.5000000000
137022  -23.819  -12.385  -32.483 0.5000000000
62799  -24.109  -11.560  -32.518 0.5000000000
124340  -25.737  -11.797  -32.802 0.5000000000
62800  -24.922  -11.166  -32.661 0.5000000000
121923  -25.544  -10.945  -32.864 0.5000000000
63883  -25.049  -10.515  -32.558 0.5000000000
64922  -24.560  -10.236  -32.277 0.5000000000
65901  -27.980  -8.954  -32.395 0.4000000060
63884  -25.789  -10.405  -32.928 0.4000000060
68871  -29.725  -6.395  -31.596 0.3000000119
131284  -29.251  -6.860  -30.003 0.3000000119
61673  -43.467  -12.787  -31.229 0.4000000060
46922  -32.100  -27.206  -29.840 0.6999999881
46944  -33.698  -27.763  -34.283 0.6999999881
137716  -31.965  -27.146  -33.351 0.6999999881
130237  -32.246  -27.200  -32.371 0.6999999881
48008  -31.467  -26.621  -31.736 0.6999999881
48000  -31.701  -26.699  -30.627 0.6999999881
48019  -31.411  -26.813  -32.768 0.6999999881
48007  -30.820  -26.250  -32.210 0.6999999881
47999  -31.032  -26.208  -31.057 0.6999999881
122907  -42.155  -15.823  -27.405 0.3000000119
135132  -42.903  -16.166  -27.601 0.3000000119
60522  -42.065  -14.868  -27.704 0.3000000119
59449  -43.679  -14.860  -28.519 0.3000000119
132831  -42.693  -13.653  -29.217 0.3000000119
59448  -42.953  -14.873  -28.167 0.3000000119
48018  -30.672  -26.358  -33.319 0.6999999881
60536  -42.427  -14.162  -28.436 0.3000000119
139406  -43.225  -13.787  -29.304 0.3000000119
61645  -43.977  -13.411  -30.360 0.3000000119
60564  -44.640  -13.440  -30.721 0.3000000119
49215  -30.058  -25.726  -32.704 0.6000000238
60521  -41.052  -14.682  -27.592 0.3000000119
60535  -41.517  -14.057  -28.214 0.3000000119
61655  -43.276  -13.078  -30.924 0.3000000119
61656  -44.094  -13.152  -31.156 0.3000000119
137800  -44.304  -12.954  -31.441 0.3000000119
62806  -44.812  -12.134  -31.996 0.3000000119
61629  -40.119  -13.594  -28.968 0.3000000119
62790  -44.118  -12.542  -31.574 0.3000000119
45995  -35.656  -28.699  -35.155 0.6999999881
45996  -36.572  -29.055  -35.880 0.6999999881
46908  -32.233  -27.751  -29.318 0.6999999881
46945  -34.617  -28.339  -33.895 0.6999999881
46936  -33.975  -28.074  -32.740 0.6999999881
46935  -32.886  -27.498  -33.170 0.6999999881
133100  -32.052  -26.975  -31.516 0.6999999881
46907  -31.665  -27.356  -29.093 0.6999999881
137469  -31.140  -26.294  -30.135 0.6999999881
136469  -43.636  -16.504  -27.820 0.3000000119
59433  -43.502  -15.627  -28.063 0.3000000119
60538  -44.304  -14.613  -28.936 0.3000000119
60552  -44.736  -13.957  -29.750 0.3000000119
60565  -45.389  -13.675  -30.425 0.3000000119
61657  -44.964  -13.194  -31.300 0.3000000119
61675  -45.706  -12.898  -31.682 0.3000000119
62807  -45.647  -12.416  -32.073 0.3000000119
58285  -43.063  -16.838  -27.490 0.3000000119
61644  -43.105  -13.348  -29.972 0.3000000119
60551  -43.790  -13.924  -29.381 0.3000000119
35054  -35.818  -39.433  -34.391 0.4000000060
36033  -36.158  -38.729  -34.469 0.4000000060
35052  -34.347  -39.708  -33.289 0.4000000060
35059  -36.351  -39.349  -35.151 0.4000000060
40002  -37.378  -35.270  -33.606 0.5000000000
38953  -37.148  -36.254  -34.039 0.4000000060
37948  -36.331  -36.821  -33.782 0.4000000060
36989  -36.473  -37.855  -34.374 0.4000000060
36988  -35.308  -37.898  -33.539 0.4000000060
37949  -37.369  -37.356  -34.839 0.5000000000
36044  -36.709  -38.563  -35.280 0.4000000060
36045  -36.868  -38.119  -35.654 0.4000000060
38952  -36.069  -35.986  -33.310 0.4000000060
38954  -38.314  -36.077  -34.728 0.5000000000
37962  -37.660  -37.336  -35.759 0.5000000000
36048  -35.724  -39.203  -35.778 0.5000000000
38965  -38.121  -36.861  -35.349 0.5000000000
38966  -38.811  -36.278  -35.829 0.5000000000
37006  -36.689  -38.070  -35.920 0.5000000000
37968  -34.340  -37.416  -35.607 0.5000000000
37004  -33.560  -38.005  -35.512 0.5000000000
37971  -37.638  -37.189  -36.107 0.5000000000
38967  -39.557  -35.335  -36.170 0.6000000238
37005  -35.718  -38.322  -35.864 0.5000000000
128962  -36.804  -36.464  -36.163 0.5000000000
37969  -35.587  -37.357  -35.884 0.5000000000
138068  -33.632  -36.562  -35.280 0.6000000238
128995  -33.577  -35.119  -34.708 0.5000000000
40004  -39.977  -34.789  -35.560 0.6000000238
38973  -37.963  -36.492  -36.234 0.6000000238
40023  -39.941  -34.543  -36.492 0.6000000238
38972  -35.571  -36.383  -35.851 0.5000000000
38971  -34.460  -36.460  -35.529 0.6000000238
38963  -33.605  -35.879  -35.061 0.6000000238
139535  -33.491  -34.516  -34.397 0.5000000000
39988  -31.253  -34.210  -33.103 0.5000000000
40000  -32.140  -34.504  -33.750 0.5000000000
40001  -32.987  -34.199  -33.996 0.5000000000
41069  -31.845  -34.001  -33.315 0.5000000000
42893  -29.860  -31.588  -28.919 0.4000000060
40022  -38.026  -35.524  -36.342 0.6000000238
42881  -30.308  -30.820  -28.700 0.5000000000
41087  -39.181  -33.842  -36.512 0.6000000238
130783  -36.963  -35.735  -36.090 0.5000000000
42894  -30.755  -31.409  -29.241 0.5000000000
41085  -37.170  -34.327  -35.946 0.6000000238
135371  -36.096  -34.036  -35.450 0.6000000238
42895  -31.522  -31.190  -29.713 0.5000000000
40015  -35.372  -34.306  -35.228 0.6000000238
41080  -34.641  -33.783  -34.619 0.6000000238
40014  -34.383  -34.621  -34.872 0.5000000000
41050  -31.317  -33.279  -32.172 0.5000000000
40013  -33.784  -33.984  -34.301 0.5000000000
42009  -32.933  -33.313  -33.403 0.5000000000
41071  -33.302  -33.618  -33.812 0.5000000000
42892  -28.878  -31.642  -28.905 0.4000000060
43880  -29.377  -30.857  -28.646 0.5000000000
41953  -28.496  -32.458  -29.242 0.4000000060
44951  -30.511  -29.275  -28.368 0.5000000000
41088  -40.284  -33.454  -36.580 0.6000000238
43881  -31.257  -30.597  -28.955 0.5000000000
42025  -38.852  -32.656  -36.293 0.6000000238
134239  -31.931  -30.585  -29.520 0.5000000000
41081  -36.523  -33.444  -35.425 0.6000000238
127307  -35.527  -33.538  -34.946 0.6000000238
42018  -34.960  -33.018  -34.373 0.6000000238
41998  -31.888  -33.000  -32.478 0.5000000000
41072  -34.089  -33.333  -34.079 0.6000000238
41999  -32.451  -32.724  -32.598 0.5000000000
117883  -33.061  -32.701  -32.957 0.5000000000
42935  -32.961  -32.092  -32.268 0.5000000000
43879  -28.410  -30.769  -28.851 0.4000000060
44966  -28.992  -30.068  -28.551 0.5000000000
45943  -30.905  -28.310  -28.406 0.5000000000
45944  -31.775  -28.192  -28.727 0.5000000000
44967  -32.026  -29.101  -28.783 0.5000000000
44968  -32.618  -29.317  -29.404 0.5000000000
42020  -37.903  -31.706  -35.627 0.6000000238
44984  -33.064  -29.538  -29.937 0.5000000000
43894  -32.261  -30.925  -30.253 0.5000000000
129055  -36.808  -31.974  -34.928 0.6000000238
42011  -35.392  -32.145  -34.051 0.6000000238
41992  -32.215  -32.401  -32.083 0.5000000000
42010  -34.475  -32.581  -33.732 0.5000000000
43908  -32.875  -31.046  -30.970 0.5000000000
42927  -33.356  -31.250  -31.658 0.5000000000
139362  -33.423  -32.131  -32.650 0.5000000000
45942  -29.966  -28.405  -28.318 0.5000000000
46923  -32.797  -27.827  -29.997 0.6000000238
45972  -33.154  -28.691  -29.963 0.5000000000
42952  -37.104  -31.059  -34.941 0.6000000238
42951  -36.179  -31.787  -34.439 0.6000000238
44985  -33.507  -29.322  -30.525 0.5000000000
43895  -33.063  -30.222  -30.371 0.5000000000
42944  -35.886  -31.129  -33.972 0.6000000238
42943  -34.953  -31.644  -33.391 0.5000000000
43916  -34.124  -30.618  -31.901 0.5000000000
44965  -28.151  -29.862  -28.882 0.4000000060
46889  -30.493  -27.552  -28.506 0.4000000060
46929  -33.193  -27.765  -30.916 0.6000000238
45973  -33.537  -28.478  -30.737 0.6000000238
43923  -35.764  -30.377  -33.708 0.6000000238
44997  -34.070  -29.032  -31.323 0.5000000000
43909  -33.686  -30.188  -31.139 0.5000000000
45003  -35.162  -29.499  -32.954 0.6000000238
43910  -34.295  -29.773  -31.689 0.5000000000
44949  -28.711  -29.365  -28.590 0.5000000000
131446  -30.201  -26.721  -28.785 0.4000000060
47982  -30.759  -26.315  -29.422 0.5000000000
46888  -29.540  -27.553  -28.496 0.4000000060
45941  -28.887  -28.503  -28.512 0.4000000060
125689  -33.189  -27.635  -31.978 0.6000000238
45979  -33.748  -28.222  -31.572 0.6000000238
45980  -34.277  -28.614  -32.080 0.5000000000
42910  -31.723  -31.574  -30.405 0.5000000000
42911  -32.124  -31.594  -30.996 0.5000000000
41991  -31.640  -32.643  -31.819 0.5000000000
43878  -27.398  -30.428  -29.434 0.4000000060
36018  -34.493  -38.298  -33.136 0.4000000060
123142  -39.202  -35.614  -35.305 0.6000000238
42026  -40.142  -32.202  -36.449 0.6000000238
135386  -37.753  -29.268  -36.426 0.6000000238
45011  -37.142  -29.130  -36.196 0.6000000238
45004  -36.035  -29.721  -34.113 0.6000000238
45987  -35.645  -29.215  -33.988 0.6000000238
45986  -34.864  -28.794  -33.095 0.6000000238
46890  -31.204  -27.632  -28.655 0.5000000000
37007  -37.310  -37.780  -35.963 0.5000000000
37970  -36.749  -37.327  -36.134 0.5000000000
37967  -33.143  -37.071  -35.236 0.5000000000
38964  -34.473  -35.576  -35.312 0.6000000238
40021  -36.463  -34.837  -35.796 0.6000000238
43866  -31.342  -29.692  -28.612 0.5000000000
42000  -33.969  -32.131  -33.041 0.5000000000
42019  -36.025  -32.663  -34.744 0.6000000238
42024  -37.219  -32.659  -35.505 0.6000000238
43924  -36.819  -30.147  -34.797 0.6000000238
42937  -35.280  -30.833  -33.271 0.6000000238
43918  -35.294  -30.178  -33.008 0.6000000238
135589  -34.639  -31.001  -32.664 0.6000000238
43917  -34.756  -30.004  -32.275 0.5000000000
45960  -43.206  -28.242  -29.589 0.3000000119
44970  -42.522  -29.851  -29.330 0.3000000119
117741  -43.603  -28.961  -29.821 0.3000000119
45975  -43.889  -28.199  -30.083 0.3000000119
44988  -44.050  -29.633  -30.253 0.3000000119
128796  -44.170  -28.824  -30.230 0.3000000119
46926  -44.945  -27.443  -31.000 0.3000000119
47988  -43.110  -26.843  -30.074 0.3000000119
48004  -43.766  -26.577  -30.776 0.3000000119
46925  -44.218  -27.420  -30.546 0.3000000119
48013  -44.840  -26.130  -31.469 0.3000000119
48012  -44.175  -25.926  -31.582 0.3000000119
48005  -44.554  -26.658  -31.104 0.3000000119
54501  -45.949  -20.579  -28.925 0.3000000119
131575  -45.437  -21.434  -28.803 0.3000000119
55482  -46.088  -19.716  -28.921 0.3000000119
55481  -45.341  -19.924  -28.499 0.3000000119
137683  -45.561  -18.432  -28.598 0.3000000119
125363  -45.823  -19.072  -28.733 0.3000000119
56455  -45.023  -19.011  -28.320 0.3000000119
44971  -43.231  -29.742  -29.775 0.3000000119
43900  -44.837  -29.897  -30.753 0.3000000119
36047  -34.265  -39.112  -35.748 0.4000000060
44990  -45.474  -29.193  -31.120 0.3000000119
45977  -45.275  -28.274  -31.058 0.3000000119
49208  -44.402  -25.580  -31.646 0.3000000119
50327  -45.045  -24.271  -30.305 0.3000000119
53469  -45.820  -22.049  -29.171 0.3000000119
52381  -46.312  -22.590  -29.550 0.3000000119
138989  -46.108  -21.341  -29.154 0.3000000119
54517  -46.633  -19.987  -29.311 0.3000000119
56456  -46.210  -18.328  -28.945 0.3000000119
44989  -44.736  -29.024  -30.614 0.3000000119
46931  -45.211  -26.790  -31.328 0.3000000119
125550  -23.293  -47.392  -31.889 0.4000000060
29206  -23.596  -45.985  -31.100 0.3000000119
30138  -24.543  -44.613  -30.075 0.3000000119
31119  -25.004  -43.504  -29.774 0.3000000119
37944  -29.861  -36.525  -33.132 0.4000000060
38948  -30.356  -35.868  -33.351 0.4000000060
120516  -29.371  -37.832  -33.299 0.4000000060
36030  -29.720  -37.892  -33.712 0.4000000060
39986  -30.297  -34.985  -32.354 0.4000000060
39987  -30.766  -34.536  -32.817 0.4000000060
38938  -30.550  -35.202  -33.066 0.4000000060
39999  -31.516  -34.509  -33.425 0.4000000060
138960  -31.116  -35.507  -33.695 0.4000000060
37959  -31.346  -36.523  -34.288 0.4000000060
38961  -32.116  -35.964  -34.442 0.4000000060
36041  -30.301  -37.972  -34.125 0.4000000060
36997  -30.819  -37.304  -34.249 0.4000000060
122464  -27.641  -34.791  -29.630 0.3000000119
41049  -30.755  -33.599  -31.681 0.4000000060
40012  -32.825  -34.816  -34.232 0.4000000060
123433  -28.586  -33.833  -29.567 0.3000000119
39943  -27.683  -33.984  -29.603 0.3000000119
37960  -32.257  -36.802  -34.778 0.4000000060
38950  -31.444  -35.669  -33.992 0.4000000060
42909  -31.156  -31.906  -30.016 0.4000000060
36029  -29.200  -38.590  -33.434 0.4000000060
38937  -30.008  -35.799  -32.585 0.4000000060
37945  -30.243  -36.560  -33.637 0.4000000060
37958  -30.615  -36.677  -33.983 0.4000000060
25246  -31.244  -49.466  -31.198 0.3000000119
27242  -30.419  -47.603  -31.509 0.3000000119
125551  -30.578  -47.042  -32.382 0.3000000119
30167  -31.566  -44.880  -32.751 0.3000000119
30168  -32.640  -44.456  -33.401 0.3000000119
30175  -34.187  -44.556  -35.041 0.3000000119
30184  -34.032  -44.437  -35.482 0.3000000119
30183  -33.180  -45.012  -35.853 0.3000000119
32106  -35.256  -42.837  -34.943 0.3000000119
31160  -34.394  -43.649  -35.476 0.3000000119
31159  -33.608  -43.955  -35.748 0.3000000119
33083  -35.505  -42.039  -34.832 0.3000000119
33087  -35.261  -42.384  -35.139 0.3000000119
33086  -34.603  -42.235  -35.575 0.3000000119
137838  -36.084  -40.859  -35.055 0.3000000119
34110  -35.452  -40.777  -35.552 0.3000000119
31140  -32.547  -43.439  -32.939 0.3000000119
35064  -36.069  -39.737  -35.270 0.3000000119
34106  -36.004  -40.618  -35.126 0.3000000119
29224  -31.962  -45.824  -33.507 0.3000000119
26221  -30.832  -48.625  -31.069 0.3000000119
26224  -35.333  -48.162  -31.684 0.4000000060
27226  -30.571  -47.079  -31.105 0.4000000060
27244  -34.883  -47.571  -31.630 0.4000000060
28255  -31.807  -46.197  -30.305 0.4000000060
28262  -23.732  -46.909  -31.217 0.4000000060
28278  -30.545  -46.394  -31.996 0.4000000060
29209  -30.541  -45.706  -31.476 0.4000000060
30130  -30.695  -44.033  -30.184 0.4000000060
30173  -32.637  -45.255  -33.754 0.3000000119
31107  -31.775  -43.244  -28.479 0.3000000119
31113  -31.156  -43.194  -29.206 0.3000000119
31134  -31.338  -43.320  -32.156 0.4000000060
31147  -34.501  -43.911  -34.735 0.3000000119
31154  -34.585  -43.922  -35.190 0.3000000119
31155  -34.875  -43.243  -35.140 0.3000000119
32029  -31.091  -43.023  -26.421 0.3000000119
32067  -31.219  -42.697  -28.709 0.4000000060
32089  -30.997  -42.597  -31.606 0.4000000060
32110  -34.724  -42.982  -35.445 0.3000000119
32972  -30.294  -41.255  -23.500 0.3000000119
33050  -30.505  -41.186  -29.520 0.4000000060
33057  -30.562  -41.558  -30.302 0.4000000060
34018  -30.561  -40.666  -25.525 0.3000000119
34031  -30.556  -40.316  -27.047 0.3000000119
34100  -35.840  -41.042  -34.837 0.4000000060
34105  -35.805  -41.312  -35.111 0.3000000119
34924  -31.801  -39.622  -22.799 0.3000000119
34925  -32.535  -39.776  -22.640 0.3000000119
34937  -30.820  -39.489  -23.784 0.3000000119
34938  -31.246  -39.514  -23.285 0.3000000119
34954  -34.592  -39.586  -23.872 0.3000000119
34971  -35.301  -39.252  -25.319 0.3000000119
35011  -30.935  -39.349  -29.922 0.3000000119
35058  -36.078  -40.304  -35.045 0.3000000119
35878  -32.226  -39.162  -22.870 0.3000000119
35984  -32.184  -38.123  -31.225 0.4000000060
36031  -34.852  -39.162  -33.543 0.4000000060
36032  -35.351  -38.711  -33.751 0.4000000060
36046  -32.871  -38.611  -35.391 0.5000000000
36049  -36.463  -38.807  -35.568 0.4000000060
36873  -33.097  -37.248  -23.942 0.3000000119
36889  -30.524  -37.058  -25.392 0.3000000119
36902  -30.423  -37.163  -26.391 0.3000000119
36904  -35.880  -37.214  -26.974 0.3000000119
36916  -30.513  -37.296  -27.287 0.3000000119
36940  -30.945  -37.982  -28.920 0.3000000119
36953  -31.653  -37.535  -30.107 0.3000000119
36974  -33.003  -37.275  -31.795 0.4000000060
36986  -29.760  -37.214  -33.465 0.4000000060
36987  -30.181  -37.235  -33.896 0.4000000060
37000  -37.167  -37.912  -35.467 0.5000000000
37832  -32.671  -36.422  -24.333 0.3000000119
37852  -34.444  -36.581  -25.277 0.3000000119
37889  -30.811  -36.607  -27.846 0.3000000119
37938  -35.408  -36.312  -33.048 0.5000000000
37946  -30.801  -35.981  -33.791 0.4000000060
37963  -38.215  -36.721  -35.945 0.5000000000
38835  -32.932  -35.543  -24.775 0.3000000119
38849  -33.273  -34.785  -25.105 0.3000000119
38875  -31.124  -35.708  -27.816 0.3000000119
38949  -30.868  -35.386  -33.478 0.4000000060
38951  -32.092  -35.214  -34.103 0.4000000060
38962  -32.829  -35.519  -34.559 0.5000000000
38974  -38.830  -36.152  -36.228 0.6000000238
39902  -31.905  -34.419  -25.833 0.3000000119
39913  -31.525  -34.598  -26.699 0.3000000119
39946  -32.716  -34.723  -29.435 0.3000000119
39959  -33.029  -34.988  -30.166 0.3000000119
39974  -25.265  -34.394  -31.227 0.5000000000
39975  -25.865  -34.430  -30.704 0.5000000000
39989  -34.968  -35.032  -32.045 0.4000000060
39998  -31.043  -34.797  -33.292 0.4000000060
40016  -40.367  -34.362  -36.315 0.6999999881
40017  -40.418  -34.045  -36.519 0.6000000238
40020  -35.639  -35.354  -35.672 0.6000000238
40970  -35.827  -33.399  -25.458 0.3000000119
40980  -32.452  -33.703  -26.144 0.3000000119
40981  -32.967  -33.092  -26.530 0.3000000119
41014  -28.151  -33.231  -29.438 0.4000000060
41018  -34.269  -33.276  -29.749 0.4000000060
41033  -34.612  -33.587  -30.408 0.4000000060
41051  -34.943  -33.911  -31.043 0.3000000119
41059  -31.007  -33.895  -32.531 0.5000000000
41060  -31.578  -33.626  -32.831 0.5000000000
41061  -32.292  -33.327  -33.059 0.5000000000
41070  -32.551  -33.833  -33.563 0.5000000000
41086  -37.841  -33.590  -36.067 0.6000000238
41907  -34.413  -32.630  -25.729 0.3000000119
41919  -34.771  -31.996  -25.863 0.3000000119
41920  -37.627  -32.526  -25.906 0.3000000119
41942  -33.637  -32.630  -28.057 0.3000000119
41943  -34.297  -32.298  -28.616 0.3000000119
41970  -26.234  -32.423  -30.546 0.5000000000
41974  -31.494  -32.189  -30.967 0.5000000000
41989  -25.733  -32.772  -30.987 0.4000000060
42001  -36.966  -32.890  -32.022 0.6000000238
42014  -40.460  -31.794  -34.943 0.6999999881
42851  -36.541  -31.423  -25.551 0.4000000060
42862  -34.615  -31.642  -26.512 0.3000000119
42864  -38.097  -31.680  -25.938 0.4000000060
42884  -41.191  -31.396  -28.654 0.3000000119
42896  -34.915  -31.999  -29.132 0.5000000000
42912  -36.307  -31.516  -30.332 0.6000000238
42926  -32.559  -31.766  -31.596 0.5000000000
42928  -36.883  -31.698  -31.107 0.6000000238
42936  -33.764  -31.558  -32.332 0.5000000000
42938  -38.478  -30.868  -32.368 0.6999999881
42946  -40.166  -30.947  -35.280 0.6999999881
42954  -40.092  -31.119  -36.023 0.6999999881
42957  -40.490  -31.970  -36.164 0.6999999881
43838  -35.967  -30.723  -25.787 0.3000000119
43841  -38.029  -30.025  -25.720 0.4000000060
43851  -35.571  -30.423  -26.481 0.4000000060
43853  -38.600  -30.230  -26.048 0.4000000060
43860  -40.449  -30.589  -27.667 0.4000000060
43864  -29.880  -30.105  -28.441 0.5000000000
43865  -30.670  -30.137  -28.523 0.5000000000
43867  -35.997  -30.053  -28.795 0.4000000060
43882  -32.546  -30.115  -29.720 0.5000000000
43893  -26.512  -30.345  -30.142 0.5000000000
43932  -38.695  -29.921  -35.961 0.6999999881
44925  -37.612  -29.484  -25.717 0.4000000060
44935  -35.752  -29.739  -26.975 0.4000000060
44942  -35.768  -29.793  -27.840 0.4000000060
44950  -29.486  -29.300  -28.405 0.5000000000
44952  -31.351  -28.911  -28.493 0.5000000000
44963  -26.793  -29.086  -29.775 0.4000000060
44998  -34.566  -29.220  -32.152 0.5000000000
45006  -39.081  -29.620  -34.207 0.6999999881
45016  -37.654  -28.786  -36.862 0.8000000119
45018  -38.535  -28.988  -36.292 0.8000000119
45908  -37.183  -28.860  -25.857 0.4000000060
45923  -37.422  -27.951  -26.033 0.4000000060
45935  -40.692  -28.325  -27.604 0.4000000060
45957  -32.508  -28.452  -29.287 0.6999999881
45959  -42.880  -29.046  -29.365 0.3000000119
45974  -37.339  -28.927  -30.599 0.6999999881
45976  -44.548  -28.208  -30.552 0.3000000119
46869  -38.729  -27.214  -26.403 0.4000000060
46892  -41.702  -27.927  -28.461 0.4000000060
46906  -31.023  -26.940  -28.868 0.5000000000
46928  -32.657  -27.334  -31.478 0.6000000238
46955  -37.792  -26.150  -37.670 0.6999999881
47944  -37.043  -26.552  -26.764 0.5000000000
47960  -39.877  -26.649  -27.259 0.4000000060
47969  -40.920  -26.277  -28.406 0.4000000060
47983  -31.428  -26.740  -29.596 0.6999999881
47996  -25.164  -26.503  -29.715 0.4000000060
48009  -32.464  -27.255  -30.698 0.6999999881
48032  -34.280  -27.030  -36.052 0.8000000119
48037  -37.904  -26.010  -37.566 0.6999999881
48038  -36.991  -25.557  -37.501 0.6999999881
49146  -37.843  -25.831  -26.826 0.4000000060
49147  -38.594  -25.818  -26.923 0.4000000060
49182  -36.279  -25.310  -28.846 0.6000000238
49206  -43.490  -24.939  -32.561 0.4000000060
49225  -30.443  -25.421  -34.477 0.6999999881
49231  -36.793  -24.468  -36.975 0.6999999881
50302  -37.056  -24.941  -27.819 0.5000000000
50309  -37.332  -24.433  -28.355 0.5000000000
50310  -38.029  -24.276  -28.347 0.5000000000
50320  -25.072  -24.050  -29.573 0.6000000238
50321  -25.750  -23.961  -29.632 0.6000000238
50325  -40.453  -24.541  -30.191 0.4000000060
50341  -41.969  -24.168  -32.299 0.4000000060
50351  -29.120  -24.588  -31.981 0.6999999881
50356  -44.375  -25.070  -31.682 0.3000000119
50365  -28.646  -24.242  -33.402 0.6999999881
50367  -35.204  -23.716  -35.372 0.6000000238
50374  -34.710  -23.909  -35.693 0.6000000238
50375  -35.830  -23.919  -36.151 0.6000000238
50377  -33.978  -24.453  -35.735 0.6000000238
51312  -38.946  -23.920  -29.365 0.5000000000
51320  -24.625  -23.678  -29.609 0.6000000238
51321  -25.350  -23.447  -29.730 0.6000000238
51341  -26.455  -22.998  -30.385 0.6999999881
51357  -27.450  -23.129  -31.458 0.6999999881
51359  -32.522  -23.344  -32.695 0.6000000238
51363  -41.875  -22.119  -32.148 0.4000000060
51369  -27.514  -23.162  -32.539 0.8000000119
51371  -33.546  -23.564  -32.871 0.6000000238
51379  -29.014  -24.080  -34.019 0.6999999881
51385  -29.624  -23.668  -34.394 0.6999999881
52380  -45.489  -22.878  -29.331 0.3000000119
52393  -26.178  -22.402  -30.836 0.6999999881
52396  -33.616  -22.743  -30.463 0.6000000238
52398  -35.819  -22.803  -30.211 0.6000000238
52401  -38.438  -22.053  -31.137 0.4000000060
52405  -42.585  -21.892  -31.888 0.4000000060
52416  -27.056  -22.539  -32.586 0.8000000119
52418  -30.781  -21.965  -33.167 0.6999999881
52419  -31.764  -22.872  -32.641 0.6000000238
52422  -28.093  -22.549  -33.580 0.6999999881
52424  -30.087  -22.013  -34.187 0.6999999881
53451  -41.587  -21.329  -28.702 0.4000000060
53453  -43.382  -21.909  -28.364 0.4000000060
53454  -44.509  -21.532  -28.430 0.4000000060
53501  -25.667  -21.018  -32.207 0.6999999881
54525  -22.612  -20.222  -30.912 0.5000000000
54529  -32.090  -20.873  -29.929 0.6000000238
54545  -26.676  -20.501  -32.857 0.6999999881
54546  -29.295  -20.406  -32.977 0.6999999881
54550  -27.439  -20.297  -33.210 0.6999999881
55463  -44.256  -19.240  -27.887 0.4000000060
55510  -23.480  -19.638  -31.547 0.5000000000
55527  -28.250  -19.567  -33.072 0.6999999881
56412  -41.924  -18.383  -26.779 0.4000000060
56454  -44.519  -18.569  -28.051 0.4000000060
56489  -28.428  -17.973  -31.695 0.6000000238
57320  -37.092  -17.687  -26.767 0.5000000000
57322  -40.200  -17.747  -26.434 0.4000000060
57323  -41.424  -17.798  -26.637 0.4000000060
58280  -35.599  -16.412  -27.703 0.5000000000
58314  -33.797  -16.370  -29.736 0.6000000238
58322  -31.165  -16.301  -30.339 0.6999999881
58342  -26.829  -16.488  -32.578 0.6000000238
58344  -27.889  -16.768  -32.003 0.6000000238
59432  -42.717  -15.464  -27.761 0.3000000119
59489  -25.878  -15.144  -32.592 0.6000000238
60537  -43.239  -14.238  -28.789 0.3000000119
60560  -32.128  -14.741  -31.288 0.6999999881
60580  -34.018  -14.388  -31.526 0.5000000000
60587  -25.587  -14.400  -32.592 0.6000000238
61626  -37.652  -13.536  -28.854 0.5000000000
61649  -21.382  -12.349  -31.002 0.4000000060
61674  -44.918  -12.802  -31.716 0.3000000119
61683  -21.950  -12.662  -31.883 0.5000000000
61688  -26.895  -13.057  -32.663 0.6000000238
62775  -40.721  -12.324  -30.546 0.5000000000
62777  -42.049  -12.609  -30.972 0.5000000000
62801  -26.214  -11.185  -33.033 0.5000000000
63844  -37.796  -11.346  -29.012 0.4000000060
63855  -34.847  -11.326  -30.175 0.5000000000
63856  -36.580  -11.884  -29.242 0.5000000000
63862  -23.756  -10.733  -31.470 0.5000000000
63869  -23.984  -10.480  -31.995 0.5000000000
63871  -31.749  -11.489  -31.973 0.6000000238
63876  -42.528  -11.681  -31.272 0.4000000060
63882  -24.133  -10.735  -32.304 0.5000000000
63888  -30.131  -11.010  -32.489 0.6000000238
64900  -25.562  -10.416  -30.679 0.5000000000
64911  -24.390  -10.234  -31.802 0.5000000000
64917  -41.493  -10.603  -30.778 0.5000000000
64939  -29.554  -10.209  -32.713 0.6000000238
65894  -42.404  -9.730  -30.471 0.4000000060
65916  -44.625  -9.783  -31.734 0.3000000119
66832  -34.083  -8.561  -30.554 0.6000000238
67783  -36.460  -7.452  -27.316 0.5000000000
68811  -38.449  -6.631  -26.336 0.4000000060
69741  -33.609  -5.224  -32.260 0.5000000000
71465  -39.854  -4.032  -26.751 0.3000000119
72386  -36.271  -2.635  -27.310 0.3000000119
73272  -37.362  -1.815  -26.903 0.3000000119
74180  -35.186  -1.102  -28.799 0.3000000119
75215  -28.106  1.337  -34.933 0.3000000119
75216  -28.421  0.581  -34.473 0.3000000119
75226  -28.170  1.485  -35.118 0.3000000119
76224  -28.790  2.100  -35.288 0.3000000119
77086  -37.544  2.390  -28.652 0.3000000119
116508  -23.223  -19.148  -31.611 0.6000000238
116919  -31.972  -32.100  -31.540 0.5000000000
117435  -29.215  -20.815  -33.440 0.6999999881
117456  -36.653  -27.700  -26.670 0.4000000060
117562  -35.221  -41.518  -35.509 0.3000000119
118144  -28.043  -28.278  -28.811 0.5000000000
118197  -43.064  -22.713  -29.773 0.4000000060
118209  -24.207  -15.925  -32.126 0.6000000238
118670  -28.667  -20.954  -33.593 0.8000000119
118907  -33.609  -32.977  -33.521 0.5000000000
119074  -32.778  -22.423  -30.441 0.6000000238
119961  -32.009  -29.945  -29.081 0.5000000000
120201  -30.242  -23.236  -34.505 0.6999999881
120405  -30.574  -41.824  -29.175 0.4000000060
122438  -38.960  -13.469  -29.119 0.5000000000
122693  -33.016  -45.460  -28.837 0.3000000119
122761  -21.068  -14.145  -31.719 0.5000000000
123014  -32.900  -19.050  -29.266 0.5000000000
123347  -30.470  -37.937  -25.213 0.3000000119
123715  -25.176  -13.504  -32.636 0.6000000238
124077  -44.017  -23.623  -30.209 0.4000000060
124167  -30.545  -42.952  -30.156 0.4000000060
124694  -40.195  -10.767  -29.751 0.5000000000
125365  -41.396  -30.079  -28.428 0.3000000119
125440  -34.438  -2.232  -30.147 0.3000000119
125717  -38.668  -34.677  -36.452 0.6000000238
126164  -30.474  -40.461  -24.758 0.3000000119
126265  -41.920  -19.924  -27.104 0.3000000119
127025  -38.151  -31.643  -32.265 0.6999999881
127229  -32.678  -12.997  -31.913 0.6000000238
127698  -31.434  -35.063  -33.660 0.4000000060
127857  -36.333  -34.105  -25.703 0.3000000119
128311  -39.600  -29.914  -26.767 0.4000000060
128542  -34.724  -38.422  -35.757 0.4000000060
128978  -30.900  -41.515  -27.910 0.3000000119
129201  -36.170  -26.837  -29.681 0.6000000238
129537  -31.633  -40.054  -31.425 0.4000000060
130033  -31.615  -35.225  -25.293 0.3000000119
130846  -37.618  -17.305  -26.588 0.5000000000
131305  -38.316  -17.365  -26.459 0.5000000000
131529  -27.667  -9.543  -33.033 0.5000000000
132900  -31.407  -38.825  -30.458 0.3000000119
133327  -27.389  -33.247  -29.652 0.5000000000
135271  -38.273  -35.251  -34.175 0.6000000238
135578  -23.401  -11.153  -32.160 0.5000000000
135618  -34.216  -8.260  -29.922 0.6000000238
135987  -40.828  -17.972  -26.492 0.4000000060
136034  -26.034  -20.639  -32.551 0.6999999881
136202  -34.526  -40.801  -35.731 0.3000000119
136766  -35.591  -20.995  -29.021 0.5000000000
137026  -43.168  -11.360  -31.397 0.4000000060
138268  -39.195  -35.395  -36.372 0.6000000238
138598  -33.370  -35.180  -30.731 0.3000000119
138973  -31.770  -26.910  -32.119 0.6999999881
138995  -33.020  -36.118  -31.204 0.3000000119
139195  -24.749  -34.420  -31.470 0.5000000000
139607  -33.226  -28.151  -30.371 0.5000000000
139770  -43.765  -14.407  -28.869 0.3000000119
139851  -34.908  -37.243  -33.142 0.5000000000
140097  -32.449  -34.468  -28.742 0.3000000119
140217  -34.701  -6.397  -28.755 0.6000000238
140622  -32.763  -47.222  -30.783 0.4000000060
