#!ascii label  , from subject sub-v2s7x29677_ses-1 vox2ras=TkReg
619
9825  -35.905  -66.858  -19.201 0.0000000000
13241  -36.453  -62.234  -22.214 0.0000000000
13188  -29.262  -62.802  -17.455 0.0000000000
10654  -32.931  -66.184  -23.889 0.0000000000
15066  -29.308  -60.537  -22.895 0.0000000000
10536  -32.911  -65.344  -13.497 0.0000000000
139267  -26.080  -59.421  -12.331 0.0000000000
15751  -28.832  -59.021  -7.635 0.0000000000
16823  -26.108  -58.595  -17.156 0.0000000000
14142  -28.192  -61.566  -20.758 0.0000000000
18583  -26.547  -56.868  -19.496 0.0000000000
126571  -29.268  -63.830  -13.608 0.0000000000
121875  -26.458  -64.020  -11.718 0.0000000000
20159  -30.422  -54.571  -9.616 0.0000000000
19293  -27.345  -55.104  -8.845 0.0000000000
6719  -32.870  -70.735  -21.204 0.0000000000
129600  -35.279  -64.143  -24.238 0.0000000000
137591  -36.890  -67.562  -22.335 0.0000000000
11405  -39.032  -64.889  -22.050 0.0000000000
11364  -34.059  -63.820  -18.561 0.0000000000
9076  -32.582  -67.212  -21.248 0.0000000000
12324  -31.350  -63.476  -23.819 0.0000000000
14169  -32.967  -61.208  -23.823 0.0000000000
13169  -32.293  -62.957  -15.925 0.0000000000
15016  -28.703  -60.823  -15.066 0.0000000000
137821  -25.921  -57.325  -14.263 0.0000000000
12127  -28.639  -63.433  -9.300 0.0000000000
15767  -26.350  -59.502  -9.365 0.0000000000
19314  -24.930  -55.480  -11.215 0.0000000000
22134  -26.096  -52.057  -13.319 0.0000000000
8313  -34.203  -69.553  -23.016 0.0000000000
17795  -34.117  -57.270  -24.170 0.0000000000
15953  -37.661  -59.590  -23.027 0.0000000000
16906  -41.525  -59.064  -23.584 0.0000000000
130140  -25.617  -55.866  -16.663 0.0000000000
118692  -26.020  -57.968  -18.116 0.0000000000
7450  -33.829  -70.097  -20.058 0.0000000000
13242  -36.200  -63.169  -23.001 0.0000000000
11412  -36.702  -64.715  -23.031 0.0000000000
13243  -38.357  -63.137  -21.554 0.0000000000
12314  -39.771  -63.721  -21.889 0.0000000000
121749  -38.598  -62.215  -21.399 0.0000000000
12269  -31.450  -63.629  -18.356 0.0000000000
12278  -30.357  -63.641  -19.449 0.0000000000
14148  -28.341  -61.104  -21.618 0.0000000000
13230  -29.837  -63.048  -22.035 0.0000000000
13252  -29.898  -61.967  -23.246 0.0000000000
13264  -31.835  -61.956  -24.406 0.0000000000
15086  -30.752  -60.738  -23.670 0.0000000000
12227  -33.679  -63.606  -15.723 0.0000000000
11325  -32.530  -64.062  -14.391 0.0000000000
13137  -28.009  -61.883  -13.459 0.0000000000
14058  -29.404  -61.672  -14.008 0.0000000000
14984  -27.789  -60.242  -13.674 0.0000000000
129611  -27.162  -59.453  -14.860 0.0000000000
16783  -26.389  -58.372  -13.280 0.0000000000
13969  -28.759  -61.269  -8.550 0.0000000000
140801  -27.442  -61.158  -9.350 0.0000000000
15750  -27.472  -59.275  -8.347 0.0000000000
22075  -27.614  -52.342  -10.278 0.0000000000
20155  -25.940  -54.482  -9.465 0.0000000000
21163  -25.935  -52.880  -11.045 0.0000000000
21180  -25.393  -53.442  -12.267 0.0000000000
9870  -32.305  -67.057  -22.640 0.0000000000
8311  -32.577  -68.543  -22.518 0.0000000000
9121  -33.392  -67.818  -23.363 0.0000000000
8330  -36.806  -68.869  -23.792 0.0000000000
19497  -33.351  -55.726  -24.450 0.0000000000
16917  -35.863  -58.169  -24.211 0.0000000000
17801  -39.388  -57.581  -24.480 0.0000000000
14100  -27.546  -61.282  -17.772 0.0000000000
13197  -28.532  -62.366  -19.502 0.0000000000
135577  -27.252  -60.663  -19.102 0.0000000000
15901  -26.889  -59.525  -19.928 0.0000000000
16866  -27.674  -58.751  -21.232 0.0000000000
122459  -30.897  -64.657  -13.456 0.0000000000
12194  -27.591  -63.638  -13.415 0.0000000000
13121  -26.333  -62.287  -12.464 0.0000000000
18455  -29.888  -56.718  -8.677 0.0000000000
138109  -27.885  -57.006  -7.752 0.0000000000
20158  -28.819  -54.644  -9.523 0.0000000000
22056  -29.167  -52.341  -9.516 0.0000000000
23995  -28.795  -50.036  -9.616 0.0000000000
128930  -33.822  -64.985  -24.546 0.0000000000
9886  -34.535  -66.787  -23.791 0.0000000000
127109  -36.352  -65.937  -23.119 0.0000000000
10643  -38.005  -66.477  -22.133 0.0000000000
10657  -38.706  -66.548  -23.184 0.0000000000
11424  -39.459  -64.963  -23.644 0.0000000000
12339  -40.165  -63.630  -23.098 0.0000000000
13268  -41.037  -62.229  -23.319 0.0000000000
130362  -34.739  -65.348  -19.469 0.0000000000
9839  -34.189  -66.932  -20.063 0.0000000000
10614  -32.508  -65.444  -20.795 0.0000000000
10641  -31.821  -65.322  -22.483 0.0000000000
12299  -29.663  -63.144  -21.126 0.0000000000
12301  -31.017  -64.218  -22.088 0.0000000000
11420  -32.391  -64.623  -24.149 0.0000000000
129266  -32.702  -63.912  -24.541 0.0000000000
13267  -34.322  -62.789  -24.343 0.0000000000
14170  -34.651  -61.461  -22.953 0.0000000000
11351  -35.274  -63.853  -17.607 0.0000000000
12259  -32.868  -63.161  -17.337 0.0000000000
13190  -31.174  -63.074  -16.825 0.0000000000
13140  -30.774  -62.896  -14.274 0.0000000000
14093  -30.220  -62.037  -14.845 0.0000000000
14097  -28.409  -61.714  -16.397 0.0000000000
15870  -26.820  -59.922  -16.480 0.0000000000
17698  -26.033  -57.981  -15.518 0.0000000000
19365  -25.516  -55.719  -15.120 0.0000000000
13087  -27.221  -63.032  -10.272 0.0000000000
13985  -26.447  -61.431  -10.425 0.0000000000
15797  -25.683  -59.734  -10.832 0.0000000000
18451  -26.544  -56.655  -8.278 0.0000000000
17630  -25.288  -57.200  -10.041 0.0000000000
123794  -25.430  -57.707  -11.405 0.0000000000
19325  -25.114  -55.879  -12.137 0.0000000000
127634  -25.348  -54.790  -13.810 0.0000000000
8269  -32.595  -68.852  -21.303 0.0000000000
7479  -33.268  -70.584  -22.621 0.0000000000
8314  -35.819  -69.118  -23.085 0.0000000000
7504  -35.627  -69.747  -23.967 0.0000000000
15928  -31.957  -60.018  -22.176 0.0000000000
15070  -33.904  -60.114  -21.917 0.0000000000
132293  -36.014  -60.655  -22.014 0.0000000000
15951  -35.845  -59.196  -22.875 0.0000000000
15074  -37.460  -60.816  -21.849 0.0000000000
15935  -39.445  -60.307  -22.302 0.0000000000
15091  -40.621  -60.535  -22.397 0.0000000000
20261  -25.631  -54.578  -16.252 0.0000000000
19412  -25.807  -55.663  -17.528 0.0000000000
8271  -34.467  -69.381  -19.648 0.0000000000
9078  -34.443  -68.141  -19.807 0.0000000000
12311  -37.198  -63.131  -22.147 0.0000000000
120946  -37.578  -62.308  -21.655 0.0000000000
138145  -37.825  -61.807  -21.540 0.0000000000
12256  -29.760  -63.234  -18.152 0.0000000000
12268  -30.530  -63.570  -18.631 0.0000000000
12267  -29.849  -63.386  -18.981 0.0000000000
15065  -28.576  -60.056  -22.297 0.0000000000
14152  -29.322  -61.456  -22.793 0.0000000000
14166  -30.542  -61.616  -23.783 0.0000000000
15067  -30.164  -60.136  -23.205 0.0000000000
9753  -33.731  -66.046  -13.149 0.0000000000
10537  -33.751  -65.390  -13.915 0.0000000000
126407  -33.101  -64.680  -14.221 0.0000000000
11305  -32.218  -64.659  -13.784 0.0000000000
14055  -27.055  -60.826  -13.142 0.0000000000
14056  -27.969  -61.008  -13.495 0.0000000000
14983  -27.106  -60.094  -13.196 0.0000000000
15837  -26.764  -58.992  -13.446 0.0000000000
15816  -26.336  -58.921  -12.780 0.0000000000
16695  -29.624  -58.828  -7.580 0.0000000000
15753  -30.567  -59.216  -7.628 0.0000000000
139464  -29.909  -59.469  -7.572 0.0000000000
14912  -29.420  -60.738  -7.994 0.0000000000
15752  -29.259  -59.748  -7.739 0.0000000000
126928  -28.334  -59.564  -8.041 0.0000000000
16708  -28.087  -58.719  -7.819 0.0000000000
23040  -27.295  -51.655  -10.680 0.0000000000
22074  -26.734  -52.455  -10.736 0.0000000000
22094  -26.317  -52.213  -11.467 0.0000000000
24031  -27.113  -50.363  -11.362 0.0000000000
120269  -32.360  -66.277  -23.265 0.0000000000
9120  -32.655  -67.877  -22.907 0.0000000000
9885  -33.548  -66.873  -23.764 0.0000000000
17798  -36.186  -57.550  -24.542 0.0000000000
16920  -38.807  -58.299  -24.113 0.0000000000
17800  -38.319  -57.492  -24.559 0.0000000000
15877  -26.504  -59.531  -17.451 0.0000000000
15036  -27.136  -60.637  -18.338 0.0000000000
15024  -26.766  -60.023  -18.117 0.0000000000
17733  -26.310  -57.739  -19.109 0.0000000000
15900  -26.568  -59.085  -19.296 0.0000000000
16844  -26.744  -58.682  -20.050 0.0000000000
122748  -27.170  -59.111  -20.625 0.0000000000
16857  -26.748  -57.697  -20.025 0.0000000000
128381  -26.618  -62.929  -12.896 0.0000000000
124859  -26.336  -63.133  -12.236 0.0000000000
17624  -30.645  -56.995  -9.202 0.0000000000
131331  -29.801  -55.581  -9.450 0.0000000000
19295  -29.136  -55.376  -9.279 0.0000000000
128213  -29.698  -54.857  -9.595 0.0000000000
120775  -28.613  -50.856  -9.704 0.0000000000
6003  -32.989  -71.344  -22.699 0.0000000000
11422  -34.530  -64.535  -24.519 0.0000000000
9897  -35.377  -65.570  -23.924 0.0000000000
10655  -35.904  -64.881  -23.745 0.0000000000
11413  -37.642  -64.768  -22.281 0.0000000000
10656  -37.326  -65.703  -22.465 0.0000000000
11404  -38.307  -65.500  -22.052 0.0000000000
133653  -38.954  -65.861  -22.746 0.0000000000
10664  -39.048  -65.708  -23.635 0.0000000000
13245  -40.041  -62.810  -21.666 0.0000000000
12327  -39.967  -63.910  -22.423 0.0000000000
12315  -40.348  -63.141  -22.295 0.0000000000
12340  -40.670  -62.878  -23.232 0.0000000000
13257  -40.771  -62.379  -22.541 0.0000000000
10606  -34.468  -64.489  -19.083 0.0000000000
10628  -32.082  -65.617  -21.638 0.0000000000
11396  -31.609  -64.850  -21.801 0.0000000000
14123  -28.085  -61.744  -19.965 0.0000000000
13198  -29.052  -62.802  -19.954 0.0000000000
13213  -29.087  -62.657  -20.789 0.0000000000
12309  -30.494  -63.525  -22.472 0.0000000000
12310  -31.066  -63.946  -23.017 0.0000000000
11403  -31.484  -64.648  -22.689 0.0000000000
11411  -31.673  -64.263  -23.610 0.0000000000
14183  -32.650  -61.799  -24.343 0.0000000000
13266  -33.286  -62.445  -24.472 0.0000000000
14184  -33.370  -61.704  -24.105 0.0000000000
13255  -34.934  -62.269  -23.555 0.0000000000
119262  -33.803  -61.289  -23.369 0.0000000000
12226  -32.998  -63.178  -15.884 0.0000000000
12243  -33.758  -63.284  -16.534 0.0000000000
12242  -33.037  -63.075  -16.589 0.0000000000
12241  -32.205  -63.005  -16.623 0.0000000000
13183  -31.517  -62.745  -15.942 0.0000000000
11303  -30.099  -64.023  -13.600 0.0000000000
12198  -31.025  -63.730  -13.852 0.0000000000
12197  -30.401  -63.280  -13.844 0.0000000000
14072  -29.114  -61.087  -14.132 0.0000000000
14073  -29.594  -61.597  -14.464 0.0000000000
15002  -29.209  -61.092  -14.680 0.0000000000
14098  -29.220  -61.993  -16.002 0.0000000000
14091  -28.912  -61.351  -15.469 0.0000000000
15020  -27.397  -60.606  -16.183 0.0000000000
15866  -27.254  -59.967  -15.532 0.0000000000
129928  -26.198  -57.921  -14.590 0.0000000000
16807  -26.556  -58.716  -14.976 0.0000000000
17687  -25.841  -57.275  -15.027 0.0000000000
18530  -25.631  -56.576  -15.458 0.0000000000
18521  -25.658  -56.546  -14.432 0.0000000000
12126  -27.954  -63.225  -9.735 0.0000000000
14931  -27.242  -60.520  -9.153 0.0000000000
13986  -27.150  -61.665  -9.786 0.0000000000
14930  -26.499  -60.177  -9.589 0.0000000000
14950  -26.068  -60.527  -10.442 0.0000000000
15786  -25.928  -59.644  -10.021 0.0000000000
19287  -27.801  -55.767  -8.355 0.0000000000
17610  -27.237  -57.199  -7.876 0.0000000000
19286  -26.877  -55.780  -8.378 0.0000000000
19303  -25.127  -54.909  -10.181 0.0000000000
18458  -25.382  -56.498  -9.479 0.0000000000
18467  -25.057  -56.194  -10.399 0.0000000000
16726  -25.394  -57.906  -10.648 0.0000000000
18477  -25.129  -56.400  -11.453 0.0000000000
17661  -25.418  -57.146  -11.808 0.0000000000
22117  -25.811  -52.745  -12.772 0.0000000000
20205  -25.168  -54.302  -12.818 0.0000000000
133452  -25.528  -53.462  -13.229 0.0000000000
128855  -25.662  -53.454  -14.147 0.0000000000
9077  -33.365  -67.618  -20.520 0.0000000000
120655  -32.749  -68.111  -21.016 0.0000000000
8312  -33.135  -68.839  -22.951 0.0000000000
8296  -32.645  -69.221  -22.367 0.0000000000
7490  -34.256  -70.182  -23.122 0.0000000000
6757  -34.250  -70.391  -23.469 0.0000000000
121340  -34.972  -69.992  -23.281 0.0000000000
132356  -36.323  -67.617  -22.629 0.0000000000
133629  -35.294  -67.682  -23.216 0.0000000000
120900  -36.147  -68.380  -22.830 0.0000000000
7517  -36.131  -69.262  -24.456 0.0000000000
7505  -36.171  -69.278  -23.426 0.0000000000
130411  -31.439  -59.657  -21.985 0.0000000000
15915  -31.799  -59.461  -20.908 0.0000000000
15071  -34.729  -60.259  -21.997 0.0000000000
15931  -34.593  -59.780  -21.935 0.0000000000
16901  -36.294  -58.746  -23.702 0.0000000000
16900  -35.551  -58.565  -23.583 0.0000000000
15952  -36.680  -59.439  -23.004 0.0000000000
15932  -36.055  -59.961  -22.246 0.0000000000
15933  -37.057  -60.144  -22.298 0.0000000000
15075  -38.706  -60.991  -21.816 0.0000000000
15934  -38.164  -60.287  -22.252 0.0000000000
16905  -40.658  -59.031  -23.385 0.0000000000
15955  -40.244  -59.732  -22.779 0.0000000000
15956  -41.172  -59.699  -23.058 0.0000000000
17708  -25.731  -57.209  -16.843 0.0000000000
124029  -26.234  -58.823  -17.993 0.0000000000
17723  -25.815  -57.137  -17.727 0.0000000000
18559  -25.944  -56.326  -18.100 0.0000000000
19413  -26.214  -55.498  -18.372 0.0000000000
21132  -30.248  -53.835  -9.534 0.0000000000
116565  -31.275  -52.257  -9.358 0.0000000000
129628  -33.433  -70.800  -20.345 0.0000000000
12326  -36.026  -63.952  -23.560 0.0000000000
129148  -36.886  -63.929  -22.720 0.0000000000
12312  -37.948  -63.978  -21.950 0.0000000000
118113  -38.495  -64.707  -21.875 0.0000000000
138082  -39.449  -64.316  -21.959 0.0000000000
12313  -39.069  -64.057  -21.614 0.0000000000
13244  -39.347  -63.060  -21.467 0.0000000000
128477  -39.544  -62.343  -21.450 0.0000000000
12270  -32.454  -63.533  -18.168 0.0000000000
12280  -32.012  -63.933  -18.943 0.0000000000
140662  -31.633  -64.118  -19.571 0.0000000000
122069  -30.970  -63.940  -19.900 0.0000000000
13228  -28.666  -62.005  -21.234 0.0000000000
14149  -28.907  -61.760  -22.074 0.0000000000
13239  -29.490  -62.289  -22.482 0.0000000000
13253  -30.544  -62.436  -23.606 0.0000000000
12334  -31.736  -62.798  -24.354 0.0000000000
13254  -31.141  -62.152  -24.148 0.0000000000
14167  -31.300  -61.367  -24.100 0.0000000000
14168  -32.131  -61.227  -24.114 0.0000000000
12217  -32.894  -63.613  -15.066 0.0000000000
133217  -32.122  -63.458  -14.681 0.0000000000
124103  -28.064  -62.697  -13.484 0.0000000000
131511  -29.621  -62.397  -13.828 0.0000000000
14057  -28.803  -61.260  -13.761 0.0000000000
14985  -28.539  -60.683  -13.921 0.0000000000
15000  -28.166  -60.210  -14.276 0.0000000000
127405  -27.680  -59.933  -14.744 0.0000000000
15854  -27.045  -59.133  -14.133 0.0000000000
16797  -26.591  -58.453  -14.025 0.0000000000
17688  -26.189  -57.804  -13.774 0.0000000000
13970  -29.534  -61.638  -8.228 0.0000000000
13051  -28.952  -62.111  -8.778 0.0000000000
13987  -28.051  -61.743  -9.195 0.0000000000
14932  -27.988  -60.876  -8.840 0.0000000000
14910  -27.762  -60.093  -8.580 0.0000000000
15749  -26.572  -58.916  -8.762 0.0000000000
21130  -27.494  -53.786  -9.781 0.0000000000
20156  -26.908  -54.423  -9.321 0.0000000000
21129  -26.511  -53.807  -9.865 0.0000000000
135933  -25.669  -53.937  -10.194 0.0000000000
136576  -25.183  -54.035  -10.851 0.0000000000
20185  -24.934  -54.657  -11.171 0.0000000000
21162  -25.446  -53.426  -11.374 0.0000000000
22093  -25.799  -52.756  -11.852 0.0000000000
122238  -26.353  -51.444  -13.052 0.0000000000
122979  -32.202  -67.413  -21.995 0.0000000000
9089  -32.377  -68.070  -21.697 0.0000000000
9105  -32.377  -67.976  -22.309 0.0000000000
9123  -36.987  -68.003  -22.455 0.0000000000
19499  -35.176  -56.122  -24.673 0.0000000000
18632  -34.832  -57.037  -24.519 0.0000000000
17796  -34.771  -57.705  -24.134 0.0000000000
17797  -35.405  -57.601  -24.394 0.0000000000
16918  -36.716  -58.211  -24.305 0.0000000000
16902  -37.207  -58.903  -23.753 0.0000000000
15954  -38.722  -59.672  -22.946 0.0000000000
16921  -39.962  -58.313  -23.969 0.0000000000
13187  -28.569  -62.428  -17.765 0.0000000000
13193  -28.519  -62.426  -18.621 0.0000000000
14108  -28.022  -61.884  -18.204 0.0000000000
122718  -28.015  -61.829  -19.107 0.0000000000
14122  -27.600  -61.115  -19.653 0.0000000000
15889  -26.499  -59.349  -18.443 0.0000000000
15051  -27.190  -60.313  -19.809 0.0000000000
15058  -27.552  -60.635  -20.472 0.0000000000
15059  -27.857  -60.978  -20.954 0.0000000000
15061  -27.788  -60.227  -21.332 0.0000000000
15913  -28.087  -59.326  -21.719 0.0000000000
10535  -32.074  -65.356  -13.239 0.0000000000
11302  -29.212  -64.619  -13.543 0.0000000000
10532  -28.342  -65.235  -13.438 0.0000000000
11301  -28.439  -64.209  -13.535 0.0000000000
119485  -27.195  -62.786  -13.308 0.0000000000
13136  -26.896  -61.897  -13.133 0.0000000000
14042  -26.349  -61.399  -12.565 0.0000000000
16696  -30.195  -57.442  -8.207 0.0000000000
17612  -29.552  -57.868  -7.710 0.0000000000
17611  -28.732  -57.270  -7.752 0.0000000000
18454  -29.138  -56.531  -8.247 0.0000000000
19288  -28.695  -55.865  -8.590 0.0000000000
20157  -27.905  -54.494  -9.405 0.0000000000
21131  -29.405  -53.967  -9.628 0.0000000000
129226  -28.892  -53.107  -9.646 0.0000000000
130017  -28.441  -53.871  -9.700 0.0000000000
22055  -28.430  -52.328  -9.819 0.0000000000
23041  -28.066  -51.422  -10.088 0.0000000000
24014  -28.099  -50.407  -10.107 0.0000000000
9895  -33.836  -65.943  -24.230 0.0000000000
9896  -34.778  -66.034  -24.055 0.0000000000
9887  -35.602  -66.633  -23.384 0.0000000000
9888  -36.630  -66.996  -22.528 0.0000000000
9106  -37.415  -67.272  -22.271 0.0000000000
9899  -38.352  -67.133  -23.726 0.0000000000
11406  -39.596  -64.537  -22.325 0.0000000000
121313  -39.817  -64.461  -22.934 0.0000000000
119305  -39.745  -64.148  -23.896 0.0000000000
123467  -40.139  -63.177  -24.332 0.0000000000
10607  -35.677  -65.699  -19.197 0.0000000000
130178  -35.008  -67.225  -19.610 0.0000000000
9824  -34.923  -66.310  -19.630 0.0000000000
9823  -34.038  -65.963  -20.003 0.0000000000
9838  -33.285  -66.563  -20.510 0.0000000000
10615  -33.156  -65.688  -20.336 0.0000000000
9837  -32.603  -66.153  -21.075 0.0000000000
9855  -32.174  -66.619  -21.882 0.0000000000
10642  -32.040  -66.106  -22.512 0.0000000000
13194  -29.138  -62.986  -19.002 0.0000000000
12286  -30.172  -63.589  -20.372 0.0000000000
12300  -30.450  -63.713  -21.414 0.0000000000
10652  -31.933  -65.018  -23.316 0.0000000000
10653  -32.445  -65.521  -23.716 0.0000000000
10662  -33.046  -65.323  -24.304 0.0000000000
12337  -34.504  -63.699  -24.522 0.0000000000
12335  -32.577  -63.148  -24.572 0.0000000000
12336  -33.513  -63.508  -24.653 0.0000000000
12338  -35.314  -63.188  -23.921 0.0000000000
13256  -35.644  -62.541  -23.077 0.0000000000
14171  -35.506  -61.747  -22.554 0.0000000000
10597  -36.175  -65.221  -18.685 0.0000000000
11365  -35.078  -63.968  -18.342 0.0000000000
12272  -34.467  -63.446  -17.811 0.0000000000
12261  -34.536  -63.440  -17.121 0.0000000000
12260  -33.771  -63.200  -17.246 0.0000000000
12271  -33.520  -63.376  -17.989 0.0000000000
12258  -31.826  -63.310  -17.498 0.0000000000
12257  -30.785  -63.388  -17.749 0.0000000000
13189  -30.157  -63.028  -17.149 0.0000000000
11304  -31.517  -64.369  -13.718 0.0000000000
12216  -31.461  -63.275  -14.421 0.0000000000
133234  -31.281  -62.854  -14.714 0.0000000000
13139  -30.085  -62.241  -14.316 0.0000000000
13149  -30.803  -62.521  -14.771 0.0000000000
13167  -30.834  -62.449  -15.338 0.0000000000
13166  -30.082  -62.176  -15.602 0.0000000000
13181  -29.639  -62.547  -16.558 0.0000000000
13180  -28.780  -62.338  -16.906 0.0000000000
14096  -27.680  -61.261  -16.799 0.0000000000
15025  -27.045  -60.522  -17.306 0.0000000000
15869  -26.428  -59.252  -16.598 0.0000000000
16816  -26.245  -58.665  -16.090 0.0000000000
17709  -25.903  -57.939  -16.482 0.0000000000
18543  -25.625  -56.578  -16.344 0.0000000000
140905  -25.556  -56.025  -15.917 0.0000000000
13068  -27.606  -62.422  -9.761 0.0000000000
14011  -26.835  -62.223  -10.339 0.0000000000
128358  -26.444  -63.218  -11.456 0.0000000000
13104  -26.244  -62.536  -11.660 0.0000000000
14949  -25.801  -60.380  -11.360 0.0000000000
15798  -25.779  -59.617  -11.668 0.0000000000
16693  -27.867  -57.776  -7.696 0.0000000000
17616  -26.637  -57.655  -8.233 0.0000000000
17623  -26.012  -58.085  -8.866 0.0000000000
19285  -26.065  -55.868  -8.668 0.0000000000
17622  -25.619  -57.299  -9.209 0.0000000000
16718  -25.910  -58.871  -9.520 0.0000000000
15785  -25.584  -58.853  -10.458 0.0000000000
127685  -25.625  -59.110  -11.284 0.0000000000
16740  -25.827  -58.836  -12.063 0.0000000000
16762  -25.698  -57.918  -12.159 0.0000000000
120512  -25.628  -57.148  -12.602 0.0000000000
18508  -25.531  -56.210  -13.588 0.0000000000
128938  -24.927  -54.948  -12.006 0.0000000000
19339  -25.252  -55.449  -13.049 0.0000000000
19352  -25.465  -55.627  -14.095 0.0000000000
128506  -25.439  -55.044  -14.599 0.0000000000
20238  -25.501  -54.232  -14.616 0.0000000000
8270  -33.355  -68.840  -20.460 0.0000000000
8282  -32.387  -68.817  -22.036 0.0000000000
7478  -32.735  -69.994  -22.023 0.0000000000
6749  -32.854  -71.138  -22.047 0.0000000000
6004  -33.501  -70.928  -23.256 0.0000000000
9122  -34.251  -67.578  -23.531 0.0000000000
119630  -34.708  -68.737  -23.109 0.0000000000
120082  -35.049  -69.649  -23.132 0.0000000000
8315  -36.617  -68.700  -22.906 0.0000000000
7491  -35.472  -69.628  -23.367 0.0000000000
20334  -26.615  -54.057  -18.146 0.0000000000
17758  -27.514  -57.416  -20.646 0.0000000000
17767  -27.944  -57.959  -21.173 0.0000000000
16882  -28.911  -59.046  -22.186 0.0000000000
15926  -29.514  -59.631  -22.678 0.0000000000
15927  -30.463  -59.568  -22.555 0.0000000000
15950  -31.192  -60.043  -23.027 0.0000000000
15088  -32.529  -60.692  -23.379 0.0000000000
136887  -32.295  -59.793  -21.385 0.0000000000
15069  -32.975  -60.299  -22.282 0.0000000000
15089  -33.434  -60.702  -22.865 0.0000000000
15090  -34.339  -60.718  -22.427 0.0000000000
14153  -35.262  -60.836  -22.129 0.0000000000
14154  -36.200  -61.243  -21.969 0.0000000000
16899  -34.869  -58.299  -23.402 0.0000000000
137841  -35.228  -58.900  -22.763 0.0000000000
16887  -35.231  -59.576  -22.269 0.0000000000
139504  -35.941  -60.385  -22.075 0.0000000000
15073  -36.513  -60.529  -22.018 0.0000000000
138739  -37.306  -61.163  -21.705 0.0000000000
14156  -38.018  -61.444  -21.589 0.0000000000
14157  -39.193  -61.675  -21.510 0.0000000000
15076  -39.854  -61.143  -21.801 0.0000000000
15077  -40.520  -61.335  -22.042 0.0000000000
14172  -41.157  -61.659  -22.878 0.0000000000
6750  -33.531  -70.826  -22.958 0.0000000000
7448  -32.587  -69.543  -21.658 0.0000000000
7449  -32.949  -69.800  -20.865 0.0000000000
7489  -33.275  -69.844  -22.687 0.0000000000
9884  -32.747  -67.031  -23.408 0.0000000000
10596  -35.450  -64.747  -18.888 0.0000000000
10644  -38.616  -65.724  -22.345 0.0000000000
10663  -34.569  -65.315  -24.353 0.0000000000
11324  -31.816  -63.913  -14.119 0.0000000000
11326  -33.572  -64.251  -14.944 0.0000000000
11421  -33.199  -64.454  -24.578 0.0000000000
11423  -35.137  -64.867  -24.280 0.0000000000
11433  -39.490  -63.763  -24.927 0.0000000000
12143  -27.531  -63.957  -10.138 0.0000000000
12193  -26.835  -63.509  -13.174 0.0000000000
12195  -28.827  -63.126  -13.576 0.0000000000
12196  -29.781  -63.175  -13.717 0.0000000000
12225  -32.248  -63.126  -15.309 0.0000000000
12244  -34.433  -63.684  -16.355 0.0000000000
12277  -29.647  -63.279  -19.690 0.0000000000
12279  -31.146  -63.856  -19.133 0.0000000000
12285  -29.497  -63.115  -20.389 0.0000000000
13052  -29.651  -62.425  -8.386 0.0000000000
13069  -28.413  -62.637  -9.296 0.0000000000
13086  -26.578  -62.775  -10.888 0.0000000000
13138  -28.909  -62.059  -13.659 0.0000000000
13168  -31.538  -62.790  -15.251 0.0000000000
13182  -30.610  -62.633  -16.179 0.0000000000
13212  -28.573  -62.216  -20.371 0.0000000000
13229  -29.236  -62.509  -21.637 0.0000000000
13265  -32.387  -62.432  -24.514 0.0000000000
14010  -26.263  -61.999  -11.034 0.0000000000
14026  -26.047  -61.747  -11.846 0.0000000000
14092  -29.659  -61.577  -15.086 0.0000000000
14101  -28.104  -61.899  -17.293 0.0000000000
14107  -27.565  -61.256  -18.695 0.0000000000
14141  -27.828  -61.216  -20.371 0.0000000000
14151  -28.821  -60.995  -22.397 0.0000000000
14155  -37.148  -61.513  -21.679 0.0000000000
14159  -40.752  -61.817  -22.143 0.0000000000
14185  -34.093  -61.949  -23.952 0.0000000000
14911  -28.580  -60.406  -8.276 0.0000000000
14972  -26.458  -60.490  -12.660 0.0000000000
15001  -28.707  -60.688  -14.439 0.0000000000
15015  -28.030  -60.433  -15.132 0.0000000000
15021  -28.105  -61.095  -15.841 0.0000000000
15068  -32.120  -60.281  -22.825 0.0000000000
15072  -35.383  -60.198  -22.024 0.0000000000
15085  -29.919  -61.058  -23.384 0.0000000000
15087  -31.653  -60.662  -23.634 0.0000000000
15092  -41.081  -61.064  -22.525 0.0000000000
15768  -26.964  -59.783  -8.927 0.0000000000
15838  -27.236  -59.611  -13.602 0.0000000000
15855  -27.614  -59.733  -14.149 0.0000000000
15865  -26.697  -59.362  -15.769 0.0000000000
15890  -26.848  -59.961  -19.016 0.0000000000
15909  -27.299  -59.894  -20.580 0.0000000000
15912  -27.547  -59.470  -21.139 0.0000000000
16694  -28.797  -58.244  -7.604 0.0000000000
16707  -27.173  -58.370  -8.092 0.0000000000
16709  -30.359  -58.279  -7.810 0.0000000000
16739  -25.544  -58.407  -11.365 0.0000000000
16763  -26.074  -58.359  -12.674 0.0000000000
16782  -26.012  -57.772  -13.008 0.0000000000
16833  -26.314  -58.561  -18.747 0.0000000000
16858  -27.238  -58.260  -20.667 0.0000000000
16867  -28.434  -58.524  -21.593 0.0000000000
16903  -38.236  -58.988  -23.660 0.0000000000
16916  -35.262  -58.104  -24.064 0.0000000000
17615  -26.061  -57.259  -8.616 0.0000000000
17617  -29.535  -57.138  -8.009 0.0000000000
17642  -25.203  -57.106  -10.952 0.0000000000
17676  -25.752  -57.044  -13.508 0.0000000000
17697  -25.737  -57.276  -15.944 0.0000000000
18450  -25.807  -56.569  -8.784 0.0000000000
18452  -27.416  -56.449  -8.002 0.0000000000
18453  -28.273  -56.439  -7.983 0.0000000000
18459  -29.500  -56.039  -8.998 0.0000000000
18493  -25.444  -56.391  -12.853 0.0000000000
18558  -25.712  -56.466  -17.219 0.0000000000
19291  -25.663  -55.296  -9.212 0.0000000000
19292  -26.397  -55.121  -8.878 0.0000000000
19294  -28.287  -55.206  -9.031 0.0000000000
19296  -30.395  -55.350  -9.680 0.0000000000
19390  -25.673  -55.096  -16.898 0.0000000000
21147  -26.199  -53.250  -10.427 0.0000000000
21148  -27.065  -53.112  -10.187 0.0000000000
21213  -25.724  -53.409  -15.068 0.0000000000
22054  -28.007  -53.116  -9.975 0.0000000000
22057  -29.846  -52.927  -9.439 0.0000000000
22118  -26.205  -51.968  -12.376 0.0000000000
22133  -25.861  -52.764  -13.701 0.0000000000
23024  -28.872  -51.595  -9.575 0.0000000000
23062  -26.583  -51.486  -11.742 0.0000000000
23063  -26.996  -51.141  -11.220 0.0000000000
23088  -26.551  -51.077  -12.455 0.0000000000
24957  -28.161  -49.488  -10.199 0.0000000000
116596  -25.945  -60.923  -11.983 0.0000000000
116665  -26.009  -61.187  -11.189 0.0000000000
117886  -31.076  -62.811  -23.920 0.0000000000
119217  -25.560  -58.064  -9.744 0.0000000000
119306  -32.056  -65.677  -23.096 0.0000000000
119649  -25.017  -54.087  -11.711 0.0000000000
121344  -31.060  -60.119  -7.563 0.0000000000
122139  -30.180  -62.733  -13.979 0.0000000000
123097  -25.504  -54.826  -15.368 0.0000000000
124863  -25.585  -55.955  -9.039 0.0000000000
124965  -26.618  -59.629  -12.889 0.0000000000
125316  -25.545  -55.354  -16.031 0.0000000000
127064  -25.288  -55.750  -9.621 0.0000000000
127202  -31.605  -64.888  -13.467 0.0000000000
128115  -26.095  -57.029  -18.622 0.0000000000
128244  -36.763  -60.954  -21.798 0.0000000000
128763  -30.116  -60.078  -7.601 0.0000000000
130742  -28.999  -62.843  -18.190 0.0000000000
132249  -25.420  -54.050  -13.719 0.0000000000
134972  -32.691  -71.718  -22.483 0.0000000000
135307  -26.038  -60.093  -12.155 0.0000000000
135881  -25.352  -56.598  -12.183 0.0000000000
136584  -25.872  -57.783  -17.280 0.0000000000
137096  -26.747  -60.938  -9.766 0.0000000000
137519  -29.929  -54.333  -9.611 0.0000000000
137677  -33.023  -64.131  -14.629 0.0000000000
137809  -27.208  -57.742  -7.892 0.0000000000
137823  -25.627  -53.485  -10.744 0.0000000000
138392  -26.554  -58.272  -8.467 0.0000000000
139038  -26.480  -58.353  -19.468 0.0000000000
139596  -32.509  -69.337  -22.045 0.0000000000
139927  -32.540  -60.081  -21.869 0.0000000000
140449  -31.740  -63.029  -14.869 0.0000000000
140685  -33.911  -64.236  -24.685 0.0000000000
