#!ascii label  , from subject sub-v2s7x29677_ses-1 vox2ras=TkReg
614
60524  30.716  -9.318  -26.465 0.1428571492
60507  29.543  -10.154  -26.313 0.1428571492
61742  30.139  -8.521  -27.598 0.1428571492
60505  31.439  -9.464  -25.871 0.1428571492
61741  31.061  -8.263  -27.259 0.2857142985
61727  30.006  -9.149  -27.044 0.1428571492
62829  31.893  -7.946  -26.836 0.1428571492
62862  31.018  -7.199  -28.219 0.5714285970
62843  32.280  -7.258  -27.249 0.1428571492
63944  33.591  -6.185  -27.454 0.2857142985
136053  34.844  -5.070  -27.657 0.1428571492
63943  34.349  -5.565  -27.603 0.2857142985
68998  34.920  -1.947  -28.734 0.2857142985
67947  34.388  -2.782  -28.788 0.1428571492
66965  33.858  -3.586  -28.809 0.2857142985
69986  35.145  -0.347  -29.272 0.2857142985
68997  35.639  -1.472  -28.441 0.2857142985
71934  35.278  1.221  -29.862 0.2857142985
70952  35.062  0.360  -29.665 0.2857142985
72919  35.643  2.794  -29.985 0.2857142985
75705  35.028  5.057  -30.536 0.8571428657
73891  35.500  3.561  -30.168 0.4285714328
71932  36.297  2.002  -29.236 0.2857142985
119421  34.640  6.861  -30.479 0.7142857313
125127  35.401  5.714  -30.143 0.7142857313
74806  34.607  4.358  -30.789 0.7142857313
120730  35.242  7.965  -29.733 0.8571428657
77532  35.202  7.132  -29.960 0.5714285970
76597  34.636  5.916  -30.639 0.7142857313
75714  34.290  5.078  -30.992 0.7142857313
79171  34.789  9.334  -29.657 0.4285714328
78362  34.707  8.529  -29.990 0.7142857313
77548  34.675  7.706  -30.269 0.8571428657
80953  34.692  11.191  -29.274 0.2857142985
79172  34.292  9.927  -29.932 0.8571428657
80065  34.987  10.240  -29.283 0.7142857313
79192  34.210  9.143  -30.241 0.8571428657
81968  34.806  12.726  -28.831 0.1428571492
80946  35.174  11.886  -28.678 0.1428571492
81974  34.280  12.120  -29.404 0.4285714328
80066  34.314  10.629  -29.724 0.5714285970
80078  33.716  10.495  -30.231 0.8571428657
84094  34.129  14.799  -29.314 0.1428571492
83044  35.127  13.377  -28.416 0.1428571492
83045  34.475  13.450  -29.016 0.1428571492
135617  34.232  12.917  -29.334 0.4285714328
84979  34.435  15.678  -28.999 0.1428571492
125022  34.797  15.001  -28.624 0.1428571492
84087  34.150  14.016  -29.248 0.1428571492
84095  33.637  14.143  -29.728 0.4285714328
81969  33.716  12.796  -29.755 0.5714285970
127500  33.518  12.037  -30.004 0.7142857313
80079  33.088  10.658  -30.605 0.8571428657
84986  33.764  15.642  -29.713 0.1428571492
85832  33.402  16.399  -29.999 0.1428571492
84096  33.382  14.881  -29.982 0.5714285970
81979  33.124  12.753  -30.269 0.8571428657
80963  33.306  11.284  -30.332 0.8571428657
128252  32.887  11.998  -30.532 0.8571428657
86636  33.702  17.183  -29.654 0.1428571492
86637  33.031  17.151  -30.200 0.2857142985
84987  33.079  15.623  -30.304 0.1428571492
85838  32.699  16.366  -30.530 0.8571428657
84102  33.052  14.162  -30.283 0.8571428657
83056  33.354  13.470  -30.020 0.7142857313
126517  32.468  14.109  -30.813 0.8571428657
87397  32.722  18.671  -30.434 0.1428571492
88153  32.437  19.554  -30.736 0.1428571492
86646  32.361  17.141  -30.697 0.4285714328
85839  31.921  16.355  -31.103 0.8571428657
84991  32.384  15.564  -30.828 0.8571428657
84104  32.120  14.764  -31.090 0.8571428657
120859  31.885  13.985  -31.336 0.8571428657
87398  32.191  17.956  -30.867 0.4285714328
84992  31.726  15.430  -31.371 0.8571428657
88915  32.244  20.356  -31.011 0.2857142985
87403  32.056  18.786  -31.100 0.5714285970
122328  31.449  18.883  -31.661 0.8571428657
86647  31.739  17.287  -31.190 0.8571428657
128088  31.333  16.756  -31.548 0.8571428657
86654  31.155  17.464  -31.730 0.8571428657
85849  31.262  16.038  -31.697 0.8571428657
88916  31.612  20.355  -31.626 0.2857142985
88154  31.831  19.585  -31.351 0.5714285970
86658  30.588  17.724  -32.287 0.8571428657
88160  31.229  19.616  -31.952 0.8571428657
88161  30.626  19.618  -32.557 0.8571428657
134933  30.563  18.422  -32.398 0.8571428657
128986  30.307  18.951  -32.735 0.7142857313
88925  30.984  20.314  -32.283 0.8571428657
88926  30.249  20.331  -33.062 0.8571428657
119808  29.864  20.968  -33.508 0.8571428657
88166  30.096  19.510  -33.072 0.7142857313
90454  30.036  22.804  -33.185 0.7142857313
89674  29.806  21.888  -33.482 0.8571428657
90455  29.446  22.760  -33.774 0.8571428657
91979  29.069  24.466  -34.298 0.7142857313
93338  30.460  26.672  -35.480 0.1428571492
91270  29.191  23.617  -33.984 0.7142857313
94783  29.624  27.029  -37.100 0.1428571492
92646  29.143  25.380  -34.579 0.5714285970
93339  28.802  26.525  -35.683 0.5714285970
94043  28.096  26.958  -36.139 0.5714285970
94042  29.076  26.969  -36.129 0.1428571492
94084  27.699  26.882  -39.677 0.1428571492
139629  27.644  27.377  -36.313 0.5714285970
136769  26.729  28.901  -39.412 0.1428571492
114921  25.703  29.826  -40.373 0.1428571492
94785  27.776  28.168  -37.018 0.1428571492
95531  26.090  31.306  -39.792 0.1428571492
94051  28.239  27.361  -36.592 0.5714285970
94792  27.078  29.510  -38.651 0.1428571492
95514  27.364  29.813  -37.435 0.1428571492
114744  26.883  32.418  -39.123 0.1428571492
60506  30.582  -10.031  -25.930 0.1428571492
62844  31.455  -7.576  -27.583 0.2857142985
62828  32.712  -7.651  -26.534 0.1428571492
123664  33.843  -6.811  -26.809 0.2857142985
63936  32.645  -6.532  -27.661 0.2857142985
66963  35.188  -2.858  -28.219 0.2857142985
66964  34.601  -3.389  -28.400 0.2857142985
65942  34.441  -4.049  -28.244 0.1428571492
71941  35.197  2.127  -30.224 0.2857142985
74799  35.300  4.314  -30.352 0.4285714328
72926  35.071  2.904  -30.449 0.5714285970
78361  35.271  8.731  -29.442 0.2857142985
79214  33.508  9.021  -30.801 0.8571428657
80954  33.949  11.289  -29.826 0.7142857313
85831  34.062  16.426  -29.397 0.1428571492
84103  32.741  14.858  -30.555 0.8571428657
83058  32.232  13.388  -31.013 0.8571428657
124812  31.371  21.077  -31.903 0.8571428657
126776  30.562  22.450  -32.664 0.8571428657
91256  29.881  23.548  -33.337 0.8571428657
92635  29.669  25.043  -33.966 0.7142857313
122998  29.618  26.731  -35.660 0.2857142985
94804  27.533  28.047  -39.018 0.1428571492
130668  27.133  31.015  -40.482 0.1428571492
59406  29.895  -10.741  -25.727 0.1428571492
63945  31.823  -6.892  -27.941 0.4285714328
64953  33.683  -5.370  -28.004 0.2857142985
63954  31.333  -6.552  -28.552 0.2857142985
65943  33.750  -4.428  -28.486 0.1428571492
68976  36.228  -1.960  -28.004 0.2857142985
69973  35.827  -0.504  -28.644 0.2857142985
69010  34.493  -1.137  -29.412 0.2857142985
67960  34.098  -2.094  -29.305 0.2857142985
69009  35.195  -1.085  -28.883 0.2857142985
73892  34.860  3.634  -30.624 0.7142857313
84086  34.774  14.185  -28.659 0.1428571492
85824  34.786  16.533  -28.636 0.1428571492
87388  33.349  18.075  -29.904 0.1428571492
121506  32.736  17.790  -30.443 0.2857142985
81980  32.518  12.724  -30.740 0.8571428657
128429  32.181  11.940  -31.055 1.0000000000
89651  32.124  21.257  -31.279 0.1428571492
89652  31.697  21.811  -31.625 0.2857142985
86659  30.108  17.328  -32.712 0.8571428657
89660  31.082  21.833  -32.167 0.5714285970
91255  30.518  23.411  -32.747 0.5714285970
91965  30.492  24.261  -33.016 0.5714285970
91966  29.752  24.364  -33.602 0.7142857313
93331  29.590  26.246  -35.059 0.4285714328
92634  30.515  25.108  -33.541 0.2857142985
137546  30.356  26.295  -34.882 0.2857142985
94041  29.955  27.032  -36.120 0.1428571492
94050  29.358  27.160  -36.604 0.1428571492
94784  28.714  27.324  -37.126 0.1428571492
94052  27.202  27.895  -36.343 0.2857142985
94062  28.674  26.784  -38.728 0.1428571492
115152  27.413  28.898  -37.473 0.1428571492
94816  26.135  28.385  -40.505 0.1428571492
95523  27.260  31.170  -38.340 0.1428571492
96251  27.953  30.995  -37.201 0.1428571492
130530  27.540  32.324  -38.291 0.1428571492
90443  31.217  22.665  -32.096 0.4285714328
91243  31.063  23.202  -32.297 0.4285714328
91951  31.371  24.088  -32.406 0.4285714328
92645  30.197  25.772  -34.345 0.5714285970
60523  31.484  -8.720  -26.434 0.1428571492
61726  30.687  -8.806  -26.974 0.1428571492
120967  30.014  -9.655  -26.541 0.1428571492
59427  28.798  -10.081  -26.589 0.1428571492
62845  30.619  -7.863  -27.933 0.4285714328
61743  29.259  -8.879  -27.563 0.2857142985
63935  33.113  -6.980  -26.982 0.1428571492
64954  32.927  -5.774  -28.086 0.1428571492
133295  33.733  -4.916  -28.275 0.1428571492
76609  33.860  5.790  -31.197 0.7142857313
78378  34.113  8.309  -30.541 0.8571428657
83051  33.916  13.471  -29.532 0.1428571492
83057  32.777  13.446  -30.522 0.8571428657
87409  31.052  18.262  -31.945 0.8571428657
87404  31.614  18.104  -31.413 0.8571428657
85858  30.650  16.699  -32.183 0.8571428657
128484  30.877  18.963  -32.206 0.8571428657
125323  30.807  20.976  -32.461 0.8571428657
89661  30.403  21.392  -32.899 0.8571428657
94049  30.208  27.000  -36.788 0.1428571492
92657  28.471  25.738  -35.320 0.5714285970
94085  27.140  27.412  -40.408 0.1428571492
94791  27.998  27.815  -37.947 0.1428571492
130518  26.113  30.448  -40.382 0.1428571492
114817  26.383  29.046  -40.510 0.1428571492
67932  36.538  -2.777  -27.731 0.1428571492
63953  32.123  -6.176  -28.308 0.4285714328
94786  27.120  28.872  -36.580 0.1428571492
69021  33.075  -1.634  -30.855 0.5714285970
66998  32.207  -3.071  -31.382 0.5714285970
124076  30.962  -3.903  -32.049 0.2857142985
69031  32.932  -0.979  -31.409 0.5714285970
69044  32.044  -1.925  -32.460 0.5714285970
65986  31.148  -4.343  -31.483 0.4285714328
69032  32.572  -1.762  -31.668 0.5714285970
67000  30.238  -3.814  -32.049 0.2857142985
68000  30.955  -2.515  -32.903 0.4285714328
71943  33.854  1.360  -31.063 0.4285714328
70974  33.039  0.435  -31.742 0.5714285970
70018  32.217  -0.410  -32.686 0.5714285970
70019  31.709  -1.232  -33.067 0.4285714328
71950  33.385  1.919  -31.596 0.5714285970
138783  32.662  1.186  -32.370 0.5714285970
70982  32.570  0.243  -32.345 0.4285714328
71956  32.780  2.160  -32.242 0.4285714328
72935  33.248  2.836  -31.800 0.4285714328
120135  31.434  -2.034  -32.949 0.4285714328
129830  30.310  -2.591  -32.706 0.2857142985
67013  29.903  -3.047  -32.300 0.2857142985
70026  31.597  -0.275  -33.428 0.4285714328
72934  33.801  2.593  -31.315 0.7142857313
74816  33.204  4.259  -31.777 0.7142857313
73915  31.900  3.380  -33.609 0.4285714328
120427  32.329  4.698  -32.621 0.7142857313
75733  31.872  4.999  -33.093 0.5714285970
76629  31.800  5.866  -32.939 0.7142857313
75734  31.302  5.389  -33.791 0.2857142985
74807  33.897  4.344  -31.248 0.5714285970
75715  33.545  5.026  -31.505 0.5714285970
74817  32.584  4.142  -32.437 0.7142857313
76610  32.947  6.718  -31.705 0.7142857313
76620  31.815  6.638  -32.704 0.7142857313
77576  32.254  7.231  -32.114 0.7142857313
77577  31.507  7.339  -32.828 0.7142857313
76630  31.244  6.507  -33.479 0.4285714328
78402  31.145  8.159  -32.939 0.4285714328
76598  34.042  6.583  -30.945 0.5714285970
75716  33.082  5.784  -31.789 0.5714285970
77564  33.516  7.116  -31.256 0.5714285970
77565  32.940  7.538  -31.550 0.5714285970
78390  32.500  8.071  -31.730 0.7142857313
79228  32.161  8.919  -31.763 0.7142857313
80102  31.866  10.459  -31.577 0.7142857313
124312  31.424  8.851  -32.380 0.7142857313
139319  31.144  9.324  -32.455 0.5714285970
80117  30.525  10.597  -32.626 0.5714285970
79193  33.792  9.707  -30.385 0.7142857313
125251  32.906  8.592  -31.352 0.5714285970
138415  32.963  8.061  -31.443 0.5714285970
79215  32.766  9.434  -31.203 0.7142857313
135266  32.161  11.074  -31.217 0.8571428657
79245  30.750  9.014  -32.962 0.4285714328
80978  31.536  11.385  -31.645 0.7142857313
80997  30.913  11.211  -32.192 0.7142857313
81989  31.579  12.394  -31.506 0.7142857313
80998  30.337  11.461  -32.645 0.5714285970
82004  30.857  12.083  -32.039 0.7142857313
79194  33.239  9.945  -30.712 0.5714285970
79216  32.188  9.766  -31.523 0.7142857313
81990  31.146  12.904  -31.806 0.7142857313
82005  30.505  12.980  -32.385 0.5714285970
83076  30.368  13.878  -32.533 0.2857142985
80964  32.671  11.215  -30.767 0.7142857313
85002  30.470  15.238  -32.442 0.7142857313
81981  32.040  12.751  -31.153 0.7142857313
83065  31.681  13.217  -31.441 0.8571428657
83066  31.157  13.754  -31.896 0.8571428657
85850  30.770  15.822  -32.165 0.8571428657
84113  30.819  14.562  -32.189 0.5714285970
85859  30.198  15.927  -32.684 0.7142857313
85001  31.120  15.279  -31.910 0.8571428657
85866  29.837  16.640  -32.985 0.7142857313
88934  29.469  20.325  -33.881 0.7142857313
88172  29.016  19.724  -34.346 0.7142857313
88941  28.878  20.351  -34.647 0.7142857313
89675  29.277  21.058  -34.109 0.7142857313
129252  29.078  21.920  -34.331 0.8571428657
128990  28.359  21.998  -35.092 0.7142857313
89681  28.665  21.111  -34.893 0.7142857313
128190  27.299  23.030  -35.607 0.7142857313
91271  28.496  23.685  -34.841 0.7142857313
91280  27.673  23.702  -35.419 0.7142857313
90474  26.755  22.761  -35.620 0.5714285970
91993  27.338  24.350  -35.523 0.4285714328
91281  26.883  23.666  -35.562 0.5714285970
117276  26.376  23.278  -35.197 0.5714285970
92647  28.229  24.643  -35.154 0.5714285970
90475  26.311  22.402  -35.245 0.5714285970
91994  26.826  24.604  -35.475 0.5714285970
91282  26.575  24.071  -35.259 0.5714285970
117803  25.996  22.625  -34.666 0.5714285970
136131  25.989  21.923  -34.856 0.4285714328
91272  26.117  23.467  -34.393 0.5714285970
92659  26.785  25.546  -35.495 0.5714285970
90456  26.112  22.816  -33.794 0.4285714328
88935  25.915  21.188  -34.181 0.4285714328
91257  26.288  23.662  -33.528 0.5714285970
91228  26.898  23.591  -32.177 0.4285714328
75704  35.663  4.973  -30.025 0.2857142985
78389  33.456  8.016  -31.120 0.5714285970
119884  26.541  24.037  -32.834 0.2857142985
91244  26.488  23.127  -32.944 0.4285714328
119462  26.752  22.495  -32.344 0.2857142985
67977  32.692  -2.958  -30.621 0.5714285970
66989  31.618  -4.182  -31.076 0.5714285970
69998  33.916  0.021  -30.469 0.2857142985
134146  34.008  -0.746  -30.045 0.4285714328
70961  34.588  0.621  -30.162 0.2857142985
70973  33.583  0.600  -31.093 0.5714285970
69045  30.999  -1.620  -33.355 0.4285714328
70992  32.068  0.402  -33.026 0.4285714328
126771  31.953  1.202  -33.476 0.5714285970
69046  30.275  -1.798  -33.122 0.2857142985
69054  30.488  -0.943  -33.606 0.2857142985
73907  32.301  3.425  -32.932 0.5714285970
76579  35.787  6.463  -29.650 0.2857142985
74837  31.062  3.733  -34.608 0.2857142985
87415  29.707  18.958  -33.349 0.7142857313
88167  29.608  19.657  -33.641 0.7142857313
128436  29.229  18.285  -33.730 0.7142857313
90467  28.028  22.893  -35.304 0.7142857313
128937  26.703  21.940  -35.579 0.5714285970
89676  25.932  21.849  -34.020 0.2857142985
92658  27.464  25.189  -35.557 0.5714285970
91980  26.271  24.128  -34.846 0.5714285970
117542  26.245  24.847  -34.522 0.2857142985
69987  34.534  -0.206  -29.826 0.2857142985
77549  34.077  7.431  -30.767 0.7142857313
80101  32.556  10.360  -31.065 0.7142857313
84112  31.492  14.629  -31.631 0.7142857313
90466  28.759  22.809  -34.542 0.8571428657
72927  34.383  2.923  -30.906 0.5714285970
73899  33.545  3.635  -31.530 0.5714285970
86664  29.484  17.422  -33.366 0.7142857313
135772  33.510  6.398  -31.384 0.5714285970
126836  33.500  -0.855  -30.658 0.5714285970
69022  32.659  -2.371  -31.132 0.5714285970
67976  33.131  -2.291  -30.375 0.4285714328
67987  31.801  -3.077  -32.015 0.5714285970
67986  32.197  -2.499  -31.899 0.4285714328
66999  31.589  -3.693  -31.648 0.5714285970
67012  30.673  -3.251  -32.448 0.4285714328
70007  33.291  -0.185  -31.201 0.5714285970
115079  32.423  -1.131  -32.240 0.5714285970
70008  32.764  -0.342  -31.934 0.5714285970
65973  31.269  -4.711  -30.884 0.5714285970
125374  33.313  1.117  -31.564 0.5714285970
69053  31.083  -0.754  -33.697 0.4285714328
72943  32.554  2.785  -32.623 0.5714285970
72944  32.009  2.705  -33.602 0.4285714328
73906  32.879  3.514  -32.147 0.5714285970
74826  31.998  4.121  -33.201 0.5714285970
73916  31.512  3.738  -34.069 0.4285714328
73925  31.328  3.065  -34.556 0.4285714328
75724  32.841  4.883  -32.058 0.7142857313
75725  32.369  5.412  -32.434 0.7142857313
74827  31.124  4.477  -34.312 0.2857142985
76619  32.376  6.271  -32.265 0.7142857313
78401  31.832  8.092  -32.276 0.7142857313
79229  31.557  9.661  -32.027 0.7142857313
79230  30.865  9.806  -32.538 0.7142857313
80116  31.221  10.519  -32.085 0.7142857313
83084  29.798  13.312  -33.027 0.2857142985
91995  26.464  24.947  -35.152 0.7142857313
91967  26.227  24.345  -33.934 0.5714285970
70029  29.969  -0.327  -33.642 0.1428571492
71000  31.086  0.649  -34.296 0.4285714328
121917  29.793  -8.031  -28.179 0.4285714328
70935  36.447  0.366  -28.578 0.1428571492
70936  35.708  0.535  -29.177 0.1428571492
70951  36.366  1.229  -28.925 0.1428571492
73883  36.051  3.407  -29.691 0.1428571492
74798  35.958  4.242  -29.756 0.1428571492
71915  36.849  1.954  -28.719 0.1428571492
70934  37.018  1.113  -28.458 0.1428571492
74769  37.049  4.122  -28.857 0.1428571492
72918  36.173  2.694  -29.528 0.1428571492
74785  36.615  4.569  -29.257 0.1428571492
77531  35.793  7.439  -29.384 0.1428571492
87410  29.986  18.168  -32.910 0.5714285970
114984  28.723  31.503  -34.956 0.1428571492
95504  28.240  30.899  -34.255 0.1428571492
123416  27.391  29.853  -36.362 0.1428571492
87422  28.476  18.471  -34.553 0.4285714328
128985  29.079  19.073  -34.053 0.5714285970
88173  28.507  19.722  -35.083 0.4285714328
94028  26.338  27.471  -32.844 0.2857142985
93332  26.222  26.554  -34.495 0.2857142985
92660  26.424  25.951  -35.215 0.2857142985
93342  26.479  26.856  -35.375 0.2857142985
86675  27.206  17.847  -34.820 0.1428571492
88942  28.287  20.356  -35.372 0.5714285970
92627  26.297  26.034  -32.926 0.2857142985
88179  27.261  19.711  -35.580 0.4285714328
89686  27.138  21.212  -35.731 0.5714285970
121277  26.183  26.000  -33.854 0.2857142985
134301  26.718  20.046  -35.468 0.4285714328
88948  26.435  20.675  -35.261 0.2857142985
91952  26.401  24.914  -32.996 0.1428571492
92636  26.245  25.275  -33.805 0.1428571492
88944  26.059  20.219  -34.347 0.1428571492
89683  25.935  21.438  -34.578 0.4285714328
91939  26.666  24.742  -32.186 0.1428571492
115149  26.394  25.784  -32.079 0.1428571492
116090  26.098  26.811  -31.879 0.1428571492
88943  26.063  20.819  -34.632 0.2857142985
90425  27.228  22.352  -31.211 0.1428571492
92623  26.492  25.543  -31.426 0.1428571492
91938  26.952  24.560  -31.553 0.1428571492
91934  27.264  24.575  -30.852 0.1428571492
62863  30.216  -7.414  -28.520 0.4285714328
63973  29.393  -6.511  -29.639 0.2857142985
69953  36.622  -0.465  -28.168 0.1428571492
72900  37.328  2.775  -28.504 0.1428571492
74786  36.194  4.936  -29.598 0.1428571492
94044  27.080  27.091  -36.020 0.2857142985
93322  26.179  26.878  -32.563 0.2857142985
94036  26.451  27.582  -34.745 0.2857142985
92624  26.044  26.628  -31.160 0.2857142985
63956  29.147  -6.947  -29.250 0.2857142985
65928  35.729  -4.230  -27.662 0.1428571492
65929  34.985  -4.446  -27.800 0.1428571492
68975  36.827  -1.283  -27.846 0.1428571492
75689  36.045  5.570  -29.648 0.1428571492
123700  26.331  19.994  -34.977 0.1428571492
87428  27.243  18.855  -35.238 0.2857142985
93340  27.570  26.241  -35.792 0.4285714328
94033  26.387  27.476  -33.786 0.2857142985
94045  26.677  27.893  -35.636 0.2857142985
94770  26.753  28.368  -34.056 0.2857142985
94774  27.165  29.264  -34.294 0.1428571492
94769  27.339  29.161  -33.537 0.1428571492
95510  27.363  30.080  -35.409 0.1428571492
92617  26.227  26.171  -30.602 0.2857142985
96240  27.964  31.097  -35.053 0.1428571492
94779  26.913  28.965  -35.724 0.1428571492
95506  27.051  29.403  -34.963 0.1428571492
77512  35.799  8.258  -29.153 0.2857142985
94027  26.582  28.080  -32.269 0.2857142985
117907  30.643  -6.858  -28.724 0.4285714328
94053  26.860  28.401  -36.072 0.2857142985
128989  28.624  19.230  -34.691 0.4285714328
128907  27.434  22.139  -35.580 0.5714285970
93341  26.744  26.343  -35.611 0.2857142985
138889  26.375  24.230  -33.303 0.4285714328
90436  27.082  22.724  -31.815 0.2857142985
89682  27.922  21.168  -35.513 0.5714285970
89687  26.579  21.253  -35.492 0.5714285970
92648  26.208  25.579  -34.585 0.2857142985
136198  36.481  3.220  -29.321 0.1428571492
71914  37.486  1.860  -28.236 0.1428571492
93325  26.212  26.703  -33.407 0.2857142985
87427  27.680  19.181  -35.385 0.2857142985
88178  27.947  19.702  -35.571 0.4285714328
88947  26.910  20.518  -35.690 0.4285714328
88180  26.778  19.389  -35.314 0.2857142985
88946  27.566  20.397  -35.703 0.5714285970
89688  26.152  21.343  -35.034 0.4285714328
62864  29.310  -7.509  -28.705 0.2857142985
75673  37.283  4.895  -28.673 0.1428571492
86665  28.722  17.536  -34.121 0.2857142985
94775  26.774  28.553  -34.901 0.2857142985
95500  27.613  29.971  -33.997 0.1428571492
82022  29.900  12.619  -32.989 0.2857142985
94737  25.695  29.281  -28.457 0.1428571492
119231  26.025  27.618  -31.917 0.1428571492
114643  26.298  29.843  -28.128 0.1428571492
92608  28.181  25.346  -29.396 0.1428571492
93977  26.967  28.362  -28.189 0.1428571492
94013  25.369  28.599  -29.590 0.1428571492
94022  26.075  28.451  -31.206 0.1428571492
93305  26.555  27.192  -29.123 0.1428571492
93304  27.638  26.371  -29.014 0.1428571492
93306  25.663  27.604  -29.494 0.1428571492
93291  27.561  27.389  -28.440 0.1428571492
95467  27.132  29.624  -27.768 0.1428571492
131408  25.673  27.325  -30.260 0.1428571492
93289  29.068  27.641  -27.726 0.1428571492
93976  28.294  28.359  -27.791 0.1428571492
120703  30.266  12.206  -32.650 0.2857142985
134524  28.446  25.981  -28.719 0.1428571492
93995  27.387  30.117  -29.399 0.1428571492
124938  34.690  2.320  -30.635 0.2857142985
93319  25.604  27.918  -30.877 0.1428571492
123067  25.601  29.034  -30.371 0.1428571492
114642  26.642  29.282  -30.522 0.1428571492
93290  28.367  26.961  -28.297 0.1428571492
123762  29.002  26.334  -28.176 0.1428571492
65972  31.910  -4.363  -30.425 0.4285714328
65954  33.063  -4.284  -29.144 0.2857142985
135511  32.752  -3.395  -30.154 0.2857142985
66975  33.192  -3.495  -29.543 0.1428571492
67962  33.157  -2.886  -29.946 0.2857142985
64974  31.930  -5.269  -29.389 0.2857142985
137510  26.293  21.798  -35.272 0.4285714328
69011  33.686  -1.580  -30.035 0.2857142985
65956  31.538  -5.021  -30.143 0.4285714328
67948  33.712  -2.859  -29.340 0.1428571492
67961  33.542  -2.334  -29.774 0.2857142985
66988  32.191  -3.672  -30.764 0.4285714328
66976  32.556  -3.960  -29.942 0.2857142985
65955  32.279  -4.629  -29.689 0.2857142985
64975  31.112  -5.698  -29.737 0.2857142985
63971  30.790  -6.345  -29.209 0.2857142985
64992  30.664  -5.327  -30.613 0.2857142985
128871  31.793  1.911  -34.021 0.2857142985
71971  31.359  1.879  -34.577 0.2857142985
72960  31.186  2.498  -34.792 0.2857142985
76643  30.806  6.027  -34.142 0.1428571492
77608  30.572  6.812  -34.145 0.1428571492
77593  30.874  7.448  -33.567 0.2857142985
123960  30.191  8.997  -33.751 0.1428571492
136437  29.703  13.990  -33.097 0.1428571492
85010  29.711  15.268  -33.119 0.1428571492
84123  29.166  14.490  -33.663 0.1428571492
85018  28.779  15.438  -34.011 0.1428571492
86673  27.984  17.575  -34.652 0.1428571492
127126  28.163  19.116  -35.188 0.1428571492
86674  27.472  17.496  -34.732 0.1428571492
87423  27.715  18.385  -34.975 0.1428571492
89662  26.222  21.521  -33.141 0.1428571492
88928  26.029  20.534  -33.151 0.1428571492
90444  26.344  22.209  -33.094 0.1428571492
89653  26.494  21.598  -32.302 0.1428571492
64962  31.610  -5.908  -28.971 0.1428571492
62846  28.976  -8.236  -28.125 0.2857142985
70027  31.131  0.023  -34.011 0.2857142985
71972  31.043  1.268  -34.607 0.2857142985
115558  30.946  1.912  -34.837 0.2857142985
77594  30.230  7.634  -34.191 0.1428571492
79246  30.150  9.836  -33.325 0.1428571492
80129  29.844  10.850  -33.294 0.1428571492
82023  29.177  12.705  -33.701 0.1428571492
83085  29.131  13.623  -33.681 0.1428571492
83086  28.513  13.963  -34.238 0.1428571492
85867  28.975  16.558  -33.813 0.1428571492
89663  26.068  21.108  -33.557 0.1428571492
71973  30.564  1.385  -34.611 0.2857142985
78418  30.515  8.279  -33.659 0.1428571492
84122  30.044  14.578  -32.789 0.1428571492
88936  25.966  20.654  -33.945 0.1428571492
70028  30.650  -0.079  -34.002 0.1428571492
85017  29.527  15.957  -33.313 0.1428571492
63972  30.124  -6.090  -29.940 0.2857142985
72961  30.798  2.578  -34.880 0.1428571492
83101  28.461  13.252  -34.337 0.1428571492
62865  28.519  -7.687  -28.475 0.1428571492
62866  27.694  -7.189  -28.291 0.1428571492
63957  28.503  -7.130  -28.923 0.1428571492
78343  35.770  8.889  -28.912 0.1428571492
91226  31.802  23.288  -31.865 0.1428571492
63974  28.523  -6.432  -29.455 0.1428571492
64993  29.736  -5.523  -30.643 0.1428571492
65974  30.750  -4.787  -31.207 0.1428571492
64976  29.119  -5.985  -30.107 0.1428571492
65988  29.623  -4.269  -31.476 0.1428571492
90435  31.701  22.499  -31.716 0.1428571492
67001  29.532  -3.467  -31.839 0.1428571492
136717  29.523  -8.426  -27.892 0.1428571492
79170  35.462  9.454  -29.070 0.1428571492
65987  30.517  -4.422  -31.634 0.1428571492
63955  29.939  -6.828  -29.170 0.1428571492
65975  30.137  -4.993  -31.193 0.1428571492
65930  34.268  -4.822  -28.015 0.1428571492
66951  35.144  -3.710  -27.961 0.2857142985
67011  31.248  -3.240  -32.330 0.5714285970
67999  31.630  -2.594  -32.481 0.4285714328
68996  36.203  -1.132  -28.191 0.1428571492
70036  30.866  0.319  -34.226 0.1428571492
70912  37.153  0.287  -28.083 0.1428571492
70962  34.089  0.835  -30.632 0.5714285970
70993  31.532  0.513  -33.802 0.2857142985
71001  30.658  0.694  -34.368 0.4285714328
71933  35.755  2.040  -29.715 0.2857142985
71942  34.569  1.513  -30.526 0.4285714328
71949  34.143  2.107  -31.027 0.7142857313
71957  32.257  1.990  -33.065 0.4285714328
71963  31.442  1.242  -34.217 0.2857142985
72901  36.678  2.685  -29.045 0.1428571492
72959  31.569  2.492  -34.369 0.2857142985
73865  36.907  3.406  -28.914 0.1428571492
73882  36.518  3.845  -29.315 0.1428571492
73898  34.189  3.681  -31.038 0.7142857313
73924  31.682  3.043  -34.110 0.4285714328
76596  35.139  6.407  -30.192 0.7142857313
77609  29.854  7.064  -34.507 0.1428571492
80142  29.449  10.336  -34.090 0.1428571492
93978  26.218  28.866  -28.203 0.1428571492
93996  25.797  28.333  -28.761 0.1428571492
94086  27.035  27.671  -40.795 0.1428571492
94725  27.735  29.095  -27.711 0.1428571492
94726  26.872  29.021  -27.900 0.1428571492
94727  26.322  29.243  -27.992 0.1428571492
94736  27.057  30.412  -28.402 0.1428571492
95468  26.676  29.270  -27.846 0.1428571492
95505  27.512  30.192  -34.585 0.1428571492
114638  29.174  31.506  -34.745 0.1428571492
114644  25.965  29.965  -29.261 0.1428571492
120267  32.589  -4.938  -29.109 0.2857142985
130669  26.384  28.622  -41.037 0.1428571492
130697  26.256  28.357  -40.824 0.1428571492
135088  32.122  22.857  -31.599 0.1428571492
135632  30.365  2.676  -34.762 0.1428571492
135873  33.839  3.144  -31.301 0.4285714328
138942  31.557  4.547  -33.712 0.5714285970
