#Insight Transform File V1.0
#Transform 0
Transform: AffineTransform_float_3_3
Parameters: 1 0.000176412 0.000449839 -0.000175588 0.999999 -0.000915079 -0.000450161 0.000914921 1 -0.00850241 0.0203946 -0.0213628
FixedParameters: 0 0 0

#Transform 1
Transform: AffineTransform_float_3_3
Parameters: 1 0.000331403 0.000223403 -0.000331597 0.999999 -0.00180308 -0.000223598 0.00180293 0.999999 -0.00778614 0.121494 -0.22209
FixedParameters: 0 0 0

#Transform 2
Transform: AffineTransform_float_3_3
Parameters: 0.999999 -1.76788e-07 0.000915999 -1.76788e-07 1 0.000193 -0.000915999 -0.000193 0.999999 -0.0384247 -0.067528 -0.1811
FixedParameters: 0 0 0

#Transform 3
Transform: AffineTransform_float_3_3
Parameters: 0.999999 0.000418775 0.000622479 -0.000418224 0.999999 -0.00124526 -0.000623521 0.00124474 0.999999 -0.00993569 0.240806 -0.0416103
FixedParameters: 0 0 0

#Transform 4
Transform: AffineTransform_float_3_3
Parameters: 0.999999 0.000921973 -0.000959988 -0.000923027 0.999999 -0.00107011 0.000959013 0.00107089 0.999999 -0.00189035 0.200658 0.0105983
FixedParameters: 0 0 0

#Transform 5
Transform: AffineTransform_float_3_3
Parameters: 0.999999 0.000656755 -0.0012352 -0.000659245 0.999998 -0.00181819 0.0012338 0.00181881 0.999997 0.00167783 -0.0345803 -0.150205
FixedParameters: 0 0 0

#Transform 6
Transform: AffineTransform_float_3_3
Parameters: 1 0.00040398 -0.000253032 -0.00040402 1 -7.88978e-05 0.000252968 7.91022e-05 1 -0.0228325 -0.145409 -0.146409
FixedParameters: 0 0 0

#Transform 7
Transform: AffineTransform_float_3_3
Parameters: 1 0.000488589 -0.000190061 -0.000489411 0.999998 -0.00216991 0.000188938 0.00217009 0.999997 0.00125297 0.330364 -0.00487638
FixedParameters: 0 0 0

#Transform 8
Transform: AffineTransform_float_3_3
Parameters: 1 6.74924e-05 -0.000255135 -6.85073e-05 0.999998 -0.00198998 0.000254864 0.00199002 0.999998 0.0103045 0.175014 -0.00555402
FixedParameters: 0 0 0

#Transform 9
Transform: AffineTransform_float_3_3
Parameters: 1 6.73703e-05 -0.00030514 -6.86294e-05 0.999998 -0.00206398 0.000304859 0.00206402 0.999998 -0.006875 0.00371859 -0.155668
FixedParameters: 0 0 0

#Transform 10
Transform: AffineTransform_float_3_3
Parameters: 0.999999 0.000309767 -0.00082946 -0.000311231 0.999999 -0.00148574 0.000828538 0.00148626 0.999998 0.00718612 0.0443782 -0.0943457
FixedParameters: 0 0 0

#Transform 11
Transform: AffineTransform_float_3_3
Parameters: 1 6.73993e-05 -0.000268152 -6.86004e-05 0.999998 -0.00224098 0.000267847 0.00224102 0.999998 -0.00133444 0.0730847 -0.0528829
FixedParameters: 0 0 0

#Transform 12
Transform: AffineTransform_float_3_3
Parameters: 1 0.000325189 -0.000398663 -0.00032681 0.999998 -0.00203587 0.000397335 0.00203613 0.999998 -0.000113656 0.224171 -0.0713805
FixedParameters: 0 0 0

#Transform 13
Transform: AffineTransform_float_3_3
Parameters: 1 0.0003321 -0.000488613 -0.000332899 0.999998 -0.00184384 0.000487387 0.00184416 0.999998 0.0146398 0.0562851 0.00446075
FixedParameters: 0 0 0

#Transform 14
Transform: AffineTransform_float_3_3
Parameters: 1 0.000283954 -0.000574518 -0.000285047 0.999999 -0.00182184 0.000574482 0.00182216 0.999998 0.02874 0.105455 -0.0265136
FixedParameters: 0 0 0

#Transform 15
Transform: AffineTransform_float_3_3
Parameters: 1 6.79125e-05 -7.00849e-05 -6.80874e-05 0.999999 -0.001249 6.9915e-05 0.00124901 0.999999 0.0235252 0.0116827 0.0782452
FixedParameters: 0 0 0

#Transform 16
Transform: AffineTransform_float_3_3
Parameters: 1 -9.90905e-05 -6.98718e-05 9.99094e-05 0.999999 -0.00129401 7.01294e-05 0.00129399 0.999999 0.018142 0.169595 0.0557496
FixedParameters: 0 0 0

#Transform 17
Transform: AffineTransform_float_3_3
Parameters: 1 0.000137211 -0.000442246 -0.000137788 0.999999 -0.00178394 0.000441755 0.00178406 0.999999 0.0321857 0.174603 0.0684835
FixedParameters: 0 0 0

#Transform 18
Transform: AffineTransform_float_3_3
Parameters: 1 -1.80586e-05 -6.99849e-05 1.79414e-05 0.999999 -0.000837001 7.0015e-05 0.000836998 0.999999 0.00708795 0.0122817 -0.0450876
FixedParameters: 0 0 0

#Transform 19
Transform: AffineTransform_float_3_3
Parameters: 1 6.75672e-05 -0.000431068 -6.84326e-05 0.999999 -0.00100397 0.000430932 0.00100403 1 0.00984397 -0.0361964 -0.107643
FixedParameters: 0 0 0

#Transform 20
Transform: AffineTransform_float_3_3
Parameters: 1 -2.70005e-05 1.89993e-05 2.69995e-05 1 2.70005e-05 -1.90007e-05 -2.69995e-05 1 -0.00124767 0.00295168 -0.0160676
FixedParameters: 0 0 0

#Transform 21
Transform: AffineTransform_float_3_3
Parameters: 1 0.000128429 -0.000483152 -0.00012857 1 -0.00118094 0.000482849 0.00118106 0.999999 0.0403842 0.226177 0.0584947
FixedParameters: 0 0 0

#Transform 22
Transform: AffineTransform_float_3_3
Parameters: 1 6.77748e-05 -0.000289053 -6.82251e-05 0.999999 -0.00077898 0.000288947 0.000779019 0.999999 0.0281196 0.0768794 0.000462902
FixedParameters: 0 0 0

#Transform 23
Transform: AffineTransform_float_3_3
Parameters: 1 1.74494e-05 -0.00048302 -1.75506e-05 1 -0.00113999 0.00048298 0.00114001 0.999999 0.0311369 0.100283 0.0178994
FixedParameters: 0 0 0

#Transform 24
Transform: AffineTransform_float_3_3
Parameters: 1 6.75425e-05 -0.000483064 -6.84573e-05 0.999999 -0.000946967 0.000482936 0.000947033 1 0.0193759 0.0373406 -0.00454401
FixedParameters: 0 0 0

#Transform 25
Transform: AffineTransform_float_3_3
Parameters: 1 6.7586e-05 -0.000360078 -6.8414e-05 1 -0.00114998 0.000359922 0.00115003 1 0.0158958 0.0961395 -0.0236285
FixedParameters: 0 0 0

#Transform 26
Transform: AffineTransform_float_3_3
Parameters: 1 6.78826e-05 -0.000123065 -6.81173e-05 0.999999 -0.000953991 0.000122935 0.000954007 0.999999 0.00285457 0.0718116 -0.0260067
FixedParameters: 0 0 0

#Transform 27
Transform: AffineTransform_float_3_3
Parameters: 1 6.79618e-05 -5.10508e-05 -6.80381e-05 0.999999 -0.000747996 5.09491e-05 0.000748003 0.999999 0.00123778 0.104967 -0.0565433
FixedParameters: 0 0 0

#Transform 28
Transform: AffineTransform_float_3_3
Parameters: 1 6.8046e-05 7.09558e-05 -6.79539e-05 1 -0.000649005 -7.10441e-05 0.000648995 1 -0.00144798 0.0985905 -0.00850636
FixedParameters: 0 0 0

#Transform 29
Transform: AffineTransform_float_3_3
Parameters: 1 6.8096e-05 8.19203e-05 -6.7904e-05 1 -0.00117101 -8.20796e-05 0.001171 1 0.0014167 0.137045 0.0581535
FixedParameters: 0 0 0

#Transform 30
Transform: AffineTransform_float_3_3
Parameters: 1 6.80128e-05 9.91248e-06 -6.79871e-05 0.999999 -0.001287 -1.00875e-05 0.001287 0.999999 -9.14235e-05 0.0989964 0.0505701
FixedParameters: 0 0 0

#Transform 31
Transform: AffineTransform_float_3_3
Parameters: 1 -0.000117755 0.000234124 0.000117245 1 -0.00104697 -0.000233877 0.00104703 1 -0.00695078 0.0759857 -0.0229732
FixedParameters: 0 0 0

#Transform 32
Transform: AffineTransform_float_3_3
Parameters: 1 -0.00018792 6.62278e-05 0.00018808 0.999999 -0.00121199 -6.57721e-05 0.00121201 1 -0.0039063 0.0666401 -0.0269795
FixedParameters: 0 0 0

#Transform 33
Transform: AffineTransform_float_3_3
Parameters: 1 -4.58382e-05 0.000145051 4.61618e-05 1 -0.00111599 -0.000144949 0.00111601 1 -0.0156082 -0.037405 -0.154287
FixedParameters: 0 0 0

#Transform 34
Transform: AffineTransform_float_3_3
Parameters: 1 -0.000197969 0.000387016 0.000198031 1 -7.99234e-05 -0.000386984 8.00766e-05 1 -0.0111872 -0.0100584 -0.0369022
FixedParameters: 0 0 0

#Transform 35
Transform: AffineTransform_float_3_3
Parameters: 1 -0.000156628 0.000421138 0.000157372 0.999999 -0.000883933 -0.000420861 0.000884065 0.999999 -0.0029461 0.288702 -0.0368764
FixedParameters: 0 0 0

#Transform 36
Transform: AffineTransform_float_3_3
Parameters: 1 6.81825e-05 0.00013791 -6.88174e-05 0.999999 -0.00132301 -0.000138091 0.00132299 0.999999 0.00945853 0.276476 0.0226262
FixedParameters: 0 0 0

#Transform 37
Transform: AffineTransform_float_3_3
Parameters: 1 6.75352e-05 -0.000289109 -6.84646e-05 0.999998 -0.00160798 0.00028889 0.00160802 0.999998 0.00672188 0.151661 -0.0346537
FixedParameters: 0 0 0

#Transform 38
Transform: AffineTransform_float_3_3
Parameters: 1 -0.000112439 -0.000288829 0.000111561 0.999999 -0.00152003 0.00028917 0.00151997 0.999999 0.0114346 0.0689444 0.0162883
FixedParameters: 0 0 0

#Transform 39
Transform: AffineTransform_float_3_3
Parameters: 1 -0.000161676 0.000239219 0.000162325 0.999999 -0.00135596 -0.00023978 0.00135604 0.999999 -0.00185403 0.0955377 -0.0524556
FixedParameters: 0 0 0

#Transform 40
Transform: AffineTransform_float_3_3
Parameters: 1 -0.000214517 0.000436238 0.000214484 1 -0.00110691 -0.000436763 0.00110709 1 -0.00692225 0.0799093 -0.0355494
FixedParameters: 0 0 0

#Transform 41
Transform: AffineTransform_float_3_3
Parameters: 1 -6.72525e-05 -0.000270937 6.77474e-05 0.999999 -0.000932018 0.000271063 0.000931981 0.999999 0.0133234 0.16919 -0.0385666
FixedParameters: 0 0 0

#Transform 42
Transform: AffineTransform_float_3_3
Parameters: 1 6.76582e-05 -0.000327071 -6.83416e-05 0.999999 -0.00104498 0.000326929 0.00104502 1 0.0172814 0.199607 -0.0120561
FixedParameters: 0 0 0

#Transform 43
Transform: AffineTransform_float_3_3
Parameters: 1 -0.000114194 -0.000178876 0.000113807 1 -0.00108402 0.000178124 0.00108398 1 0.0223634 0.139358 0.0240128
FixedParameters: 0 0 0

#Transform 44
Transform: AffineTransform_float_3_3
Parameters: 1 -7.51593e-05 -9.08686e-05 7.48406e-05 0.999999 -0.00175101 9.11312e-05 0.00175099 0.999999 0.0137113 0.221557 0.0424524
FixedParameters: 0 0 0

#Transform 45
Transform: AffineTransform_float_3_3
Parameters: 1 -9.73474e-05 -0.000178811 9.76541e-05 0.999998 -0.00194202 0.00017819 0.00194198 0.999998 0.0103234 0.101509 0.035621
FixedParameters: 0 0 0

#Transform 46
Transform: AffineTransform_float_3_3
Parameters: 1 6.79276e-05 -3.51403e-05 -6.80742e-05 0.999998 -0.002065 3.58595e-05 0.002065 0.999998 0.00102724 0.0667194 0.0382267
FixedParameters: 0 0 0

#Transform 47
Transform: AffineTransform_float_3_3
Parameters: 1 -6.51555e-05 -7.18593e-05 6.48442e-05 0.999997 -0.002162 7.21403e-05 0.00216199 0.999997 0.000496487 0.0690549 0.0515812
FixedParameters: 0 0 0

#Transform 48
Transform: AffineTransform_float_3_3
Parameters: 1 -0.000350611 0.000215634 0.000351388 0.999999 -0.00180793 -0.000214365 0.00180808 0.999999 -0.000752653 0.0810471 0.0422953
FixedParameters: 0 0 0

#Transform 49
Transform: AffineTransform_float_3_3
Parameters: 1 -0.000281361 0.000359501 0.000282638 0.999999 -0.0017789 -0.000358498 0.0017791 0.999999 -0.00240966 0.0385685 0.0253397
FixedParameters: 0 0 0

#Transform 50
Transform: AffineTransform_float_3_3
Parameters: 1 -0.000329306 0.000501456 0.000329693 0.999999 -0.00138483 -0.000500544 0.00138516 0.999999 -0.0150907 0.0132952 -0.0698028
FixedParameters: 0 0 0

#Transform 51
Transform: AffineTransform_float_3_3
Parameters: 1 -0.000250227 0.000501386 0.000250773 0.999999 -0.00154287 -0.000500613 0.00154312 0.999998 -0.0143032 0.0463465 -0.0681812
FixedParameters: 0 0 0

#Transform 52
Transform: AffineTransform_float_3_3
Parameters: 1 -0.000323617 0.00044228 0.000324382 0.999999 -0.000864856 -0.000441719 0.000865142 0.999999 -0.0137209 0.150945 -0.0234068
FixedParameters: 0 0 0

#Transform 53
Transform: AffineTransform_float_3_3
Parameters: 0.999999 -0.000520621 0.000501393 0.000521378 0.999999 -0.000755738 -0.000500606 0.00075626 0.999999 -0.00764138 0.13996 -0.00760705
FixedParameters: 0 0 0

#Transform 54
Transform: AffineTransform_float_3_3
Parameters: 0.999999 -0.000350119 0.000780396 0.000350881 1 -0.00112973 -0.000779604 0.00112927 0.999999 -0.00642601 0.244086 0.0159909
FixedParameters: 0 0 0

#Transform 55
Transform: AffineTransform_float_3_3
Parameters: 1 -0.000350388 0.000501428 0.000350611 0.999999 -0.00121982 -0.000500573 0.00122018 0.999999 0.000101748 0.198805 0.00951696
FixedParameters: 0 0 0

#Transform 56
Transform: AffineTransform_float_3_3
Parameters: 1 -0.000480225 0.000501743 0.000481775 0.999998 -0.00154576 -0.000501255 0.00154624 0.999998 -0.00207608 0.19968 0.000565764
FixedParameters: 0 0 0

#Transform 57
Transform: AffineTransform_float_3_3
Parameters: 1 -0.000506254 0.000448842 0.000506745 0.999998 -0.00166177 -0.000448158 0.00166223 0.999998 0.000719952 0.101409 -0.0278266
FixedParameters: 0 0 0

#Transform 58
Transform: AffineTransform_float_3_3
Parameters: 1 -0.000718519 0.000953363 0.00071848 0.999999 -0.000503315 -0.000953638 0.000504686 1 -0.0148195 0.0143444 -0.0478832
FixedParameters: 0 0 0

#Transform 59
Transform: AffineTransform_float_3_3
Parameters: 0.999999 -0.00062139 0.000649585 0.000621611 1 -0.000940597 -0.000649416 0.000940405 1 -0.00383044 0.227691 -0.018878
FixedParameters: 0 0 0

#Transform 60
Transform: AffineTransform_float_3_3
Parameters: 1 -0.000350326 0.000586404 0.000350674 1 -0.0011508 -0.000585597 0.00115021 0.999999 -0.00661744 0.220667 0.0260157
FixedParameters: 0 0 0

#Transform 61
Transform: AffineTransform_float_3_3
Parameters: 1 -0.000413412 0.000362671 0.000413587 0.999998 -0.00162285 -0.000361329 0.00162315 0.999998 -0.000917479 0.194649 0.0771414
FixedParameters: 0 0 0

#Transform 62
Transform: AffineTransform_float_3_3
Parameters: 1 -0.000562465 0.000336893 0.000562534 0.999998 -0.00158781 -0.000336107 0.00158819 0.999998 0.00106847 0.0484158 0.0254193
FixedParameters: 0 0 0

#Transform 63
Transform: AffineTransform_float_3_3
Parameters: 1 -0.000350548 0.000336472 0.000350452 0.999999 -0.00134588 -0.000335529 0.00134512 0.999999 -0.00338185 0.0515291 -0.00626253
FixedParameters: 0 0 0

#Transform 64
Transform: AffineTransform_float_3_3
Parameters: 1 -0.000350548 0.000336472 0.000350452 0.999999 -0.00134588 -0.000335529 0.00134512 0.999999 -0.00067974 0.0185139 -0.0136419
FixedParameters: 0 0 0

#Transform 65
Transform: AffineTransform_float_3_3
Parameters: 1 -0.00035093 5.24724e-05 0.00035107 0.999999 -0.00134598 -5.15275e-05 0.00134602 0.999999 0.00131493 0.115125 0.000413076
FixedParameters: 0 0 0

#Transform 66
Transform: AffineTransform_float_3_3
Parameters: 1 -2.01651e-06 -6.99526e-06 1.98347e-06 0.999997 -0.00236 7.0047e-06 0.00236 0.999997 0.0136284 0.162421 0.036978
FixedParameters: 0 0 0

#Transform 67
Transform: AffineTransform_float_3_3
Parameters: 1 -0.000145175 -0.00011077 0.000144826 0.999998 -0.00158202 0.000110229 0.00158198 0.999998 0.0171219 0.228632 0.061007
FixedParameters: 0 0 0

#Transform 68
Transform: AffineTransform_float_3_3
Parameters: 1 -0.000224226 -0.000110542 0.000224775 0.999998 -0.00204302 0.000110459 0.00204297 0.999998 0.0158153 0.130044 0.0494739
FixedParameters: 0 0 0

#Transform 69
Transform: AffineTransform_float_3_3
Parameters: 1 -0.000352118 -0.000378963 0.000350881 0.999995 -0.00294813 0.000380036 0.00294786 0.999995 0.0231975 0.0900241 0.0884123
FixedParameters: 0 0 0

#Transform 70
Transform: AffineTransform_float_3_3
Parameters: 1 0.000296892 -8.83626e-05 -0.000297107 0.999999 -0.00122097 8.76373e-05 0.00122103 1 0.00896777 0.0732572 0.0998485
FixedParameters: 0 0 0

#Transform 71
Transform: AffineTransform_float_3_3
Parameters: 1 0.000354855 -0.000408996 -0.000356145 0.999996 -0.00280285 0.000408003 0.00280315 0.999996 0.00278285 -0.0385463 0.0964657
FixedParameters: 0 0 0

#Transform 72
Transform: AffineTransform_float_3_3
Parameters: 1 0.000146813 0.000468436 -0.000145189 0.999992 -0.00386807 -0.000468565 0.00386793 0.999993 -0.00283171 0.186675 0.0399205
FixedParameters: 0 0 0

#Transform 73
Transform: AffineTransform_float_3_3
Parameters: 1 0.000109144 0.000468506 -0.000106858 0.999989 -0.00457405 -0.000468494 0.00457395 0.99999 -0.000194178 0.0408852 0.166026
FixedParameters: 0 0 0

#Transform 74
Transform: AffineTransform_float_3_3
Parameters: 1 0.00112512 3.18913e-05 -0.00112488 0.999992 -0.00365204 -3.61083e-05 0.00365196 0.999994 -0.0351217 0.159774 0.162291
FixedParameters: 0 0 0

#Transform 75
Transform: AffineTransform_float_3_3
Parameters: 1 0.00017765 -0.00040859 -0.000179351 0.999994 -0.00330693 0.000408409 0.00330707 0.999995 0.0185803 0.142127 0.0727203
FixedParameters: 0 0 0

#Transform 76
Transform: AffineTransform_float_3_3
Parameters: 1 -9.08425e-05 3.63955e-05 9.01601e-05 0.99999 -0.00434999 -3.66081e-05 0.00435 0.99999 0.025082 0.102412 0.0861564
FixedParameters: 0 0 0

#Transform 77
Transform: AffineTransform_float_3_3
Parameters: 1 -0.000502871 3.77537e-05 0.000503129 0.999994 -0.00348698 -3.62458e-05 0.00348702 0.999994 0.0138964 0.157952 0.0694986
FixedParameters: 0 0 0

#Transform 78
Transform: AffineTransform_float_3_3
Parameters: 1 -0.000571531 -0.000295977 0.000571469 0.999998 -0.00179117 0.000297024 0.00179083 0.999999 0.0290268 0.0774522 0.0530815
FixedParameters: 0 0 0

#Transform 79
Transform: AffineTransform_float_3_3
Parameters: 1 -0.00058995 0.000358732 0.000591047 0.999995 -0.00293279 -0.000356268 0.00293221 0.999995 0.0108186 0.179543 0.071321
FixedParameters: 0 0 0

#Transform 80
Transform: AffineTransform_float_3_3
Parameters: 1 -0.000268596 0.000195555 0.000269404 0.999998 -0.00206595 -0.000195444 0.00206605 0.999998 0.0175693 0.149903 0.0676681
FixedParameters: 0 0 0

#Transform 81
Transform: AffineTransform_float_3_3
Parameters: 1 -0.000168931 3.63217e-05 0.00016807 0.999998 -0.00190399 -3.66801e-05 0.00190401 0.999998 0.0221978 0.145943 0.0702322
FixedParameters: 0 0 0

#Transform 82
Transform: AffineTransform_float_3_3
Parameters: 1 3.48463e-05 -0.000470011 -3.51537e-05 1 -0.000326983 0.000469988 0.000327016 1 0.00874541 0.199272 0.0958395
FixedParameters: 0 0 0

#Transform 83
Transform: AffineTransform_float_3_3
Parameters: 0.999998 -0.000354539 -0.00205205 0.00034946 0.999997 -0.00269972 0.00205295 0.00269828 0.999995 0.0946411 0.110702 0.144707
FixedParameters: 0 0 0

#Transform 84
Transform: AffineTransform_float_3_3
Parameters: 1 -0.000318472 -0.00105556 0.000316528 0.999999 -0.00139434 0.00105644 0.00139367 0.999999 0.0595774 0.121699 0.125249
FixedParameters: 0 0 0

#Transform 85
Transform: AffineTransform_float_3_3
Parameters: 1 -0.000545287 -0.000277437 0.000544714 1 -0.00103215 0.000277562 0.00103185 1 0.0377499 0.217495 0.156953
FixedParameters: 0 0 0

#Transform 86
Transform: AffineTransform_float_3_3
Parameters: 1 -0.000660035 -2.82001e-05 0.000660965 0.999999 -0.00121202 2.88011e-05 0.00121198 1 0.031057 0.210287 0.129123
FixedParameters: 0 0 0

#Transform 87
Transform: AffineTransform_float_3_3
Parameters: 1 -0.000580208 -0.000103841 0.000579791 0.999998 -0.00199706 0.000105158 0.00199694 0.999998 0.0404047 0.276123 0.133336
FixedParameters: 0 0 0

#Transform 88
Transform: AffineTransform_float_3_3
Parameters: 1 -0.000606699 0.000141295 0.000607301 0.999997 -0.00213391 -0.000140704 0.00213408 0.999997 0.036208 0.234279 0.168782
FixedParameters: 0 0 0

#Transform 89
Transform: AffineTransform_float_3_3
Parameters: 0.999999 -0.000652382 0.000337198 0.000652617 0.999998 -0.00183578 -0.000335802 0.00183622 0.999999 0.0309947 0.209339 0.0950751
FixedParameters: 0 0 0

#Transform 90
Transform: AffineTransform_float_3_3
Parameters: 0.999999 -0.000779039 -3.10231e-05 0.000778959 0.999999 -0.00125402 3.29768e-05 0.00125397 0.999999 0.0311651 0.0677309 0.0897086
FixedParameters: 0 0 0

#Transform 91
Transform: AffineTransform_float_3_3
Parameters: 0.999999 -0.000858999 1.41477e-06 0.000859 0.999999 -0.001647 4.14775e-07 0.001647 0.999998 0.0366635 0.0629548 0.135591
FixedParameters: 0 0 0

#Transform 92
Transform: AffineTransform_float_3_3
Parameters: 1 -0.000928542 0.000337263 0.000928458 0.999998 -0.00135969 -0.000335738 0.00136031 0.999999 0.0319564 0.0955243 0.115613
FixedParameters: 0 0 0

#Transform 93
Transform: AffineTransform_float_3_3
Parameters: 0.999999 -0.000967965 2.91741e-05 0.000968034 0.999999 -0.00121297 -2.78258e-05 0.00121303 1 0.0387855 0.142015 0.108659
FixedParameters: 0 0 0

#Transform 94
Transform: AffineTransform_float_3_3
Parameters: 1 -0.00090933 -0.000405263 0.000908671 1 -0.000811369 0.000406738 0.00081163 0.999999 0.0517429 0.176919 0.107597
FixedParameters: 0 0 0

#Transform 95
Transform: AffineTransform_float_3_3
Parameters: 0.999999 -0.000829236 -0.000490602 0.000828765 1 -0.000480407 0.000490397 0.000479594 1 0.0520114 0.157029 0.0735302
FixedParameters: 0 0 0

#Transform 96
Transform: AffineTransform_float_3_3
Parameters: 1 -0.000647147 -0.000209544 0.000646851 0.999999 -0.000705135 0.000210456 0.000704863 0.999999 0.044712 0.180018 0.0551279
FixedParameters: 0 0 0

#Transform 97
Transform: AffineTransform_float_3_3
Parameters: 1 -0.000647628 -0.000745456 0.000646373 1 -0.000841483 0.000746545 0.000841518 1 0.0545604 0.229993 0.0800297
FixedParameters: 0 0 0

#Transform 98
Transform: AffineTransform_float_3_3
Parameters: 0.999999 -0.000647375 -0.000647624 0.000646624 0.999999 -0.000580419 0.000647374 0.000579581 0.999999 0.0499404 0.207086 0.0677609
FixedParameters: 0 0 0

#Transform 99
Transform: AffineTransform_float_3_3
Parameters: 1 -0.000647464 -0.000647536 0.000646536 0.999999 -0.000717418 0.000647464 0.00071658 0.999999 0.0524543 0.267784 0.0913135
FixedParameters: 0 0 0

#Transform 100
Transform: AffineTransform_float_3_3
Parameters: 0.999999 -0.000647525 -0.000647475 0.000646475 1 -0.00081142 0.000647524 0.000810582 1 0.0560065 0.228915 0.109112
FixedParameters: 0 0 0

#Transform 101
Transform: AffineTransform_float_3_3
Parameters: 0.999999 -0.000647547 -0.000647454 0.000646454 1 -0.00084442 0.000647546 0.000843582 1 0.0656302 0.161948 0.117693
FixedParameters: 0 0 0

#Transform 102
Transform: AffineTransform_float_3_3
Parameters: 1 -0.000893593 -0.000532007 0.000893408 0.999999 -0.00111248 0.000532995 0.00111252 0.999999 0.0563157 0.16265 0.120149
FixedParameters: 0 0 0

#Transform 103
Transform: AffineTransform_float_3_3
Parameters: 1 -0.000986695 -0.000557774 0.000986307 0.999998 -0.00124355 0.000558227 0.00124345 0.999999 0.060344 0.142251 0.0956184
FixedParameters: 0 0 0

#Transform 104
Transform: AffineTransform_float_3_3
Parameters: 0.999999 -0.000845256 -0.000281232 0.000844743 0.999999 -0.000909239 0.000282768 0.000908762 1 0.0475163 0.0894672 0.0980139
FixedParameters: 0 0 0

#Transform 105
Transform: AffineTransform_float_3_3
Parameters: 0.999999 -0.000872131 -0.000141191 0.000871869 0.999999 -0.000928123 0.00014181 0.000928876 0.999999 0.0430344 0.162232 0.105567
FixedParameters: 0 0 0

#Transform 106
Transform: AffineTransform_float_3_3
Parameters: 1 -0.00102894 0.00017537 0.00102906 1 -0.00035982 -0.00017463 0.00036018 1 0.0280352 0.178377 0.0546269
FixedParameters: 0 0 0

#Transform 107
Transform: AffineTransform_float_3_3
Parameters: 0.999999 -0.000874893 9.20149e-05 0.000875106 0.999999 -0.00115992 -9.09849e-05 0.00116008 1 0.028732 0.298713 0.0875468
FixedParameters: 0 0 0

#Transform 108
Transform: AffineTransform_float_3_3
Parameters: 0.999999 -0.000647835 -0.000647164 0.000647164 0.999999 -0.00129042 0.000647835 0.00128958 0.999999 0.0557241 0.22805 0.138308
FixedParameters: 0 0 0

#Transform 109
Transform: AffineTransform_float_3_3
Parameters: 1 -0.000647161 -0.000180425 0.00064684 1 -0.000889117 0.000180575 0.000888883 0.999999 0.0367694 0.215075 0.113115
FixedParameters: 0 0 0

#Transform 110
Transform: AffineTransform_float_3_3
Parameters: 0.999999 -0.000951999 1.21705e-06 0.000951999 0.999999 -0.000227999 -7.82943e-07 0.000228001 1 0.0361575 0.277149 0.106882
FixedParameters: 0 0 0

#Transform 111
Transform: AffineTransform_float_3_3
Parameters: 0.999999 -0.000834742 0.000213013 0.000834258 0.999999 -0.00121382 -0.000211987 0.00121418 0.999999 0.0335315 0.280344 0.10978
FixedParameters: 0 0 0

#Transform 112
Transform: AffineTransform_float_3_3
Parameters: 1 -0.000646742 0.000212786 0.000647258 0.999999 -0.00121486 -0.000212214 0.00121514 0.999999 0.0324146 0.24559 0.0988883
FixedParameters: 0 0 0

#Transform 113
Transform: AffineTransform_float_3_3
Parameters: 1 -0.000646938 4.98106e-05 0.000647062 0.999999 -0.00125297 -4.91893e-05 0.00125303 0.999999 0.0319208 0.152363 0.107387
FixedParameters: 0 0 0

#Transform 114
Transform: AffineTransform_float_3_3
Parameters: 1 -0.000903388 -0.000353011 0.000902613 0.999999 -0.00109532 0.000353989 0.00109468 1 0.0503818 0.133903 0.115517
FixedParameters: 0 0 0

#Transform 115
Transform: AffineTransform_float_3_3
Parameters: 0.999999 -0.000832183 -0.000281461 0.000831818 1 -0.000648234 0.000281539 0.000647766 1 0.0396851 0.151596 0.0548528
FixedParameters: 0 0 0

#Transform 116
Transform: AffineTransform_float_3_3
Parameters: 0.999999 -0.000858109 -0.000167445 0.000858892 1 -0.000647144 0.000167556 0.000647857 1 0.0361097 0.0906264 0.0467434
FixedParameters: 0 0 0

#Transform 117
Transform: AffineTransform_float_3_3
Parameters: 0.999999 -0.000895971 0.000107236 0.000896027 0.999999 -0.000262904 -0.000106764 0.000263096 1 0.0253875 0.172973 0.0443257
FixedParameters: 0 0 0

#Transform 118
Transform: AffineTransform_float_3_3
Parameters: 0.999999 -0.000859033 -0.000110741 0.000859966 0.999999 -0.000301095 0.000111259 0.000300904 1 0.0289024 0.202542 0.0603751
FixedParameters: 0 0 0

#Transform 119
Transform: AffineTransform_float_3_3
Parameters: 0.999999 -0.000851033 -4.53847e-05 0.000850967 1 -0.000723039 4.66152e-05 0.000722961 0.999999 0.0330742 0.257627 0.129937
FixedParameters: 0 0 0

#Transform 120
Transform: AffineTransform_float_3_3
Parameters: 1 -0.00105584 0.000178953 0.00105616 0.999999 -0.000902811 -0.000178046 0.000903188 0.999999 0.0287652 0.192809 0.108026
FixedParameters: 0 0 0

#Transform 121
Transform: AffineTransform_float_3_3
Parameters: 1 -0.00107255 0.000556869 0.00107345 0.999999 -0.000809403 -0.000556132 0.000809598 1 0.0195019 0.0848345 0.0768672
FixedParameters: 0 0 0

#Transform 122
Transform: AffineTransform_float_3_3
Parameters: 1 -0.00111013 -0.000162133 0.00110987 0.999999 -0.00078118 0.000163867 0.000780818 0.999999 0.0100783 -0.011757 -0.113236
FixedParameters: 0 0 0

#Transform 123
Transform: AffineTransform_float_3_3
Parameters: 1 -0.00110994 -0.000151438 0.00111006 1 0.000394832 0.000151563 -0.000394169 1 0.0345173 0.0780603 0.0272261
FixedParameters: 0 0 0

#Transform 124
Transform: AffineTransform_float_3_3
Parameters: 1 -0.00111002 -0.0002259 0.00110998 1 -9.02508e-05 0.0002261 8.97491e-05 1 0.0358528 0.432597 0.0760055
FixedParameters: 0 0 0

#Transform 125
Transform: AffineTransform_float_3_3
Parameters: 1 -0.0011102 -0.000149557 0.00110981 0.999998 -0.00130017 0.000150443 0.00129983 0.999999 0.0413741 0.250107 0.12117
FixedParameters: 0 0 0

#Transform 126
Transform: AffineTransform_float_3_3
Parameters: 1 -0.00111013 -0.000167131 0.00110987 0.999999 -0.000783186 0.000167869 0.000782814 0.999999 0.0450473 0.214102 0.156518
FixedParameters: 0 0 0

#Transform 127
Transform: AffineTransform_float_3_3
Parameters: 1 -0.00111021 -0.000471511 0.00110979 1 -0.000440524 0.000472489 0.000440476 1 0.0519798 0.135312 0.0993148
FixedParameters: 0 0 0

#Transform 128
Transform: AffineTransform_float_3_3
Parameters: 0.999999 -0.00126127 -0.000289837 0.00126173 0.999999 -0.000922367 0.000291163 0.000921634 1 0.0248994 0.112497 -0.00225203
FixedParameters: 0 0 0

#Transform 129
Transform: AffineTransform_float_3_3
Parameters: 1 -0.00110997 -0.000261142 0.00111003 1 0.00012771 0.000260859 -0.00012729 1 0.0280762 0.0241812 -0.00739806
FixedParameters: 0 0 0

#Transform 130
Transform: AffineTransform_float_3_3
Parameters: 0.999999 -0.00138457 0.00044623 0.00138343 0.999998 0.00127862 -0.000447769 -0.00127838 0.999999 -0.00271837 0.102922 -0.167284
FixedParameters: 0 0 0

#Transform 131
Transform: AffineTransform_float_3_3
Parameters: 0.999999 -0.00142777 0.000516877 0.00142723 0.999998 0.00148774 -0.000519122 -0.00148626 0.999999 -0.00725316 0.165893 -0.111264
FixedParameters: 0 0 0

#Transform 132
Transform: AffineTransform_float_3_3
Parameters: 0.999999 -0.00137514 0.000189959 0.00137486 0.999999 0.000757261 -0.000191042 -0.000757738 0.999999 0.0349842 0.33657 0.19677
FixedParameters: 0 0 0

#Transform 133
Transform: AffineTransform_float_3_3
Parameters: 0.999999 -0.00131727 0.000258651 0.00131673 0.999998 0.00102434 -0.000259348 -0.00102366 1 0.0101751 0.218048 -0.0379143
FixedParameters: 0 0 0

#Transform 134
Transform: AffineTransform_float_3_3
Parameters: 0.999999 -0.001365 -4.65847e-06 0.001365 0.999999 0.001215 2.34152e-06 -0.00121501 1 0.0294907 0.238367 -0.000201167
FixedParameters: 0 0 0

#Transform 135
Transform: AffineTransform_float_3_3
Parameters: 0.999999 -0.00126315 -0.000305381 0.00126285 0.999999 -0.000490386 0.000305619 0.000489614 1 0.0319809 0.323257 0.0169938
FixedParameters: 0 0 0

#Transform 136
Transform: AffineTransform_float_3_3
Parameters: 0.999998 -0.00158648 0.000430229 0.00158552 0.999998 0.00111668 -0.000431771 -0.00111632 1 0.0117508 -0.00466938 -0.0679026
FixedParameters: 0 0 0

#Transform 137
Transform: AffineTransform_float_3_3
Parameters: 0.999998 -0.00158623 0.00015872 0.00158577 0.999997 0.00143725 -0.000161279 -0.00143675 0.999999 0.037651 0.215514 0.157762
FixedParameters: 0 0 0

#Transform 138
Transform: AffineTransform_float_3_3
Parameters: 0.999999 -0.00152929 0.000266353 0.00152871 0.999999 0.00107741 -0.000267646 -0.00107659 1 0.0247013 0.220524 0.00498431
FixedParameters: 0 0 0

#Transform 139
Transform: AffineTransform_float_3_3
Parameters: 0.999999 -0.00144506 0.000119328 0.00144494 0.999999 0.000465173 -0.000119672 -0.000464827 1 0.0289642 0.329458 0.0519536
FixedParameters: 0 0 0

#Transform 140
Transform: AffineTransform_float_3_3
Parameters: 0.999998 -0.00158614 0.000118108 0.00158586 0.999998 0.00119319 -0.000119893 -0.00119381 1 0.0199439 0.0837861 -0.111738
FixedParameters: 0 0 0

#Transform 141
Transform: AffineTransform_float_3_3
Parameters: 0.999998 -0.00158622 0.000117085 0.00158578 0.999997 0.00183819 -0.000119915 -0.00183781 0.999999 0.0173092 0.146458 -0.0972019
FixedParameters: 0 0 0

#Transform 142
Transform: AffineTransform_float_3_3
Parameters: 0.999998 -0.00158617 0.000117703 0.00158583 0.999997 0.00144819 -0.000119296 -0.00144781 0.999999 0.0242646 0.270675 0.0223845
FixedParameters: 0 0 0

#Transform 143
Transform: AffineTransform_float_3_3
Parameters: 0.999998 -0.00158591 -0.00018572 0.00158508 0.999998 0.000453706 0.000184282 -0.000453293 1 0.0450633 0.432005 0.0260156
FixedParameters: 0 0 0

#Transform 144
Transform: AffineTransform_float_3_3
Parameters: 0.999998 -0.00173007 0.00011905 0.00172993 0.999999 0.000549207 -0.000119949 -0.000548793 1 0.037109 0.250431 0.0672758
FixedParameters: 0 0 0

#Transform 145
Transform: AffineTransform_float_3_3
Parameters: 0.999998 -0.00158625 0.000274574 0.00158575 0.999999 0.000899436 -0.000276427 -0.000899563 0.999999 0.0349392 0.265806 0.0319053
FixedParameters: 0 0 0

#Transform 146
Transform: AffineTransform_float_3_3
Parameters: 0.999998 -0.00158614 0.000247129 0.00158586 0.999998 0.000549392 -0.000248872 -0.000549606 1 0.0304912 0.219138 0.0135021
FixedParameters: 0 0 0

#Transform 147
Transform: AffineTransform_float_3_3
Parameters: 0.999998 -0.00166195 0.00016949 0.00166205 0.999998 -0.000294719 -0.000169511 0.000294282 1 0.0365328 0.263791 0.0150238
FixedParameters: 0 0 0

#Transform 148
Transform: AffineTransform_float_3_3
Parameters: 0.999998 -0.00158607 0.000104917 0.00158593 0.999998 0.000683167 -0.000106083 -0.000682832 1 0.0251905 0.246893 0.00124632
FixedParameters: 0 0 0

#Transform 149
Transform: AffineTransform_float_3_3
Parameters: 0.999999 -0.00151193 7.44272e-05 0.00151207 0.999999 -0.000943889 -7.3574e-05 0.000943112 0.999999 0.0236624 0.212567 0.0072921
FixedParameters: 0 0 0

#Transform 150
Transform: AffineTransform_float_3_3
Parameters: 0.999998 -0.00158634 0.000236712 0.00158566 0.999997 0.00144238 -0.000238286 -0.00144162 0.999999 0.0248599 0.176734 0.0438064
FixedParameters: 0 0 0

#Transform 151
Transform: AffineTransform_float_3_3
Parameters: 0.999998 -0.00158603 2.39255e-05 0.00158597 0.999998 0.00130804 -2.60744e-05 -0.00130796 0.999999 0.031377 0.300657 0.052175
FixedParameters: 0 0 0

#Transform 152
Transform: AffineTransform_float_3_3
Parameters: 0.999998 -0.00158594 -9.60006e-05 0.00158506 0.999998 0.000630848 9.49997e-05 -0.000631151 1 0.0433358 0.239496 0.139971
FixedParameters: 0 0 0

#Transform 153
Transform: AffineTransform_float_3_3
Parameters: 0.999998 -0.00158554 -0.000174207 0.00158546 0.999995 0.00265273 0.000169794 -0.00265327 0.999997 0.0198508 0.196513 0.103474
FixedParameters: 0 0 0

#Transform 154
Transform: AffineTransform_float_3_3
Parameters: 0.999999 -0.00169738 -0.000657792 0.00169961 0.99999 0.00399789 0.000650209 -0.00399911 0.999992 0.0616522 0.0175029 0.208602
FixedParameters: 0 0 0

#Transform 155
Transform: AffineTransform_float_3_3
Parameters: 0.999998 -0.00185084 -0.0004399 0.00185216 0.999995 0.00264619 0.0004351 -0.00264681 0.999997 0.0470722 0.113615 0.110898
FixedParameters: 0 0 0

#Transform 156
Transform: AffineTransform_float_3_3
Parameters: 0.999999 -0.00135599 -0.00122394 0.00136402 0.999978 0.00657134 0.00121506 -0.00657266 0.999977 0.0619814 0.00935038 0.365061
FixedParameters: 0 0 0

#Transform 157
Transform: AffineTransform_float_3_3
Parameters: 0.999998 -0.00158609 1.70879e-05 0.00158591 0.999989 0.00435803 -2.39132e-05 -0.00435897 0.99999 0.0148181 0.143893 -0.0894127
FixedParameters: 0 0 0

#Transform 158
Transform: AffineTransform_float_3_3
Parameters: 0.999998 -0.00193931 6.64016e-05 0.00193869 0.999989 0.00443414 -7.45968e-05 -0.00443387 0.99999 0.0041921 0.139289 -0.0533301
FixedParameters: 0 0 0

#Transform 159
Transform: AffineTransform_float_3_3
Parameters: 0.999998 -0.00200044 0.000345755 0.00199856 0.99999 0.0041237 -0.000354245 -0.0041233 0.999992 0.00604305 0.146057 -0.121774
FixedParameters: 0 0 0

#Transform 160
Transform: AffineTransform_float_3_3
Parameters: 0.999998 -0.00191165 0.000159381 0.00191035 0.99999 0.00398631 -0.000166616 -0.00398569 0.999992 0.00825545 0.262484 -0.129315
FixedParameters: 0 0 0

#Transform 161
Transform: AffineTransform_float_3_3
Parameters: 0.999998 -0.00200689 0.000204416 0.0020061 0.999989 0.00427842 -0.000213584 -0.00427758 0.999991 0.0123167 0.251739 -0.105754
FixedParameters: 0 0 0
