#Insight Transform File V1.0
#Transform 0
Transform: AffineTransform_float_3_3
Parameters: 1 0.000233265 -0.000352165 -0.000231735 0.999993 0.00358808 0.000352834 -0.00358791 0.999993 0.0612713 -0.231682 0.000933778
FixedParameters: 0 0 0

#Transform 1
Transform: AffineTransform_float_3_3
Parameters: 1 1.86717e-06 -0.000544997 -1.32818e-07 0.999994 0.003426 0.000545004 -0.003426 0.999994 0.0710552 -0.257209 -0.0183465
FixedParameters: 0 0 0

#Transform 2
Transform: AffineTransform_float_3_3
Parameters: 1 1.32242e-06 -0.000426998 3.22424e-07 0.999995 0.003097 0.000427001 -0.003097 0.999995 0.0686634 -0.203846 -0.00567972
FixedParameters: 0 0 0

#Transform 3
Transform: AffineTransform_float_3_3
Parameters: 1 0.000192799 -0.000256401 -0.000192203 0.999995 0.00311105 0.000256599 -0.00311095 0.999995 0.0477681 -0.19929 -0.0365325
FixedParameters: 0 0 0

#Transform 4
Transform: AffineTransform_float_3_3
Parameters: 1 9.13638e-07 -0.000380999 -8.6359e-08 0.999997 0.002398 0.000381001 -0.002398 0.999997 0.0529505 -0.180658 -0.0421896
FixedParameters: 0 0 0

#Transform 5
Transform: AffineTransform_float_3_3
Parameters: 1 -0.000215923 -0.000488478 0.000217078 0.999997 0.00220589 0.000488523 -0.00220511 0.999998 0.0682718 -0.145088 -0.0343979
FixedParameters: 0 0 0

#Transform 6
Transform: AffineTransform_float_3_3
Parameters: 1 -0.000142175 -0.00043627 0.000142827 0.999998 0.00189294 0.000436731 -0.00189206 0.999998 0.0575082 -0.143398 -0.0335451
FixedParameters: 0 0 0

#Transform 7
Transform: AffineTransform_float_3_3
Parameters: 1 -0.000243698 -0.000254289 0.000243303 1 0.00118694 0.000254711 -0.00118706 1 0.0414158 -0.0804764 -0.00965499
FixedParameters: 0 0 0

#Transform 8
Transform: AffineTransform_float_3_3
Parameters: 1 -0.000195869 -0.000669332 0.000197131 0.999998 0.00169087 0.000668668 -0.00169013 0.999999 0.0697854 -0.125715 -0.0291906
FixedParameters: 0 0 0

#Transform 9
Transform: AffineTransform_float_3_3
Parameters: 1 -0.000143893 -0.000556287 0.000145108 0.999998 0.00198992 0.000556712 -0.00199008 0.999998 0.0632969 -0.163706 -0.0242049
FixedParameters: 0 0 0

#Transform 10
Transform: AffineTransform_float_3_3
Parameters: 1 8.94228e-05 -0.000484922 -8.9577e-05 0.999999 0.000872043 0.000485078 -0.000871956 0.999999 0.0456948 -0.0710319 -0.0326036
FixedParameters: 0 0 0

#Transform 11
Transform: AffineTransform_float_3_3
Parameters: 1 7.40027e-05 -0.000668889 -7.2997e-05 0.999999 0.00149905 0.00066911 -0.00149895 0.999998 0.0632903 -0.0921362 -0.0131813
FixedParameters: 0 0 0

#Transform 12
Transform: AffineTransform_float_3_3
Parameters: 1 0.00010313 -0.000668827 -0.000101869 0.999998 0.00169007 0.000669173 -0.00168993 0.999999 0.061739 -0.138853 -0.0149058
FixedParameters: 0 0 0

#Transform 13
Transform: AffineTransform_float_3_3
Parameters: 1 0.000141974 -0.000668794 -0.000141026 0.999999 0.00145609 0.000669206 -0.0014559 0.999998 0.0628574 -0.0767941 0.00916052
FixedParameters: 0 0 0

#Transform 14
Transform: AffineTransform_float_3_3
Parameters: 1 0.000161018 -0.000668755 -0.000159981 0.999999 0.00152211 0.000669244 -0.00152189 0.999998 0.0637462 -0.136192 0.0183971
FixedParameters: 0 0 0

#Transform 15
Transform: AffineTransform_float_3_3
Parameters: 1 0.000186771 -0.000668785 -0.000185228 1 0.00115312 0.000669214 -0.00115288 0.999999 0.0541233 -0.132341 0.0230598
FixedParameters: 0 0 0

#Transform 16
Transform: AffineTransform_float_3_3
Parameters: 1 0.000233414 -0.00046079 -0.000232586 0.999999 0.000899107 0.000460209 -0.000898893 1 0.0378469 -0.0720422 0.0177175
FixedParameters: 0 0 0

#Transform 17
Transform: AffineTransform_float_3_3
Parameters: 1 0.000232981 4.21069e-05 -0.000233019 1 0.00045899 -4.1893e-05 -0.00045901 1 0.00135145 -0.0159692 0.00180533
FixedParameters: 0 0 0

#Transform 18
Transform: AffineTransform_float_3_3
Parameters: 1 0.000233029 -7.59103e-05 -0.000232971 1 0.000385018 7.60897e-05 -0.000384982 1 0.0133276 -0.0527959 0.00556941
FixedParameters: 0 0 0

#Transform 19
Transform: AffineTransform_float_3_3
Parameters: 1 0.000233039 -8.08865e-05 -0.00023296 1 0.000487019 8.11134e-05 -0.000486981 1 0.0135573 -0.0295087 0.00915642
FixedParameters: 0 0 0

#Transform 20
Transform: AffineTransform_float_3_3
Parameters: 1 6.30089e-05 -0.000121995 -6.29911e-05 1 7.30077e-05 0.000122005 -7.29923e-05 1 0.00838721 -0.00394403 0.0116577
FixedParameters: 0 0 0

#Transform 21
Transform: AffineTransform_float_3_3
Parameters: 1 0.00023299 0.000106021 -0.00023301 1 9.09753e-05 -0.000105979 -9.10247e-05 1 0.00166014 -0.00730786 0.00394349
FixedParameters: 0 0 0

#Transform 22
Transform: AffineTransform_float_3_3
Parameters: 1 2.50241e-05 -4.79874e-05 -2.49758e-05 1 0.000503001 4.80126e-05 -0.000502999 1 0.0095295 -0.0849287 -0.00709519
FixedParameters: 0 0 0

#Transform 23
Transform: AffineTransform_float_3_3
Parameters: 1 -0.000184012 0.000105979 0.000183988 1 0.000115019 -0.000106021 -0.00011498 1 -0.0128368 0.010423 -0.0141313
FixedParameters: 0 0 0

#Transform 24
Transform: AffineTransform_float_3_3
Parameters: 1 2.69466e-05 -0.000376004 -2.60534e-05 1 -0.00014199 0.000375996 0.00014201 1 0.0199149 0.0212435 -0.0080998
FixedParameters: 0 0 0

#Transform 25
Transform: AffineTransform_float_3_3
Parameters: 1 5.19947e-05 1.40197e-05 -5.20053e-05 1 0.000377999 -1.39803e-05 -0.000378001 1 -0.00546942 -0.0255466 -0.00957529
FixedParameters: 0 0 0

#Transform 26
Transform: AffineTransform_float_3_3
Parameters: 1 -0.000166008 -9.19864e-05 0.000165992 1 -8.20153e-05 9.20136e-05 8.19847e-05 1 -0.000895078 -0.0189767 -0.00528279
FixedParameters: 0 0 0

#Transform 27
Transform: AffineTransform_float_3_3
Parameters: 1 0.000162925 -0.000456027 -0.000163075 1 -0.000163926 0.000455973 0.000164074 1 0.0190753 0.0281771 -0.00698011
FixedParameters: 0 0 0

#Transform 28
Transform: AffineTransform_float_3_3
Parameters: 1 0.000491712 -0.00045631 -0.000492287 0.999999 -0.000629775 0.00045569 0.000630224 0.999999 0.0309033 0.0501461 -0.00822569
FixedParameters: 0 0 0

#Transform 29
Transform: AffineTransform_float_3_3
Parameters: 1 0.000369721 -0.000456226 -0.000370278 0.999999 -0.000610831 0.000455774 0.000611168 0.999999 0.029862 0.0317383 -0.00290728
FixedParameters: 0 0 0

#Transform 30
Transform: AffineTransform_float_3_3
Parameters: 1 0.000232635 -0.000456186 -0.000233365 0.999999 -0.000800893 0.000455813 0.000801106 0.999999 0.0256456 0.0453408 -0.0103981
FixedParameters: 0 0 0

#Transform 31
Transform: AffineTransform_float_3_3
Parameters: 1 0.000231943 -0.000540455 -0.000233056 0.999998 -0.00195587 0.000539545 0.00195613 0.999998 0.0251821 0.118999 -0.00785216
FixedParameters: 0 0 0

#Transform 32
Transform: AffineTransform_float_3_3
Parameters: 1 0.000426105 -0.000456836 -0.000426893 0.999998 -0.00195981 0.000455164 0.00196019 0.999998 0.0205989 0.117212 0.00187275
FixedParameters: 0 0 0

#Transform 33
Transform: AffineTransform_float_3_3
Parameters: 1 0.000455323 -0.000456676 -0.000456676 0.999999 -0.00148379 0.000455323 0.00148421 0.999999 0.0266834 0.0724702 0.0249087
FixedParameters: 0 0 0

#Transform 34
Transform: AffineTransform_float_3_3
Parameters: 1 0.000232123 -0.000456447 -0.000232876 0.999998 -0.00192289 0.000455553 0.00192311 0.999998 0.0212288 0.13141 0.0156435
FixedParameters: 0 0 0

#Transform 35
Transform: AffineTransform_float_3_3
Parameters: 1 0.000232377 -0.000456318 -0.000232623 0.999999 -0.00136589 0.000455683 0.00136611 0.999999 0.0222805 0.0813405 0.0257265
FixedParameters: 0 0 0

#Transform 36
Transform: AffineTransform_float_3_3
Parameters: 1 0.000232513 -0.000456249 -0.000232487 1 -0.00106889 0.000455752 0.00106811 1 0.0309835 0.0202581 0.0185942
FixedParameters: 0 0 0

#Transform 37
Transform: AffineTransform_float_3_3
Parameters: 0.999999 0.000617569 -0.000789121 -0.00061943 0.999998 -0.00181351 0.000787877 0.00181449 0.999998 0.0524275 0.108938 0.00609507
FixedParameters: 0 0 0

#Transform 38
Transform: AffineTransform_float_3_3
Parameters: 1 0.000531611 -0.00088184 -0.000533389 0.999998 -0.00157553 0.000881161 0.00157647 0.999999 0.0522546 0.106008 0.014885
FixedParameters: 0 0 0

#Transform 39
Transform: AffineTransform_float_3_3
Parameters: 0.999999 0.000497819 -0.000773762 -0.000499182 0.999998 -0.00152761 0.000773239 0.00152739 0.999999 0.0434503 0.0616107 0.0185746
FixedParameters: 0 0 0

#Transform 40
Transform: AffineTransform_float_3_3
Parameters: 1 0.000521485 -0.000881898 -0.000523516 0.999999 -0.00171854 0.000881102 0.00171946 0.999998 0.0506652 0.108567 0.0392987
FixedParameters: 0 0 0

#Transform 41
Transform: AffineTransform_float_3_3
Parameters: 1 0.000432205 -0.000881392 -0.000432797 1 -0.00090362 0.00088161 0.000903382 0.999999 0.0572739 -0.0124464 0.0303782
FixedParameters: 0 0 0

#Transform 42
Transform: AffineTransform_float_3_3
Parameters: 1 0.000518706 -0.000881762 -0.000520294 0.999999 -0.00146754 0.000881237 0.00146846 0.999998 0.0547827 0.0370431 0.0269555
FixedParameters: 0 0 0

#Transform 43
Transform: AffineTransform_float_3_3
Parameters: 1 0.000735038 -0.000750943 -0.000735962 0.999999 -0.00128145 0.000750057 0.00128255 0.999999 0.0461037 0.0360043 0.0323708
FixedParameters: 0 0 0

#Transform 44
Transform: AffineTransform_float_3_3
Parameters: 0.999999 0.000762876 -0.00105681 -0.000764125 0.999999 -0.00106419 0.00105619 0.00106481 0.999999 0.080696 0.0216502 0.0435293
FixedParameters: 0 0 0

#Transform 45
Transform: AffineTransform_float_3_3
Parameters: 0.999999 0.00087493 -0.00113582 -0.00087607 0.999999 -0.000942006 0.00113517 0.000942994 0.999999 0.0777257 0.0420882 0.0571244
FixedParameters: 0 0 0

#Transform 46
Transform: AffineTransform_float_3_3
Parameters: 0.999999 0.000829131 -0.00130455 -0.00083087 1 -0.000665917 0.00130445 0.000667083 0.999999 0.0908843 -0.0666065 0.0521456
FixedParameters: 0 0 0

#Transform 47
Transform: AffineTransform_float_3_3
Parameters: 0.999999 0.000907261 -0.00145746 -0.00090874 1 -0.000506676 0.00145654 0.000508322 0.999999 0.107652 0.00371917 0.0763024
FixedParameters: 0 0 0

#Transform 48
Transform: AffineTransform_float_3_3
Parameters: 0.999998 0.00121694 -0.00159681 -0.00121706 0.999999 -0.000661058 0.00159519 0.000662942 0.999998 0.119262 -0.00584675 0.0614521
FixedParameters: 0 0 0

#Transform 49
Transform: AffineTransform_float_3_3
Parameters: 0.999998 0.00113424 -0.00154756 -0.00113476 0.999999 -0.000490245 0.00154744 0.000491756 0.999998 0.106513 -0.0335414 0.0638076
FixedParameters: 0 0 0

#Transform 50
Transform: AffineTransform_float_3_3
Parameters: 0.999998 0.00113466 -0.0013043 -0.00113534 1 -0.00026152 0.0013047 0.000263481 0.999999 0.0966246 -0.0349143 0.0723555
FixedParameters: 0 0 0

#Transform 51
Transform: AffineTransform_float_3_3
Parameters: 0.999998 0.000985613 -0.00130429 -0.000985387 1 -0.000295715 0.00130471 0.000297287 0.999999 0.0839163 -0.049272 0.0599831
FixedParameters: 0 0 0

#Transform 52
Transform: AffineTransform_float_3_3
Parameters: 0.999998 0.00113498 -0.00152802 -0.00113503 1 -1.52657e-05 0.00152798 1.67343e-05 0.999999 0.114118 -0.069291 0.0726642
FixedParameters: 0 0 0

#Transform 53
Transform: AffineTransform_float_3_3
Parameters: 0.999998 0.00106624 -0.00143556 -0.00106676 1 -0.00052747 0.00143544 0.000529531 0.999999 0.0948442 -0.0337728 0.0738956
FixedParameters: 0 0 0

#Transform 54
Transform: AffineTransform_float_3_3
Parameters: 0.999998 0.00113426 -0.0016955 -0.00113474 1 -0.000436077 0.0016945 0.000437923 0.999999 0.111717 -0.0305918 0.0782742
FixedParameters: 0 0 0

#Transform 55
Transform: AffineTransform_float_3_3
Parameters: 0.999998 0.00113461 -0.00153629 -0.00113539 1 -0.000253256 0.00153671 0.000255744 0.999999 0.103501 -0.0450357 0.0723736
FixedParameters: 0 0 0

#Transform 56
Transform: AffineTransform_float_3_3
Parameters: 0.999998 0.00113386 -0.0016218 -0.00113514 0.999999 -0.000704161 0.0016212 0.00070584 0.999999 0.120171 -0.00160099 0.071889
FixedParameters: 0 0 0

#Transform 57
Transform: AffineTransform_float_3_3
Parameters: 0.999998 0.00113441 -0.0016734 -0.00113459 1 -0.000352102 0.0016726 0.000354898 0.999998 0.117838 -0.0476757 0.0772365
FixedParameters: 0 0 0

#Transform 58
Transform: AffineTransform_float_3_3
Parameters: 0.999998 0.00113474 -0.00156219 -0.00113526 1 -0.000167227 0.00156181 0.000168773 0.999999 0.0970069 -0.0429366 0.0820554
FixedParameters: 0 0 0

#Transform 59
Transform: AffineTransform_float_3_3
Parameters: 0.999998 0.00131263 -0.00144933 -0.00131337 0.999999 -0.000253097 0.00144967 0.000255903 0.999999 0.0933309 -0.0331262 0.0801962
FixedParameters: 0 0 0

#Transform 60
Transform: AffineTransform_float_3_3
Parameters: 0.999999 0.00113418 -0.00145464 -0.00113482 0.999999 -0.00056135 0.00145436 0.00056265 0.999999 0.0896857 -0.0343017 0.0640057
FixedParameters: 0 0 0

#Transform 61
Transform: AffineTransform_float_3_3
Parameters: 0.999998 0.00113457 -0.00168529 -0.00113543 1 -0.000253087 0.00168471 0.000255912 0.999998 0.10743 -0.0654382 0.0764131
FixedParameters: 0 0 0

#Transform 62
Transform: AffineTransform_float_3_3
Parameters: 0.999998 0.00137018 -0.00161169 -0.00137081 0.999999 -0.000504792 0.00161031 0.000507207 0.999998 0.103585 -0.0114519 0.077934
FixedParameters: 0 0 0

#Transform 63
Transform: AffineTransform_float_3_3
Parameters: 0.999998 0.000816683 -0.00173862 -0.000817318 1 -0.000757581 0.00173738 0.000758421 0.999998 0.110026 0.00128342 0.0433708
FixedParameters: 0 0 0

#Transform 64
Transform: AffineTransform_float_3_3
Parameters: 0.999998 0.00131771 -0.00165383 -0.00132029 0.999998 -0.00138582 0.00165217 0.00138818 0.999997 0.105453 0.0460278 0.0815276
FixedParameters: 0 0 0

#Transform 65
Transform: AffineTransform_float_3_3
Parameters: 0.999997 0.00131702 -0.00173874 -0.00131797 0.999999 -0.00055971 0.00173826 0.000562291 0.999999 0.115924 0.0292273 0.0827328
FixedParameters: 0 0 0

#Transform 66
Transform: AffineTransform_float_3_3
Parameters: 0.999997 0.00138354 -0.00173837 -0.00138346 0.999999 -0.000264596 0.00173763 0.000267405 0.999999 0.120407 -0.0708337 0.072138
FixedParameters: 0 0 0

#Transform 67
Transform: AffineTransform_float_3_3
Parameters: 0.999997 0.00124946 -0.00173839 -0.00124954 0.999999 -0.000308829 0.00173761 0.000311172 0.999999 0.109735 -0.0137049 0.0573307
FixedParameters: 0 0 0

#Transform 68
Transform: AffineTransform_float_3_3
Parameters: 0.999998 0.00109096 -0.00196802 -0.00109104 1 -2.08529e-05 0.00196798 2.3147e-05 0.999998 0.129277 -0.0279641 0.0875562
FixedParameters: 0 0 0

#Transform 69
Transform: AffineTransform_float_3_3
Parameters: 0.999997 0.00127508 -0.0020392 -0.00127692 0.999998 -0.000940399 0.0020388 0.000942603 0.999998 0.128958 -0.0823262 0.0749245
FixedParameters: 0 0 0

#Transform 70
Transform: AffineTransform_float_3_3
Parameters: 0.999998 0.00096085 -0.00173864 -0.000962151 1 -0.000661329 0.00173736 0.000662671 0.999999 0.115434 -0.0719876 0.0612378
FixedParameters: 0 0 0

#Transform 71
Transform: AffineTransform_float_3_3
Parameters: 0.999998 0.000892726 -0.00173917 -0.000895274 0.999998 -0.00130744 0.00173783 0.00130855 0.999997 0.10831 0.00595419 0.0584515
FixedParameters: 0 0 0

#Transform 72
Transform: AffineTransform_float_3_3
Parameters: 0.999998 0.000969797 -0.00168527 -0.000972203 0.999998 -0.00130736 0.00168373 0.00130863 0.999997 0.0976168 0.0207518 0.0752586
FixedParameters: 0 0 0

#Transform 73
Transform: AffineTransform_float_3_3
Parameters: 0.999998 0.00097034 -0.0013382 -0.000971658 0.999999 -0.0012397 0.0013368 0.0012413 0.999999 0.0869762 -0.0130115 0.0671581
FixedParameters: 0 0 0

#Transform 74
Transform: AffineTransform_float_3_3
Parameters: 0.999998 0.000970117 -0.00144027 -0.000971882 0.999998 -0.0013076 0.00143873 0.0013084 0.999998 0.0887915 0.00303867 0.0688912
FixedParameters: 0 0 0

#Transform 75
Transform: AffineTransform_float_3_3
Parameters: 0.999998 0.000969507 -0.00162949 -0.000971494 0.999999 -0.00153042 0.00162752 0.00153158 0.999998 0.0957008 0.0172649 0.090754
FixedParameters: 0 0 0

#Transform 76
Transform: AffineTransform_float_3_3
Parameters: 0.999998 0.00097002 -0.00141336 -0.000971978 0.999998 -0.00139963 0.00141264 0.00140137 0.999998 0.0904476 0.00644249 0.0775976
FixedParameters: 0 0 0

#Transform 77
Transform: AffineTransform_float_3_3
Parameters: 0.999999 0.000909028 -0.00160768 -0.000911972 0.999998 -0.00184854 0.00160632 0.00185046 0.999997 0.0982915 0.049406 0.0849693
FixedParameters: 0 0 0

#Transform 78
Transform: AffineTransform_float_3_3
Parameters: 0.999998 0.000859031 -0.0014132 -0.00086097 0.999998 -0.00139378 0.0014128 0.00139422 0.999998 0.0797134 -0.0105338 0.0849175
FixedParameters: 0 0 0

#Transform 79
Transform: AffineTransform_float_3_3
Parameters: 0.999999 0.000585631 -0.00141257 -0.00058737 1 -0.000969171 0.00141243 0.000969828 0.999998 0.0842486 0.0344356 0.0656228
FixedParameters: 0 0 0

#Transform 80
Transform: AffineTransform_float_3_3
Parameters: 0.999998 0.000969975 -0.00141339 -0.000972025 0.999998 -0.00143263 0.00141261 0.00143337 0.999998 0.0870082 -9.27711e-05 0.0698375
FixedParameters: 0 0 0

#Transform 81
Transform: AffineTransform_float_3_3
Parameters: 0.999998 0.000970065 -0.00167912 -0.000971936 0.999999 -0.00115237 0.00167788 0.00115363 0.999998 0.102098 0.00751614 0.105448
FixedParameters: 0 0 0

#Transform 82
Transform: AffineTransform_float_3_3
Parameters: 0.999998 0.000969903 -0.00141344 -0.000972098 0.999999 -0.00148363 0.00141256 0.00148537 0.999998 0.0803421 0.0260926 0.0879571
FixedParameters: 0 0 0

#Transform 83
Transform: AffineTransform_float_3_3
Parameters: 0.999998 0.000969903 -0.00141344 -0.000972098 0.999999 -0.00148363 0.00141256 0.00148537 0.999998 0.0881455 0.0699732 0.111461
FixedParameters: 0 0 0

#Transform 84
Transform: AffineTransform_float_3_3
Parameters: 0.999998 0.000882902 -0.00141331 -0.000885097 0.999998 -0.00148375 0.00141269 0.00148525 0.999998 0.0859098 0.102107 0.102248
FixedParameters: 0 0 0

#Transform 85
Transform: AffineTransform_float_3_3
Parameters: 0.999999 0.000970403 -0.00159198 -0.000971597 0.999999 -0.00100246 0.00159103 0.00100455 0.999998 0.100368 0.0376545 0.0921081
FixedParameters: 0 0 0

#Transform 86
Transform: AffineTransform_float_3_3
Parameters: 0.999998 0.000920718 -0.00134488 -0.000921283 0.999999 -0.000953762 0.00134412 0.000954239 0.999998 0.0803639 -0.0138137 0.101916
FixedParameters: 0 0 0

#Transform 87
Transform: AffineTransform_float_3_3
Parameters: 0.999999 0.0010379 -0.00141354 -0.0010401 0.999999 -0.00148353 0.00141246 0.00148447 0.999998 0.0908067 0.0501703 0.107041
FixedParameters: 0 0 0

#Transform 88
Transform: AffineTransform_float_3_3
Parameters: 0.999999 0.000881989 -0.00116353 -0.000884012 0.999998 -0.00172897 0.00116247 0.00173003 0.999998 0.0709681 0.0215587 0.0833276
FixedParameters: 0 0 0

#Transform 89
Transform: AffineTransform_float_3_3
Parameters: 0.999998 0.000789989 -0.00149953 -0.000791008 0.999999 -0.000672814 0.00149847 0.000674184 0.999998 0.0912667 -0.0356404 0.0821192
FixedParameters: 0 0 0

#Transform 90
Transform: AffineTransform_float_3_3
Parameters: 0.999998 0.000776646 -0.0014987 -0.000777354 1 -0.000902837 0.0014983 0.000904166 0.999999 0.088902 -0.0320069 0.095131
FixedParameters: 0 0 0

#Transform 91
Transform: AffineTransform_float_3_3
Parameters: 0.999999 0.000891073 -0.00158608 -0.000892927 0.999999 -0.00121459 0.00158492 0.00121641 0.999998 0.0951118 -0.0133323 0.0950011
FixedParameters: 0 0 0

#Transform 92
Transform: AffineTransform_float_3_3
Parameters: 0.999998 0.000764822 -0.00154308 -0.000767176 0.999998 -0.00141082 0.00154192 0.00141218 0.999998 0.090989 0.0269834 0.0993483
FixedParameters: 0 0 0

#Transform 93
Transform: AffineTransform_float_3_3
Parameters: 0.999998 0.00053743 -0.00157154 -0.00053857 1 -0.000999156 0.00157046 0.000999846 0.999999 0.0925319 -0.0232485 0.0864574
FixedParameters: 0 0 0

#Transform 94
Transform: AffineTransform_float_3_3
Parameters: 0.999998 0.000856577 -0.00141286 -0.000857423 0.999999 -0.00100679 0.00141214 0.00100821 0.999999 0.0807226 0.0223549 0.0835944
FixedParameters: 0 0 0

#Transform 95
Transform: AffineTransform_float_3_3
Parameters: 0.999998 0.000797103 -0.00141307 -0.000798896 0.999999 -0.00134187 0.00141193 0.00134313 0.999998 0.0751986 0.054135 0.078403
FixedParameters: 0 0 0

#Transform 96
Transform: AffineTransform_float_3_3
Parameters: 0.999998 0.000767694 -0.00141271 -0.000768306 1 -0.000923916 0.00141229 0.000925085 0.999998 0.0792266 -0.00184718 0.0897306
FixedParameters: 0 0 0

#Transform 97
Transform: AffineTransform_float_3_3
Parameters: 0.999998 0.000898846 -0.00141337 -0.000901156 0.999999 -0.00152473 0.00141263 0.00152527 0.999998 0.0810123 0.0509366 0.0923725
FixedParameters: 0 0 0

#Transform 98
Transform: AffineTransform_float_3_3
Parameters: 0.999998 0.000731364 -0.00155277 -0.000732634 0.999999 -0.00105286 0.00155123 0.00105414 0.999998 0.0885898 -0.0589682 0.0889145
FixedParameters: 0 0 0

#Transform 99
Transform: AffineTransform_float_3_3
Parameters: 0.999998 0.000853224 -0.00173388 -0.000855776 0.999999 -0.00102352 0.00173312 0.00102548 0.999998 0.105323 0.0253805 0.11077
FixedParameters: 0 0 0

#Transform 100
Transform: AffineTransform_float_3_3
Parameters: 0.999998 0.000779763 -0.00141324 -0.000781238 0.999999 -0.0015829 0.00141276 0.0015841 0.999997 0.0791132 -0.0164098 0.0840555
FixedParameters: 0 0 0

#Transform 101
Transform: AffineTransform_float_3_3
Parameters: 0.999999 0.000821369 -0.00162733 -0.000823633 0.999999 -0.00161766 0.00162567 0.00161834 0.999998 0.0991068 0.0613479 0.110967
FixedParameters: 0 0 0

#Transform 102
Transform: AffineTransform_float_3_3
Parameters: 0.999999 0.00110897 -0.00141281 -0.00111003 0.999999 -0.000727433 0.00141219 0.000729567 0.999998 0.0841402 0.011261 0.139372
FixedParameters: 0 0 0

#Transform 103
Transform: AffineTransform_float_3_3
Parameters: 0.999999 0.00108419 -0.00141339 -0.00108681 0.999998 -0.00127947 0.00141261 0.00128053 0.999998 0.0863654 0.0448847 0.109997
FixedParameters: 0 0 0

#Transform 104
Transform: AffineTransform_float_3_3
Parameters: 0.999998 0.00102158 -0.00141302 -0.00102241 0.999999 -0.00100056 0.00141198 0.00100244 0.999999 0.0860006 -0.0405444 0.0918529
FixedParameters: 0 0 0

#Transform 105
Transform: AffineTransform_float_3_3
Parameters: 0.999998 0.000955654 -0.00141291 -0.000957345 0.999999 -0.000951648 0.00141209 0.000953351 0.999998 0.0812605 0.0215886 0.0979905
FixedParameters: 0 0 0

#Transform 106
Transform: AffineTransform_float_3_3
Parameters: 0.999998 0.000932098 -0.00141326 -0.000933902 0.999998 -0.00134568 0.00141274 0.00134632 0.999998 0.0822687 0.0619927 0.111375
FixedParameters: 0 0 0

#Transform 107
Transform: AffineTransform_float_3_3
Parameters: 0.999998 0.000931918 -0.0012985 -0.000934083 0.999999 -0.00160379 0.0012975 0.00160521 0.999998 0.0754679 0.0787454 0.0964101
FixedParameters: 0 0 0

#Transform 108
Transform: AffineTransform_float_3_3
Parameters: 0.999999 0.00112073 -0.00141301 -0.00112227 0.999999 -0.000901416 0.00141199 0.000902584 0.999999 0.0877102 -0.0220966 0.107071
FixedParameters: 0 0 0

#Transform 109
Transform: AffineTransform_float_3_3
Parameters: 0.999998 0.00110625 -0.00118564 -0.00110775 0.999999 -0.00147769 0.00118436 0.00147931 0.999998 0.0682968 0.0234747 0.109821
FixedParameters: 0 0 0

#Transform 110
Transform: AffineTransform_float_3_3
Parameters: 0.999999 0.000884528 -0.00123705 -0.000885472 0.999999 -0.00118991 0.00123595 0.0011911 0.999999 0.0686967 0.0165108 0.10777
FixedParameters: 0 0 0

#Transform 111
Transform: AffineTransform_float_3_3
Parameters: 0.999999 0.000804651 -0.00127985 -0.000806349 0.999999 -0.00105397 0.00127915 0.00105503 0.999998 0.0737197 0.0714614 0.115903
FixedParameters: 0 0 0

#Transform 112
Transform: AffineTransform_float_3_3
Parameters: 0.999999 0.000804366 -0.0010942 -0.000805633 0.999998 -0.00149312 0.0010928 0.00149388 0.999999 0.0586824 0.0764963 0.101189
FixedParameters: 0 0 0

#Transform 113
Transform: AffineTransform_float_3_3
Parameters: 0.999999 0.00122085 -0.00120317 -0.00122216 0.999999 -0.000959531 0.00120283 0.00096147 0.999999 0.0714712 0.0125879 0.128405
FixedParameters: 0 0 0

#Transform 114
Transform: AffineTransform_float_3_3
Parameters: 0.999999 0.00118562 -0.00101762 -0.00118638 0.999999 -0.0013608 0.00101539 0.00136221 0.999999 0.0607666 0.00778754 0.105632
FixedParameters: 0 0 0

#Transform 115
Transform: AffineTransform_float_3_3
Parameters: 0.999999 0.000996758 -0.00106117 -0.000998241 0.999999 -0.00116994 0.00105983 0.00117106 0.999999 0.0610794 0.0773569 0.0944504
FixedParameters: 0 0 0

#Transform 116
Transform: AffineTransform_float_3_3
Parameters: 0.999999 0.00103908 -0.00103193 -0.00103992 0.999999 -0.000895928 0.00103107 0.000897072 0.999999 0.0668475 0.0433627 0.0961754
FixedParameters: 0 0 0

#Transform 117
Transform: AffineTransform_float_3_3
Parameters: 0.999999 0.000804583 -0.00103211 -0.000806417 0.999998 -0.00137317 0.00103089 0.00137383 0.999998 0.0553082 0.0371741 0.0955272
FixedParameters: 0 0 0

#Transform 118
Transform: AffineTransform_float_3_3
Parameters: 0.999999 0.00110107 -0.00103306 -0.00110293 0.999997 -0.00186586 0.00103094 0.00186714 0.999997 0.0607146 0.0851449 0.0887652
FixedParameters: 0 0 0

#Transform 119
Transform: AffineTransform_float_3_3
Parameters: 0.999998 0.00104803 -0.00124067 -0.00104997 0.999998 -0.0015877 0.00123933 0.0015883 0.999998 0.0755246 0.0481924 0.111251
FixedParameters: 0 0 0

#Transform 120
Transform: AffineTransform_float_3_3
Parameters: 0.999999 0.000955522 -0.00103237 -0.000957478 0.999998 -0.00143201 0.00103163 0.00143299 0.999999 0.0611793 0.047278 0.100594
FixedParameters: 0 0 0

#Transform 121
Transform: AffineTransform_float_3_3
Parameters: 0.999999 0.00123142 -0.00135834 -0.00123358 0.999998 -0.00190033 0.00135566 0.00190267 0.999998 0.0818036 0.054636 0.123397
FixedParameters: 0 0 0

#Transform 122
Transform: AffineTransform_float_3_3
Parameters: 0.999998 0.00135494 -0.00103239 -0.00135606 0.999998 -0.0010266 0.00103161 0.0010274 0.999999 0.0623931 0.00348558 0.137353
FixedParameters: 0 0 0

#Transform 123
Transform: AffineTransform_float_3_3
Parameters: 0.999999 0.00118848 -0.00103275 -0.00118952 0.999998 -0.00146977 0.00103125 0.00147123 0.999999 0.0624471 0.0390548 0.117997
FixedParameters: 0 0 0

#Transform 124
Transform: AffineTransform_float_3_3
Parameters: 0.999999 0.00111597 -0.0010332 -0.00111804 0.999998 -0.00196985 0.0010318 0.00197116 0.999998 0.0648829 0.100392 0.099114
FixedParameters: 0 0 0

#Transform 125
Transform: AffineTransform_float_3_3
Parameters: 0.999998 0.00115499 -0.00117897 -0.001157 0.999998 -0.00170164 0.00117703 0.00170336 0.999998 0.0774987 0.0542367 0.107547
FixedParameters: 0 0 0

#Transform 126
Transform: AffineTransform_float_3_3
Parameters: 0.999999 0.00114692 -0.00103331 -0.00114808 0.999998 -0.00201382 0.00103169 0.00201519 0.999998 0.0612309 0.0776684 0.0988345
FixedParameters: 0 0 0

#Transform 127
Transform: AffineTransform_float_3_3
Parameters: 0.999999 0.000803443 -0.00103299 -0.000805557 0.999996 -0.00247717 0.00103101 0.00247783 0.999997 0.0624177 0.185958 0.117246
FixedParameters: 0 0 0

#Transform 128
Transform: AffineTransform_float_3_3
Parameters: 0.999999 0.000804342 -0.0012181 -0.000805657 0.999998 -0.00136102 0.0012169 0.00136198 0.999999 0.0732303 0.00614125 0.108729
FixedParameters: 0 0 0

#Transform 129
Transform: AffineTransform_float_3_3
Parameters: 0.999999 0.000908633 -0.00112292 -0.000910367 0.999998 -0.00210898 0.00112108 0.00211002 0.999997 0.0658823 0.0882606 0.114634
FixedParameters: 0 0 0

#Transform 130
Transform: AffineTransform_float_3_3
Parameters: 0.999999 0.000804101 -0.00124822 -0.000805897 0.999998 -0.001521 0.00124678 0.001522 0.999998 0.0737496 0.140155 0.0997554
FixedParameters: 0 0 0

#Transform 131
Transform: AffineTransform_float_3_3
Parameters: 0.999999 0.00080449 -0.00103218 -0.000805509 0.999998 -0.00146317 0.00103082 0.00146383 0.999999 0.0607463 0.0609184 0.0936715
FixedParameters: 0 0 0

#Transform 132
Transform: AffineTransform_float_3_3
Parameters: 0.999999 0.000803685 -0.00119656 -0.000806313 0.999998 -0.00193504 0.00119444 0.00193596 0.999998 0.0647899 0.0909424 0.0868767
FixedParameters: 0 0 0

#Transform 133
Transform: AffineTransform_float_3_3
Parameters: 0.999999 0.000804319 -0.00103231 -0.000805682 0.999999 -0.00162817 0.00103169 0.00162983 0.999998 0.0566945 0.0523973 0.0896638
FixedParameters: 0 0 0

#Transform 134
Transform: AffineTransform_float_3_3
Parameters: 0.999999 0.00091332 -0.00103249 -0.000915681 0.999999 -0.00162806 0.00103151 0.00162894 0.999998 0.0544288 0.0564756 0.109153
FixedParameters: 0 0 0

#Transform 135
Transform: AffineTransform_float_3_3
Parameters: 0.999999 0.000804172 -0.0009825 -0.00080583 0.999998 -0.00186221 0.000981501 0.00186279 0.999998 0.0501217 0.0738617 0.0968539
FixedParameters: 0 0 0

#Transform 136
Transform: AffineTransform_float_3_3
Parameters: 0.999998 0.00106389 -0.0011789 -0.00106611 0.999998 -0.00178774 0.00117709 0.00178925 0.999997 0.0661625 0.112783 0.107844
FixedParameters: 0 0 0

#Transform 137
Transform: AffineTransform_float_3_3
Parameters: 0.999999 0.00109751 -0.00103259 -0.00109949 0.999999 -0.00144487 0.00103141 0.00144613 0.999999 0.0606242 0.0467535 0.10098
FixedParameters: 0 0 0

#Transform 138
Transform: AffineTransform_float_3_3
Parameters: 0.999999 0.000804029 -0.00103254 -0.000805972 0.999998 -0.00191017 0.00103146 0.00191083 0.999997 0.0529178 0.0934319 0.111731
FixedParameters: 0 0 0

#Transform 139
Transform: AffineTransform_float_3_3
Parameters: 0.999999 0.000804029 -0.00103254 -0.000805972 0.999998 -0.00191017 0.00103146 0.00191083 0.999997 0.0505565 0.0942848 0.111731
FixedParameters: 0 0 0

#Transform 140
Transform: AffineTransform_float_3_3
Parameters: 0.999999 0.000804421 -0.00103223 -0.00080558 0.999998 -0.00153017 0.00103177 0.00153083 0.999999 0.0540988 0.0633299 0.0823848
FixedParameters: 0 0 0

#Transform 141
Transform: AffineTransform_float_3_3
Parameters: 1 0.000804327 -0.000876538 -0.000805674 0.999998 -0.00191029 0.000875463 0.0019107 0.999998 0.0413699 0.107525 0.112922
FixedParameters: 0 0 0

#Transform 142
Transform: AffineTransform_float_3_3
Parameters: 0.999999 0.000803608 -0.00109776 -0.000806392 0.999998 -0.00218112 0.00109524 0.00218188 0.999997 0.0587077 0.138098 0.109973
FixedParameters: 0 0 0

#Transform 143
Transform: AffineTransform_float_3_3
Parameters: 0.999999 0.000804825 -0.000730297 -0.000806175 0.999999 -0.00161041 0.000728703 0.00161059 0.999999 0.0360635 0.0659729 0.124351
FixedParameters: 0 0 0

#Transform 144
Transform: AffineTransform_float_3_3
Parameters: 0.999999 0.000804264 -0.000972438 -0.000805736 0.999998 -0.00178522 0.000971562 0.00178678 0.999998 0.0494147 0.104348 0.133348
FixedParameters: 0 0 0

#Transform 145
Transform: AffineTransform_float_3_3
Parameters: 0.999999 0.000803439 -0.000969129 -0.000805561 0.999996 -0.00264522 0.000966873 0.00264578 0.999996 0.049285 0.167695 0.111945
FixedParameters: 0 0 0

#Transform 146
Transform: AffineTransform_float_3_3
Parameters: 0.999999 0.000803997 -0.000968666 -0.000806003 0.999997 -0.00206822 0.000967335 0.00206978 0.999998 0.0519894 0.0880981 0.120679
FixedParameters: 0 0 0

#Transform 147
Transform: AffineTransform_float_3_3
Parameters: 1 0.00080441 -0.000920392 -0.000805591 0.999998 -0.00172826 0.000919609 0.00172974 0.999998 0.0488332 0.10013 0.120869
FixedParameters: 0 0 0

#Transform 148
Transform: AffineTransform_float_3_3
Parameters: 1 0.000804326 -0.000858571 -0.000805675 0.999998 -0.00195131 0.00085743 0.00195169 0.999997 0.0438687 0.0968189 0.114605
FixedParameters: 0 0 0

#Transform 149
Transform: AffineTransform_float_3_3
Parameters: 0.999999 0.000803927 -0.00103262 -0.000806074 0.999997 -0.00200917 0.00103138 0.00200983 0.999998 0.0520086 0.137327 0.113299
FixedParameters: 0 0 0

#Transform 150
Transform: AffineTransform_float_3_3
Parameters: 0.999999 0.00080426 -0.000976436 -0.00080574 0.999998 -0.00178321 0.000974565 0.00178379 0.999998 0.0543728 0.095347 0.115109
FixedParameters: 0 0 0

#Transform 151
Transform: AffineTransform_float_3_3
Parameters: 1 0.000804666 -0.000906187 -0.000806334 0.999998 -0.00147327 0.000904813 0.00147373 0.999998 0.0422886 0.0804256 0.11894
FixedParameters: 0 0 0

#Transform 152
Transform: AffineTransform_float_3_3
Parameters: 1 0.000804167 -0.000891657 -0.000805832 0.999997 -0.00205728 0.000889345 0.00205772 0.999998 0.0398563 0.136035 0.0911104
FixedParameters: 0 0 0

#Transform 153
Transform: AffineTransform_float_3_3
Parameters: 0.999999 0.000804042 -0.00103253 -0.000805959 0.999998 -0.00189717 0.00103147 0.00189783 0.999997 0.0522223 0.115027 0.122321
FixedParameters: 0 0 0

#Transform 154
Transform: AffineTransform_float_3_3
Parameters: 0.999999 0.000804374 -0.00103227 -0.000805628 0.999999 -0.00157617 0.00103173 0.00157683 0.999998 0.0546352 0.0572565 0.112241
FixedParameters: 0 0 0

#Transform 155
Transform: AffineTransform_float_3_3
Parameters: 0.999999 0.000993226 -0.00088699 -0.000994773 0.999997 -0.00200112 0.000885011 0.00200188 0.999997 0.0429526 0.111999 0.120737
FixedParameters: 0 0 0

#Transform 156
Transform: AffineTransform_float_3_3
Parameters: 0.999999 0.000803731 -0.00103277 -0.00080627 0.999998 -0.00219817 0.00103123 0.00219983 0.999997 0.051167 0.189274 0.0865929
FixedParameters: 0 0 0

#Transform 157
Transform: AffineTransform_float_3_3
Parameters: 1 0.000804368 -0.00089447 -0.000805633 0.999998 -0.00182528 0.00089353 0.00182672 0.999998 0.0381592 0.149379 0.127073
FixedParameters: 0 0 0

#Transform 158
Transform: AffineTransform_float_3_3
Parameters: 1 0.000804712 -0.000651594 -0.000806289 0.999997 -0.00197847 0.000650406 0.00197952 0.999998 0.0200119 0.0835253 0.125672
FixedParameters: 0 0 0

#Transform 159
Transform: AffineTransform_float_3_3
Parameters: 1 0.000804401 -0.000688871 -0.000805599 0.999997 -0.00232345 0.00068713 0.00232455 0.999997 0.0251145 0.166995 0.110862
FixedParameters: 0 0 0

#Transform 160
Transform: AffineTransform_float_3_3
Parameters: 0.999999 0.000804414 -0.000666916 -0.000805584 0.999997 -0.00237946 0.000665084 0.00238054 0.999997 0.0233483 0.168836 0.117427
FixedParameters: 0 0 0

#Transform 161
Transform: AffineTransform_float_3_3
Parameters: 0.999999 0.000969202 -0.000947842 -0.000970798 0.999997 -0.00189808 0.000946159 0.00189892 0.999997 0.0468553 0.12229 0.121756
FixedParameters: 0 0 0
