#!ascii label  , from subject sub-v2s7x29794_ses-1 vox2ras=TkReg
957
64630  -31.775  -11.379  32.938 0.0000000000
56185  -20.424  -19.883  39.116 0.0000000000
59493  -26.062  -16.832  34.128 0.0000000000
82868  -45.371  5.193  15.773 0.0000000000
84865  -50.979  7.178  10.768 0.0000000000
54917  -15.253  -20.399  44.132 0.0000000000
79858  -41.933  2.772  18.222 0.0000000000
64690  -35.083  -11.712  30.547 0.0000000000
60466  -30.087  -15.366  31.653 0.0000000000
53890  -17.673  -20.846  41.497 0.0000000000
156779  -17.934  -23.581  45.152 0.0000000000
67864  -28.078  -8.260  28.344 0.0000000000
66905  -31.063  -9.708  26.273 0.0000000000
58369  -22.941  -17.238  36.549 0.0000000000
66835  -28.342  -9.464  33.260 0.0000000000
139275  -38.245  -4.743  19.459 0.0000000000
73643  -42.682  -3.237  17.591 0.0000000000
77820  -45.393  0.196  17.206 0.0000000000
52842  -10.271  -22.737  47.747 0.0000000000
52807  -5.843  -22.670  50.293 0.0000000000
66919  -33.612  -10.137  25.154 0.0000000000
69036  -34.202  -7.099  22.694 0.0000000000
73573  -35.249  -2.915  21.558 0.0000000000
52859  -13.909  -22.719  46.650 0.0000000000
53901  -21.342  -21.759  41.174 0.0000000000
154466  -22.027  -19.998  40.520 0.0000000000
63566  -30.768  -13.007  32.341 0.0000000000
147235  -18.933  -17.306  39.867 0.0000000000
143920  -19.254  -20.976  39.905 0.0000000000
51813  -19.717  -23.306  42.530 0.0000000000
70094  -29.298  -6.351  31.392 0.0000000000
135233  -27.252  -8.066  31.530 0.0000000000
74586  -39.306  -2.895  18.488 0.0000000000
72587  -40.729  -4.494  18.319 0.0000000000
75636  -40.617  -1.998  17.560 0.0000000000
143426  -43.661  1.198  16.439 0.0000000000
79883  -45.400  2.691  16.361 0.0000000000
78858  -47.226  1.890  17.050 0.0000000000
80894  -46.839  3.953  15.049 0.0000000000
160918  -48.409  4.016  14.069 0.0000000000
67882  -32.837  -7.738  26.706 0.0000000000
65823  -32.420  -10.802  26.052 0.0000000000
152231  -33.397  -7.378  25.912 0.0000000000
71302  -31.823  -5.170  24.282 0.0000000000
156505  -32.185  -3.272  22.731 0.0000000000
141973  -34.601  -4.150  22.529 0.0000000000
75559  -34.075  -1.193  21.268 0.0000000000
75593  -35.791  -1.074  19.833 0.0000000000
143041  -24.689  -17.216  35.316 0.0000000000
53838  -12.888  -21.083  45.940 0.0000000000
52883  -14.470  -22.180  45.114 0.0000000000
51621  -5.702  -23.429  53.344 0.0000000000
52781  -3.822  -23.911  54.799 0.0000000000
77784  -41.347  0.459  18.691 0.0000000000
64711  -36.849  -11.185  29.920 0.0000000000
59521  -27.783  -16.403  32.254 0.0000000000
54948  -16.580  -20.954  42.593 0.0000000000
137506  -16.106  -22.653  43.826 0.0000000000
51799  -17.692  -23.410  43.542 0.0000000000
85837  -53.181  8.232  10.296 0.0000000000
64705  -29.569  -11.079  29.597 0.0000000000
64706  -31.273  -11.060  29.669 0.0000000000
67878  -29.371  -8.407  27.106 0.0000000000
59428  -19.781  -16.602  37.948 0.0000000000
58345  -21.195  -17.883  37.938 0.0000000000
61365  -21.130  -14.844  36.396 0.0000000000
61388  -22.533  -14.581  34.386 0.0000000000
61411  -24.295  -14.560  32.523 0.0000000000
64610  -29.095  -11.996  33.814 0.0000000000
148913  -25.714  -13.973  31.459 0.0000000000
63600  -26.418  -12.424  30.121 0.0000000000
64703  -27.905  -11.619  28.882 0.0000000000
71337  -38.743  -4.748  21.964 0.0000000000
159138  -41.837  -0.156  16.578 0.0000000000
75640  -44.475  -1.557  17.378 0.0000000000
81904  -50.100  4.060  13.051 0.0000000000
52825  -7.684  -22.259  49.211 0.0000000000
51649  -7.515  -23.631  52.034 0.0000000000
64722  -33.105  -11.826  28.326 0.0000000000
64737  -34.878  -11.540  27.808 0.0000000000
65827  -36.011  -10.706  26.513 0.0000000000
70172  -33.097  -6.505  25.295 0.0000000000
67915  -35.080  -8.996  23.828 0.0000000000
66923  -37.065  -9.136  25.599 0.0000000000
70180  -37.219  -6.984  24.400 0.0000000000
71304  -37.181  -4.641  24.322 0.0000000000
73544  -37.610  -3.592  23.455 0.0000000000
72555  -37.234  -3.952  20.243 0.0000000000
75596  -37.766  -1.635  19.226 0.0000000000
58317  -23.682  -17.780  40.283 0.0000000000
54878  -11.211  -20.382  47.094 0.0000000000
52844  -12.034  -23.035  47.500 0.0000000000
51760  -15.608  -23.175  46.345 0.0000000000
49555  -3.284  -25.257  53.700 0.0000000000
53908  -20.929  -21.418  40.412 0.0000000000
54961  -21.706  -20.976  40.864 0.0000000000
56177  -21.433  -20.046  39.815 0.0000000000
63567  -30.726  -11.783  32.126 0.0000000000
56192  -19.526  -19.349  38.846 0.0000000000
57312  -18.790  -18.986  39.616 0.0000000000
54975  -20.125  -20.467  39.362 0.0000000000
53907  -20.133  -21.648  40.144 0.0000000000
75598  -40.176  -1.466  19.265 0.0000000000
74587  -40.182  -2.788  18.026 0.0000000000
75617  -40.503  -1.057  18.769 0.0000000000
81881  -44.198  4.629  16.636 0.0000000000
153518  -44.125  3.206  16.327 0.0000000000
80875  -44.665  4.006  16.175 0.0000000000
79897  -45.849  3.191  16.085 0.0000000000
81887  -46.201  4.460  15.201 0.0000000000
81894  -47.032  4.530  14.495 0.0000000000
69004  -33.421  -7.604  26.397 0.0000000000
75522  -32.912  -1.178  24.328 0.0000000000
74528  -33.096  -2.305  22.052 0.0000000000
76618  -33.838  -0.002  22.083 0.0000000000
77753  -34.599  0.303  21.748 0.0000000000
59492  -25.001  -16.883  33.847 0.0000000000
59452  -25.317  -17.319  35.964 0.0000000000
143039  -26.282  -17.223  35.858 0.0000000000
54903  -13.935  -20.336  45.126 0.0000000000
53864  -14.727  -20.992  44.303 0.0000000000
82904  -51.468  5.446  11.430 0.0000000000
52786  -5.119  -23.317  53.899 0.0000000000
64656  -35.083  -11.514  32.339 0.0000000000
64691  -36.064  -11.546  30.394 0.0000000000
59522  -28.866  -16.220  31.841 0.0000000000
59524  -30.099  -16.191  32.754 0.0000000000
56169  -18.346  -19.611  41.386 0.0000000000
56158  -18.319  -19.180  42.508 0.0000000000
54933  -17.846  -19.533  42.913 0.0000000000
54949  -17.129  -20.954  42.017 0.0000000000
52922  -16.826  -22.032  42.288 0.0000000000
52923  -17.660  -22.725  42.032 0.0000000000
161067  -20.900  -22.953  42.623 0.0000000000
157802  -20.002  -23.398  43.854 0.0000000000
65783  -28.703  -10.653  28.727 0.0000000000
65794  -28.880  -10.100  28.069 0.0000000000
67865  -28.691  -8.301  27.687 0.0000000000
61343  -20.373  -14.641  38.480 0.0000000000
60419  -20.444  -15.727  37.129 0.0000000000
61353  -21.120  -14.279  36.923 0.0000000000
62454  -22.951  -12.860  34.900 0.0000000000
62455  -24.451  -12.772  34.529 0.0000000000
60443  -23.397  -14.875  33.330 0.0000000000
151908  -26.077  -13.126  34.201 0.0000000000
67804  -29.031  -8.520  34.650 0.0000000000
64629  -28.624  -11.578  33.221 0.0000000000
63548  -27.744  -12.677  32.970 0.0000000000
63564  -27.452  -12.360  32.352 0.0000000000
63582  -26.395  -12.688  30.925 0.0000000000
64667  -26.941  -11.219  31.346 0.0000000000
67853  -27.114  -8.275  29.845 0.0000000000
66875  -26.576  -9.883  29.706 0.0000000000
65782  -27.806  -10.710  28.780 0.0000000000
64704  -28.767  -11.230  29.116 0.0000000000
71349  -38.509  -5.280  20.919 0.0000000000
71351  -39.978  -5.828  21.536 0.0000000000
71375  -39.410  -5.651  19.624 0.0000000000
73623  -42.055  -3.931  17.895 0.0000000000
71377  -41.751  -5.222  19.010 0.0000000000
78830  -41.351  1.323  18.146 0.0000000000
77807  -41.105  0.527  17.698 0.0000000000
78841  -41.461  1.269  17.313 0.0000000000
136090  -44.755  0.919  16.748 0.0000000000
76712  -43.706  -0.379  16.703 0.0000000000
153769  -45.172  -1.126  17.510 0.0000000000
75618  -45.779  -2.096  18.185 0.0000000000
81903  -49.217  4.275  13.255 0.0000000000
81911  -48.635  5.127  12.889 0.0000000000
82895  -50.078  5.291  12.003 0.0000000000
53811  -9.370  -21.526  48.078 0.0000000000
53802  -8.909  -21.182  48.636 0.0000000000
52827  -9.180  -22.870  48.450 0.0000000000
135807  -8.864  -23.686  51.241 0.0000000000
51637  -7.318  -23.627  52.855 0.0000000000
65796  -30.692  -11.027  27.676 0.0000000000
64720  -31.444  -11.367  28.429 0.0000000000
64733  -31.587  -11.441  27.397 0.0000000000
65836  -33.228  -10.640  25.636 0.0000000000
65824  -33.321  -11.143  26.154 0.0000000000
65837  -34.103  -10.779  25.654 0.0000000000
65809  -35.503  -11.198  27.087 0.0000000000
65838  -34.950  -10.521  25.434 0.0000000000
72474  -33.571  -4.971  26.090 0.0000000000
70187  -32.812  -6.169  22.778 0.0000000000
69028  -33.318  -7.554  23.324 0.0000000000
69029  -34.033  -7.801  22.967 0.0000000000
66934  -36.169  -9.008  24.467 0.0000000000
67924  -36.073  -8.265  23.717 0.0000000000
67907  -37.410  -8.359  25.362 0.0000000000
143271  -35.673  -6.902  23.147 0.0000000000
142014  -35.254  -3.659  22.578 0.0000000000
71319  -35.858  -4.897  23.413 0.0000000000
72528  -35.879  -3.503  22.858 0.0000000000
72512  -37.300  -3.749  23.949 0.0000000000
73559  -36.301  -3.301  22.370 0.0000000000
72543  -37.172  -3.834  21.101 0.0000000000
72542  -36.601  -3.359  20.662 0.0000000000
76651  -36.844  -0.346  20.003 0.0000000000
75595  -36.968  -1.571  19.360 0.0000000000
76653  -38.363  -0.998  19.818 0.0000000000
58346  -22.136  -17.736  38.140 0.0000000000
58331  -22.625  -17.861  39.049 0.0000000000
58347  -23.057  -17.526  38.387 0.0000000000
52871  -13.363  -22.020  45.967 0.0000000000
52870  -12.552  -21.865  46.337 0.0000000000
52845  -12.846  -23.001  47.466 0.0000000000
51790  -16.505  -23.140  44.295 0.0000000000
51774  -15.788  -23.051  45.435 0.0000000000
51761  -16.544  -23.421  46.083 0.0000000000
52917  -21.935  -22.355  42.774 0.0000000000
53892  -22.402  -21.697  42.427 0.0000000000
54951  -22.759  -20.912  42.172 0.0000000000
57291  -23.462  -19.171  41.806 0.0000000000
61427  -30.248  -14.621  31.444 0.0000000000
60457  -31.020  -15.249  32.766 0.0000000000
58316  -18.913  -17.382  40.760 0.0000000000
56176  -18.568  -19.675  40.551 0.0000000000
53905  -18.704  -21.190  40.407 0.0000000000
52931  -18.363  -22.506  41.306 0.0000000000
52932  -19.240  -22.411  40.863 0.0000000000
52934  -20.921  -22.428  41.528 0.0000000000
68940  -27.951  -7.124  29.856 0.0000000000
68965  -28.999  -7.040  28.481 0.0000000000
68851  -28.599  -7.144  33.980 0.0000000000
66845  -27.366  -9.462  32.147 0.0000000000
70092  -27.935  -6.890  31.185 0.0000000000
73619  -38.718  -3.528  18.685 0.0000000000
72571  -39.554  -5.170  18.978 0.0000000000
73620  -39.565  -3.666  18.414 0.0000000000
73641  -40.877  -3.096  17.613 0.0000000000
73642  -41.688  -3.184  17.483 0.0000000000
78853  -41.860  1.930  16.972 0.0000000000
79881  -43.305  2.975  16.511 0.0000000000
78855  -44.274  1.872  16.447 0.0000000000
78856  -45.358  1.906  16.636 0.0000000000
159930  -46.373  0.789  17.389 0.0000000000
78857  -46.365  1.829  16.863 0.0000000000
79884  -46.934  2.445  16.502 0.0000000000
80884  -47.954  3.317  15.336 0.0000000000
80895  -47.546  3.819  14.821 0.0000000000
81901  -47.588  4.850  13.850 0.0000000000
51718  -10.803  -23.362  48.384 0.0000000000
51697  -10.313  -23.546  49.207 0.0000000000
161006  -10.889  -23.578  49.773 0.0000000000
67881  -31.949  -7.931  26.652 0.0000000000
66906  -31.786  -9.819  25.903 0.0000000000
67896  -32.110  -8.669  25.875 0.0000000000
67897  -32.608  -8.414  25.632 0.0000000000
145177  -32.842  -8.111  25.368 0.0000000000
73514  -32.317  -3.939  25.326 0.0000000000
74487  -32.202  -2.879  25.069 0.0000000000
155945  -31.661  -3.407  23.717 0.0000000000
72525  -32.847  -4.747  22.488 0.0000000000
70190  -34.844  -5.947  22.735 0.0000000000
142198  -33.276  -3.960  22.294 0.0000000000
73556  -33.748  -3.216  21.929 0.0000000000
74541  -34.413  -2.147  21.095 0.0000000000
74553  -35.253  -2.162  20.421 0.0000000000
76649  -34.764  -0.706  20.733 0.0000000000
156681  -23.613  -17.225  36.006 0.0000000000
58360  -23.496  -17.418  37.564 0.0000000000
58371  -24.943  -17.401  36.806 0.0000000000
53850  -13.547  -21.159  45.432 0.0000000000
52872  -14.210  -22.409  45.883 0.0000000000
51663  -5.911  -23.364  51.086 0.0000000000
52806  -5.091  -22.602  50.692 0.0000000000
52791  -4.639  -23.371  52.757 0.0000000000
52790  -3.716  -23.400  52.807 0.0000000000
51620  -3.429  -24.040  54.254 0.0000000000
65787  -37.372  -10.785  29.588 0.0000000000
143103  -27.106  -16.536  32.943 0.0000000000
59475  -27.620  -16.814  35.063 0.0000000000
56144  -17.618  -19.625  43.659 0.0000000000
54918  -15.978  -20.244  43.720 0.0000000000
53865  -15.188  -21.347  43.927 0.0000000000
52913  -15.796  -21.774  43.439 0.0000000000
51798  -16.802  -23.112  43.617 0.0000000000
157672  -18.399  -23.565  44.434 0.0000000000
51812  -18.926  -23.370  42.564 0.0000000000
51800  -18.646  -23.495  43.416 0.0000000000
51777  -18.642  -23.617  45.413 0.0000000000
84875  -51.620  7.690  10.554 0.0000000000
161943  -30.645  -11.035  31.192 0.0000000000
64686  -31.047  -10.911  30.795 0.0000000000
65772  -30.322  -10.907  29.868 0.0000000000
65795  -29.801  -10.585  27.935 0.0000000000
67879  -30.125  -8.605  26.646 0.0000000000
68991  -29.878  -6.970  28.062 0.0000000000
68992  -31.010  -7.134  27.775 0.0000000000
67880  -30.977  -7.912  26.699 0.0000000000
137156  -32.565  -7.605  27.527 0.0000000000
57321  -19.998  -18.822  38.367 0.0000000000
57322  -20.879  -18.546  38.341 0.0000000000
58356  -20.080  -17.214  37.681 0.0000000000
59430  -21.029  -16.951  36.860 0.0000000000
59469  -21.819  -16.080  35.714 0.0000000000
62442  -22.152  -13.014  36.216 0.0000000000
60427  -21.879  -15.386  35.355 0.0000000000
59470  -22.384  -16.244  35.191 0.0000000000
59490  -23.477  -16.505  34.248 0.0000000000
59491  -24.170  -16.607  33.753 0.0000000000
60451  -24.583  -15.571  32.384 0.0000000000
62469  -27.825  -13.229  34.667 0.0000000000
62478  -26.213  -13.183  33.132 0.0000000000
62485  -25.377  -13.688  32.134 0.0000000000
59519  -25.785  -16.347  32.242 0.0000000000
60462  -26.746  -15.675  30.877 0.0000000000
60463  -27.658  -15.801  30.654 0.0000000000
61436  -28.244  -14.852  29.515 0.0000000000
65761  -26.605  -10.290  31.014 0.0000000000
62512  -27.241  -13.036  29.118 0.0000000000
62504  -29.372  -13.680  29.882 0.0000000000
63584  -29.817  -13.036  30.768 0.0000000000
63603  -29.836  -11.879  30.881 0.0000000000
59413  -19.403  -16.581  38.756 0.0000000000
142507  -40.798  -5.523  19.196 0.0000000000
76687  -40.793  -0.292  18.186 0.0000000000
75637  -41.136  -1.287  17.061 0.0000000000
75638  -42.585  -1.841  16.888 0.0000000000
77817  -42.106  0.528  16.505 0.0000000000
75655  -43.077  -1.125  16.737 0.0000000000
74606  -43.585  -2.802  17.621 0.0000000000
74589  -45.170  -2.678  18.290 0.0000000000
81913  -50.521  4.512  12.434 0.0000000000
82903  -50.611  5.789  11.464 0.0000000000
83877  -50.378  6.729  11.169 0.0000000000
53792  -7.800  -21.202  49.466 0.0000000000
52815  -7.234  -22.728  49.681 0.0000000000
160411  -8.816  -23.399  49.479 0.0000000000
151940  -8.136  -23.623  50.534 0.0000000000
51664  -6.919  -23.549  51.200 0.0000000000
51648  -6.631  -23.592  52.059 0.0000000000
64687  -32.151  -11.110  30.399 0.0000000000
64688  -33.354  -11.529  30.153 0.0000000000
64707  -33.672  -11.855  29.079 0.0000000000
64748  -32.716  -11.471  26.652 0.0000000000
140329  -33.908  -11.803  28.129 0.0000000000
135769  -34.727  -11.751  28.887 0.0000000000
64723  -35.413  -11.512  28.484 0.0000000000
65798  -36.619  -10.905  28.186 0.0000000000
65811  -37.113  -10.360  27.657 0.0000000000
69017  -33.752  -6.851  25.892 0.0000000000
135268  -33.342  -8.665  24.332 0.0000000000
71303  -32.387  -5.975  24.643 0.0000000000
69023  -33.078  -7.771  24.008 0.0000000000
66932  -34.774  -9.589  24.364 0.0000000000
66921  -35.302  -9.985  24.933 0.0000000000
137881  -36.640  -9.858  25.928 0.0000000000
70184  -36.141  -5.997  23.537 0.0000000000
70179  -36.837  -5.925  24.106 0.0000000000
72530  -38.155  -3.806  22.744 0.0000000000
72544  -37.880  -4.287  21.574 0.0000000000
72569  -37.576  -4.131  19.630 0.0000000000
74554  -36.057  -2.535  19.957 0.0000000000
73601  -37.435  -3.409  19.347 0.0000000000
73602  -38.081  -3.966  19.054 0.0000000000
74585  -38.624  -2.837  18.703 0.0000000000
144485  -39.632  -1.655  19.151 0.0000000000
56187  -21.846  -19.356  39.763 0.0000000000
57304  -22.618  -18.866  40.424 0.0000000000
135779  -24.488  -17.433  39.222 0.0000000000
52855  -10.658  -22.081  47.218 0.0000000000
53836  -11.617  -20.866  46.661 0.0000000000
52856  -11.467  -22.369  46.993 0.0000000000
52843  -11.150  -22.976  47.581 0.0000000000
51719  -11.927  -23.381  48.446 0.0000000000
52884  -15.188  -22.540  44.866 0.0000000000
52873  -14.995  -22.738  45.697 0.0000000000
51759  -14.759  -22.934  46.552 0.0000000000
50551  -4.038  -24.483  55.501 0.0000000000
50556  -3.701  -24.596  54.722 0.0000000000
51619  -3.105  -24.196  53.681 0.0000000000
64653  -32.324  -11.113  32.374 0.0000000000
54976  -20.815  -20.339  39.540 0.0000000000
54968  -21.272  -20.688  40.097 0.0000000000
64652  -31.431  -11.253  32.308 0.0000000000
54981  -19.904  -19.933  39.022 0.0000000000
54967  -20.495  -20.992  39.814 0.0000000000
82867  -44.932  5.220  16.420 0.0000000000
81885  -44.910  4.712  16.099 0.0000000000
81886  -45.436  4.575  15.721 0.0000000000
82875  -45.838  5.074  15.291 0.0000000000
157772  -33.680  0.013  22.757 0.0000000000
59473  -25.496  -17.113  34.950 0.0000000000
56128  -15.113  -19.846  44.677 0.0000000000
54916  -14.584  -20.336  44.642 0.0000000000
83878  -51.222  6.252  11.032 0.0000000000
83879  -52.122  5.854  11.038 0.0000000000
83887  -51.847  6.743  10.697 0.0000000000
144449  -35.764  -11.585  31.774 0.0000000000
64673  -36.381  -11.547  31.234 0.0000000000
138114  -35.642  -11.672  31.079 0.0000000000
60465  -29.412  -15.694  31.279 0.0000000000
59523  -29.771  -15.952  32.037 0.0000000000
60456  -30.455  -15.644  32.378 0.0000000000
144888  -18.154  -20.630  41.015 0.0000000000
158701  -17.988  -20.023  41.680 0.0000000000
54950  -17.680  -20.051  42.193 0.0000000000
53889  -17.525  -21.848  41.576 0.0000000000
65793  -27.963  -9.922  28.490 0.0000000000
66885  -28.280  -9.141  28.027 0.0000000000
160461  -20.806  -14.438  37.463 0.0000000000
62456  -25.342  -12.854  35.056 0.0000000000
63537  -23.686  -12.721  34.630 0.0000000000
62468  -24.945  -13.014  33.946 0.0000000000
66822  -28.740  -9.004  33.956 0.0000000000
66836  -29.005  -9.991  33.793 0.0000000000
65739  -28.457  -10.559  33.103 0.0000000000
64651  -28.201  -11.322  32.713 0.0000000000
65752  -27.915  -10.733  32.479 0.0000000000
63583  -27.018  -12.120  31.577 0.0000000000
66846  -27.839  -9.897  32.609 0.0000000000
67854  -27.512  -8.272  29.063 0.0000000000
66876  -26.984  -9.099  29.360 0.0000000000
66877  -27.590  -9.100  28.671 0.0000000000
71361  -38.610  -5.407  19.986 0.0000000000
71362  -39.352  -5.840  20.504 0.0000000000
71374  -38.901  -5.183  19.330 0.0000000000
72589  -42.381  -4.513  18.532 0.0000000000
73624  -43.490  -3.541  18.124 0.0000000000
78831  -41.820  1.931  18.596 0.0000000000
79857  -41.630  2.061  17.719 0.0000000000
143349  -44.585  -0.026  16.951 0.0000000000
76713  -45.109  -0.463  17.290 0.0000000000
75641  -45.852  -1.413  17.907 0.0000000000
82894  -49.178  5.675  12.285 0.0000000000
52841  -9.519  -22.439  47.996 0.0000000000
65821  -30.794  -10.302  26.586 0.0000000000
65806  -31.056  -10.922  26.885 0.0000000000
65826  -35.050  -10.989  26.185 0.0000000000
66920  -34.452  -10.154  24.978 0.0000000000
70188  -33.491  -6.576  22.676 0.0000000000
69035  -33.566  -7.211  22.893 0.0000000000
69030  -34.973  -7.658  22.953 0.0000000000
67923  -35.417  -8.361  23.466 0.0000000000
69031  -35.903  -7.702  23.406 0.0000000000
73558  -35.589  -3.227  22.228 0.0000000000
73575  -36.601  -3.331  21.650 0.0000000000
73574  -36.009  -3.052  21.562 0.0000000000
58359  -22.505  -17.435  37.447 0.0000000000
52858  -13.066  -22.583  46.736 0.0000000000
51740  -13.655  -23.027  47.478 0.0000000000
51776  -17.299  -23.535  45.507 0.0000000000
51775  -16.542  -23.304  45.056 0.0000000000
53790  -6.056  -21.815  49.938 0.0000000000
64655  -34.332  -11.408  32.149 0.0000000000
53891  -21.704  -22.087  41.945 0.0000000000
54962  -22.471  -20.502  41.383 0.0000000000
54963  -23.134  -20.040  41.978 0.0000000000
56170  -22.819  -19.527  41.234 0.0000000000
62496  -30.292  -13.610  31.470 0.0000000000
62488  -30.691  -14.176  32.095 0.0000000000
59389  -19.085  -16.513  40.364 0.0000000000
56183  -18.844  -19.656  39.786 0.0000000000
54966  -18.843  -20.436  39.995 0.0000000000
144461  -18.471  -20.362  40.616 0.0000000000
53899  -18.731  -21.950  40.692 0.0000000000
53906  -19.377  -21.686  40.265 0.0000000000
53900  -20.538  -22.047  40.786 0.0000000000
52927  -21.241  -22.643  42.304 0.0000000000
70107  -29.001  -6.476  30.509 0.0000000000
68875  -28.364  -7.080  33.241 0.0000000000
71201  -29.853  -5.891  32.986 0.0000000000
70093  -28.534  -6.523  31.265 0.0000000000
70106  -28.292  -6.769  30.477 0.0000000000
163059  -40.745  -2.571  17.569 0.0000000000
74604  -41.264  -2.363  17.249 0.0000000000
80874  -42.770  3.450  17.022 0.0000000000
162951  -43.894  2.566  16.362 0.0000000000
79882  -44.666  2.583  16.364 0.0000000000
80882  -46.365  3.663  15.586 0.0000000000
79898  -46.653  3.029  16.020 0.0000000000
80883  -47.141  3.441  15.448 0.0000000000
82877  -47.033  5.288  14.134 0.0000000000
67905  -33.150  -9.213  25.021 0.0000000000
74516  -32.115  -2.217  23.342 0.0000000000
74503  -31.862  -2.581  24.083 0.0000000000
73543  -31.841  -3.762  23.052 0.0000000000
72524  -32.074  -4.625  22.901 0.0000000000
149689  -32.437  -3.953  22.548 0.0000000000
73555  -32.801  -3.217  22.315 0.0000000000
75558  -33.286  -1.310  21.937 0.0000000000
73571  -33.880  -2.503  21.608 0.0000000000
73572  -34.488  -2.848  21.546 0.0000000000
75577  -34.703  -1.513  20.675 0.0000000000
76635  -34.996  0.047  20.955 0.0000000000
142059  -23.772  -17.079  35.181 0.0000000000
58370  -23.988  -17.370  36.762 0.0000000000
59451  -24.398  -17.324  36.002 0.0000000000
149744  -26.003  -17.385  36.837 0.0000000000
53851  -14.184  -21.252  44.818 0.0000000000
52882  -13.900  -21.842  45.388 0.0000000000
51647  -5.596  -23.451  52.121 0.0000000000
161841  -5.263  -23.236  51.259 0.0000000000
52782  -4.257  -23.571  54.862 0.0000000000
52785  -4.375  -23.366  53.932 0.0000000000
52784  -3.678  -23.691  53.912 0.0000000000
64692  -36.997  -11.310  30.738 0.0000000000
65762  -37.833  -10.875  31.199 0.0000000000
65773  -37.578  -10.809  30.251 0.0000000000
59508  -27.958  -16.529  33.254 0.0000000000
136136  -27.358  -16.597  33.664 0.0000000000
54932  -17.218  -20.135  42.730 0.0000000000
56143  -16.664  -20.197  43.263 0.0000000000
54931  -16.064  -20.913  43.144 0.0000000000
53879  -16.295  -21.663  42.871 0.0000000000
52915  -17.157  -22.958  42.792 0.0000000000
52914  -16.427  -22.442  43.077 0.0000000000
52925  -19.286  -23.066  41.701 0.0000000000
52924  -18.436  -23.119  42.004 0.0000000000
135797  -20.026  -23.468  44.585 0.0000000000
51792  -19.317  -23.510  44.089 0.0000000000
136036  -19.294  -23.563  44.945 0.0000000000
64685  -30.162  -11.101  30.704 0.0000000000
66886  -28.997  -9.257  27.448 0.0000000000
65805  -29.477  -10.009  27.420 0.0000000000
66894  -29.683  -9.451  26.928 0.0000000000
68941  -30.325  -6.666  29.825 0.0000000000
68966  -29.642  -6.681  29.033 0.0000000000
136181  -30.638  -6.794  28.856 0.0000000000
68967  -31.658  -7.097  28.895 0.0000000000
67866  -31.745  -7.554  27.336 0.0000000000
58343  -19.562  -17.367  38.148 0.0000000000
58344  -20.246  -17.941  37.928 0.0000000000
60420  -20.901  -15.622  36.533 0.0000000000
59447  -20.776  -16.294  36.774 0.0000000000
59448  -21.390  -16.365  36.295 0.0000000000
62465  -22.639  -13.643  34.575 0.0000000000
61378  -22.070  -14.319  35.087 0.0000000000
60434  -22.358  -15.380  34.689 0.0000000000
59489  -22.768  -16.119  34.524 0.0000000000
60435  -22.910  -15.449  33.954 0.0000000000
61402  -23.833  -14.393  32.954 0.0000000000
60436  -23.658  -15.947  33.430 0.0000000000
60444  -23.953  -15.354  32.832 0.0000000000
59506  -24.496  -16.311  33.008 0.0000000000
157758  -29.917  -10.486  35.057 0.0000000000
63540  -29.290  -12.325  34.611 0.0000000000
63529  -28.763  -12.986  35.016 0.0000000000
63539  -28.586  -12.729  34.178 0.0000000000
143746  -27.033  -13.189  33.957 0.0000000000
63538  -27.818  -12.967  33.714 0.0000000000
62486  -26.288  -13.227  32.199 0.0000000000
61413  -25.423  -14.868  31.491 0.0000000000
60452  -25.224  -15.728  31.905 0.0000000000
60453  -26.099  -15.852  31.474 0.0000000000
61424  -26.124  -14.852  30.870 0.0000000000
62501  -26.399  -13.298  30.215 0.0000000000
61434  -26.544  -14.305  30.186 0.0000000000
61435  -27.311  -14.681  29.661 0.0000000000
60471  -27.722  -15.303  29.958 0.0000000000
62502  -26.874  -13.755  29.575 0.0000000000
67825  -27.210  -8.764  31.924 0.0000000000
66857  -26.925  -9.502  31.522 0.0000000000
66856  -26.593  -9.476  30.909 0.0000000000
64702  -26.953  -11.199  29.063 0.0000000000
64701  -26.541  -11.222  29.623 0.0000000000
63621  -27.260  -12.128  28.983 0.0000000000
62513  -28.150  -13.433  28.973 0.0000000000
63601  -28.805  -13.103  29.279 0.0000000000
63623  -28.759  -12.029  29.336 0.0000000000
64684  -29.469  -11.529  30.031 0.0000000000
64668  -30.416  -11.471  31.411 0.0000000000
60411  -19.752  -15.987  38.363 0.0000000000
60403  -19.690  -15.619  39.014 0.0000000000
144663  -19.558  -18.124  38.254 0.0000000000
72531  -39.137  -4.237  23.065 0.0000000000
70198  -40.164  -6.069  20.853 0.0000000000
71339  -40.515  -5.711  22.260 0.0000000000
71376  -40.338  -5.117  18.762 0.0000000000
160440  -40.055  -5.578  19.255 0.0000000000
76669  -41.179  -0.476  19.165 0.0000000000
76710  -41.399  -0.451  16.839 0.0000000000
76700  -41.002  -0.325  17.380 0.0000000000
146974  -41.808  -1.821  16.895 0.0000000000
75654  -42.029  -1.012  16.659 0.0000000000
140745  -42.514  1.457  16.492 0.0000000000
77818  -43.097  0.471  16.422 0.0000000000
75656  -43.893  -1.169  16.995 0.0000000000
75639  -43.588  -1.926  17.182 0.0000000000
74607  -44.406  -2.351  17.704 0.0000000000
74588  -44.284  -3.085  18.167 0.0000000000
74590  -46.043  -2.561  18.660 0.0000000000
77822  -46.694  1.226  17.295 0.0000000000
80910  -48.905  3.868  13.926 0.0000000000
82902  -49.648  6.369  11.704 0.0000000000
53801  -8.278  -21.684  48.845 0.0000000000
53791  -6.965  -21.702  49.660 0.0000000000
51682  -9.549  -23.580  49.769 0.0000000000
51696  -9.346  -23.341  48.976 0.0000000000
51665  -7.831  -23.669  51.240 0.0000000000
136116  -7.267  -23.352  50.352 0.0000000000
136357  -7.132  -23.556  53.712 0.0000000000
64721  -32.328  -11.721  27.940 0.0000000000
162854  -32.492  -11.566  29.135 0.0000000000
65807  -31.879  -11.268  26.691 0.0000000000
64736  -34.015  -11.581  27.234 0.0000000000
64749  -33.432  -11.496  26.747 0.0000000000
64709  -35.530  -11.552  29.064 0.0000000000
65797  -35.836  -11.271  27.922 0.0000000000
65810  -36.351  -10.820  27.336 0.0000000000
66896  -36.817  -10.210  26.732 0.0000000000
71287  -33.841  -5.984  25.969 0.0000000000
139215  -32.929  -7.511  25.052 0.0000000000
71285  -32.263  -4.943  25.083 0.0000000000
67921  -33.737  -8.293  23.554 0.0000000000
155238  -32.831  -7.181  23.687 0.0000000000
67914  -34.289  -9.039  23.900 0.0000000000
66922  -36.222  -9.543  25.080 0.0000000000
66909  -37.353  -9.441  26.398 0.0000000000
69025  -37.053  -8.001  24.616 0.0000000000
71335  -34.488  -5.198  22.582 0.0000000000
70183  -35.425  -5.999  23.081 0.0000000000
71336  -35.192  -5.282  22.928 0.0000000000
71320  -36.488  -5.075  23.881 0.0000000000
72493  -37.736  -3.978  24.490 0.0000000000
73529  -37.980  -3.655  24.164 0.0000000000
73545  -38.423  -3.665  23.689 0.0000000000
72556  -37.786  -4.678  20.350 0.0000000000
74565  -35.814  -1.787  19.817 0.0000000000
74567  -37.326  -2.490  19.214 0.0000000000
73618  -38.007  -3.136  18.922 0.0000000000
74568  -38.168  -2.344  18.924 0.0000000000
75597  -39.197  -1.551  19.490 0.0000000000
57314  -21.446  -18.945  39.045 0.0000000000
57323  -21.787  -18.238  38.662 0.0000000000
57316  -22.939  -17.996  39.947 0.0000000000
57290  -23.258  -18.670  41.183 0.0000000000
57306  -23.881  -18.050  41.104 0.0000000000
58361  -24.468  -17.419  37.616 0.0000000000
58348  -23.994  -17.422  38.458 0.0000000000
59453  -27.214  -17.071  35.793 0.0000000000
54877  -10.476  -20.920  47.426 0.0000000000
54888  -12.682  -20.140  46.197 0.0000000000
54879  -11.960  -19.962  46.708 0.0000000000
53837  -12.191  -20.933  46.331 0.0000000000
52857  -12.267  -22.506  46.866 0.0000000000
53824  -11.833  -21.707  46.605 0.0000000000
52898  -15.438  -22.226  44.131 0.0000000000
84876  -52.658  7.296  10.477 0.0000000000
48551  -3.888  -25.797  54.114 0.0000000000
49548  -3.551  -25.040  54.499 0.0000000000
49547  -3.195  -24.634  53.928 0.0000000000
53902  -22.113  -21.368  41.639 0.0000000000
57313  -18.925  -18.714  39.071 0.0000000000
58315  -18.792  -18.167  39.907 0.0000000000
56184  -19.038  -19.424  39.249 0.0000000000
54974  -19.443  -20.213  39.415 0.0000000000
53913  -19.783  -21.059  39.740 0.0000000000
74570  -39.715  -2.091  18.517 0.0000000000
75616  -40.223  -1.795  18.268 0.0000000000
137553  -43.673  3.764  16.586 0.0000000000
80876  -45.013  3.277  16.187 0.0000000000
80881  -45.557  3.893  15.803 0.0000000000
82876  -46.413  5.339  14.716 0.0000000000
67883  -33.834  -7.604  27.401 0.0000000000
69005  -34.471  -7.350  27.125 0.0000000000
69012  -34.245  -7.162  26.420 0.0000000000
75543  -32.612  -1.563  22.820 0.0000000000
74527  -32.334  -2.539  22.721 0.0000000000
76617  -33.280  -0.600  22.569 0.0000000000
76633  -33.654  -0.604  21.793 0.0000000000
76634  -34.257  -0.288  21.377 0.0000000000
59472  -24.416  -16.981  34.514 0.0000000000
59431  -26.950  -17.278  36.539 0.0000000000
155043  -52.122  5.187  11.451 0.0000000000
52787  -5.881  -23.340  54.298 0.0000000000
157241  -5.090  -23.273  54.890 0.0000000000
51608  -4.230  -23.861  55.628 0.0000000000
64710  -36.122  -11.394  29.483 0.0000000000
60455  -28.021  -16.168  31.395 0.0000000000
59509  -28.713  -16.448  32.771 0.0000000000
136980  -29.420  -16.284  32.505 0.0000000000
137794  -30.243  -16.352  33.577 0.0000000000
57288  -18.673  -18.907  41.355 0.0000000000
57269  -18.651  -18.856  42.093 0.0000000000
51802  -20.483  -23.233  43.145 0.0000000000
138342  -20.662  -23.295  44.130 0.0000000000
65784  -29.522  -10.805  28.826 0.0000000000
60412  -20.052  -15.859  37.780 0.0000000000
61352  -20.397  -14.999  37.744 0.0000000000
155220  -20.692  -14.957  36.976 0.0000000000
63525  -22.778  -12.700  35.748 0.0000000000
63527  -24.357  -12.608  35.286 0.0000000000
62466  -23.238  -13.201  34.146 0.0000000000
61389  -22.978  -14.205  33.901 0.0000000000
62467  -23.975  -12.989  33.870 0.0000000000
62476  -24.316  -13.530  33.065 0.0000000000
66823  -29.271  -9.489  34.567 0.0000000000
65740  -29.159  -11.015  33.728 0.0000000000
63549  -28.396  -12.398  33.412 0.0000000000
63563  -26.685  -12.756  31.852 0.0000000000
62494  -26.079  -13.572  31.016 0.0000000000
64666  -26.604  -11.871  30.753 0.0000000000
67843  -27.030  -8.170  30.705 0.0000000000
66866  -26.643  -9.040  30.280 0.0000000000
65781  -27.064  -10.063  28.969 0.0000000000
71350  -39.275  -5.580  21.353 0.0000000000
159733  -39.671  -5.905  21.052 0.0000000000
72588  -41.533  -4.543  18.342 0.0000000000
77797  -41.742  1.216  18.853 0.0000000000
77816  -41.410  0.401  16.946 0.0000000000
77819  -43.980  0.418  16.618 0.0000000000
76701  -44.510  -0.795  17.133 0.0000000000
74608  -45.172  -1.904  17.786 0.0000000000
81902  -48.374  4.462  13.620 0.0000000000
81912  -49.612  4.765  12.598 0.0000000000
52840  -8.877  -22.121  48.368 0.0000000000
52826  -8.515  -22.801  48.895 0.0000000000
65825  -34.099  -11.285  26.438 0.0000000000
65808  -34.722  -11.387  26.920 0.0000000000
71286  -32.973  -5.522  25.515 0.0000000000
71318  -32.343  -6.058  23.229 0.0000000000
146536  -32.028  -5.863  23.811 0.0000000000
70182  -32.893  -6.801  23.143 0.0000000000
67922  -34.589  -8.420  23.362 0.0000000000
67916  -35.808  -8.788  23.949 0.0000000000
67906  -36.754  -8.772  24.866 0.0000000000
67917  -36.433  -8.457  24.215 0.0000000000
69024  -36.564  -7.757  23.948 0.0000000000
144569  -36.446  -6.941  23.689 0.0000000000
72527  -35.321  -4.292  22.943 0.0000000000
72510  -36.053  -3.908  23.317 0.0000000000
72511  -36.573  -4.108  23.764 0.0000000000
152553  -36.709  -3.550  23.216 0.0000000000
72529  -37.178  -3.491  22.385 0.0000000000
76667  -36.230  -0.665  19.838 0.0000000000
75594  -36.318  -1.347  19.576 0.0000000000
158374  -36.737  -0.921  19.582 0.0000000000
76668  -37.372  -0.919  19.574 0.0000000000
144870  -38.514  -1.706  19.172 0.0000000000
58358  -21.544  -17.433  37.378 0.0000000000
58332  -23.555  -17.570  39.355 0.0000000000
140923  -12.640  -23.262  48.097 0.0000000000
52899  -15.903  -22.872  44.582 0.0000000000
64672  -34.871  -11.636  31.454 0.0000000000
52900  -21.972  -22.726  43.737 0.0000000000
53880  -22.720  -21.962  43.340 0.0000000000
53893  -22.937  -21.268  42.824 0.0000000000
57303  -18.826  -18.199  41.101 0.0000000000
57302  -18.684  -18.939  40.366 0.0000000000
53898  -18.130  -21.579  40.997 0.0000000000
154118  -19.852  -22.158  40.553 0.0000000000
52933  -20.054  -22.619  41.170 0.0000000000
52926  -20.399  -22.984  42.099 0.0000000000
52916  -21.319  -22.840  43.031 0.0000000000
68964  -28.151  -7.435  28.929 0.0000000000
70119  -28.748  -6.764  29.544 0.0000000000
70120  -29.513  -6.564  29.888 0.0000000000
67803  -28.610  -8.099  34.020 0.0000000000
157221  -28.293  -8.541  33.366 0.0000000000
66834  -27.781  -8.885  32.657 0.0000000000
161113  -28.000  -8.130  32.895 0.0000000000
67813  -28.060  -7.487  32.727 0.0000000000
68898  -27.803  -7.307  31.892 0.0000000000
68899  -28.372  -6.754  32.599 0.0000000000
68918  -27.465  -7.469  31.043 0.0000000000
70105  -27.776  -7.107  30.562 0.0000000000
72570  -38.944  -4.456  18.829 0.0000000000
72586  -39.902  -4.479  18.503 0.0000000000
73621  -40.394  -3.742  18.079 0.0000000000
73622  -41.193  -3.854  17.874 0.0000000000
79869  -42.095  2.744  17.344 0.0000000000
79880  -42.529  2.503  16.731 0.0000000000
78854  -43.301  2.123  16.421 0.0000000000
77821  -45.875  1.021  17.108 0.0000000000
77808  -46.140  0.315  17.473 0.0000000000
144307  -46.103  2.514  16.439 0.0000000000
80896  -48.414  3.661  14.577 0.0000000000
81895  -47.896  4.194  14.213 0.0000000000
141090  -47.972  5.173  13.375 0.0000000000
51717  -9.872  -23.188  48.387 0.0000000000
67895  -31.398  -8.812  26.168 0.0000000000
66907  -32.642  -9.811  25.441 0.0000000000
73528  -31.771  -3.557  24.512 0.0000000000
75513  -32.441  -1.972  24.701 0.0000000000
72491  -31.627  -4.336  23.766 0.0000000000
142569  -31.939  -5.294  23.411 0.0000000000
71333  -32.480  -5.467  22.799 0.0000000000
71334  -33.416  -5.623  22.506 0.0000000000
70189  -34.231  -6.251  22.568 0.0000000000
72526  -33.778  -4.625  22.388 0.0000000000
159006  -34.050  -3.875  22.265 0.0000000000
73557  -34.731  -3.398  22.124 0.0000000000
73585  -35.816  -2.789  20.720 0.0000000000
74542  -35.021  -2.617  21.024 0.0000000000
75578  -35.259  -1.283  20.213 0.0000000000
76650  -35.566  -0.464  20.308 0.0000000000
141439  -36.202  -0.183  20.242 0.0000000000
77770  -36.528  0.109  20.545 0.0000000000
77771  -37.283  0.097  20.681 0.0000000000
58362  -25.403  -17.432  37.630 0.0000000000
54902  -13.339  -20.286  45.696 0.0000000000
137931  -18.044  -23.665  45.891 0.0000000000
52799  -4.643  -23.107  51.375 0.0000000000
52798  -3.755  -23.014  51.466 0.0000000000
158263  -3.363  -23.598  52.758 0.0000000000
159057  -41.893  -0.055  19.447 0.0000000000
79842  -42.471  2.372  19.066 0.0000000000
65788  -38.018  -10.320  29.589 0.0000000000
157054  -26.578  -16.658  33.494 0.0000000000
153450  -27.061  -16.725  34.291 0.0000000000
59494  -28.089  -16.613  34.190 0.0000000000
60446  -30.779  -15.922  33.102 0.0000000000
56130  -16.714  -19.818  44.107 0.0000000000
54930  -15.578  -20.875  43.581 0.0000000000
51791  -17.286  -23.454  44.495 0.0000000000
51811  -18.058  -23.279  42.686 0.0000000000
51801  -19.513  -23.445  43.257 0.0000000000
64670  -31.945  -10.995  31.476 0.0000000000
65785  -30.420  -10.962  28.799 0.0000000000
151807  -30.201  -10.373  27.046 0.0000000000
66895  -30.383  -9.607  26.571 0.0000000000
68989  -28.594  -7.618  28.144 0.0000000000
68990  -29.214  -7.527  27.673 0.0000000000
69003  -30.030  -7.564  27.141 0.0000000000
67894  -30.747  -8.917  26.375 0.0000000000
145267  -33.324  -7.635  27.724 0.0000000000
67867  -33.117  -7.613  28.502 0.0000000000
56193  -20.064  -19.499  38.751 0.0000000000
56194  -20.630  -19.253  38.759 0.0000000000
59429  -20.341  -16.608  37.299 0.0000000000
58357  -20.700  -17.365  37.448 0.0000000000
58368  -21.905  -17.080  36.687 0.0000000000
59449  -22.200  -16.709  35.958 0.0000000000
63499  -22.090  -12.855  37.092 0.0000000000
62441  -21.586  -13.521  36.805 0.0000000000
155001  -21.410  -14.172  36.352 0.0000000000
62453  -22.357  -13.297  35.364 0.0000000000
62452  -21.792  -13.746  35.902 0.0000000000
61377  -21.573  -14.630  35.817 0.0000000000
59450  -22.946  -16.949  35.579 0.0000000000
59471  -23.016  -16.650  34.882 0.0000000000
59507  -25.579  -16.653  33.082 0.0000000000
146534  -26.949  -13.265  34.736 0.0000000000
62477  -25.285  -13.259  33.112 0.0000000000
62484  -24.752  -13.852  32.469 0.0000000000
62479  -27.076  -13.028  33.109 0.0000000000
61412  -24.829  -14.725  32.018 0.0000000000
60445  -25.070  -16.240  32.441 0.0000000000
158713  -26.322  -16.548  32.767 0.0000000000
59520  -26.681  -16.405  32.150 0.0000000000
60454  -27.142  -16.134  31.437 0.0000000000
60464  -28.625  -15.861  30.939 0.0000000000
60472  -28.481  -15.442  30.161 0.0000000000
60473  -29.142  -15.424  30.574 0.0000000000
143799  -26.548  -11.105  30.639 0.0000000000
143876  -26.464  -9.851  30.404 0.0000000000
63620  -26.687  -12.078  29.492 0.0000000000
157352  -26.632  -12.927  29.668 0.0000000000
61445  -27.737  -14.059  29.156 0.0000000000
61437  -29.191  -14.776  29.981 0.0000000000
61426  -29.681  -15.048  30.894 0.0000000000
62495  -29.822  -14.193  30.679 0.0000000000
63602  -29.365  -12.473  30.029 0.0000000000
63585  -30.259  -12.405  31.570 0.0000000000
148033  -19.328  -15.698  40.321 0.0000000000
59399  -19.328  -16.028  39.616 0.0000000000
135431  -19.110  -16.819  39.484 0.0000000000
58330  -19.014  -17.702  38.913 0.0000000000
57320  -19.315  -18.582  38.563 0.0000000000
71338  -39.605  -5.252  22.199 0.0000000000
71363  -40.287  -5.987  19.930 0.0000000000
70208  -41.109  -6.114  20.683 0.0000000000
76686  -40.611  -1.106  17.819 0.0000000000
74605  -42.149  -2.515  17.134 0.0000000000
146344  -42.925  -2.492  17.226 0.0000000000
78852  -41.753  1.159  16.775 0.0000000000
76711  -42.632  -0.291  16.521 0.0000000000
81914  -51.382  4.344  12.351 0.0000000000
81924  -50.969  4.979  11.879 0.0000000000
84864  -50.205  7.714  11.074 0.0000000000
52814  -6.564  -22.663  49.943 0.0000000000
136009  -8.827  -23.630  50.222 0.0000000000
51681  -8.009  -23.248  49.689 0.0000000000
51680  -6.464  -23.222  50.530 0.0000000000
51636  -6.488  -23.571  52.999 0.0000000000
155341  -6.418  -23.467  53.794 0.0000000000
64689  -34.207  -11.633  30.755 0.0000000000
64708  -34.398  -11.769  29.855 0.0000000000
65822  -31.465  -10.558  26.349 0.0000000000
64734  -32.294  -11.652  27.170 0.0000000000
64735  -33.096  -11.759  27.427 0.0000000000
136935  -35.313  -11.653  29.717 0.0000000000
64724  -36.076  -11.290  28.701 0.0000000000
65786  -36.860  -10.975  29.065 0.0000000000
65799  -37.330  -10.490  28.473 0.0000000000
70167  -34.550  -6.433  26.458 0.0000000000
66931  -33.949  -9.581  24.543 0.0000000000
70177  -32.404  -6.561  23.744 0.0000000000
70178  -32.673  -7.022  24.396 0.0000000000
66908  -35.812  -10.336  25.706 0.0000000000
66933  -35.558  -9.356  24.392 0.0000000000
160644  -36.345  -10.315  26.204 0.0000000000
66897  -37.606  -9.711  27.216 0.0000000000
66887  -37.818  -9.932  28.038 0.0000000000
67898  -37.733  -8.688  26.111 0.0000000000
73586  -36.428  -3.079  20.083 0.0000000000
74566  -36.497  -2.144  19.513 0.0000000000
73600  -36.759  -2.924  19.617 0.0000000000
73587  -36.996  -3.535  19.857 0.0000000000
74569  -39.024  -2.141  18.811 0.0000000000
56186  -21.126  -19.684  39.289 0.0000000000
57315  -22.243  -18.522  39.495 0.0000000000
58334  -24.928  -17.493  39.929 0.0000000000
58333  -24.202  -17.533  39.886 0.0000000000
59474  -26.635  -16.963  35.031 0.0000000000
141903  -9.845  -20.976  47.891 0.0000000000
53812  -9.964  -21.785  47.637 0.0000000000
53823  -11.137  -21.408  46.867 0.0000000000
52897  -14.800  -21.803  44.463 0.0000000000
51762  -17.424  -23.643  46.363 0.0000000000
161959  -16.908  -23.617  46.851 0.0000000000
51742  -15.347  -23.293  47.236 0.0000000000
51741  -14.496  -23.127  47.418 0.0000000000
51596  -4.173  -24.191  55.821 0.0000000000
51607  -3.892  -24.246  54.991 0.0000000000
49543  -3.908  -24.878  55.247 0.0000000000
52789  -3.187  -23.868  53.319 0.0000000000
49559  -3.036  -25.423  52.910 0.0000000000
50568  -2.816  -24.472  53.093 0.0000000000
57305  -23.245  -18.205  40.630 0.0000000000
60426  -21.416  -15.503  35.985 0.0000000000
60447  -31.337  -15.459  33.519 0.0000000000
61401  -23.578  -13.764  33.474 0.0000000000
61415  -30.992  -14.622  32.567 0.0000000000
61425  -26.965  -15.211  30.283 0.0000000000
62487  -27.105  -12.827  32.563 0.0000000000
62503  -28.690  -14.070  29.284 0.0000000000
63526  -23.511  -12.538  35.465 0.0000000000
63565  -28.113  -12.047  32.749 0.0000000000
63622  -28.046  -12.596  28.928 0.0000000000
64611  -29.544  -11.471  34.424 0.0000000000
64612  -29.992  -11.028  35.015 0.0000000000
64650  -27.616  -11.488  32.149 0.0000000000
64669  -30.988  -11.070  31.621 0.0000000000
64683  -26.389  -11.558  30.079 0.0000000000
65751  -27.303  -10.365  31.898 0.0000000000
65771  -26.405  -10.642  30.112 0.0000000000
65780  -26.642  -10.613  29.467 0.0000000000
67814  -28.315  -7.738  33.387 0.0000000000
67835  -26.822  -8.801  31.180 0.0000000000
68939  -27.440  -7.593  30.257 0.0000000000
68963  -27.591  -7.691  29.561 0.0000000000
69037  -34.909  -6.716  22.740 0.0000000000
70081  -28.231  -6.704  31.830 0.0000000000
70083  -29.572  -6.176  32.237 0.0000000000
71391  -41.037  -5.044  18.672 0.0000000000
72492  -31.845  -4.389  24.663 0.0000000000
74540  -33.725  -1.903  21.565 0.0000000000
75533  -32.348  -1.676  23.798 0.0000000000
143000  -37.519  -10.555  29.102 0.0000000000
147497  -31.887  -2.933  23.239 0.0000000000
150807  -3.488  -24.323  54.306 0.0000000000
157185  -27.599  -8.056  32.294 0.0000000000
158615  -28.831  -7.699  34.613 0.0000000000
