#!ascii label  , from subject sub-v2s7x29794_ses-1 vox2ras=TkReg
2067
138944  -43.358  -12.532  43.198 0.0000000000
49601  -36.238  -25.489  46.031 0.0000000000
156139  -52.959  -13.898  26.338 0.0000000000
62562  -38.719  -13.552  25.717 0.0000000000
67819  -48.028  -7.925  33.176 0.0000000000
57266  -44.041  -19.145  44.301 0.0000000000
56226  -31.049  -19.649  32.853 0.0000000000
56310  -34.956  -19.724  28.578 0.0000000000
49580  -25.759  -25.956  47.697 0.0000000000
71275  -50.279  -5.420  26.169 0.0000000000
50762  -23.370  -24.374  35.341 0.0000000000
143403  -42.645  -14.616  34.900 0.0000000000
64675  -44.596  -11.761  31.453 0.0000000000
63508  -47.911  -12.891  37.520 0.0000000000
137817  -39.833  -14.169  46.502 0.0000000000
57327  -39.784  -18.934  37.371 0.0000000000
61356  -38.887  -14.827  36.938 0.0000000000
60481  -36.474  -15.667  28.060 0.0000000000
72538  -53.827  -4.868  22.925 0.0000000000
142026  -31.061  -24.296  47.521 0.0000000000
160081  -24.579  -26.526  40.665 0.0000000000
51827  -29.506  -23.067  41.890 0.0000000000
139168  -50.453  -12.937  30.261 0.0000000000
49618  -41.168  -25.325  44.102 0.0000000000
51856  -35.075  -23.151  39.973 0.0000000000
51882  -39.296  -23.457  37.657 0.0000000000
136494  -34.240  -23.121  29.995 0.0000000000
47644  -21.562  -27.663  48.427 0.0000000000
71171  -52.583  -5.186  35.532 0.0000000000
149484  -55.686  -9.173  31.395 0.0000000000
71237  -49.917  -5.448  30.174 0.0000000000
65815  -54.155  -9.842  27.084 0.0000000000
161643  -53.203  -8.450  22.705 0.0000000000
48703  -20.287  -27.094  41.603 0.0000000000
55009  -27.107  -20.668  35.171 0.0000000000
62404  -43.195  -13.455  39.760 0.0000000000
61374  -45.396  -14.403  36.603 0.0000000000
161130  -45.771  -13.743  40.837 0.0000000000
134742  -40.725  -11.321  45.408 0.0000000000
156791  -39.036  -14.313  42.055 0.0000000000
63471  -41.058  -12.761  40.872 0.0000000000
61358  -41.042  -13.997  37.048 0.0000000000
62592  -51.897  -13.952  24.195 0.0000000000
62582  -54.582  -13.273  24.405 0.0000000000
151238  -33.272  -24.898  46.922 0.0000000000
50677  -30.756  -24.432  44.547 0.0000000000
135022  -32.974  -24.310  44.051 0.0000000000
63672  -40.367  -12.189  24.809 0.0000000000
134276  -45.672  -9.811  32.861 0.0000000000
134811  -45.302  -8.863  29.908 0.0000000000
67849  -47.023  -8.653  30.674 0.0000000000
64727  -48.470  -11.607  28.916 0.0000000000
66862  -49.138  -9.792  31.931 0.0000000000
52919  -43.372  -22.670  43.691 0.0000000000
50732  -40.352  -24.546  40.618 0.0000000000
52964  -42.031  -21.918  40.416 0.0000000000
56241  -37.266  -19.570  32.913 0.0000000000
150698  -37.717  -21.254  33.309 0.0000000000
54072  -35.157  -22.387  28.459 0.0000000000
153974  -37.299  -14.742  26.865 0.0000000000
67822  -54.216  -8.104  33.727 0.0000000000
69001  -51.629  -7.884  28.433 0.0000000000
67901  -49.666  -8.243  26.469 0.0000000000
66939  -53.860  -9.434  24.856 0.0000000000
69026  -48.620  -7.602  24.614 0.0000000000
138474  -49.430  -4.777  19.719 0.0000000000
48619  -23.709  -26.814  48.161 0.0000000000
47685  -20.613  -27.406  44.564 0.0000000000
48663  -22.650  -26.819  44.287 0.0000000000
49663  -24.107  -26.172  37.546 0.0000000000
143587  -21.911  -26.980  38.084 0.0000000000
148080  -22.321  -27.056  35.126 0.0000000000
138192  -33.628  -21.295  36.876 0.0000000000
53943  -31.369  -20.985  38.022 0.0000000000
150876  -29.295  -20.046  34.467 0.0000000000
61441  -40.941  -14.220  30.563 0.0000000000
163239  -41.832  -13.074  28.423 0.0000000000
61421  -44.226  -13.602  32.832 0.0000000000
63544  -46.199  -12.561  34.580 0.0000000000
134522  -47.372  -9.479  35.759 0.0000000000
136291  -42.548  -16.587  45.072 0.0000000000
57308  -42.361  -18.958  40.844 0.0000000000
139903  -40.172  -16.492  42.078 0.0000000000
58352  -38.715  -16.939  38.205 0.0000000000
58387  -37.091  -17.480  32.662 0.0000000000
58410  -34.639  -17.711  27.965 0.0000000000
138488  -38.147  -15.286  33.165 0.0000000000
61429  -39.870  -14.624  31.630 0.0000000000
71315  -52.233  -5.267  24.551 0.0000000000
72483  -56.281  -4.813  25.999 0.0000000000
50640  -27.962  -24.071  46.948 0.0000000000
48666  -25.643  -26.337  44.383 0.0000000000
49610  -27.704  -25.596  44.010 0.0000000000
50727  -26.635  -24.722  40.991 0.0000000000
52972  -25.555  -22.723  38.407 0.0000000000
64739  -43.153  -10.827  27.740 0.0000000000
63656  -49.321  -13.343  27.481 0.0000000000
136226  -51.780  -14.114  28.147 0.0000000000
49616  -38.701  -25.895  44.847 0.0000000000
50694  -36.194  -24.879  43.143 0.0000000000
50715  -38.073  -25.218  41.406 0.0000000000
156450  -36.733  -24.231  38.427 0.0000000000
53020  -34.782  -22.735  34.940 0.0000000000
53963  -39.810  -20.988  37.251 0.0000000000
51915  -36.956  -23.696  33.490 0.0000000000
55073  -32.702  -20.631  31.555 0.0000000000
134793  -45.949  -11.480  45.374 0.0000000000
50661  -38.264  -24.904  47.219 0.0000000000
52891  -42.262  -22.493  45.370 0.0000000000
53846  -43.742  -20.903  47.072 0.0000000000
153003  -47.444  -10.983  41.861 0.0000000000
134264  -48.967  -9.832  38.962 0.0000000000
67791  -49.284  -7.656  37.139 0.0000000000
72333  -50.787  -4.223  37.068 0.0000000000
68863  -51.170  -7.615  35.113 0.0000000000
65734  -52.273  -10.381  33.901 0.0000000000
63592  -53.944  -12.796  31.580 0.0000000000
63645  -55.645  -13.056  28.921 0.0000000000
70115  -52.789  -6.485  30.533 0.0000000000
66892  -55.245  -9.683  28.387 0.0000000000
158339  -56.511  -12.313  27.194 0.0000000000
65845  -57.200  -10.580  25.374 0.0000000000
71344  -48.877  -5.866  21.966 0.0000000000
47661  -18.164  -27.900  45.832 0.0000000000
48715  -17.256  -26.024  39.129 0.0000000000
135818  -22.401  -26.907  41.241 0.0000000000
160252  -19.572  -26.125  38.624 0.0000000000
52939  -32.162  -22.844  41.212 0.0000000000
53926  -28.306  -21.588  38.740 0.0000000000
53971  -23.836  -22.047  34.826 0.0000000000
144139  -24.452  -22.411  31.267 0.0000000000
63459  -43.465  -12.944  41.811 0.0000000000
62384  -44.471  -13.687  40.441 0.0000000000
63445  -44.659  -13.015  42.683 0.0000000000
160318  -42.267  -11.671  44.548 0.0000000000
163165  -40.770  -11.918  43.744 0.0000000000
140937  -41.903  -12.371  42.343 0.0000000000
62382  -42.641  -13.103  40.314 0.0000000000
62566  -51.583  -14.382  25.982 0.0000000000
62580  -52.751  -13.885  24.886 0.0000000000
141282  -52.997  -13.603  23.984 0.0000000000
62569  -54.618  -13.360  25.283 0.0000000000
50660  -34.585  -25.176  46.436 0.0000000000
50659  -33.733  -24.946  46.027 0.0000000000
50681  -34.843  -24.937  44.913 0.0000000000
62575  -38.252  -13.357  24.559 0.0000000000
63663  -39.752  -13.003  25.740 0.0000000000
135565  -46.860  -8.245  32.944 0.0000000000
67838  -46.589  -8.460  31.290 0.0000000000
157922  -47.554  -8.287  32.061 0.0000000000
66861  -48.444  -9.354  31.390 0.0000000000
67831  -48.863  -8.411  33.028 0.0000000000
155973  -44.005  -20.897  43.878 0.0000000000
52940  -42.710  -22.039  41.482 0.0000000000
54964  -42.849  -20.751  41.818 0.0000000000
141091  -36.304  -19.452  31.212 0.0000000000
142046  -36.030  -21.375  30.235 0.0000000000
55139  -34.732  -21.240  27.708 0.0000000000
54119  -33.377  -22.428  26.433 0.0000000000
61467  -38.214  -14.002  26.103 0.0000000000
160855  -36.415  -14.658  25.193 0.0000000000
62573  -36.990  -13.912  24.183 0.0000000000
69010  -48.996  -6.945  27.242 0.0000000000
70169  -48.759  -6.414  26.230 0.0000000000
69021  -49.128  -8.100  25.721 0.0000000000
71295  -49.530  -5.652  25.496 0.0000000000
48630  -24.956  -26.357  47.546 0.0000000000
48637  -23.672  -26.743  46.670 0.0000000000
154473  -24.189  -26.588  46.040 0.0000000000
139367  -23.681  -25.224  36.025 0.0000000000
49676  -23.495  -26.239  36.012 0.0000000000
49689  -22.940  -25.917  34.662 0.0000000000
138140  -21.964  -27.338  32.983 0.0000000000
49707  -22.418  -25.829  33.014 0.0000000000
142012  -32.247  -20.455  35.211 0.0000000000
55013  -31.367  -20.387  35.763 0.0000000000
55042  -30.798  -19.897  34.115 0.0000000000
136997  -42.433  -14.469  33.508 0.0000000000
61433  -43.206  -13.831  31.970 0.0000000000
162435  -43.513  -14.258  33.791 0.0000000000
62438  -46.938  -13.771  37.425 0.0000000000
62462  -45.889  -13.606  35.195 0.0000000000
63520  -47.234  -12.994  36.152 0.0000000000
64600  -47.034  -11.837  35.514 0.0000000000
64586  -48.108  -11.801  36.915 0.0000000000
60359  -41.235  -15.632  45.655 0.0000000000
138534  -41.665  -16.437  43.957 0.0000000000
139327  -40.329  -15.553  44.194 0.0000000000
61329  -39.176  -14.184  40.011 0.0000000000
136022  -38.807  -15.842  40.003 0.0000000000
60415  -38.635  -15.524  38.248 0.0000000000
59481  -38.005  -16.827  35.640 0.0000000000
60430  -38.143  -15.694  35.616 0.0000000000
59525  -37.285  -16.430  32.310 0.0000000000
61379  -38.603  -14.904  35.137 0.0000000000
61383  -42.156  -14.511  35.650 0.0000000000
157647  -40.608  -14.459  34.370 0.0000000000
136998  -41.180  -14.500  33.024 0.0000000000
61430  -40.739  -14.450  31.321 0.0000000000
50641  -29.031  -24.060  46.802 0.0000000000
50664  -27.888  -25.041  45.686 0.0000000000
157677  -29.118  -24.518  46.038 0.0000000000
51804  -30.092  -23.895  43.139 0.0000000000
160110  -28.709  -24.353  42.850 0.0000000000
143145  -28.200  -23.484  41.750 0.0000000000
51839  -25.881  -23.888  39.802 0.0000000000
52942  -26.922  -22.769  40.176 0.0000000000
63625  -43.395  -12.245  29.694 0.0000000000
63654  -42.273  -12.156  27.473 0.0000000000
64726  -43.322  -11.174  28.590 0.0000000000
67871  -45.564  -8.821  28.507 0.0000000000
152348  -44.727  -8.843  27.482 0.0000000000
67900  -45.264  -8.939  27.024 0.0000000000
64696  -49.399  -11.991  30.236 0.0000000000
63642  -48.893  -12.368  28.552 0.0000000000
63644  -49.912  -13.189  28.930 0.0000000000
62541  -50.427  -14.147  27.593 0.0000000000
62518  -51.039  -13.547  29.547 0.0000000000
138973  -39.603  -25.802  44.613 0.0000000000
49639  -38.179  -25.571  43.065 0.0000000000
49641  -39.523  -25.632  42.898 0.0000000000
51859  -39.848  -23.956  39.181 0.0000000000
50743  -38.417  -24.679  39.434 0.0000000000
51871  -37.946  -24.354  37.919 0.0000000000
52999  -35.525  -23.316  36.639 0.0000000000
149179  -36.682  -24.186  35.747 0.0000000000
57318  -41.258  -18.831  39.638 0.0000000000
54977  -41.288  -20.314  39.511 0.0000000000
56203  -39.771  -20.116  37.310 0.0000000000
138922  -36.508  -22.876  31.483 0.0000000000
53031  -37.131  -23.166  32.747 0.0000000000
137324  -35.031  -23.288  31.623 0.0000000000
53043  -34.819  -23.150  32.649 0.0000000000
59545  -35.259  -16.536  27.692 0.0000000000
144862  -43.193  -20.983  46.118 0.0000000000
152890  -43.567  -15.995  48.588 0.0000000000
162927  -46.241  -11.073  43.441 0.0000000000
66756  -48.208  -8.302  40.016 0.0000000000
68804  -49.206  -7.499  39.170 0.0000000000
67784  -49.189  -8.558  37.802 0.0000000000
68817  -49.734  -6.993  38.468 0.0000000000
71140  -51.934  -4.667  36.110 0.0000000000
70018  -51.687  -5.946  36.476 0.0000000000
68847  -52.337  -6.938  35.542 0.0000000000
152291  -51.813  -9.136  34.482 0.0000000000
67801  -52.535  -7.522  35.153 0.0000000000
67833  -55.340  -8.918  32.189 0.0000000000
162451  -54.424  -10.353  32.880 0.0000000000
65768  -55.221  -11.381  31.996 0.0000000000
63609  -54.606  -13.050  30.816 0.0000000000
64698  -56.105  -11.749  30.854 0.0000000000
70114  -51.581  -6.355  30.670 0.0000000000
66890  -53.134  -9.017  27.812 0.0000000000
67875  -53.578  -8.650  28.446 0.0000000000
66903  -54.416  -9.637  27.722 0.0000000000
64742  -56.651  -11.185  28.299 0.0000000000
65817  -56.206  -10.599  27.625 0.0000000000
64760  -57.062  -11.666  26.211 0.0000000000
65843  -55.677  -9.984  26.229 0.0000000000
66949  -52.459  -9.064  23.554 0.0000000000
66941  -56.068  -9.042  24.681 0.0000000000
67930  -55.550  -8.413  23.283 0.0000000000
135589  -53.104  -5.126  23.184 0.0000000000
71347  -50.896  -5.224  23.236 0.0000000000
147433  -50.862  -5.076  22.545 0.0000000000
47699  -20.110  -27.287  42.985 0.0000000000
47692  -18.809  -27.512  43.637 0.0000000000
137425  -19.040  -27.071  41.773 0.0000000000
48700  -17.363  -26.360  41.014 0.0000000000
136287  -18.251  -26.444  40.556 0.0000000000
135988  -24.733  -26.649  41.968 0.0000000000
153336  -24.135  -26.711  42.384 0.0000000000
48704  -24.038  -26.732  40.938 0.0000000000
152011  -20.926  -26.612  38.011 0.0000000000
45937  -19.698  -29.309  34.599 0.0000000000
51833  -35.181  -23.773  41.272 0.0000000000
51820  -34.016  -23.699  42.118 0.0000000000
52948  -33.663  -22.748  40.415 0.0000000000
54986  -29.478  -20.700  36.924 0.0000000000
53927  -30.011  -21.174  38.309 0.0000000000
53958  -27.346  -21.090  36.679 0.0000000000
53956  -25.473  -21.619  36.415 0.0000000000
160984  -25.569  -21.097  35.159 0.0000000000
50816  -23.610  -24.054  31.383 0.0000000000
61360  -43.082  -14.343  37.205 0.0000000000
61373  -44.491  -14.596  36.390 0.0000000000
61348  -44.792  -14.453  38.106 0.0000000000
61340  -46.200  -14.136  38.801 0.0000000000
145300  -46.852  -13.732  39.159 0.0000000000
152979  -39.512  -12.938  46.881 0.0000000000
61303  -39.528  -14.414  44.487 0.0000000000
63427  -39.453  -12.797  43.990 0.0000000000
62360  -39.548  -13.203  41.600 0.0000000000
145825  -39.903  -13.628  39.604 0.0000000000
61368  -39.638  -14.415  36.399 0.0000000000
62419  -41.011  -13.586  38.500 0.0000000000
62420  -41.920  -13.605  38.396 0.0000000000
142189  -55.330  -13.024  23.918 0.0000000000
140357  -31.746  -24.601  47.130 0.0000000000
144671  -30.541  -24.524  45.759 0.0000000000
142300  -31.997  -24.608  46.009 0.0000000000
50678  -31.587  -24.404  44.630 0.0000000000
51806  -31.787  -23.811  43.305 0.0000000000
134714  -45.109  -10.212  31.870 0.0000000000
65776  -44.460  -10.190  30.406 0.0000000000
137384  -45.438  -9.193  31.313 0.0000000000
136020  -45.885  -8.712  29.804 0.0000000000
66880  -46.616  -9.205  28.871 0.0000000000
154001  -47.361  -10.109  28.628 0.0000000000
65789  -47.743  -9.885  29.631 0.0000000000
65777  -48.594  -10.600  30.427 0.0000000000
154879  -49.689  -11.809  30.956 0.0000000000
50696  -42.314  -24.428  44.014 0.0000000000
50703  -41.098  -24.956  42.027 0.0000000000
51821  -42.792  -23.730  42.388 0.0000000000
51847  -41.474  -23.386  40.181 0.0000000000
51860  -41.178  -22.732  39.345 0.0000000000
56207  -38.510  -19.430  35.434 0.0000000000
55029  -38.384  -20.427  35.004 0.0000000000
55046  -37.480  -20.477  33.099 0.0000000000
54035  -36.239  -22.113  30.597 0.0000000000
138030  -34.316  -23.155  28.663 0.0000000000
53109  -32.897  -22.793  28.071 0.0000000000
53127  -32.475  -22.780  26.649 0.0000000000
60487  -36.748  -15.181  27.289 0.0000000000
61464  -36.155  -15.072  25.861 0.0000000000
151083  -53.282  -4.107  35.273 0.0000000000
70057  -53.568  -5.984  34.697 0.0000000000
71189  -54.171  -4.800  34.303 0.0000000000
151152  -55.413  -5.682  32.574 0.0000000000
70103  -55.498  -6.559  31.321 0.0000000000
70145  -49.481  -5.791  28.671 0.0000000000
70126  -50.040  -6.249  29.732 0.0000000000
69000  -50.071  -7.159  28.387 0.0000000000
67873  -50.768  -7.916  27.907 0.0000000000
66915  -52.291  -9.496  26.353 0.0000000000
66927  -53.573  -9.743  25.590 0.0000000000
66925  -51.681  -9.475  25.704 0.0000000000
66938  -51.302  -9.464  24.441 0.0000000000
66958  -50.753  -9.159  23.305 0.0000000000
73580  -53.810  -3.700  21.634 0.0000000000
72549  -52.091  -4.291  21.603 0.0000000000
73592  -52.614  -3.156  20.549 0.0000000000
47654  -22.042  -27.417  47.839 0.0000000000
47663  -20.460  -27.839  46.774 0.0000000000
47676  -22.010  -27.104  45.934 0.0000000000
48662  -21.912  -26.992  44.614 0.0000000000
48694  -21.429  -27.030  42.383 0.0000000000
148893  -24.495  -26.173  38.850 0.0000000000
139185  -23.357  -26.972  38.624 0.0000000000
48726  -23.578  -26.811  37.820 0.0000000000
48757  -22.572  -27.086  36.723 0.0000000000
48780  -21.480  -27.099  35.578 0.0000000000
46857  -20.659  -28.541  33.809 0.0000000000
47794  -21.533  -27.731  33.426 0.0000000000
53946  -33.798  -21.750  38.119 0.0000000000
52960  -33.396  -22.157  39.387 0.0000000000
54989  -31.941  -20.782  37.385 0.0000000000
54999  -30.826  -20.517  36.492 0.0000000000
55023  -28.424  -20.233  34.698 0.0000000000
62525  -40.615  -13.874  28.793 0.0000000000
62539  -40.269  -13.391  27.050 0.0000000000
62515  -41.771  -13.529  29.490 0.0000000000
62507  -43.437  -13.110  30.758 0.0000000000
63586  -44.510  -12.408  31.677 0.0000000000
157457  -45.231  -13.799  34.660 0.0000000000
62492  -45.251  -12.883  33.187 0.0000000000
63569  -45.243  -12.370  32.852 0.0000000000
134272  -45.695  -10.845  33.509 0.0000000000
161729  -46.406  -10.101  34.577 0.0000000000
162305  -47.455  -8.224  34.883 0.0000000000
58265  -43.562  -17.771  44.959 0.0000000000
57298  -43.292  -19.124  42.018 0.0000000000
58292  -43.047  -17.849  42.888 0.0000000000
58309  -41.697  -17.654  41.594 0.0000000000
137963  -40.157  -17.609  40.086 0.0000000000
59377  -39.716  -15.865  42.613 0.0000000000
58325  -39.411  -16.865  40.339 0.0000000000
58366  -39.237  -18.144  37.284 0.0000000000
57333  -38.242  -18.551  35.170 0.0000000000
57353  -36.928  -18.661  32.460 0.0000000000
57361  -36.108  -18.425  30.984 0.0000000000
57387  -34.694  -18.690  28.340 0.0000000000
58397  -36.077  -17.543  30.560 0.0000000000
59535  -36.666  -16.350  30.167 0.0000000000
60474  -37.055  -15.847  29.910 0.0000000000
61393  -39.251  -14.599  34.627 0.0000000000
61416  -38.803  -14.829  32.834 0.0000000000
60479  -37.545  -15.348  29.514 0.0000000000
156726  -38.950  -14.794  30.204 0.0000000000
61453  -39.882  -14.308  29.221 0.0000000000
152208  -51.204  -5.323  25.754 0.0000000000
71277  -53.186  -5.132  26.345 0.0000000000
72502  -54.084  -5.268  24.845 0.0000000000
72519  -55.402  -4.983  23.869 0.0000000000
72540  -55.748  -4.424  23.193 0.0000000000
74534  -55.906  -3.086  21.954 0.0000000000
50639  -27.203  -24.508  47.297 0.0000000000
48640  -25.615  -26.181  46.224 0.0000000000
49589  -27.119  -25.448  45.965 0.0000000000
49609  -27.046  -25.942  44.299 0.0000000000
48696  -26.091  -26.146  42.314 0.0000000000
50675  -28.973  -24.790  44.101 0.0000000000
49638  -27.291  -25.245  42.259 0.0000000000
49655  -25.677  -25.630  40.470 0.0000000000
50740  -25.444  -24.883  39.652 0.0000000000
50752  -24.540  -24.558  37.839 0.0000000000
51885  -24.010  -23.380  36.376 0.0000000000
63653  -41.593  -12.517  26.971 0.0000000000
64750  -42.113  -11.765  26.540 0.0000000000
65801  -43.622  -10.197  28.312 0.0000000000
62555  -51.352  -14.400  26.778 0.0000000000
62556  -52.877  -13.918  27.068 0.0000000000
49603  -37.647  -25.775  45.875 0.0000000000
49613  -35.590  -25.094  44.672 0.0000000000
49626  -36.758  -25.298  43.824 0.0000000000
50701  -36.447  -24.742  42.281 0.0000000000
140044  -36.641  -24.469  40.700 0.0000000000
50716  -38.894  -25.152  41.102 0.0000000000
50729  -37.857  -24.917  40.034 0.0000000000
52962  -35.384  -23.194  39.192 0.0000000000
52987  -35.391  -23.072  37.674 0.0000000000
53961  -34.290  -21.877  36.444 0.0000000000
55027  -33.090  -20.797  33.843 0.0000000000
54969  -42.070  -20.408  40.645 0.0000000000
53933  -41.046  -21.000  38.945 0.0000000000
52988  -39.623  -22.574  37.137 0.0000000000
53990  -38.364  -21.517  34.397 0.0000000000
159188  -38.507  -22.639  34.914 0.0000000000
51897  -37.458  -24.018  35.369 0.0000000000
53021  -35.327  -23.411  34.324 0.0000000000
158123  -34.131  -22.141  33.829 0.0000000000
57420  -33.028  -18.573  26.234 0.0000000000
64539  -44.427  -11.485  45.264 0.0000000000
153925  -45.074  -12.266  44.244 0.0000000000
148057  -23.967  -26.806  49.613 0.0000000000
50619  -27.166  -23.929  49.084 0.0000000000
51727  -27.678  -23.195  48.388 0.0000000000
140254  -28.989  -22.856  48.041 0.0000000000
50628  -33.247  -24.501  48.438 0.0000000000
149631  -34.817  -25.001  47.977 0.0000000000
49583  -35.878  -25.115  47.781 0.0000000000
49585  -37.361  -25.185  47.375 0.0000000000
49594  -38.586  -25.353  46.590 0.0000000000
50670  -39.766  -25.015  46.066 0.0000000000
50671  -40.583  -24.718  45.437 0.0000000000
142925  -41.655  -23.230  45.279 0.0000000000
51785  -42.078  -24.126  44.738 0.0000000000
52892  -43.049  -22.411  45.052 0.0000000000
54927  -43.660  -20.772  45.301 0.0000000000
56125  -43.914  -20.088  45.253 0.0000000000
159067  -43.515  -18.050  46.013 0.0000000000
154858  -42.990  -17.045  46.353 0.0000000000
134212  -42.371  -16.303  47.192 0.0000000000
153230  -42.326  -10.907  45.826 0.0000000000
63447  -46.253  -12.712  42.663 0.0000000000
63461  -47.436  -12.672  41.665 0.0000000000
63474  -48.177  -12.409  39.960 0.0000000000
147748  -47.201  -9.241  41.479 0.0000000000
134885  -48.294  -11.043  40.457 0.0000000000
64577  -48.616  -11.946  38.080 0.0000000000
134270  -48.697  -10.234  37.795 0.0000000000
134269  -47.918  -9.005  36.344 0.0000000000
68843  -48.771  -7.247  35.102 0.0000000000
70001  -50.565  -5.879  37.428 0.0000000000
70034  -50.278  -6.772  36.092 0.0000000000
68862  -49.269  -7.452  34.406 0.0000000000
66840  -49.883  -8.863  33.425 0.0000000000
65757  -50.648  -10.850  32.843 0.0000000000
64677  -51.069  -12.271  32.000 0.0000000000
66831  -53.245  -9.779  34.060 0.0000000000
63572  -52.939  -12.061  32.903 0.0000000000
63590  -52.151  -12.796  31.804 0.0000000000
62519  -52.794  -13.412  30.294 0.0000000000
62532  -53.558  -13.675  28.502 0.0000000000
62544  -53.721  -13.683  27.594 0.0000000000
71217  -54.345  -5.275  31.273 0.0000000000
153752  -55.011  -7.468  30.282 0.0000000000
68977  -52.681  -7.475  29.356 0.0000000000
68979  -54.688  -7.915  29.755 0.0000000000
67862  -55.517  -9.114  29.757 0.0000000000
64728  -56.603  -11.461  29.159 0.0000000000
63657  -55.887  -12.813  27.821 0.0000000000
62558  -54.689  -13.407  26.241 0.0000000000
63676  -55.691  -13.015  25.872 0.0000000000
63677  -56.720  -12.347  25.555 0.0000000000
63687  -57.493  -11.994  24.239 0.0000000000
66929  -55.882  -9.569  25.424 0.0000000000
65853  -57.342  -9.965  24.581 0.0000000000
64776  -58.099  -11.166  23.750 0.0000000000
142008  -49.604  -5.626  24.424 0.0000000000
70185  -48.541  -6.665  23.406 0.0000000000
154616  -50.063  -8.694  22.201 0.0000000000
71356  -49.341  -5.362  21.230 0.0000000000
67945  -48.888  -7.850  21.341 0.0000000000
151490  -52.570  -8.331  21.526 0.0000000000
140963  -19.346  -27.772  44.802 0.0000000000
135824  -24.209  -26.553  44.284 0.0000000000
48695  -22.707  -26.844  42.623 0.0000000000
135819  -21.274  -27.013  41.476 0.0000000000
48719  -21.849  -27.004  39.780 0.0000000000
48718  -20.744  -26.802  39.614 0.0000000000
135815  -20.077  -26.788  40.286 0.0000000000
136552  -18.789  -25.986  38.972 0.0000000000
50693  -34.381  -24.432  43.555 0.0000000000
51819  -33.260  -23.671  42.534 0.0000000000
158435  -30.642  -22.818  41.538 0.0000000000
53919  -31.666  -21.883  39.477 0.0000000000
52956  -30.209  -21.993  39.854 0.0000000000
145189  -28.589  -22.370  40.457 0.0000000000
53914  -26.858  -22.074  38.889 0.0000000000
52997  -25.045  -22.140  36.918 0.0000000000
51903  -23.260  -23.392  34.906 0.0000000000
55058  -26.785  -19.852  32.748 0.0000000000
55039  -26.415  -20.168  33.367 0.0000000000
54004  -24.821  -20.922  33.598 0.0000000000
54002  -23.621  -21.998  33.039 0.0000000000
51912  -23.053  -22.898  33.617 0.0000000000
154065  -22.650  -24.060  32.979 0.0000000000
63444  -43.834  -12.861  42.538 0.0000000000
63460  -44.383  -13.249  41.935 0.0000000000
151202  -44.128  -12.700  43.136 0.0000000000
64549  -42.874  -12.084  44.074 0.0000000000
63430  -42.324  -12.274  43.193 0.0000000000
63443  -42.928  -12.618  42.464 0.0000000000
62567  -52.480  -14.079  25.753 0.0000000000
62568  -53.557  -13.698  25.680 0.0000000000
49600  -35.325  -25.307  46.281 0.0000000000
50669  -34.665  -25.094  45.702 0.0000000000
49612  -35.442  -25.223  45.446 0.0000000000
139763  -38.677  -13.321  25.105 0.0000000000
62563  -39.201  -13.139  25.396 0.0000000000
67818  -47.334  -8.033  33.426 0.0000000000
148818  -47.459  -8.128  32.682 0.0000000000
67830  -48.098  -8.283  32.437 0.0000000000
54944  -44.048  -20.285  43.718 0.0000000000
137202  -43.248  -20.992  42.429 0.0000000000
54957  -43.840  -20.143  42.963 0.0000000000
56296  -35.653  -19.835  29.870 0.0000000000
56295  -35.430  -20.523  29.145 0.0000000000
62537  -38.858  -13.980  26.846 0.0000000000
61476  -37.561  -14.156  25.510 0.0000000000
62561  -38.178  -13.705  25.295 0.0000000000
62574  -37.605  -13.817  24.745 0.0000000000
71257  -50.285  -5.331  27.335 0.0000000000
71255  -49.036  -5.927  26.800 0.0000000000
71274  -49.525  -5.635  26.538 0.0000000000
71294  -48.988  -5.963  25.894 0.0000000000
48638  -24.637  -26.464  46.701 0.0000000000
48639  -25.378  -26.229  46.912 0.0000000000
49675  -23.322  -25.576  35.328 0.0000000000
139044  -22.521  -26.232  34.014 0.0000000000
145933  -22.662  -25.315  33.873 0.0000000000
55026  -32.295  -20.374  34.266 0.0000000000
56225  -30.724  -19.731  33.538 0.0000000000
61407  -43.192  -14.263  33.375 0.0000000000
142254  -43.543  -14.531  34.875 0.0000000000
62439  -47.444  -13.378  37.885 0.0000000000
62450  -47.449  -13.245  37.013 0.0000000000
63535  -47.323  -12.429  35.988 0.0000000000
63521  -47.787  -12.562  36.703 0.0000000000
60358  -40.352  -15.014  45.662 0.0000000000
136702  -40.772  -15.599  44.822 0.0000000000
61339  -39.344  -14.193  39.155 0.0000000000
60396  -38.847  -14.894  39.586 0.0000000000
60416  -38.954  -14.827  37.826 0.0000000000
60422  -38.397  -15.562  36.557 0.0000000000
60439  -38.090  -15.512  34.687 0.0000000000
61367  -38.755  -14.875  36.028 0.0000000000
143674  -41.729  -14.531  34.951 0.0000000000
61396  -42.152  -14.575  34.231 0.0000000000
159559  -41.911  -14.477  33.041 0.0000000000
50642  -30.131  -24.128  47.139 0.0000000000
50655  -29.900  -24.417  46.309 0.0000000000
51815  -29.797  -23.444  42.518 0.0000000000
144539  -29.175  -23.486  42.331 0.0000000000
51826  -28.798  -23.210  41.822 0.0000000000
51841  -27.162  -23.280  40.810 0.0000000000
52935  -28.309  -22.907  41.256 0.0000000000
64693  -43.857  -11.809  30.183 0.0000000000
64712  -43.566  -11.509  29.396 0.0000000000
64694  -44.271  -11.325  30.705 0.0000000000
67888  -46.143  -9.174  27.653 0.0000000000
67887  -45.528  -8.887  27.748 0.0000000000
63626  -49.823  -12.698  29.743 0.0000000000
138523  -49.396  -12.725  28.973 0.0000000000
63627  -50.459  -13.240  29.609 0.0000000000
49617  -40.425  -25.559  44.395 0.0000000000
49629  -39.869  -25.726  43.687 0.0000000000
49630  -40.596  -25.532  43.544 0.0000000000
51872  -39.585  -23.666  38.426 0.0000000000
137630  -38.757  -24.052  38.157 0.0000000000
51881  -38.506  -23.907  37.413 0.0000000000
51880  -37.664  -24.216  37.174 0.0000000000
51889  -37.360  -24.195  36.294 0.0000000000
57325  -40.490  -18.947  38.449 0.0000000000
56195  -40.592  -19.705  38.437 0.0000000000
56199  -39.774  -19.574  37.295 0.0000000000
138231  -35.588  -23.269  30.872 0.0000000000
137145  -36.018  -23.295  31.471 0.0000000000
53079  -34.797  -23.231  30.560 0.0000000000
53061  -34.208  -22.804  31.380 0.0000000000
54046  -33.578  -22.560  29.955 0.0000000000
59542  -35.846  -16.299  28.243 0.0000000000
59556  -35.079  -16.220  26.928 0.0000000000
68803  -49.355  -7.256  39.202 0.0000000000
161543  -52.433  -4.205  35.711 0.0000000000
72349  -52.228  -4.363  35.835 0.0000000000
71155  -52.281  -4.989  35.754 0.0000000000
151398  -52.089  -5.253  35.946 0.0000000000
68832  -52.419  -6.184  35.711 0.0000000000
67800  -52.234  -7.741  35.193 0.0000000000
142180  -52.605  -6.625  35.417 0.0000000000
66854  -55.443  -9.844  31.976 0.0000000000
148923  -55.535  -10.571  31.827 0.0000000000
65769  -55.865  -11.067  31.380 0.0000000000
66863  -55.933  -9.961  31.139 0.0000000000
71236  -49.830  -4.567  29.996 0.0000000000
71227  -51.087  -5.561  31.379 0.0000000000
70113  -50.526  -6.010  30.529 0.0000000000
66902  -53.692  -9.444  27.545 0.0000000000
65831  -55.400  -10.203  26.978 0.0000000000
65832  -56.566  -10.679  26.836 0.0000000000
67928  -53.397  -8.643  23.315 0.0000000000
67929  -54.498  -8.425  23.318 0.0000000000
67938  -53.823  -8.308  22.633 0.0000000000
72517  -52.393  -5.116  23.019 0.0000000000
147868  -52.182  -4.731  22.312 0.0000000000
46751  -20.260  -28.011  47.613 0.0000000000
48692  -19.647  -27.190  42.132 0.0000000000
48702  -19.396  -26.888  41.116 0.0000000000
48705  -24.832  -26.532  41.231 0.0000000000
158335  -24.228  -26.718  41.667 0.0000000000
46845  -19.307  -28.412  34.971 0.0000000000
51844  -35.491  -23.640  40.505 0.0000000000
51843  -34.642  -23.266  40.703 0.0000000000
52949  -34.353  -22.856  40.140 0.0000000000
54996  -28.218  -20.757  36.247 0.0000000000
54995  -27.495  -20.812  35.873 0.0000000000
54994  -26.754  -21.020  35.882 0.0000000000
55008  -26.255  -20.876  35.144 0.0000000000
62422  -43.579  -14.072  38.521 0.0000000000
61347  -43.896  -14.436  37.780 0.0000000000
145012  -43.790  -13.863  39.284 0.0000000000
62385  -45.512  -13.926  40.254 0.0000000000
62406  -45.627  -14.144  39.444 0.0000000000
62407  -46.307  -13.924  39.651 0.0000000000
154636  -46.779  -13.626  39.790 0.0000000000
153301  -39.662  -12.030  46.352 0.0000000000
134597  -39.455  -12.825  45.634 0.0000000000
153219  -39.959  -11.808  45.372 0.0000000000
63442  -41.008  -12.351  42.216 0.0000000000
63441  -40.213  -12.445  42.585 0.0000000000
63456  -40.398  -12.668  41.682 0.0000000000
62379  -39.637  -13.558  40.403 0.0000000000
62380  -40.648  -13.181  40.114 0.0000000000
62401  -40.771  -13.422  39.272 0.0000000000
62402  -41.408  -13.222  39.629 0.0000000000
62403  -42.272  -13.294  39.553 0.0000000000
139551  -42.995  -13.595  39.060 0.0000000000
62436  -42.409  -13.912  37.792 0.0000000000
50658  -32.430  -24.722  46.610 0.0000000000
160639  -33.029  -24.792  46.326 0.0000000000
50680  -33.421  -24.599  44.890 0.0000000000
50679  -32.444  -24.453  44.764 0.0000000000
50691  -32.124  -24.213  43.981 0.0000000000
51807  -32.658  -23.958  43.297 0.0000000000
137306  -39.714  -12.309  24.294 0.0000000000
162584  -45.375  -10.078  32.405 0.0000000000
134278  -45.534  -9.458  32.151 0.0000000000
67848  -46.331  -8.640  30.518 0.0000000000
67858  -46.599  -8.882  29.795 0.0000000000
66870  -47.402  -9.163  30.146 0.0000000000
66881  -47.142  -9.372  29.405 0.0000000000
65765  -48.919  -10.336  31.162 0.0000000000
64695  -49.092  -11.231  30.692 0.0000000000
155154  -49.480  -10.574  31.841 0.0000000000
52918  -43.122  -23.361  43.861 0.0000000000
50705  -42.336  -24.511  43.085 0.0000000000
51809  -43.203  -23.148  43.042 0.0000000000
51848  -42.146  -23.181  40.856 0.0000000000
52950  -41.974  -22.561  40.293 0.0000000000
52963  -41.705  -21.984  39.777 0.0000000000
142784  -38.049  -19.219  34.740 0.0000000000
56228  -37.883  -19.818  34.294 0.0000000000
55062  -37.108  -20.404  32.498 0.0000000000
55105  -35.690  -21.438  29.465 0.0000000000
55088  -36.445  -21.247  31.049 0.0000000000
54056  -35.849  -22.113  29.792 0.0000000000
53097  -35.504  -22.736  29.324 0.0000000000
53111  -34.509  -22.920  27.874 0.0000000000
53110  -33.712  -23.139  27.921 0.0000000000
53129  -33.790  -22.993  27.200 0.0000000000
61457  -37.560  -14.814  27.478 0.0000000000
60496  -36.234  -15.302  26.670 0.0000000000
61465  -36.802  -14.896  26.437 0.0000000000
74399  -54.204  -2.802  34.660 0.0000000000
73410  -53.989  -3.720  34.707 0.0000000000
72378  -54.980  -3.883  32.185 0.0000000000
72373  -55.160  -4.373  32.854 0.0000000000
72379  -55.234  -4.444  32.219 0.0000000000
70090  -55.624  -6.464  31.970 0.0000000000
158266  -55.350  -5.020  31.849 0.0000000000
72434  -50.659  -4.620  28.682 0.0000000000
72433  -50.252  -4.394  29.270 0.0000000000
143516  -49.671  -5.386  28.615 0.0000000000
67889  -49.459  -7.743  27.041 0.0000000000
67890  -49.743  -7.468  27.647 0.0000000000
138401  -50.194  -8.196  27.154 0.0000000000
67891  -51.250  -8.656  27.196 0.0000000000
66914  -51.409  -9.150  26.405 0.0000000000
67902  -50.521  -8.732  26.463 0.0000000000
67909  -48.937  -8.238  24.892 0.0000000000
67910  -49.468  -8.651  25.119 0.0000000000
67919  -49.379  -8.729  24.436 0.0000000000
140982  -50.770  -9.350  23.975 0.0000000000
67918  -48.833  -8.255  24.088 0.0000000000
74547  -54.258  -3.070  21.229 0.0000000000
73593  -53.463  -3.145  20.920 0.0000000000
47655  -22.871  -27.102  47.914 0.0000000000
139560  -22.386  -27.231  47.342 0.0000000000
47666  -22.906  -26.988  47.060 0.0000000000
48649  -23.477  -26.721  45.713 0.0000000000
48648  -22.581  -26.874  45.268 0.0000000000
135564  -21.925  -26.989  43.761 0.0000000000
49664  -24.489  -25.600  38.182 0.0000000000
48727  -24.092  -26.504  38.349 0.0000000000
48781  -23.015  -26.616  35.386 0.0000000000
48782  -23.090  -26.930  36.111 0.0000000000
138814  -22.450  -27.113  35.884 0.0000000000
153918  -21.671  -27.229  34.812 0.0000000000
47780  -21.374  -27.446  34.148 0.0000000000
47809  -22.244  -27.552  32.393 0.0000000000
46884  -21.867  -28.144  32.748 0.0000000000
154895  -33.507  -21.401  37.573 0.0000000000
53945  -32.845  -21.001  37.360 0.0000000000
55024  -30.336  -20.076  34.655 0.0000000000
156356  -30.545  -20.388  35.860 0.0000000000
55011  -29.841  -20.325  35.429 0.0000000000
136396  -28.885  -20.368  35.308 0.0000000000
55041  -28.331  -19.970  33.920 0.0000000000
62514  -41.132  -13.783  29.376 0.0000000000
61448  -41.312  -13.874  29.980 0.0000000000
62497  -42.953  -13.651  31.161 0.0000000000
62498  -43.726  -13.327  31.492 0.0000000000
62508  -44.045  -12.739  31.184 0.0000000000
62499  -44.380  -12.971  31.885 0.0000000000
61399  -44.423  -14.257  34.827 0.0000000000
61386  -45.127  -14.247  35.597 0.0000000000
62474  -46.234  -13.010  34.834 0.0000000000
152455  -45.754  -13.276  34.496 0.0000000000
63543  -45.780  -12.828  34.042 0.0000000000
63552  -45.547  -12.516  33.466 0.0000000000
63553  -45.874  -12.309  34.006 0.0000000000
153025  -45.565  -11.880  33.266 0.0000000000
64636  -45.901  -11.670  33.958 0.0000000000
134562  -47.277  -10.791  35.845 0.0000000000
65726  -46.606  -10.931  35.059 0.0000000000
152972  -46.821  -9.861  35.161 0.0000000000
153306  -46.646  -9.152  34.442 0.0000000000
152921  -47.116  -8.827  35.031 0.0000000000
58271  -43.088  -17.195  44.530 0.0000000000
58272  -43.514  -17.954  43.877 0.0000000000
58279  -42.770  -17.296  43.609 0.0000000000
59367  -41.160  -16.432  43.431 0.0000000000
58290  -41.430  -16.872  42.839 0.0000000000
58308  -40.814  -17.208  41.626 0.0000000000
58327  -40.954  -18.038  40.198 0.0000000000
58326  -40.347  -17.422  40.784 0.0000000000
61306  -39.305  -14.367  43.631 0.0000000000
142310  -39.436  -15.139  43.129 0.0000000000
60378  -39.144  -15.062  42.295 0.0000000000
59396  -39.043  -15.855  40.918 0.0000000000
59406  -38.928  -16.733  39.365 0.0000000000
145231  -39.327  -17.396  38.923 0.0000000000
141239  -38.891  -17.044  38.689 0.0000000000
57330  -38.811  -18.277  36.368 0.0000000000
58372  -38.611  -17.478  36.929 0.0000000000
58378  -37.661  -17.206  34.251 0.0000000000
57338  -37.592  -18.109  33.893 0.0000000000
58383  -37.413  -17.399  33.478 0.0000000000
57362  -36.537  -18.617  31.690 0.0000000000
162440  -36.759  -17.871  32.015 0.0000000000
57371  -35.809  -18.254  30.354 0.0000000000
58391  -36.471  -17.549  31.319 0.0000000000
60458  -37.658  -15.787  32.739 0.0000000000
59531  -37.198  -16.215  31.543 0.0000000000
59536  -37.059  -16.104  30.717 0.0000000000
146517  -37.659  -15.566  31.130 0.0000000000
146465  -40.231  -14.153  37.001 0.0000000000
61380  -39.395  -14.537  35.448 0.0000000000
61381  -40.297  -14.368  35.610 0.0000000000
61406  -40.290  -14.528  33.138 0.0000000000
61405  -39.405  -14.623  33.344 0.0000000000
61428  -38.982  -14.836  31.989 0.0000000000
60476  -38.301  -15.108  30.683 0.0000000000
61439  -39.097  -14.748  31.032 0.0000000000
61438  -38.254  -15.051  29.836 0.0000000000
61446  -39.631  -14.525  29.932 0.0000000000
61447  -40.510  -14.187  29.783 0.0000000000
61452  -39.616  -14.192  28.361 0.0000000000
72482  -54.873  -5.157  25.731 0.0000000000
137256  -55.546  -5.104  25.500 0.0000000000
72503  -55.064  -5.212  24.713 0.0000000000
72504  -55.927  -5.024  24.823 0.0000000000
73548  -56.585  -4.223  23.426 0.0000000000
73567  -56.929  -3.706  23.037 0.0000000000
73566  -56.198  -3.720  22.710 0.0000000000
74535  -56.954  -3.072  22.427 0.0000000000
51751  -27.602  -23.719  47.616 0.0000000000
49582  -27.001  -25.121  46.737 0.0000000000
50653  -27.562  -24.761  46.454 0.0000000000
159896  -28.110  -25.156  45.156 0.0000000000
49598  -27.583  -25.524  44.985 0.0000000000
48684  -26.495  -26.076  42.987 0.0000000000
49623  -27.114  -25.866  43.477 0.0000000000
138221  -30.371  -24.567  45.098 0.0000000000
50676  -29.833  -24.565  44.511 0.0000000000
50713  -27.744  -24.234  41.891 0.0000000000
50686  -28.177  -24.763  42.767 0.0000000000
50712  -27.095  -24.780  41.561 0.0000000000
49649  -26.565  -25.426  41.542 0.0000000000
49656  -26.206  -25.312  40.902 0.0000000000
50726  -26.082  -24.735  40.375 0.0000000000
52953  -25.792  -23.071  39.183 0.0000000000
50746  -25.346  -23.917  39.136 0.0000000000
51867  -25.297  -23.315  38.652 0.0000000000
50757  -24.215  -24.156  36.987 0.0000000000
51886  -24.368  -23.270  36.960 0.0000000000
63652  -40.814  -12.862  26.584 0.0000000000
63639  -41.756  -12.807  27.792 0.0000000000
64738  -42.668  -11.386  27.210 0.0000000000
134280  -44.653  -9.320  29.631 0.0000000000
134281  -44.139  -10.106  29.615 0.0000000000
134283  -44.111  -9.691  28.939 0.0000000000
134707  -44.005  -9.107  27.114 0.0000000000
159507  -47.966  -11.073  28.509 0.0000000000
138472  -48.285  -11.805  27.997 0.0000000000
63655  -48.825  -12.630  27.747 0.0000000000
154365  -49.851  -13.999  27.063 0.0000000000
136728  -50.863  -14.060  28.242 0.0000000000
62542  -51.136  -14.299  27.531 0.0000000000
62543  -52.007  -14.223  27.343 0.0000000000
49615  -37.806  -25.812  45.116 0.0000000000
162968  -37.132  -25.562  44.555 0.0000000000
49650  -38.045  -25.364  42.256 0.0000000000
154233  -37.246  -25.246  42.899 0.0000000000
50702  -37.304  -25.043  41.838 0.0000000000
50714  -36.595  -24.593  41.414 0.0000000000
135612  -37.392  -24.877  40.852 0.0000000000
50718  -40.725  -24.768  41.321 0.0000000000
49653  -40.298  -25.204  41.942 0.0000000000
50717  -39.866  -25.032  41.211 0.0000000000
50742  -37.599  -24.645  39.261 0.0000000000
50741  -36.864  -24.355  39.092 0.0000000000
51858  -36.401  -24.111  39.587 0.0000000000
51869  -36.151  -23.806  38.913 0.0000000000
51868  -35.615  -23.320  38.460 0.0000000000
53010  -34.992  -22.756  35.907 0.0000000000
53976  -34.281  -21.970  35.522 0.0000000000
53975  -33.678  -21.318  35.146 0.0000000000
53989  -34.188  -22.039  34.645 0.0000000000
57297  -42.771  -18.619  41.565 0.0000000000
56171  -42.783  -19.467  41.320 0.0000000000
56179  -42.269  -19.771  40.697 0.0000000000
53949  -40.645  -20.801  38.406 0.0000000000
140584  -41.239  -20.719  39.398 0.0000000000
53948  -40.264  -21.184  37.785 0.0000000000
52989  -40.283  -21.988  37.777 0.0000000000
53947  -39.821  -21.598  37.142 0.0000000000
160517  -38.018  -21.167  33.948 0.0000000000
53991  -38.610  -21.013  35.035 0.0000000000
53033  -38.019  -21.935  33.691 0.0000000000
147710  -38.260  -22.551  34.357 0.0000000000
53022  -37.838  -23.321  34.252 0.0000000000
53012  -38.141  -23.334  34.923 0.0000000000
51906  -37.394  -23.844  34.615 0.0000000000
51896  -36.621  -24.107  35.048 0.0000000000
51904  -36.057  -23.825  33.817 0.0000000000
158932  -33.790  -22.106  31.907 0.0000000000
54006  -34.178  -22.340  33.033 0.0000000000
54019  -33.700  -21.756  32.602 0.0000000000
55045  -33.144  -20.919  32.940 0.0000000000
56257  -32.051  -20.082  31.539 0.0000000000
58406  -34.909  -17.941  28.606 0.0000000000
57395  -34.318  -18.751  27.743 0.0000000000
58423  -34.093  -17.823  27.267 0.0000000000
47636  -23.522  -27.008  49.591 0.0000000000
142488  -28.202  -22.525  48.988 0.0000000000
50627  -32.343  -24.320  48.410 0.0000000000
49593  -37.806  -25.532  46.622 0.0000000000
53859  -41.847  -21.712  45.662 0.0000000000
52890  -41.209  -22.412  45.392 0.0000000000
51786  -42.466  -23.314  45.001 0.0000000000
54898  -42.687  -20.523  46.964 0.0000000000
54913  -43.493  -20.309  46.132 0.0000000000
56092  -43.308  -18.873  46.423 0.0000000000
134754  -43.895  -17.635  47.430 0.0000000000
134822  -43.426  -17.674  45.871 0.0000000000
134556  -43.813  -17.323  47.347 0.0000000000
134519  -43.030  -16.398  47.833 0.0000000000
154353  -42.476  -15.842  48.182 0.0000000000
134803  -41.586  -15.566  47.828 0.0000000000
134774  -43.615  -10.916  45.827 0.0000000000
64541  -45.178  -12.044  44.547 0.0000000000
63433  -45.598  -12.335  43.562 0.0000000000
63434  -45.754  -11.805  44.233 0.0000000000
134648  -47.138  -11.668  42.418 0.0000000000
153062  -47.031  -12.392  42.301 0.0000000000
134745  -47.722  -12.037  41.899 0.0000000000
63473  -47.644  -13.018  40.185 0.0000000000
138964  -47.933  -12.443  40.978 0.0000000000
66775  -48.517  -9.108  39.597 0.0000000000
134258  -48.217  -9.741  39.975 0.0000000000
134263  -48.699  -10.439  39.592 0.0000000000
134254  -48.628  -11.164  39.947 0.0000000000
134266  -48.837  -11.206  38.498 0.0000000000
134892  -48.708  -11.135  37.885 0.0000000000
134832  -48.874  -10.551  38.266 0.0000000000
134271  -48.636  -8.475  36.898 0.0000000000
67799  -48.254  -7.668  35.445 0.0000000000
68829  -48.816  -7.420  36.068 0.0000000000
73389  -51.317  -3.129  36.786 0.0000000000
71128  -49.980  -4.684  37.776 0.0000000000
71138  -50.825  -5.153  37.160 0.0000000000
70035  -51.259  -6.541  36.080 0.0000000000
155548  -50.993  -6.328  36.582 0.0000000000
68845  -50.713  -6.999  35.488 0.0000000000
68844  -49.701  -7.043  35.234 0.0000000000
67807  -50.306  -7.422  34.785 0.0000000000
67821  -50.173  -8.182  34.101 0.0000000000
66842  -51.844  -10.061  33.992 0.0000000000
65745  -51.285  -10.472  33.509 0.0000000000
64660  -50.829  -11.668  32.450 0.0000000000
64637  -51.957  -11.583  33.203 0.0000000000
68865  -53.746  -7.065  34.406 0.0000000000
67811  -53.448  -8.197  34.442 0.0000000000
66832  -53.770  -9.067  33.892 0.0000000000
137124  -54.402  -11.580  32.505 0.0000000000
64663  -53.643  -11.706  32.894 0.0000000000
63591  -52.994  -12.656  32.160 0.0000000000
63571  -52.265  -12.378  32.495 0.0000000000
63607  -51.797  -13.171  30.906 0.0000000000
139040  -52.873  -13.105  31.321 0.0000000000
63630  -55.346  -13.098  30.013 0.0000000000
63629  -54.040  -13.374  30.101 0.0000000000
62521  -54.450  -13.439  29.190 0.0000000000
62533  -54.690  -13.415  28.201 0.0000000000
71228  -52.296  -5.868  31.243 0.0000000000
71216  -53.056  -5.248  31.527 0.0000000000
71229  -53.575  -5.926  30.928 0.0000000000
71230  -54.753  -6.023  30.834 0.0000000000
70116  -54.030  -6.613  30.424 0.0000000000
68975  -50.497  -6.923  29.131 0.0000000000
70127  -50.971  -6.728  29.928 0.0000000000
68976  -51.571  -7.356  29.188 0.0000000000
67876  -54.561  -8.966  28.712 0.0000000000
139450  -54.166  -8.282  29.086 0.0000000000
66882  -55.309  -9.262  29.092 0.0000000000
67861  -54.982  -8.611  29.432 0.0000000000
66883  -55.970  -9.904  29.314 0.0000000000
65790  -56.303  -10.473  29.882 0.0000000000
65803  -56.313  -10.519  28.829 0.0000000000
63658  -56.704  -11.855  27.758 0.0000000000
63646  -56.463  -12.194  28.603 0.0000000000
63667  -55.731  -12.934  26.803 0.0000000000
63668  -56.577  -12.340  26.467 0.0000000000
64754  -57.151  -11.043  26.211 0.0000000000
64761  -57.341  -11.401  25.574 0.0000000000
63678  -57.322  -11.902  24.992 0.0000000000
66928  -54.707  -9.671  25.567 0.0000000000
66940  -55.000  -9.182  24.796 0.0000000000
66952  -56.316  -8.717  23.945 0.0000000000
66942  -56.780  -9.273  24.441 0.0000000000
141231  -57.896  -10.248  23.856 0.0000000000
71297  -51.915  -5.271  25.326 0.0000000000
71296  -50.364  -5.429  25.122 0.0000000000
71314  -51.265  -5.322  24.657 0.0000000000
71346  -50.075  -5.303  22.802 0.0000000000
71328  -49.421  -5.661  23.417 0.0000000000
71327  -48.855  -6.038  22.972 0.0000000000
69038  -48.505  -7.442  22.801 0.0000000000
67933  -48.806  -8.066  22.234 0.0000000000
72560  -50.698  -4.185  20.540 0.0000000000
72548  -50.601  -4.613  21.301 0.0000000000
72559  -49.875  -4.744  20.638 0.0000000000
69048  -48.983  -7.591  20.473 0.0000000000
67947  -50.217  -8.337  21.341 0.0000000000
137076  -20.486  -27.662  45.847 0.0000000000
136574  -20.107  -27.628  45.047 0.0000000000
48678  -18.355  -27.260  42.973 0.0000000000
137104  -17.329  -26.608  41.939 0.0000000000
48710  -17.280  -26.105  40.063 0.0000000000
48723  -16.712  -26.469  38.675 0.0000000000
48651  -25.804  -26.230  45.279 0.0000000000
48665  -24.982  -26.444  44.801 0.0000000000
135820  -23.297  -26.839  41.846 0.0000000000
135823  -23.402  -26.739  42.896 0.0000000000
135821  -22.183  -26.936  42.078 0.0000000000
154532  -21.826  -26.961  40.682 0.0000000000
144558  -22.816  -27.104  38.026 0.0000000000
48720  -22.991  -27.021  39.513 0.0000000000
137053  -22.393  -27.070  38.827 0.0000000000
137040  -20.393  -26.485  38.763 0.0000000000
137039  -21.366  -26.868  38.866 0.0000000000
48717  -19.783  -26.438  39.402 0.0000000000
45950  -21.062  -29.401  33.439 0.0000000000
45017  -20.684  -30.137  33.958 0.0000000000
49625  -35.860  -24.997  43.930 0.0000000000
50682  -35.031  -24.756  44.135 0.0000000000
136351  -35.304  -24.615  43.365 0.0000000000
51831  -33.538  -23.345  41.666 0.0000000000
51830  -32.685  -23.227  41.839 0.0000000000
51829  -31.812  -23.150  41.954 0.0000000000
52938  -31.316  -22.798  41.385 0.0000000000
53930  -32.458  -21.595  38.745 0.0000000000
52959  -32.547  -22.018  39.509 0.0000000000
53929  -31.627  -21.471  38.776 0.0000000000
141066  -29.159  -21.275  38.344 0.0000000000
53917  -29.896  -21.571  39.047 0.0000000000
53916  -29.011  -21.648  39.101 0.0000000000
147258  -29.308  -21.981  39.759 0.0000000000
146522  -28.416  -21.960  39.532 0.0000000000
53915  -27.622  -21.938  39.165 0.0000000000
53925  -27.412  -21.616  38.275 0.0000000000
53937  -25.891  -21.855  37.348 0.0000000000
53955  -24.698  -21.874  36.083 0.0000000000
52995  -23.895  -22.821  35.904 0.0000000000
53009  -24.098  -22.235  35.648 0.0000000000
55057  -26.079  -20.079  32.380 0.0000000000
55070  -25.434  -20.446  32.024 0.0000000000
53056  -24.522  -21.609  31.627 0.0000000000
54018  -24.841  -20.866  32.319 0.0000000000
54017  -24.162  -21.426  32.633 0.0000000000
53042  -23.752  -22.295  31.963 0.0000000000
51940  -23.305  -23.258  31.899 0.0000000000
50795  -23.015  -23.982  31.881 0.0000000000
51911  -22.813  -23.451  33.295 0.0000000000
50794  -22.718  -24.380  32.328 0.0000000000
62383  -43.546  -13.381  40.450 0.0000000000
158332  -43.943  -13.676  39.911 0.0000000000
62363  -43.988  -13.359  41.168 0.0000000000
62364  -45.075  -13.616  41.187 0.0000000000
153227  -41.690  -11.326  45.147 0.0000000000
64547  -40.504  -11.755  44.437 0.0000000000
64548  -41.574  -11.800  44.077 0.0000000000
63429  -41.097  -12.123  43.060 0.0000000000
63457  -41.498  -12.530  41.595 0.0000000000
62381  -41.694  -12.966  40.205 0.0000000000
63472  -42.089  -12.735  40.921 0.0000000000
62362  -43.047  -12.970  41.039 0.0000000000
136719  -51.812  -14.223  25.152 0.0000000000
62581  -53.720  -13.536  24.670 0.0000000000
50646  -34.179  -25.114  47.066 0.0000000000
155511  -34.173  -24.828  45.190 0.0000000000
135410  -34.252  -24.646  44.447 0.0000000000
63682  -39.761  -12.685  25.085 0.0000000000
134277  -46.230  -8.815  32.835 0.0000000000
67828  -45.994  -8.713  31.918 0.0000000000
67829  -46.835  -8.278  32.151 0.0000000000
67839  -47.314  -8.451  31.452 0.0000000000
66860  -47.744  -8.926  30.960 0.0000000000
67840  -47.992  -8.609  31.710 0.0000000000
66850  -48.667  -8.936  32.180 0.0000000000
66851  -49.475  -9.345  32.670 0.0000000000
140079  -43.564  -22.012  43.465 0.0000000000
52929  -43.359  -22.255  42.833 0.0000000000
53894  -43.454  -21.502  42.867 0.0000000000
53903  -43.074  -21.621  42.117 0.0000000000
53910  -42.608  -21.320  41.491 0.0000000000
56258  -36.753  -19.717  32.037 0.0000000000
151461  -36.484  -20.328  31.365 0.0000000000
144038  -36.090  -20.329  30.599 0.0000000000
55124  -35.076  -21.690  28.137 0.0000000000
54091  -34.234  -22.523  27.213 0.0000000000
157038  -34.435  -21.846  27.278 0.0000000000
143232  -33.468  -21.740  26.370 0.0000000000
135596  -37.956  -14.419  26.852 0.0000000000
61475  -36.901  -14.602  25.699 0.0000000000
61466  -37.461  -14.477  26.244 0.0000000000
61486  -36.967  -14.272  24.959 0.0000000000
71256  -49.717  -5.417  27.848 0.0000000000
70162  -49.172  -6.027  27.670 0.0000000000
70161  -48.826  -6.389  26.895 0.0000000000
69014  -48.733  -6.892  26.569 0.0000000000
69020  -48.678  -7.187  25.863 0.0000000000
70175  -48.691  -6.511  25.424 0.0000000000
137935  -48.980  -6.043  24.947 0.0000000000
48620  -24.506  -26.511  48.253 0.0000000000
48628  -23.468  -26.848  47.460 0.0000000000
48664  -23.415  -26.680  44.781 0.0000000000
50751  -24.247  -25.249  37.305 0.0000000000
49667  -23.894  -25.916  36.725 0.0000000000
162694  -22.629  -26.588  34.727 0.0000000000
157419  -22.146  -26.972  34.293 0.0000000000
48817  -22.198  -26.715  33.395 0.0000000000
48825  -22.342  -26.725  32.422 0.0000000000
141835  -33.047  -20.785  35.626 0.0000000000
142599  -32.298  -20.576  36.096 0.0000000000
55025  -31.321  -20.165  34.723 0.0000000000
56215  -30.080  -19.797  33.876 0.0000000000
61431  -41.498  -14.182  31.113 0.0000000000
61432  -42.212  -14.094  31.693 0.0000000000
61419  -42.601  -14.244  32.669 0.0000000000
61420  -43.553  -13.926  32.737 0.0000000000
61408  -43.966  -13.962  33.462 0.0000000000
61375  -46.232  -14.133  36.973 0.0000000000
62448  -46.081  -13.957  36.055 0.0000000000
62449  -46.822  -13.586  36.532 0.0000000000
62463  -46.569  -13.297  35.660 0.0000000000
63534  -46.746  -12.603  35.330 0.0000000000
64619  -46.417  -11.931  34.649 0.0000000000
64585  -47.630  -11.850  36.215 0.0000000000
153500  -47.827  -11.140  36.549 0.0000000000
153972  -41.981  -16.122  45.543 0.0000000000
59358  -42.336  -16.735  44.195 0.0000000000
154016  -41.684  -16.167  44.731 0.0000000000
60368  -40.992  -16.024  44.081 0.0000000000
59366  -40.222  -15.857  43.466 0.0000000000
141548  -39.117  -13.920  41.541 0.0000000000
61319  -38.952  -14.852  41.414 0.0000000000
60385  -38.865  -14.955  40.478 0.0000000000
59405  -38.675  -15.659  39.093 0.0000000000
59439  -38.503  -16.337  37.865 0.0000000000
59460  -38.333  -16.523  37.020 0.0000000000
147172  -38.155  -16.344  36.237 0.0000000000
59499  -37.834  -16.439  34.910 0.0000000000
162085  -37.568  -16.624  33.690 0.0000000000
59512  -37.417  -16.579  33.066 0.0000000000
59513  -37.771  -16.146  34.162 0.0000000000
140476  -38.124  -15.400  33.911 0.0000000000
61392  -38.610  -14.924  34.326 0.0000000000
61370  -41.616  -14.268  36.362 0.0000000000
143675  -40.875  -14.418  34.956 0.0000000000
61382  -41.222  -14.372  35.649 0.0000000000
143673  -40.836  -14.476  33.741 0.0000000000
61418  -40.691  -14.535  32.246 0.0000000000
153576  -41.664  -14.400  32.400 0.0000000000
50665  -28.645  -24.831  45.404 0.0000000000
50689  -30.412  -24.241  43.841 0.0000000000
50688  -29.570  -24.375  43.647 0.0000000000
50698  -29.264  -24.037  42.882 0.0000000000
51814  -28.565  -23.906  42.366 0.0000000000
51824  -27.147  -24.029  41.184 0.0000000000
51840  -26.551  -23.759  40.487 0.0000000000
51855  -26.275  -23.147  39.854 0.0000000000
52954  -26.487  -22.579  39.408 0.0000000000
63624  -42.790  -12.653  29.281 0.0000000000
63640  -42.417  -12.519  28.398 0.0000000000
63641  -43.091  -12.005  28.885 0.0000000000
64725  -42.823  -11.704  28.046 0.0000000000
67857  -45.273  -8.779  29.141 0.0000000000
145292  -44.605  -9.081  28.816 0.0000000000
67886  -44.935  -8.797  28.299 0.0000000000
64714  -49.072  -12.170  29.385 0.0000000000
63643  -49.359  -13.046  28.301 0.0000000000
62528  -49.978  -13.724  28.097 0.0000000000
62529  -50.597  -13.649  28.917 0.0000000000
62530  -51.525  -13.847  29.016 0.0000000000
49628  -38.942  -25.826  43.667 0.0000000000
49640  -38.796  -25.565  42.603 0.0000000000
50744  -40.093  -24.296  39.903 0.0000000000
138136  -39.254  -24.514  39.658 0.0000000000
50749  -39.003  -24.243  38.909 0.0000000000
50748  -38.182  -24.492  38.673 0.0000000000
51870  -37.102  -24.359  37.808 0.0000000000
139398  -36.211  -23.854  37.929 0.0000000000
51879  -36.722  -24.205  37.116 0.0000000000
51888  -36.275  -24.053  36.433 0.0000000000
51887  -35.841  -23.775  35.657 0.0000000000
57307  -41.718  -18.511  40.464 0.0000000000
56178  -41.830  -19.346  40.197 0.0000000000
56188  -41.360  -19.701  39.559 0.0000000000
56201  -40.599  -20.305  38.442 0.0000000000
54990  -40.127  -20.550  37.743 0.0000000000
53046  -36.947  -22.470  32.041 0.0000000000
54007  -37.523  -22.209  32.923 0.0000000000
53045  -36.540  -23.255  32.099 0.0000000000
51914  -36.317  -23.636  32.919 0.0000000000
53030  -35.312  -23.440  33.347 0.0000000000
54034  -33.608  -22.035  31.305 0.0000000000
58411  -35.233  -17.106  28.400 0.0000000000
51769  -38.843  -24.192  47.055 0.0000000000
53860  -42.781  -21.676  45.538 0.0000000000
54912  -42.355  -21.228  46.030 0.0000000000
153200  -44.072  -16.799  48.464 0.0000000000
134248  -45.543  -11.114  44.947 0.0000000000
134577  -45.820  -11.412  44.162 0.0000000000
154787  -45.983  -10.804  43.976 0.0000000000
134843  -46.312  -10.403  43.223 0.0000000000
65649  -46.806  -10.005  42.284 0.0000000000
66776  -48.692  -8.418  39.413 0.0000000000
67752  -48.867  -8.741  39.197 0.0000000000
134861  -49.037  -9.585  38.380 0.0000000000
67773  -49.260  -8.494  38.602 0.0000000000
139416  -49.563  -7.784  38.094 0.0000000000
68822  -49.816  -7.013  37.511 0.0000000000
73396  -51.882  -3.057  36.389 0.0000000000
72335  -51.885  -3.814  36.216 0.0000000000
72334  -51.456  -3.994  36.591 0.0000000000
71139  -51.530  -4.763  36.607 0.0000000000
71154  -51.909  -5.299  36.294 0.0000000000
68831  -51.862  -6.218  36.107 0.0000000000
68846  -51.778  -7.209  35.529 0.0000000000
66828  -51.130  -8.345  34.600 0.0000000000
67808  -51.836  -8.210  34.982 0.0000000000
67809  -52.310  -8.644  34.763 0.0000000000
66829  -52.268  -9.675  34.259 0.0000000000
67823  -55.003  -8.101  32.817 0.0000000000
67832  -54.579  -9.030  33.140 0.0000000000
66853  -54.829  -9.813  32.694 0.0000000000
65759  -54.885  -10.661  32.460 0.0000000000
64679  -54.686  -12.188  31.946 0.0000000000
138800  -54.897  -12.619  31.367 0.0000000000
64697  -55.525  -12.620  30.873 0.0000000000
64715  -56.112  -12.377  30.322 0.0000000000
67874  -52.519  -8.379  28.244 0.0000000000
67859  -52.306  -7.819  28.808 0.0000000000
66891  -54.054  -9.229  28.062 0.0000000000
154032  -55.998  -10.345  28.182 0.0000000000
143996  -56.795  -11.210  27.531 0.0000000000
64753  -56.984  -11.579  26.964 0.0000000000
65844  -56.656  -10.250  25.904 0.0000000000
136625  -53.136  -9.191  24.152 0.0000000000
66950  -54.176  -8.855  24.084 0.0000000000
66951  -55.292  -8.648  24.042 0.0000000000
71331  -52.696  -5.241  23.782 0.0000000000
71330  -51.724  -5.234  23.690 0.0000000000
72536  -51.575  -5.051  22.773 0.0000000000
71345  -49.650  -5.342  22.016 0.0000000000
71380  -48.771  -5.909  19.102 0.0000000000
71367  -48.637  -5.900  20.061 0.0000000000
140007  -18.987  -28.078  46.239 0.0000000000
47694  -20.422  -27.363  43.796 0.0000000000
47684  -19.880  -27.564  44.323 0.0000000000
47693  -19.606  -27.476  43.626 0.0000000000
48679  -19.214  -27.351  42.928 0.0000000000
48691  -18.777  -27.157  42.284 0.0000000000
48701  -18.324  -26.818  41.575 0.0000000000
48716  -18.071  -26.051  39.585 0.0000000000
137203  -24.895  -26.575  42.680 0.0000000000
135822  -24.192  -26.622  43.296 0.0000000000
135817  -23.201  -26.849  40.921 0.0000000000
48736  -21.547  -26.894  37.181 0.0000000000
48735  -20.395  -26.433  37.171 0.0000000000
156103  -18.933  -25.844  37.953 0.0000000000
47756  -18.211  -27.632  36.077 0.0000000000
47766  -18.724  -27.976  35.540 0.0000000000
45927  -19.163  -29.417  35.212 0.0000000000
44996  -20.547  -30.683  34.684 0.0000000000
50700  -35.556  -24.466  42.594 0.0000000000
149802  -34.828  -24.317  42.871 0.0000000000
157207  -34.824  -24.013  42.125 0.0000000000
51832  -34.354  -23.506  41.480 0.0000000000
150729  -33.066  -22.927  41.001 0.0000000000
54987  -30.280  -20.667  37.098 0.0000000000
53942  -30.539  -20.894  37.851 0.0000000000
53941  -29.732  -20.907  37.685 0.0000000000
53959  -28.188  -21.019  37.109 0.0000000000
53939  -27.604  -21.285  37.497 0.0000000000
53938  -26.839  -21.500  37.440 0.0000000000
53957  -26.361  -21.375  36.608 0.0000000000
53974  -25.918  -21.226  35.810 0.0000000000
53973  -25.131  -21.408  35.597 0.0000000000
146491  -25.001  -24.062  31.212 0.0000000000
51941  -24.007  -23.127  31.327 0.0000000000
61384  -43.118  -14.652  35.623 0.0000000000
61372  -43.557  -14.622  36.373 0.0000000000
139905  -43.939  -14.603  37.007 0.0000000000
61361  -44.684  -14.576  37.232 0.0000000000
62405  -44.713  -14.052  39.592 0.0000000000
62424  -45.245  -14.312  38.841 0.0000000000
61362  -45.526  -14.424  37.497 0.0000000000
61363  -46.285  -14.177  37.869 0.0000000000
62425  -46.927  -13.828  38.320 0.0000000000
62426  -47.367  -13.392  38.745 0.0000000000
61304  -39.717  -14.377  45.396 0.0000000000
134943  -39.417  -13.664  45.047 0.0000000000
62294  -39.289  -13.608  44.180 0.0000000000
62316  -39.234  -13.517  43.290 0.0000000000
63428  -40.077  -12.236  43.572 0.0000000000
63440  -39.537  -12.857  42.977 0.0000000000
62336  -39.246  -13.536  42.337 0.0000000000
158097  -39.401  -13.544  41.049 0.0000000000
61345  -39.504  -14.269  38.272 0.0000000000
61357  -39.553  -14.360  37.380 0.0000000000
62400  -40.112  -13.751  38.758 0.0000000000
61346  -40.376  -13.918  37.809 0.0000000000
155859  -41.615  -13.436  39.050 0.0000000000
62435  -41.449  -13.777  37.758 0.0000000000
61359  -42.036  -14.068  37.079 0.0000000000
61371  -42.601  -14.440  36.385 0.0000000000
50656  -30.909  -24.482  46.620 0.0000000000
50657  -31.677  -24.605  46.466 0.0000000000
142724  -31.336  -24.554  45.902 0.0000000000
50666  -31.074  -24.536  45.215 0.0000000000
50668  -32.701  -24.654  45.712 0.0000000000
50667  -31.854  -24.533  45.364 0.0000000000
50690  -31.271  -24.197  43.917 0.0000000000
51805  -30.928  -23.806  43.268 0.0000000000
51816  -30.574  -23.412  42.631 0.0000000000
134625  -44.936  -11.328  32.018 0.0000000000
65764  -44.675  -10.806  31.271 0.0000000000
134870  -44.913  -9.895  31.082 0.0000000000
134279  -45.036  -9.293  30.486 0.0000000000
157966  -45.984  -8.637  31.107 0.0000000000
67847  -45.672  -8.790  30.516 0.0000000000
139233  -46.002  -8.810  29.057 0.0000000000
66889  -46.620  -9.535  28.046 0.0000000000
65814  -47.028  -10.325  27.616 0.0000000000
65802  -48.068  -10.736  29.232 0.0000000000
66871  -48.178  -9.757  30.500 0.0000000000
145375  -48.231  -10.438  29.930 0.0000000000
64713  -48.670  -11.287  29.835 0.0000000000
63606  -50.159  -12.439  30.755 0.0000000000
50695  -41.799  -25.004  43.657 0.0000000000
49631  -41.214  -25.313  43.356 0.0000000000
161596  -41.625  -24.743  42.102 0.0000000000
50719  -41.577  -24.447  41.514 0.0000000000
143444  -42.657  -23.001  41.506 0.0000000000
51835  -41.774  -23.846  40.930 0.0000000000
162806  -40.770  -24.042  40.174 0.0000000000
51846  -40.666  -23.640  39.559 0.0000000000
51873  -40.404  -23.238  38.788 0.0000000000
52977  -40.098  -22.936  37.967 0.0000000000
147843  -39.439  -19.014  36.764 0.0000000000
56208  -38.830  -19.973  35.927 0.0000000000
56217  -38.532  -20.063  35.392 0.0000000000
55047  -37.825  -20.510  33.897 0.0000000000
54021  -37.240  -21.348  32.461 0.0000000000
55075  -36.790  -20.813  31.869 0.0000000000
54036  -36.750  -21.700  31.626 0.0000000000
53063  -36.504  -22.347  31.269 0.0000000000
53080  -35.592  -23.104  30.122 0.0000000000
53095  -34.083  -23.171  29.394 0.0000000000
53094  -33.445  -22.864  28.934 0.0000000000
54090  -32.479  -22.699  27.413 0.0000000000
54116  -31.665  -22.427  26.546 0.0000000000
53142  -33.229  -22.882  26.693 0.0000000000
60486  -35.879  -15.807  27.338 0.0000000000
60495  -35.571  -15.615  26.438 0.0000000000
60504  -35.295  -15.394  25.635 0.0000000000
155562  -34.278  -15.447  24.771 0.0000000000
135774  -35.751  -14.908  25.021 0.0000000000
61483  -34.473  -15.054  24.193 0.0000000000
73404  -52.753  -3.374  35.752 0.0000000000
72359  -52.885  -4.663  35.397 0.0000000000
70037  -53.079  -5.738  35.160 0.0000000000
72360  -53.525  -4.590  34.931 0.0000000000
71188  -53.509  -5.279  34.808 0.0000000000
71197  -54.222  -5.468  34.156 0.0000000000
73411  -54.606  -3.713  33.880 0.0000000000
71198  -54.917  -5.014  33.349 0.0000000000
148524  -54.857  -5.719  33.420 0.0000000000
68887  -55.357  -7.259  32.388 0.0000000000
150290  -55.511  -8.010  31.964 0.0000000000
67841  -55.636  -8.349  31.274 0.0000000000
70125  -49.702  -5.578  29.483 0.0000000000
70146  -49.705  -6.389  28.902 0.0000000000
138777  -50.892  -7.480  28.617 0.0000000000
68999  -49.398  -6.606  28.063 0.0000000000
135455  -51.678  -8.356  27.871 0.0000000000
136603  -52.939  -9.406  27.079 0.0000000000
66916  -53.285  -9.775  26.326 0.0000000000
65842  -54.442  -9.910  26.297 0.0000000000
66926  -52.587  -9.677  25.631 0.0000000000
136507  -52.855  -9.608  24.902 0.0000000000
158715  -49.921  -8.754  25.731 0.0000000000
135943  -51.169  -9.448  25.122 0.0000000000
139291  -52.203  -9.436  24.256 0.0000000000
153617  -52.009  -9.020  23.187 0.0000000000
73564  -54.270  -4.172  22.305 0.0000000000
156171  -52.727  -4.431  21.977 0.0000000000
73579  -52.889  -3.840  21.391 0.0000000000
73578  -52.002  -3.732  20.898 0.0000000000
157535  -51.329  -3.775  20.510 0.0000000000
144685  -21.189  -27.684  47.513 0.0000000000
143464  -21.848  -27.411  47.179 0.0000000000
47664  -21.362  -27.460  46.504 0.0000000000
135927  -21.295  -27.328  45.607 0.0000000000
48636  -22.813  -26.923  46.228 0.0000000000
48647  -21.815  -27.067  45.270 0.0000000000
47686  -21.279  -27.227  44.900 0.0000000000
47695  -21.218  -27.187  44.137 0.0000000000
48680  -21.103  -27.136  43.179 0.0000000000
48693  -20.644  -27.130  42.292 0.0000000000
49658  -24.685  -26.232  39.574 0.0000000000
136854  -24.347  -26.578  40.152 0.0000000000
48721  -23.990  -26.701  39.297 0.0000000000
48758  -23.403  -26.742  36.653 0.0000000000
48737  -23.110  -27.020  37.309 0.0000000000
154938  -22.401  -27.070  37.480 0.0000000000
48756  -21.812  -27.081  36.348 0.0000000000
47779  -20.574  -27.835  34.247 0.0000000000
47793  -21.035  -27.943  33.756 0.0000000000
47795  -21.858  -27.236  33.649 0.0000000000
52961  -34.652  -22.720  39.425 0.0000000000
146565  -33.902  -22.474  39.718 0.0000000000
52974  -34.113  -22.208  38.866 0.0000000000
136618  -33.034  -21.381  38.144 0.0000000000
53944  -32.224  -21.158  38.093 0.0000000000
156421  -32.367  -20.699  36.805 0.0000000000
54988  -31.107  -20.696  37.261 0.0000000000
54997  -29.116  -20.555  36.116 0.0000000000
160239  -28.569  -20.547  35.760 0.0000000000
55010  -28.036  -20.509  35.361 0.0000000000
62538  -39.641  -13.859  27.421 0.0000000000
159794  -39.618  -13.575  26.761 0.0000000000
139591  -40.420  -13.667  27.850 0.0000000000
153442  -41.211  -13.361  28.169 0.0000000000
62527  -42.165  -13.117  28.993 0.0000000000
62505  -42.014  -13.644  30.142 0.0000000000
62506  -42.730  -13.403  30.414 0.0000000000
62517  -43.120  -12.859  30.036 0.0000000000
63604  -43.701  -12.485  30.468 0.0000000000
63605  -44.190  -12.131  30.945 0.0000000000
61385  -44.071  -14.584  35.602 0.0000000000
62472  -44.613  -13.865  34.051 0.0000000000
62473  -45.322  -13.338  33.908 0.0000000000
62491  -44.636  -13.142  32.609 0.0000000000
63568  -44.838  -12.641  32.413 0.0000000000
63587  -44.903  -12.119  32.171 0.0000000000
134275  -45.306  -10.896  32.671 0.0000000000
134769  -46.102  -10.913  34.297 0.0000000000
134273  -46.116  -9.693  33.774 0.0000000000
134274  -46.666  -8.596  33.639 0.0000000000
134652  -47.238  -8.229  34.301 0.0000000000
57253  -43.867  -18.520  44.580 0.0000000000
56165  -43.592  -19.656  42.558 0.0000000000
57284  -43.568  -18.707  42.963 0.0000000000
57283  -43.088  -18.392  42.263 0.0000000000
58310  -42.446  -17.842  42.039 0.0000000000
58291  -42.246  -17.320  42.828 0.0000000000
57296  -42.125  -18.185  41.206 0.0000000000
57317  -40.717  -18.683  39.031 0.0000000000
58354  -40.066  -18.066  38.753 0.0000000000
60367  -40.020  -15.068  44.746 0.0000000000
59376  -39.342  -15.825  41.785 0.0000000000
59397  -39.760  -16.666  41.297 0.0000000000
57324  -39.878  -18.530  37.954 0.0000000000
159683  -38.614  -18.714  35.720 0.0000000000
57347  -37.704  -19.042  33.965 0.0000000000
58379  -37.960  -17.521  35.022 0.0000000000
57339  -37.863  -18.311  34.513 0.0000000000
159777  -37.486  -19.262  33.439 0.0000000000
56277  -35.885  -19.174  30.488 0.0000000000
143819  -35.289  -19.477  29.276 0.0000000000
141162  -34.588  -19.474  28.025 0.0000000000
57380  -35.491  -18.658  29.739 0.0000000000
58407  -35.301  -17.739  29.163 0.0000000000
58402  -35.733  -17.593  29.853 0.0000000000
58392  -36.884  -17.024  31.875 0.0000000000
139296  -36.490  -16.797  30.690 0.0000000000
58403  -36.178  -16.833  30.011 0.0000000000
59539  -35.863  -16.789  29.154 0.0000000000
59540  -36.518  -16.233  29.537 0.0000000000
60478  -36.940  -15.684  29.198 0.0000000000
61404  -38.675  -14.894  33.596 0.0000000000
61394  -40.053  -14.449  34.839 0.0000000000
161146  -39.160  -14.674  33.982 0.0000000000
60459  -38.222  -15.215  32.375 0.0000000000
60468  -38.299  -15.155  31.534 0.0000000000
60475  -37.624  -15.466  30.310 0.0000000000
157011  -36.858  -15.559  28.588 0.0000000000
155469  -37.400  -15.253  28.769 0.0000000000
61450  -38.097  -14.904  29.002 0.0000000000
135142  -37.872  -14.871  28.206 0.0000000000
159766  -39.421  -14.645  30.460 0.0000000000
154116  -39.016  -14.641  29.269 0.0000000000
61451  -38.655  -14.545  28.353 0.0000000000
61459  -39.013  -14.201  27.712 0.0000000000
71276  -52.179  -5.215  26.410 0.0000000000
71298  -52.668  -5.226  25.409 0.0000000000
71299  -53.414  -5.215  25.425 0.0000000000
71316  -53.109  -5.257  24.602 0.0000000000
72518  -53.563  -5.227  23.808 0.0000000000
135052  -54.480  -5.146  23.804 0.0000000000
72505  -56.895  -4.730  25.020 0.0000000000
72520  -56.272  -4.766  24.015 0.0000000000
72539  -54.836  -4.665  23.025 0.0000000000
73565  -55.198  -3.804  22.373 0.0000000000
73581  -54.513  -3.571  21.819 0.0000000000
142435  -55.036  -3.076  21.562 0.0000000000
74549  -56.525  -2.366  21.573 0.0000000000
74548  -55.590  -2.402  21.205 0.0000000000
49581  -26.531  -25.329  47.340 0.0000000000
49587  -26.063  -25.919  46.816 0.0000000000
154318  -26.591  -25.537  46.573 0.0000000000
49588  -26.326  -25.893  46.015 0.0000000000
49597  -26.729  -25.940  45.177 0.0000000000
48667  -26.322  -26.169  44.430 0.0000000000
149679  -25.689  -26.345  42.864 0.0000000000
136254  -25.447  -26.416  41.952 0.0000000000
48706  -25.555  -26.159  41.120 0.0000000000
144355  -29.643  -24.613  45.422 0.0000000000
49599  -28.342  -25.167  44.580 0.0000000000
50687  -28.816  -24.595  43.339 0.0000000000
49611  -28.298  -25.133  43.643 0.0000000000
49624  -27.630  -25.448  43.138 0.0000000000
49637  -26.614  -25.811  42.242 0.0000000000
49648  -26.079  -26.002  41.691 0.0000000000
48711  -25.016  -26.262  40.405 0.0000000000
49659  -25.166  -25.770  39.815 0.0000000000
50739  -24.899  -25.484  39.048 0.0000000000
50745  -24.779  -24.846  38.484 0.0000000000
162981  -24.019  -24.962  36.619 0.0000000000
50756  -23.801  -24.228  36.176 0.0000000000
56239  -30.358  -19.505  32.301 0.0000000000
62551  -40.037  -13.154  26.334 0.0000000000
140790  -40.460  -12.595  25.707 0.0000000000
63664  -41.328  -12.245  26.109 0.0000000000
63673  -41.043  -11.945  25.274 0.0000000000
64759  -41.432  -11.417  24.961 0.0000000000
134799  -44.000  -10.961  29.899 0.0000000000
134282  -43.758  -10.616  29.129 0.0000000000
134284  -44.145  -9.234  28.064 0.0000000000
65812  -43.502  -9.814  27.371 0.0000000000
65828  -42.971  -10.553  26.945 0.0000000000
144141  -50.549  -14.358  26.959 0.0000000000
61468  -50.724  -14.442  26.222 0.0000000000
146725  -52.208  -14.208  26.545 0.0000000000
158667  -36.099  -25.343  45.194 0.0000000000
49602  -36.918  -25.588  45.355 0.0000000000
49614  -36.378  -25.317  44.567 0.0000000000
49627  -37.823  -25.676  43.983 0.0000000000
51834  -35.981  -24.142  40.997 0.0000000000
49642  -40.717  -25.360  42.712 0.0000000000
49652  -39.423  -25.364  42.001 0.0000000000
49651  -38.646  -25.332  41.860 0.0000000000
50730  -38.664  -24.913  40.215 0.0000000000
136491  -38.170  -25.084  40.697 0.0000000000
51845  -36.213  -24.109  40.255 0.0000000000
51857  -35.790  -23.645  39.745 0.0000000000
52976  -34.991  -22.732  38.597 0.0000000000
52975  -34.578  -22.278  37.930 0.0000000000
148181  -34.145  -21.781  37.326 0.0000000000
52998  -34.838  -22.468  36.990 0.0000000000
53960  -33.689  -21.298  36.021 0.0000000000
55014  -33.055  -20.761  34.736 0.0000000000
55044  -32.421  -20.348  33.348 0.0000000000
56172  -43.060  -19.964  41.880 0.0000000000
56180  -42.559  -20.213  41.234 0.0000000000
158304  -41.973  -20.918  40.621 0.0000000000
56189  -41.764  -20.062  40.104 0.0000000000
54978  -41.644  -20.691  40.023 0.0000000000
53920  -41.461  -21.187  39.561 0.0000000000
52979  -41.218  -21.711  39.035 0.0000000000
51891  -38.983  -23.353  37.008 0.0000000000
55002  -39.098  -20.543  36.256 0.0000000000
53962  -39.414  -21.155  36.561 0.0000000000
53977  -38.756  -21.899  35.052 0.0000000000
53013  -39.081  -21.973  35.821 0.0000000000
53001  -38.961  -22.869  36.288 0.0000000000
51890  -38.335  -23.776  36.630 0.0000000000
53011  -35.363  -23.336  35.106 0.0000000000
162478  -34.590  -22.827  33.397 0.0000000000
53029  -34.680  -22.809  34.088 0.0000000000
54005  -33.645  -21.506  33.439 0.0000000000
55059  -31.846  -19.948  32.918 0.0000000000
59564  -34.116  -16.249  25.812 0.0000000000
63416  -43.703  -11.853  44.727 0.0000000000
63431  -43.912  -12.383  43.824 0.0000000000
63417  -44.505  -12.132  44.410 0.0000000000
63402  -45.462  -11.922  45.944 0.0000000000
62295  -45.876  -12.181  45.530 0.0000000000
47645  -22.370  -27.373  48.650 0.0000000000
47646  -23.195  -27.056  48.831 0.0000000000
48609  -24.035  -26.738  49.032 0.0000000000
48610  -24.416  -26.618  49.725 0.0000000000
144407  -25.193  -26.223  48.251 0.0000000000
49576  -25.693  -25.901  48.684 0.0000000000
49577  -26.271  -25.361  48.262 0.0000000000
50625  -26.704  -24.709  48.733 0.0000000000
51728  -28.430  -22.755  48.308 0.0000000000
51752  -28.365  -23.298  47.562 0.0000000000
51753  -29.455  -23.455  47.552 0.0000000000
51754  -30.433  -23.718  47.885 0.0000000000
51731  -31.380  -23.993  48.355 0.0000000000
50643  -31.831  -24.431  47.821 0.0000000000
50644  -32.642  -24.692  47.612 0.0000000000
50645  -33.711  -24.847  47.786 0.0000000000
49590  -35.116  -25.271  47.116 0.0000000000
49591  -35.998  -25.406  46.939 0.0000000000
49584  -36.601  -25.270  47.408 0.0000000000
49592  -36.868  -25.520  46.810 0.0000000000
137861  -37.103  -25.657  46.160 0.0000000000
49604  -38.471  -25.756  45.919 0.0000000000
50662  -39.043  -24.928  46.672 0.0000000000
49595  -39.093  -25.405  46.249 0.0000000000
49605  -39.343  -25.641  45.567 0.0000000000
49606  -40.169  -25.404  45.256 0.0000000000
50683  -40.981  -25.162  44.901 0.0000000000
51784  -41.068  -23.958  45.348 0.0000000000
50672  -41.391  -24.485  45.068 0.0000000000
50684  -41.651  -24.801  44.467 0.0000000000
51795  -42.697  -23.735  44.323 0.0000000000
52908  -43.107  -23.003  44.502 0.0000000000
52893  -43.389  -21.547  45.185 0.0000000000
52909  -43.510  -22.086  44.340 0.0000000000
53876  -43.773  -21.234  44.493 0.0000000000
54928  -43.991  -20.535  44.526 0.0000000000
56141  -44.075  -19.799  44.418 0.0000000000
54886  -43.066  -20.664  47.472 0.0000000000
56107  -43.447  -19.732  46.268 0.0000000000
57239  -43.627  -18.925  45.963 0.0000000000
57254  -43.936  -19.244  45.150 0.0000000000
57238  -43.744  -18.394  45.452 0.0000000000
59347  -43.113  -17.049  45.588 0.0000000000
152974  -42.982  -16.958  47.288 0.0000000000
152912  -42.763  -16.777  46.490 0.0000000000
59346  -42.461  -16.440  46.024 0.0000000000
60360  -41.757  -15.835  46.481 0.0000000000
60351  -40.724  -15.036  46.928 0.0000000000
153294  -41.023  -14.680  48.605 0.0000000000
134216  -39.927  -13.760  47.938 0.0000000000
153250  -39.720  -11.818  47.869 0.0000000000
152812  -41.142  -10.740  46.328 0.0000000000
64538  -42.779  -11.508  45.030 0.0000000000
63432  -44.799  -12.603  43.522 0.0000000000
63446  -45.481  -12.971  42.823 0.0000000000
62338  -46.007  -13.241  42.219 0.0000000000
134835  -46.358  -11.826  43.137 0.0000000000
62366  -46.755  -13.119  41.829 0.0000000000
148499  -46.716  -13.414  41.012 0.0000000000
62387  -47.035  -13.410  40.306 0.0000000000
62408  -47.238  -13.373  39.550 0.0000000000
63485  -47.907  -12.932  39.230 0.0000000000
65643  -46.802  -9.199  42.479 0.0000000000
154437  -47.365  -9.988  41.230 0.0000000000
66755  -47.758  -8.843  40.607 0.0000000000
65656  -47.838  -9.687  40.427 0.0000000000
134247  -47.818  -10.634  40.849 0.0000000000
142120  -48.374  -11.779  40.399 0.0000000000
63486  -48.400  -12.326  39.260 0.0000000000
63509  -48.245  -12.548  37.962 0.0000000000
157942  -48.444  -11.670  37.525 0.0000000000
134674  -48.280  -10.883  37.230 0.0000000000
153138  -47.790  -10.177  36.516 0.0000000000
136160  -48.819  -9.317  37.628 0.0000000000
134895  -48.337  -9.687  37.133 0.0000000000
137151  -47.682  -8.359  35.473 0.0000000000
68842  -47.925  -7.692  34.752 0.0000000000
68861  -48.456  -7.527  34.389 0.0000000000
71127  -49.629  -5.463  38.617 0.0000000000
70000  -50.075  -6.347  37.812 0.0000000000
70016  -50.398  -6.455  37.038 0.0000000000
70017  -50.979  -5.902  37.039 0.0000000000
68830  -49.662  -7.028  36.551 0.0000000000
150211  -49.393  -7.073  35.738 0.0000000000
68885  -48.586  -7.779  33.779 0.0000000000
67820  -49.343  -8.078  33.706 0.0000000000
66841  -50.998  -9.325  33.953 0.0000000000
66852  -50.391  -9.865  33.145 0.0000000000
65756  -49.848  -10.288  32.447 0.0000000000
65767  -50.061  -11.163  32.158 0.0000000000
64676  -50.263  -11.945  31.634 0.0000000000
63588  -50.748  -12.466  31.373 0.0000000000
68864  -53.024  -7.426  34.963 0.0000000000
67810  -52.825  -8.395  34.759 0.0000000000
65735  -52.665  -10.152  34.006 0.0000000000
66843  -54.006  -9.978  33.373 0.0000000000
65748  -53.231  -10.573  33.655 0.0000000000
64638  -52.450  -11.478  33.311 0.0000000000
64662  -52.239  -11.959  32.998 0.0000000000
63570  -51.689  -12.466  32.128 0.0000000000
140072  -50.891  -12.888  30.877 0.0000000000
63628  -51.024  -13.269  30.217 0.0000000000
62509  -51.724  -13.491  29.914 0.0000000000
155295  -52.347  -13.671  29.476 0.0000000000
63608  -53.656  -13.198  30.837 0.0000000000
62520  -53.275  -13.592  29.384 0.0000000000
62531  -52.518  -13.850  28.744 0.0000000000
141376  -52.734  -13.957  27.910 0.0000000000
62557  -53.751  -13.675  26.679 0.0000000000
70102  -55.301  -6.263  31.053 0.0000000000
68953  -55.301  -7.174  30.751 0.0000000000
148997  -55.490  -7.953  30.758 0.0000000000
70128  -52.103  -6.951  29.957 0.0000000000
70129  -53.283  -7.082  29.939 0.0000000000
67860  -53.162  -8.022  28.874 0.0000000000
68978  -53.741  -7.674  29.491 0.0000000000
68951  -54.372  -7.284  30.069 0.0000000000
68952  -55.255  -8.144  30.185 0.0000000000
67850  -55.704  -8.883  30.575 0.0000000000
65778  -56.216  -10.710  30.578 0.0000000000
64716  -56.433  -11.424  29.996 0.0000000000
63631  -56.281  -12.393  29.543 0.0000000000
62545  -54.763  -13.399  27.213 0.0000000000
63685  -55.577  -13.025  24.918 0.0000000000
63686  -56.523  -12.562  24.552 0.0000000000
65852  -56.727  -9.710  25.106 0.0000000000
64768  -57.699  -11.009  24.702 0.0000000000
70181  -48.588  -6.708  24.470 0.0000000000
71329  -50.180  -5.397  23.697 0.0000000000
71312  -48.925  -6.083  23.940 0.0000000000
69032  -48.533  -7.500  23.765 0.0000000000
67925  -48.794  -8.191  23.184 0.0000000000
67927  -49.983  -8.984  23.024 0.0000000000
66959  -51.517  -8.903  22.780 0.0000000000
144212  -51.307  -4.702  21.955 0.0000000000
72535  -50.430  -5.035  21.997 0.0000000000
70210  -48.559  -6.579  20.568 0.0000000000
69047  -48.598  -7.285  20.963 0.0000000000
69043  -48.529  -7.381  21.840 0.0000000000
139254  -49.372  -8.315  21.767 0.0000000000
67935  -51.051  -8.558  21.895 0.0000000000
67936  -52.095  -8.454  22.062 0.0000000000
47662  -19.823  -27.954  46.268 0.0000000000
47675  -18.781  -27.924  45.325 0.0000000000
143289  -19.229  -27.635  44.159 0.0000000000
151024  -15.853  -26.356  40.967 0.0000000000
48709  -16.521  -26.244  40.541 0.0000000000
48650  -24.937  -26.397  45.826 0.0000000000
136038  -24.197  -26.554  45.251 0.0000000000
48681  -23.416  -26.673  43.830 0.0000000000
135664  -22.675  -26.814  43.391 0.0000000000
135656  -21.989  -26.937  42.903 0.0000000000
152653  -20.417  -26.994  41.001 0.0000000000
135987  -23.571  -26.849  40.189 0.0000000000
135813  -22.637  -26.953  40.392 0.0000000000
135814  -21.025  -26.975  40.483 0.0000000000
135816  -19.072  -26.432  40.001 0.0000000000
140154  -17.915  -25.862  38.827 0.0000000000
48725  -18.211  -25.843  38.320 0.0000000000
48724  -17.503  -26.131  38.224 0.0000000000
46856  -20.018  -28.477  34.345 0.0000000000
155736  -33.698  -24.445  44.050 0.0000000000
50699  -34.122  -24.064  42.751 0.0000000000
50692  -33.506  -24.168  43.360 0.0000000000
51818  -32.277  -23.492  42.614 0.0000000000
51828  -31.000  -23.117  42.023 0.0000000000
52937  -29.976  -22.700  41.369 0.0000000000
135629  -33.193  -22.374  40.005 0.0000000000
159539  -33.109  -22.615  40.465 0.0000000000
52947  -32.507  -22.478  40.420 0.0000000000
53918  -30.859  -21.715  39.311 0.0000000000
52957  -31.038  -22.125  40.085 0.0000000000
52946  -31.592  -22.479  40.665 0.0000000000
52945  -30.671  -22.478  40.855 0.0000000000
52944  -29.747  -22.339  40.558 0.0000000000
52936  -29.129  -22.705  41.251 0.0000000000
52955  -27.702  -22.301  39.947 0.0000000000
154967  -27.102  -22.293  39.530 0.0000000000
52973  -26.147  -22.386  38.705 0.0000000000
53924  -26.490  -21.916  38.137 0.0000000000
53923  -25.873  -22.241  38.068 0.0000000000
52986  -25.345  -22.453  37.691 0.0000000000
52985  -24.772  -22.817  37.298 0.0000000000
51894  -23.620  -23.442  35.676 0.0000000000
50769  -23.004  -24.027  34.569 0.0000000000
56224  -29.140  -19.682  33.319 0.0000000000
56236  -27.481  -19.637  32.546 0.0000000000
55040  -27.387  -19.959  33.441 0.0000000000
161623  -26.974  -20.228  33.894 0.0000000000
55022  -26.529  -20.492  34.325 0.0000000000
55056  -25.510  -20.425  32.908 0.0000000000
55038  -25.759  -20.503  33.750 0.0000000000
55021  -25.627  -20.796  34.472 0.0000000000
142854  -24.258  -21.500  34.332 0.0000000000
53986  -23.697  -21.958  33.952 0.0000000000
53028  -23.347  -22.427  33.548 0.0000000000
53019  -23.335  -22.644  34.340 0.0000000000
51902  -22.949  -23.396  34.108 0.0000000000
50768  -22.715  -24.244  33.800 0.0000000000
50779  -22.570  -24.813  33.034 0.0000000000
143345  -22.559  -25.946  32.148 0.0000000000
45938  -20.307  -29.313  34.030 0.0000000000
46844  -18.761  -28.776  35.435 0.0000000000
47643  -20.783  -27.922  48.304 0.0000000000
47665  -22.227  -27.192  46.705 0.0000000000
47822  -22.662  -27.391  31.842 0.0000000000
48629  -24.166  -26.627  47.465 0.0000000000
48682  -25.094  -26.485  43.709 0.0000000000
48683  -25.994  -26.276  43.678 0.0000000000
48738  -23.677  -26.588  37.186 0.0000000000
50638  -26.752  -24.782  47.949 0.0000000000
50654  -28.357  -24.536  46.208 0.0000000000
50704  -41.615  -24.994  42.723 0.0000000000
50720  -42.117  -24.462  42.195 0.0000000000
50728  -36.987  -24.561  39.955 0.0000000000
50731  -39.512  -24.781  40.438 0.0000000000
50733  -41.146  -24.218  40.749 0.0000000000
50747  -37.401  -24.462  38.507 0.0000000000
50761  -23.007  -24.911  34.608 0.0000000000
50815  -23.030  -24.802  31.669 0.0000000000
51808  -42.852  -23.912  43.489 0.0000000000
51817  -31.403  -23.419  42.652 0.0000000000
51825  -27.679  -23.390  41.301 0.0000000000
51836  -42.275  -23.843  41.524 0.0000000000
51842  -33.881  -23.138  40.973 0.0000000000
51866  -24.886  -23.954  38.427 0.0000000000
51877  -24.608  -23.603  37.609 0.0000000000
51878  -35.968  -23.753  37.156 0.0000000000
51895  -35.933  -23.837  34.703 0.0000000000
51898  -38.239  -23.604  35.788 0.0000000000
51905  -36.699  -23.951  34.264 0.0000000000
51916  -37.368  -23.620  33.999 0.0000000000
51922  -22.870  -23.608  32.482 0.0000000000
52928  -43.079  -22.633  42.172 0.0000000000
52943  -27.680  -22.749  40.712 0.0000000000
52951  -42.342  -22.335  40.885 0.0000000000
52958  -31.869  -22.183  40.039 0.0000000000
52971  -25.049  -23.105  38.030 0.0000000000
52978  -40.707  -22.304  38.506 0.0000000000
52996  -24.379  -22.595  36.470 0.0000000000
53000  -38.671  -22.734  35.436 0.0000000000
53008  -23.614  -22.710  35.245 0.0000000000
53032  -37.699  -23.012  33.563 0.0000000000
53041  -23.160  -22.789  32.790 0.0000000000
53044  -35.672  -23.444  32.335 0.0000000000
53062  -36.161  -22.831  30.787 0.0000000000
53078  -33.944  -22.754  30.659 0.0000000000
53081  -35.884  -22.604  30.111 0.0000000000
53096  -34.847  -23.222  29.476 0.0000000000
53112  -34.964  -22.996  28.676 0.0000000000
53128  -33.132  -23.067  27.231 0.0000000000
53833  -44.056  -21.011  47.844 0.0000000000
53886  -43.758  -21.442  43.632 0.0000000000
53909  -42.236  -21.498  40.904 0.0000000000
53921  -41.832  -21.332  40.236 0.0000000000
53928  -30.720  -21.283  38.569 0.0000000000
53931  -33.230  -21.821  38.804 0.0000000000
53932  -40.734  -21.428  38.401 0.0000000000
53940  -28.932  -20.961  37.477 0.0000000000
53972  -24.447  -21.674  35.228 0.0000000000
53978  -38.978  -21.189  35.786 0.0000000000
53987  -24.938  -21.196  34.746 0.0000000000
53988  -33.643  -21.376  34.284 0.0000000000
54003  -24.062  -21.490  33.519 0.0000000000
54020  -34.281  -22.663  32.197 0.0000000000
54055  -35.567  -22.103  29.112 0.0000000000
54071  -34.742  -22.160  27.717 0.0000000000
54139  -32.965  -21.971  25.993 0.0000000000
54899  -43.133  -20.265  46.954 0.0000000000
54943  -43.718  -20.820  43.054 0.0000000000
54956  -43.353  -20.391  42.415 0.0000000000
54970  -42.336  -20.832  41.127 0.0000000000
54982  -40.907  -20.540  38.981 0.0000000000
54985  -28.786  -20.782  36.785 0.0000000000
54998  -30.014  -20.504  36.325 0.0000000000
55000  -31.659  -20.567  36.642 0.0000000000
55001  -33.023  -20.851  36.480 0.0000000000
55003  -39.553  -20.541  36.969 0.0000000000
55012  -30.682  -20.248  35.290 0.0000000000
55015  -38.720  -20.526  35.585 0.0000000000
55028  -38.211  -20.793  34.473 0.0000000000
55043  -31.494  -19.982  33.693 0.0000000000
55061  -33.266  -21.208  31.979 0.0000000000
55106  -35.784  -20.733  29.872 0.0000000000
55125  -35.393  -21.535  28.724 0.0000000000
55160  -33.951  -21.974  26.786 0.0000000000
56091  -43.090  -19.715  46.599 0.0000000000
56155  -44.006  -19.472  43.512 0.0000000000
56196  -40.911  -20.053  39.024 0.0000000000
56200  -40.216  -19.952  37.841 0.0000000000
56202  -39.348  -19.888  36.645 0.0000000000
56216  -38.225  -19.897  34.919 0.0000000000
56223  -28.158  -19.714  33.117 0.0000000000
56227  -37.610  -19.796  33.598 0.0000000000
57224  -43.341  -18.082  46.551 0.0000000000
57326  -40.918  -19.376  39.013 0.0000000000
57328  -40.181  -19.291  37.860 0.0000000000
57331  -38.953  -19.272  36.121 0.0000000000
57346  -37.339  -18.521  33.267 0.0000000000
57388  -35.024  -18.678  28.991 0.0000000000
57409  -33.882  -19.004  27.157 0.0000000000
58278  -41.968  -16.837  43.459 0.0000000000
58340  -39.701  -17.473  39.520 0.0000000000
58341  -40.537  -18.098  39.500 0.0000000000
58353  -39.247  -17.635  38.190 0.0000000000
58365  -38.677  -17.211  37.610 0.0000000000
58375  -38.317  -17.856  35.687 0.0000000000
59378  -40.593  -16.430  42.796 0.0000000000
59419  -38.640  -16.384  38.597 0.0000000000
59530  -36.784  -16.705  31.244 0.0000000000
60374  -39.729  -15.128  43.946 0.0000000000
60407  -38.906  -14.817  38.694 0.0000000000
60448  -37.714  -15.919  33.471 0.0000000000
60467  -37.658  -15.656  31.947 0.0000000000
60482  -36.399  -16.009  28.802 0.0000000000
60483  -37.151  -15.219  28.071 0.0000000000
60494  -34.829  -15.955  26.137 0.0000000000
61310  -39.113  -14.303  42.775 0.0000000000
61349  -45.631  -14.357  38.229 0.0000000000
61369  -40.660  -14.232  36.347 0.0000000000
61395  -41.314  -14.492  34.312 0.0000000000
61397  -43.057  -14.488  34.119 0.0000000000
61398  -43.855  -14.254  34.190 0.0000000000
61417  -39.669  -14.638  32.524 0.0000000000
61440  -40.027  -14.502  30.672 0.0000000000
61442  -41.578  -13.949  30.527 0.0000000000
61443  -42.175  -13.841  30.829 0.0000000000
61458  -38.326  -14.479  27.572 0.0000000000
61474  -34.949  -15.178  24.872 0.0000000000
61485  -36.259  -14.390  24.418 0.0000000000
62337  -45.284  -13.361  42.078 0.0000000000
62361  -40.071  -13.067  40.922 0.0000000000
62365  -46.032  -13.551  41.411 0.0000000000
62367  -47.319  -13.091  41.037 0.0000000000
62386  -46.362  -13.699  40.449 0.0000000000
62421  -42.738  -13.774  38.425 0.0000000000
62423  -44.373  -14.239  38.791 0.0000000000
62437  -43.137  -14.136  37.953 0.0000000000
62482  -44.730  -13.458  33.307 0.0000000000
62490  -44.021  -13.500  32.207 0.0000000000
62516  -42.455  -13.215  29.703 0.0000000000
62526  -41.471  -13.471  28.857 0.0000000000
62540  -41.044  -13.139  27.384 0.0000000000
62550  -39.280  -13.452  26.148 0.0000000000
62588  -37.637  -13.440  23.943 0.0000000000
63415  -39.853  -12.206  44.441 0.0000000000
63418  -45.557  -11.655  45.317 0.0000000000
63455  -39.680  -12.873  42.210 0.0000000000
63458  -42.520  -12.657  41.693 0.0000000000
63496  -47.901  -12.985  38.301 0.0000000000
63497  -48.342  -12.467  38.597 0.0000000000
63522  -48.240  -12.294  37.441 0.0000000000
63589  -51.380  -12.703  31.538 0.0000000000
64528  -45.043  -11.391  46.138 0.0000000000
64529  -45.342  -11.579  45.627 0.0000000000
64540  -44.943  -11.685  45.035 0.0000000000
64566  -48.610  -11.813  39.646 0.0000000000
64639  -53.119  -11.339  33.320 0.0000000000
64640  -53.974  -10.949  33.069 0.0000000000
64659  -45.207  -11.807  32.593 0.0000000000
64661  -51.625  -12.021  32.694 0.0000000000
64678  -53.781  -12.246  32.395 0.0000000000
64680  -55.492  -12.017  31.485 0.0000000000
65746  -51.981  -10.955  33.619 0.0000000000
65747  -52.587  -10.860  33.670 0.0000000000
65758  -51.418  -11.318  33.110 0.0000000000
65766  -49.567  -11.205  31.423 0.0000000000
65816  -55.230  -10.007  27.665 0.0000000000
66765  -48.175  -8.986  39.980 0.0000000000
66766  -48.437  -8.380  39.700 0.0000000000
66782  -48.782  -9.648  39.323 0.0000000000
66830  -52.704  -9.347  34.404 0.0000000000
66872  -56.039  -9.778  30.139 0.0000000000
66900  -52.010  -9.140  26.918 0.0000000000
66901  -52.236  -8.860  27.527 0.0000000000
66913  -50.796  -9.166  25.707 0.0000000000
66937  -49.734  -9.013  24.144 0.0000000000
66947  -50.096  -9.154  23.799 0.0000000000
66948  -51.564  -9.261  23.635 0.0000000000
66960  -52.530  -8.685  22.812 0.0000000000
67746  -48.729  -7.833  39.422 0.0000000000
67753  -49.015  -7.965  39.129 0.0000000000
67761  -49.188  -8.118  39.064 0.0000000000
67790  -48.209  -8.112  36.034 0.0000000000
67872  -46.093  -8.970  28.296 0.0000000000
67911  -50.240  -9.173  24.735 0.0000000000
67926  -49.386  -8.762  23.615 0.0000000000
67934  -49.335  -8.564  22.663 0.0000000000
67937  -53.068  -8.334  22.131 0.0000000000
68848  -53.018  -6.482  35.160 0.0000000000
68860  -47.900  -7.699  33.927 0.0000000000
68886  -54.655  -7.184  33.387 0.0000000000
68928  -55.570  -7.351  31.374 0.0000000000
69015  -49.025  -7.562  26.517 0.0000000000
70019  -52.152  -5.785  35.998 0.0000000000
70020  -52.379  -5.572  35.723 0.0000000000
70036  -52.690  -5.855  35.464 0.0000000000
70077  -54.357  -6.256  33.894 0.0000000000
70078  -55.145  -6.408  32.944 0.0000000000
70117  -54.960  -6.805  30.527 0.0000000000
70193  -48.529  -6.621  22.414 0.0000000000
70201  -48.534  -6.592  21.451 0.0000000000
71137  -50.079  -5.588  37.827 0.0000000000
71153  -51.526  -5.372  36.723 0.0000000000
71172  -53.111  -5.220  35.165 0.0000000000
71206  -55.387  -5.004  32.336 0.0000000000
71218  -55.492  -5.731  31.697 0.0000000000
71313  -50.444  -5.393  24.363 0.0000000000
71355  -48.722  -5.887  20.946 0.0000000000
71368  -49.117  -5.315  20.379 0.0000000000
72350  -52.492  -4.615  35.619 0.0000000000
72366  -54.212  -4.235  34.363 0.0000000000
72367  -54.700  -4.312  33.664 0.0000000000
72537  -52.956  -4.809  22.574 0.0000000000
72547  -49.981  -5.022  21.431 0.0000000000
72550  -53.426  -4.333  22.117 0.0000000000
72561  -51.349  -4.213  21.145 0.0000000000
73397  -52.313  -3.689  35.912 0.0000000000
73405  -53.415  -3.365  35.357 0.0000000000
73416  -54.860  -3.170  33.243 0.0000000000
73425  -54.747  -3.210  32.622 0.0000000000
73435  -54.547  -3.314  32.307 0.0000000000
74394  -53.767  -2.522  35.235 0.0000000000
134251  -48.007  -11.538  41.137 0.0000000000
134255  -48.417  -10.453  40.013 0.0000000000
134256  -48.107  -10.346  40.271 0.0000000000
134259  -48.511  -9.886  39.697 0.0000000000
134265  -48.706  -11.866  38.879 0.0000000000
134267  -48.937  -10.439  38.773 0.0000000000
134593  -44.092  -16.655  47.656 0.0000000000
134653  -46.748  -10.965  42.747 0.0000000000
134685  -39.506  -13.609  45.927 0.0000000000
134759  -48.832  -11.073  39.249 0.0000000000
134908  -49.009  -9.083  38.959 0.0000000000
135313  -41.324  -17.807  40.956 0.0000000000
135399  -29.083  -24.809  44.805 0.0000000000
136875  -43.872  -18.730  43.832 0.0000000000
137185  -38.304  -17.226  36.318 0.0000000000
137460  -51.951  -9.619  24.991 0.0000000000
137816  -50.910  -5.302  23.926 0.0000000000
137904  -27.054  -25.739  42.793 0.0000000000
137934  -41.601  -17.300  42.208 0.0000000000
138316  -41.720  -11.589  25.652 0.0000000000
139047  -19.577  -27.874  45.578 0.0000000000
139188  -26.621  -26.104  43.757 0.0000000000
139734  -26.021  -25.751  41.140 0.0000000000
139968  -48.883  -10.297  39.209 0.0000000000
140214  -28.257  -21.254  37.927 0.0000000000
143574  -40.133  -25.586  43.047 0.0000000000
143672  -41.653  -14.516  33.637 0.0000000000
144585  -35.080  -20.865  28.339 0.0000000000
145412  -43.745  -19.700  45.793 0.0000000000
146721  -49.317  -5.624  22.639 0.0000000000
146773  -39.421  -21.921  36.465 0.0000000000
148063  -55.036  -3.798  32.656 0.0000000000
149362  -30.243  -23.065  42.010 0.0000000000
149700  -53.183  -9.042  34.394 0.0000000000
149955  -55.161  -5.367  31.402 0.0000000000
150247  -39.937  -14.510  34.004 0.0000000000
150383  -46.324  -13.193  45.524 0.0000000000
150614  -56.426  -10.742  29.445 0.0000000000
150706  -40.010  -25.470  42.501 0.0000000000
151308  -52.759  -4.036  35.595 0.0000000000
151888  -38.553  -15.533  37.416 0.0000000000
152086  -54.952  -3.843  33.227 0.0000000000
152300  -39.064  -14.147  40.821 0.0000000000
152498  -48.958  -5.367  19.636 0.0000000000
152913  -44.496  -17.376  47.827 0.0000000000
152981  -39.599  -12.481  44.924 0.0000000000
153114  -43.490  -17.534  46.591 0.0000000000
153248  -43.080  -10.007  46.879 0.0000000000
153432  -41.364  -14.371  31.750 0.0000000000
154343  -27.546  -20.300  34.407 0.0000000000
154909  -40.927  -16.876  42.317 0.0000000000
155039  -44.151  -14.352  38.311 0.0000000000
156658  -35.766  -24.274  41.789 0.0000000000
156852  -39.358  -13.044  44.729 0.0000000000
157344  -25.056  -24.609  38.951 0.0000000000
157392  -34.129  -22.997  40.554 0.0000000000
157399  -49.456  -7.766  38.770 0.0000000000
157536  -20.761  -27.446  45.194 0.0000000000
158030  -49.816  -6.157  38.405 0.0000000000
158380  -48.567  -7.114  25.142 0.0000000000
158928  -39.215  -21.503  36.160 0.0000000000
158952  -39.656  -12.271  45.547 0.0000000000
159575  -38.073  -20.297  34.534 0.0000000000
159982  -52.947  -7.135  35.032 0.0000000000
160256  -41.113  -11.488  44.723 0.0000000000
160696  -25.143  -26.322  46.423 0.0000000000
160733  -38.763  -13.736  26.214 0.0000000000
160757  -41.778  -23.851  45.130 0.0000000000
160844  -48.732  -7.673  25.265 0.0000000000
161059  -30.414  -22.241  40.334 0.0000000000
161253  -36.495  -21.872  31.113 0.0000000000
161449  -42.313  -13.525  38.901 0.0000000000
161939  -34.926  -17.028  27.856 0.0000000000
162006  -47.504  -9.382  40.845 0.0000000000
162020  -32.073  -21.751  39.127 0.0000000000
162680  -50.656  -8.906  22.634 0.0000000000
162823  -41.664  -22.693  39.857 0.0000000000
162874  -45.827  -9.128  32.455 0.0000000000
163164  -33.757  -22.673  26.801 0.0000000000
