#!ascii label  , from subject sub-v2s7x29794_ses-1 vox2ras=TkReg
1428
63336  13.036  -6.387  53.741 0.0000000000
52712  8.772  -16.242  40.085 0.0000000000
56848  8.697  -12.669  59.057 0.0000000000
62202  7.450  -7.695  54.435 0.0000000000
64541  11.127  -5.675  45.224 0.0000000000
61127  11.883  -8.571  59.542 0.0000000000
65586  7.794  -4.962  59.397 0.0000000000
151363  17.254  -8.522  51.514 0.0000000000
57908  15.062  -11.639  56.577 0.0000000000
140049  10.563  -15.422  58.471 0.0000000000
68622  4.386  -1.984  51.310 0.0000000000
62255  10.012  -7.012  49.474 0.0000000000
68654  4.161  -1.925  45.928 0.0000000000
52555  4.866  -16.095  56.838 0.0000000000
56886  4.397  -12.931  53.302 0.0000000000
58980  7.359  -10.162  56.997 0.0000000000
140162  5.464  -3.659  56.122 0.0000000000
57989  6.305  -11.395  48.405 0.0000000000
59126  6.599  -11.003  42.670 0.0000000000
61308  5.962  -8.392  37.406 0.0000000000
68723  11.485  -1.164  41.288 0.0000000000
154746  13.179  -6.781  57.742 0.0000000000
64442  10.747  -5.071  57.339 0.0000000000
62208  14.798  -7.745  52.322 0.0000000000
61147  16.839  -8.995  54.925 0.0000000000
62193  15.233  -7.980  55.961 0.0000000000
58969  13.515  -10.265  58.524 0.0000000000
68638  4.115  -2.214  48.639 0.0000000000
54733  6.797  -14.293  57.663 0.0000000000
56864  6.113  -13.272  56.896 0.0000000000
57907  7.954  -11.820  57.708 0.0000000000
67641  7.156  -2.562  56.353 0.0000000000
65597  6.285  -4.535  58.068 0.0000000000
154047  9.645  -14.157  60.166 0.0000000000
51323  9.101  -16.626  58.074 0.0000000000
52542  8.535  -15.750  58.303 0.0000000000
51326  6.536  -16.936  57.693 0.0000000000
58999  7.709  -10.563  53.778 0.0000000000
150396  4.912  -11.841  50.632 0.0000000000
59006  8.822  -10.937  51.654 0.0000000000
63421  9.760  -6.201  46.852 0.0000000000
60106  11.145  -9.660  46.435 0.0000000000
61252  11.041  -8.820  43.326 0.0000000000
60189  7.022  -10.008  40.032 0.0000000000
63445  10.220  -7.909  41.391 0.0000000000
134930  10.232  -10.628  60.576 0.0000000000
60027  8.353  -8.701  59.143 0.0000000000
63313  10.190  -6.398  59.936 0.0000000000
66657  8.806  -4.096  57.625 0.0000000000
61171  19.548  -8.611  51.250 0.0000000000
152397  17.632  -12.645  51.098 0.0000000000
58990  18.123  -10.666  53.859 0.0000000000
55793  16.761  -13.750  55.180 0.0000000000
54735  13.276  -13.925  58.136 0.0000000000
56845  12.210  -11.775  60.402 0.0000000000
64457  5.306  -5.603  52.897 0.0000000000
63344  9.237  -7.255  51.988 0.0000000000
142527  5.272  -5.093  50.300 0.0000000000
138482  6.119  -4.897  47.996 0.0000000000
65694  7.311  -4.032  46.138 0.0000000000
63356  13.247  -5.952  51.656 0.0000000000
61166  23.857  -7.912  50.200 0.0000000000
64475  23.919  -5.118  50.671 0.0000000000
62263  18.777  -6.792  48.722 0.0000000000
62267  15.759  -7.029  48.827 0.0000000000
50163  4.485  -17.959  54.374 0.0000000000
152164  3.501  -16.083  52.798 0.0000000000
149609  4.710  -14.242  55.287 0.0000000000
159756  6.298  -12.099  55.945 0.0000000000
61145  6.566  -8.669  55.980 0.0000000000
156038  7.570  -8.054  58.276 0.0000000000
62188  6.653  -6.939  57.216 0.0000000000
63329  5.562  -6.191  55.334 0.0000000000
67668  4.421  -2.710  53.253 0.0000000000
53754  3.019  -15.035  49.840 0.0000000000
54841  3.149  -14.359  46.985 0.0000000000
54869  4.723  -14.105  44.865 0.0000000000
59022  9.859  -10.763  49.253 0.0000000000
157051  6.022  -11.010  45.589 0.0000000000
55961  5.783  -13.424  40.394 0.0000000000
57080  5.454  -12.134  37.355 0.0000000000
57122  4.413  -11.479  34.786 0.0000000000
69684  4.910  -1.458  43.764 0.0000000000
67761  7.015  -2.847  43.353 0.0000000000
67791  6.995  -2.300  41.037 0.0000000000
152367  11.565  -3.113  43.525 0.0000000000
64579  10.727  -5.626  40.687 0.0000000000
63326  13.396  -6.643  55.648 0.0000000000
148009  12.362  -5.972  55.957 0.0000000000
64448  11.986  -5.333  54.154 0.0000000000
62206  13.733  -6.952  53.133 0.0000000000
62198  15.152  -7.841  54.545 0.0000000000
62195  13.916  -6.962  55.208 0.0000000000
62190  14.262  -7.323  56.648 0.0000000000
52723  8.187  -17.024  38.677 0.0000000000
53883  8.786  -15.460  38.630 0.0000000000
55770  8.055  -13.690  58.295 0.0000000000
55775  7.766  -13.490  58.007 0.0000000000
56853  8.547  -12.220  58.590 0.0000000000
56931  19.729  -11.560  49.626 0.0000000000
134643  9.152  -14.145  59.698 0.0000000000
53673  8.895  -15.239  58.607 0.0000000000
54727  8.522  -14.360  58.643 0.0000000000
53676  7.492  -15.146  57.947 0.0000000000
60050  7.983  -9.291  54.269 0.0000000000
57926  7.986  -10.795  52.997 0.0000000000
60056  9.059  -9.346  53.228 0.0000000000
63426  10.785  -6.200  45.860 0.0000000000
141069  11.459  -7.938  45.070 0.0000000000
62294  11.530  -7.474  44.493 0.0000000000
61261  10.677  -8.560  42.317 0.0000000000
63437  11.655  -6.635  43.447 0.0000000000
60021  11.025  -9.477  59.717 0.0000000000
62166  10.040  -8.060  59.893 0.0000000000
63312  11.180  -6.696  59.848 0.0000000000
65594  9.768  -4.576  57.495 0.0000000000
66664  8.555  -2.775  55.907 0.0000000000
151806  18.456  -8.425  51.118 0.0000000000
60053  18.676  -10.081  52.944 0.0000000000
61152  17.934  -9.219  53.026 0.0000000000
58983  16.045  -10.418  55.972 0.0000000000
57916  16.434  -11.558  55.400 0.0000000000
55783  16.062  -12.988  56.151 0.0000000000
55779  14.129  -12.965  57.648 0.0000000000
136301  12.824  -8.989  59.181 0.0000000000
57901  12.490  -10.892  59.490 0.0000000000
58959  11.754  -10.349  59.551 0.0000000000
56841  11.164  -11.209  60.926 0.0000000000
66690  4.035  -3.647  52.152 0.0000000000
161080  5.645  -5.534  51.416 0.0000000000
157877  4.149  -3.976  50.806 0.0000000000
68646  3.877  -2.351  47.487 0.0000000000
65665  3.844  -4.114  48.134 0.0000000000
66744  4.432  -4.072  47.037 0.0000000000
65684  6.469  -4.439  47.096 0.0000000000
66757  4.958  -3.472  45.795 0.0000000000
62248  20.043  -7.108  49.927 0.0000000000
51346  4.155  -16.355  55.349 0.0000000000
52570  3.780  -15.603  54.923 0.0000000000
54742  3.903  -15.123  56.133 0.0000000000
57913  7.077  -11.434  56.835 0.0000000000
57918  6.527  -12.074  56.333 0.0000000000
57917  6.974  -10.939  56.458 0.0000000000
58989  6.822  -10.482  56.099 0.0000000000
60040  7.146  -9.226  56.875 0.0000000000
63310  8.099  -6.571  59.704 0.0000000000
161467  8.078  -8.375  58.912 0.0000000000
63315  7.398  -6.178  59.026 0.0000000000
66662  5.818  -3.721  57.070 0.0000000000
64439  6.133  -5.111  57.720 0.0000000000
64444  5.571  -5.137  56.478 0.0000000000
150487  5.873  -6.441  56.169 0.0000000000
64447  5.265  -5.256  55.535 0.0000000000
65610  4.641  -4.492  54.446 0.0000000000
66672  5.128  -3.230  55.146 0.0000000000
152403  17.131  -13.069  51.906 0.0000000000
54794  17.354  -13.293  50.536 0.0000000000
51335  11.378  -16.523  57.447 0.0000000000
50153  10.263  -17.571  56.724 0.0000000000
51337  10.156  -17.040  57.554 0.0000000000
50132  8.136  -17.622  57.847 0.0000000000
49034  8.723  -18.184  57.241 0.0000000000
51328  5.457  -16.394  57.278 0.0000000000
51338  4.982  -17.149  56.464 0.0000000000
55811  3.566  -14.078  52.784 0.0000000000
142301  3.253  -15.299  51.639 0.0000000000
55831  3.715  -13.411  51.790 0.0000000000
57970  5.490  -11.579  49.479 0.0000000000
56933  3.802  -12.664  49.420 0.0000000000
144507  3.829  -12.207  47.988 0.0000000000
54856  3.680  -14.102  46.090 0.0000000000
58025  4.032  -12.499  46.355 0.0000000000
63369  8.993  -6.641  50.675 0.0000000000
61186  10.500  -8.560  50.523 0.0000000000
61194  10.700  -8.443  49.558 0.0000000000
59092  9.193  -10.678  44.705 0.0000000000
59055  8.621  -11.016  46.150 0.0000000000
59095  6.682  -10.917  44.250 0.0000000000
139707  5.139  -12.148  44.196 0.0000000000
57041  6.075  -12.179  41.796 0.0000000000
55992  5.787  -12.895  38.784 0.0000000000
57060  5.773  -12.031  39.704 0.0000000000
61290  6.840  -8.812  38.989 0.0000000000
60219  5.596  -10.192  37.384 0.0000000000
137128  5.056  -10.003  35.467 0.0000000000
137266  5.007  -0.927  42.562 0.0000000000
67763  4.972  -2.524  43.630 0.0000000000
67778  5.825  -2.824  42.394 0.0000000000
68739  8.613  -0.970  39.533 0.0000000000
68712  9.681  -1.058  41.741 0.0000000000
68698  9.139  -1.467  42.420 0.0000000000
67774  11.745  -2.179  42.464 0.0000000000
64568  11.919  -4.902  42.391 0.0000000000
66813  12.301  -3.794  41.336 0.0000000000
153956  13.108  -7.122  58.604 0.0000000000
63318  11.881  -5.968  58.538 0.0000000000
64436  12.030  -5.771  56.747 0.0000000000
61175  15.746  -8.147  51.137 0.0000000000
61153  17.440  -8.953  53.390 0.0000000000
61155  15.953  -8.347  53.191 0.0000000000
61143  16.353  -8.993  55.680 0.0000000000
58979  15.047  -10.186  56.873 0.0000000000
58974  14.558  -10.477  57.321 0.0000000000
61133  14.567  -8.913  57.704 0.0000000000
62180  13.687  -8.008  58.585 0.0000000000
69634  4.621  -0.632  50.694 0.0000000000
67705  4.220  -2.661  50.036 0.0000000000
69637  4.587  -0.633  49.764 0.0000000000
142006  4.568  -0.504  47.975 0.0000000000
70736  4.539  -0.192  46.512 0.0000000000
53682  5.928  -15.218  57.512 0.0000000000
54740  5.071  -14.651  56.958 0.0000000000
55781  6.451  -13.818  57.441 0.0000000000
56859  7.575  -12.679  57.692 0.0000000000
58976  7.890  -9.943  57.703 0.0000000000
66659  7.034  -3.482  57.954 0.0000000000
65592  6.982  -4.511  58.766 0.0000000000
66660  6.691  -3.535  57.801 0.0000000000
67643  6.331  -2.804  56.580 0.0000000000
68581  5.863  -2.321  55.837 0.0000000000
68590  5.522  -1.661  54.867 0.0000000000
53671  10.017  -14.959  59.381 0.0000000000
152216  9.630  -16.244  58.160 0.0000000000
52540  9.356  -15.565  58.561 0.0000000000
51319  8.564  -16.423  58.117 0.0000000000
51324  7.966  -17.255  57.922 0.0000000000
50134  6.719  -17.894  57.761 0.0000000000
51321  7.506  -16.650  57.841 0.0000000000
147918  6.717  -15.375  57.695 0.0000000000
57929  5.950  -12.120  53.207 0.0000000000
57934  4.660  -12.292  52.024 0.0000000000
57932  6.520  -11.698  52.474 0.0000000000
135677  7.074  -11.526  51.055 0.0000000000
57949  7.782  -11.432  50.521 0.0000000000
63400  9.913  -6.662  47.683 0.0000000000
141510  11.074  -8.535  47.678 0.0000000000
62276  11.005  -7.779  46.994 0.0000000000
60130  10.639  -9.950  44.741 0.0000000000
60143  8.693  -10.332  42.778 0.0000000000
60160  7.359  -10.564  41.692 0.0000000000
60157  9.326  -9.635  42.125 0.0000000000
61271  8.630  -9.117  40.717 0.0000000000
139405  8.657  -7.857  40.217 0.0000000000
68737  11.091  -0.584  39.860 0.0000000000
66812  12.616  -2.792  40.137 0.0000000000
68735  12.475  -1.597  39.036 0.0000000000
56847  9.107  -12.523  59.889 0.0000000000
146945  8.718  -11.084  58.908 0.0000000000
58963  9.497  -9.778  59.891 0.0000000000
62167  9.338  -7.996  59.899 0.0000000000
64423  8.782  -5.726  59.872 0.0000000000
64433  10.482  -5.531  59.194 0.0000000000
65595  9.286  -4.627  58.508 0.0000000000
65596  8.313  -4.278  58.581 0.0000000000
67640  7.689  -2.912  56.590 0.0000000000
61158  20.500  -8.961  50.740 0.0000000000
57930  20.003  -11.271  50.146 0.0000000000
58996  19.018  -10.158  51.480 0.0000000000
60041  17.725  -10.243  54.736 0.0000000000
56871  17.064  -12.784  54.621 0.0000000000
53724  16.218  -14.284  53.545 0.0000000000
53689  12.633  -15.490  57.648 0.0000000000
53677  12.471  -14.352  58.346 0.0000000000
56851  13.529  -11.959  58.280 0.0000000000
55774  12.456  -13.351  59.335 0.0000000000
54732  11.349  -14.393  59.347 0.0000000000
140193  10.818  -13.406  60.524 0.0000000000
56843  9.837  -12.445  60.503 0.0000000000
136013  7.098  -6.544  53.453 0.0000000000
63338  8.140  -7.131  53.296 0.0000000000
63347  6.933  -6.287  52.545 0.0000000000
146281  7.067  -6.192  51.066 0.0000000000
63371  7.312  -6.177  50.184 0.0000000000
65649  4.491  -4.503  49.424 0.0000000000
64506  5.926  -5.249  48.963 0.0000000000
63402  8.291  -6.158  48.583 0.0000000000
64518  8.213  -5.467  47.288 0.0000000000
64527  8.084  -4.964  46.865 0.0000000000
65692  9.244  -4.323  45.955 0.0000000000
64452  12.860  -5.947  52.540 0.0000000000
60064  22.041  -9.214  50.025 0.0000000000
65624  25.173  -4.721  50.990 0.0000000000
65625  24.658  -4.920  50.907 0.0000000000
64465  24.352  -5.829  50.866 0.0000000000
63353  23.832  -6.743  50.731 0.0000000000
63355  22.179  -7.460  50.570 0.0000000000
62217  21.371  -8.003  50.609 0.0000000000
62232  19.621  -7.706  50.464 0.0000000000
157563  17.549  -7.861  50.038 0.0000000000
62265  17.533  -7.130  48.760 0.0000000000
62234  16.787  -7.934  50.069 0.0000000000
62236  15.106  -7.684  50.525 0.0000000000
62220  14.301  -7.299  51.696 0.0000000000
54760  3.601  -14.865  53.774 0.0000000000
56876  4.363  -13.747  54.478 0.0000000000
56865  5.489  -13.883  56.543 0.0000000000
56875  5.097  -13.485  55.072 0.0000000000
56880  5.624  -12.804  54.769 0.0000000000
57923  6.684  -11.601  55.082 0.0000000000
58988  7.051  -10.013  55.431 0.0000000000
61151  6.895  -8.239  55.275 0.0000000000
58971  8.457  -10.218  58.564 0.0000000000
60031  8.124  -9.438  58.272 0.0000000000
61136  7.328  -8.088  57.686 0.0000000000
63319  6.818  -5.890  58.301 0.0000000000
62184  6.905  -6.842  57.817 0.0000000000
61139  7.145  -8.319  57.260 0.0000000000
62191  6.736  -7.678  56.916 0.0000000000
62197  6.065  -6.894  55.766 0.0000000000
63328  6.068  -6.662  54.853 0.0000000000
153149  5.246  -5.815  54.100 0.0000000000
65613  4.255  -4.172  53.591 0.0000000000
67680  4.407  -2.183  52.760 0.0000000000
69604  5.250  -1.155  53.850 0.0000000000
69623  4.687  -0.808  52.375 0.0000000000
69631  4.612  -0.677  51.579 0.0000000000
162711  9.488  -18.149  55.519 0.0000000000
50136  9.589  -17.350  57.593 0.0000000000
56918  3.613  -13.090  49.909 0.0000000000
54816  2.942  -14.204  48.227 0.0000000000
53854  6.783  -14.858  41.838 0.0000000000
61163  9.777  -8.521  52.234 0.0000000000
59010  9.522  -10.695  50.912 0.0000000000
57987  8.346  -11.355  48.768 0.0000000000
59040  10.627  -10.383  47.876 0.0000000000
59042  8.762  -11.173  47.097 0.0000000000
59045  5.724  -11.189  46.800 0.0000000000
142853  4.676  -12.263  45.032 0.0000000000
55941  5.654  -13.939  42.907 0.0000000000
54916  7.402  -14.521  40.293 0.0000000000
54941  7.959  -14.020  38.506 0.0000000000
58106  5.740  -11.411  38.599 0.0000000000
57092  5.291  -11.952  36.414 0.0000000000
70755  4.664  -0.074  45.230 0.0000000000
146266  5.125  0.103  43.943 0.0000000000
149170  4.562  -1.674  45.042 0.0000000000
66770  5.196  -3.161  44.964 0.0000000000
66768  7.060  -3.282  44.785 0.0000000000
66766  9.368  -3.034  44.971 0.0000000000
135453  7.521  -2.458  42.659 0.0000000000
67742  9.868  -2.506  44.280 0.0000000000
65705  11.222  -4.186  44.615 0.0000000000
64556  11.662  -5.846  42.496 0.0000000000
63465  9.608  -6.852  40.552 0.0000000000
159567  8.057  -7.082  39.428 0.0000000000
63492  8.407  -6.257  38.543 0.0000000000
63331  13.244  -6.528  54.754 0.0000000000
63327  12.755  -6.225  55.305 0.0000000000
63332  12.554  -5.997  54.400 0.0000000000
62200  13.800  -6.942  54.262 0.0000000000
51515  8.629  -16.969  40.638 0.0000000000
51527  8.428  -17.037  39.667 0.0000000000
52731  8.599  -16.314  38.202 0.0000000000
52722  8.739  -16.274  39.135 0.0000000000
55769  8.474  -13.662  58.730 0.0000000000
56849  8.287  -13.109  58.462 0.0000000000
57945  21.408  -10.817  49.734 0.0000000000
57946  20.998  -11.048  49.799 0.0000000000
143398  20.836  -11.079  49.910 0.0000000000
55768  8.865  -13.456  59.455 0.0000000000
135782  8.854  -14.073  59.081 0.0000000000
54728  8.041  -14.124  58.322 0.0000000000
141738  8.234  -8.818  54.082 0.0000000000
60057  8.456  -9.374  53.793 0.0000000000
61149  8.196  -8.174  54.021 0.0000000000
155698  10.415  -5.333  45.875 0.0000000000
63432  11.391  -6.599  44.965 0.0000000000
62293  11.623  -7.055  43.896 0.0000000000
63431  11.560  -6.158  44.325 0.0000000000
61121  11.592  -9.193  59.465 0.0000000000
61122  11.194  -8.712  59.686 0.0000000000
62176  11.360  -7.467  59.880 0.0000000000
61173  18.106  -8.753  51.697 0.0000000000
162342  18.017  -8.875  52.129 0.0000000000
146268  17.485  -8.800  52.363 0.0000000000
57912  15.487  -11.409  56.220 0.0000000000
57911  15.955  -11.847  55.808 0.0000000000
144122  15.520  -12.063  56.230 0.0000000000
55784  15.452  -13.203  56.784 0.0000000000
56863  15.073  -12.746  56.802 0.0000000000
55778  14.747  -13.124  57.214 0.0000000000
56857  14.515  -12.455  57.166 0.0000000000
61126  12.491  -8.790  59.316 0.0000000000
60024  12.606  -9.459  59.123 0.0000000000
60025  12.115  -9.299  59.262 0.0000000000
58960  11.252  -10.238  59.814 0.0000000000
66699  4.102  -3.444  51.466 0.0000000000
149215  4.179  -4.299  51.539 0.0000000000
67691  4.245  -2.695  51.427 0.0000000000
68655  3.896  -2.452  46.447 0.0000000000
67716  3.695  -3.160  47.042 0.0000000000
67724  3.968  -2.902  46.108 0.0000000000
142208  4.623  -3.745  46.398 0.0000000000
140299  4.345  -3.194  45.858 0.0000000000
52558  4.399  -15.709  56.347 0.0000000000
52561  4.044  -15.614  55.751 0.0000000000
53690  4.409  -15.037  56.541 0.0000000000
58984  7.059  -10.048  56.542 0.0000000000
64424  8.147  -5.873  59.753 0.0000000000
62173  7.650  -6.683  59.218 0.0000000000
64429  7.713  -5.383  59.434 0.0000000000
66667  5.823  -3.175  56.598 0.0000000000
65602  5.617  -4.391  56.773 0.0000000000
65605  5.315  -4.552  55.881 0.0000000000
65606  5.040  -4.053  55.181 0.0000000000
52553  10.982  -16.197  57.816 0.0000000000
51336  10.738  -16.819  57.546 0.0000000000
52545  10.525  -15.933  58.107 0.0000000000
49031  7.531  -17.933  57.773 0.0000000000
50139  7.727  -18.154  57.619 0.0000000000
52554  5.067  -15.899  57.097 0.0000000000
51333  5.145  -16.594  56.898 0.0000000000
51339  4.596  -16.786  56.016 0.0000000000
56887  3.958  -13.270  52.804 0.0000000000
55821  3.581  -13.810  52.134 0.0000000000
56897  3.846  -13.183  52.079 0.0000000000
157078  5.684  -11.483  48.865 0.0000000000
142795  4.898  -11.655  48.909 0.0000000000
57991  4.536  -11.721  48.118 0.0000000000
58009  3.929  -12.313  47.028 0.0000000000
58007  5.094  -11.431  47.415 0.0000000000
63386  9.214  -6.613  49.643 0.0000000000
62238  10.369  -7.625  50.057 0.0000000000
62254  10.459  -7.596  49.273 0.0000000000
59112  7.245  -10.839  43.504 0.0000000000
59094  7.429  -10.817  44.351 0.0000000000
59113  6.538  -11.010  43.513 0.0000000000
59114  5.975  -11.202  43.671 0.0000000000
59128  6.267  -11.171  42.664 0.0000000000
58083  6.284  -11.494  41.622 0.0000000000
59140  6.331  -11.250  42.050 0.0000000000
61298  6.368  -8.495  38.191 0.0000000000
148355  5.614  -9.030  36.982 0.0000000000
61299  5.937  -8.763  37.615 0.0000000000
70802  5.170  -0.321  42.289 0.0000000000
69690  4.770  -1.206  42.159 0.0000000000
67780  4.586  -2.106  42.589 0.0000000000
68715  4.621  -1.600  42.224 0.0000000000
69701  10.173  -0.567  40.296 0.0000000000
68725  9.664  -0.814  40.917 0.0000000000
68724  10.500  -0.781  41.185 0.0000000000
68711  10.782  -1.104  42.018 0.0000000000
67790  12.031  -2.034  41.644 0.0000000000
66801  12.214  -2.957  41.959 0.0000000000
148110  12.414  -2.831  41.098 0.0000000000
63320  12.377  -6.115  57.660 0.0000000000
63323  12.739  -6.307  56.792 0.0000000000
64445  12.142  -5.648  55.067 0.0000000000
61162  15.678  -8.189  52.249 0.0000000000
62204  15.256  -8.031  53.060 0.0000000000
156167  14.998  -7.692  55.291 0.0000000000
161416  15.471  -8.047  55.318 0.0000000000
61144  15.760  -8.516  55.830 0.0000000000
61140  15.903  -9.021  56.269 0.0000000000
61141  15.393  -8.586  56.630 0.0000000000
60036  15.072  -9.480  57.045 0.0000000000
61138  14.836  -8.364  57.281 0.0000000000
63322  13.525  -6.785  56.628 0.0000000000
62186  13.954  -7.310  57.457 0.0000000000
145259  13.604  -7.485  58.254 0.0000000000
62181  13.206  -7.678  58.904 0.0000000000
70707  4.798  0.018  48.267 0.0000000000
70720  4.660  0.032  47.393 0.0000000000
69646  4.436  -0.795  47.164 0.0000000000
71795  4.873  0.665  46.714 0.0000000000
54734  6.037  -14.613  57.481 0.0000000000
55777  6.225  -14.278  57.488 0.0000000000
55776  7.014  -13.905  57.681 0.0000000000
56854  8.088  -12.675  58.077 0.0000000000
136032  8.019  -11.081  57.666 0.0000000000
58972  8.285  -10.649  58.098 0.0000000000
67637  7.106  -3.106  57.273 0.0000000000
67638  6.971  -3.011  57.101 0.0000000000
67644  5.994  -2.738  56.417 0.0000000000
148293  6.143  -2.268  55.960 0.0000000000
68580  5.845  -1.663  55.405 0.0000000000
54725  9.967  -14.685  60.007 0.0000000000
144781  9.656  -15.013  59.235 0.0000000000
52541  8.948  -15.725  58.415 0.0000000000
51320  8.085  -16.582  58.009 0.0000000000
51325  7.581  -17.174  57.848 0.0000000000
52543  7.895  -15.904  58.047 0.0000000000
54729  7.463  -14.441  57.931 0.0000000000
53681  6.697  -14.762  57.678 0.0000000000
57922  7.067  -11.197  54.294 0.0000000000
57928  6.809  -11.623  53.416 0.0000000000
57927  7.412  -11.097  53.447 0.0000000000
59004  8.757  -10.559  52.501 0.0000000000
57936  8.079  -11.146  52.215 0.0000000000
134916  7.977  -11.345  51.370 0.0000000000
57948  8.638  -11.220  50.808 0.0000000000
159164  10.530  -7.121  47.312 0.0000000000
145591  10.530  -6.820  46.808 0.0000000000
61232  11.376  -8.463  45.510 0.0000000000
60141  10.552  -9.640  43.662 0.0000000000
60131  9.895  -10.349  44.097 0.0000000000
60142  9.640  -10.027  43.073 0.0000000000
60158  8.531  -10.083  41.870 0.0000000000
61253  10.249  -9.295  42.595 0.0000000000
62302  10.885  -7.961  42.084 0.0000000000
156048  10.247  -8.351  41.655 0.0000000000
62303  9.637  -8.456  41.181 0.0000000000
62309  8.405  -8.610  40.279 0.0000000000
62308  9.450  -7.741  40.721 0.0000000000
69710  10.164  -0.450  39.281 0.0000000000
69709  11.227  -0.506  38.960 0.0000000000
68736  11.905  -0.935  39.476 0.0000000000
68750  12.049  -0.869  38.594 0.0000000000
57898  9.611  -11.499  60.331 0.0000000000
57899  9.548  -10.614  60.129 0.0000000000
143875  10.038  -6.924  60.000 0.0000000000
61124  9.837  -8.662  59.848 0.0000000000
62171  9.523  -7.230  59.968 0.0000000000
63309  8.776  -6.466  59.954 0.0000000000
155423  9.467  -5.892  59.899 0.0000000000
64437  11.617  -5.589  57.575 0.0000000000
64425  11.261  -5.968  59.301 0.0000000000
64432  11.074  -5.471  58.450 0.0000000000
66658  7.742  -3.582  57.706 0.0000000000
66665  8.485  -3.472  56.688 0.0000000000
61159  19.809  -8.976  51.175 0.0000000000
60059  19.647  -9.493  51.147 0.0000000000
60046  18.375  -10.243  53.630 0.0000000000
58997  18.421  -10.352  52.923 0.0000000000
57921  17.886  -11.049  53.650 0.0000000000
61146  17.400  -9.155  54.263 0.0000000000
60049  17.365  -9.653  54.891 0.0000000000
56867  16.607  -12.808  55.550 0.0000000000
57915  16.826  -11.853  54.987 0.0000000000
56872  16.967  -12.920  55.067 0.0000000000
54758  16.930  -13.537  54.102 0.0000000000
54749  16.819  -13.896  54.503 0.0000000000
53708  15.986  -14.764  54.390 0.0000000000
53700  14.897  -15.592  55.383 0.0000000000
54739  13.753  -14.496  57.613 0.0000000000
53684  12.984  -14.783  57.938 0.0000000000
53685  12.124  -15.094  58.060 0.0000000000
58975  14.034  -9.992  58.046 0.0000000000
58968  14.062  -10.777  57.782 0.0000000000
57904  13.539  -11.099  58.358 0.0000000000
56844  12.639  -11.765  59.830 0.0000000000
55764  12.714  -12.636  59.613 0.0000000000
156470  12.535  -12.250  60.101 0.0000000000
55766  11.530  -13.276  60.333 0.0000000000
54724  11.165  -14.070  60.120 0.0000000000
56846  11.518  -12.228  60.683 0.0000000000
156776  10.835  -10.624  60.758 0.0000000000
57897  10.382  -11.403  60.857 0.0000000000
137830  6.145  -6.098  53.145 0.0000000000
136759  5.264  -5.158  51.130 0.0000000000
63359  6.206  -5.896  51.237 0.0000000000
63372  6.393  -5.888  50.429 0.0000000000
68632  4.279  -2.088  49.680 0.0000000000
66719  4.066  -3.390  49.679 0.0000000000
142470  4.044  -2.852  49.148 0.0000000000
64520  5.434  -4.603  47.934 0.0000000000
64507  5.309  -4.802  48.616 0.0000000000
138003  5.791  -4.926  48.354 0.0000000000
63404  6.735  -5.585  48.716 0.0000000000
64505  6.771  -5.296  48.111 0.0000000000
63414  8.246  -5.885  47.841 0.0000000000
64519  7.461  -5.389  47.716 0.0000000000
65695  6.261  -3.964  46.336 0.0000000000
65683  7.215  -4.449  46.758 0.0000000000
65682  7.930  -4.465  46.492 0.0000000000
65681  8.704  -4.761  46.421 0.0000000000
65693  8.298  -4.134  46.034 0.0000000000
64467  13.043  -5.160  51.711 0.0000000000
61181  23.657  -8.665  49.884 0.0000000000
60079  23.410  -9.629  49.149 0.0000000000
60071  23.145  -9.422  49.649 0.0000000000
61167  22.985  -8.567  50.031 0.0000000000
65633  23.510  -4.304  50.154 0.0000000000
65632  24.206  -3.977  50.584 0.0000000000
64466  23.527  -6.074  50.731 0.0000000000
62216  22.195  -7.948  50.431 0.0000000000
62230  21.324  -7.592  50.604 0.0000000000
63383  19.557  -6.680  48.915 0.0000000000
62249  19.024  -7.236  49.549 0.0000000000
137647  18.827  -7.746  50.226 0.0000000000
62250  18.079  -7.560  49.580 0.0000000000
63398  17.167  -6.619  48.171 0.0000000000
62266  16.636  -7.153  48.685 0.0000000000
62251  17.096  -7.607  49.330 0.0000000000
62252  16.187  -7.613  49.364 0.0000000000
62235  15.885  -8.012  50.176 0.0000000000
62253  15.349  -7.402  49.631 0.0000000000
63367  13.974  -6.291  50.574 0.0000000000
159378  14.225  -6.852  50.689 0.0000000000
63368  13.610  -6.288  51.252 0.0000000000
63343  13.636  -6.703  51.966 0.0000000000
50171  4.324  -17.907  53.773 0.0000000000
50172  4.058  -17.081  54.005 0.0000000000
53702  3.714  -15.217  54.704 0.0000000000
52575  3.613  -15.627  54.046 0.0000000000
54752  3.808  -14.839  54.585 0.0000000000
55800  3.856  -13.992  53.976 0.0000000000
55795  4.144  -14.312  54.753 0.0000000000
55785  5.880  -13.771  57.066 0.0000000000
55786  5.266  -14.268  56.786 0.0000000000
56874  5.915  -12.807  55.760 0.0000000000
56873  6.265  -12.199  55.365 0.0000000000
60045  6.786  -9.466  56.222 0.0000000000
60044  7.055  -9.124  55.416 0.0000000000
58967  8.654  -9.747  59.162 0.0000000000
144867  7.644  -7.758  58.653 0.0000000000
61132  7.881  -8.497  58.479 0.0000000000
60034  7.732  -8.763  58.048 0.0000000000
66656  6.583  -4.024  58.186 0.0000000000
64431  6.889  -5.397  58.688 0.0000000000
64435  6.527  -5.249  58.244 0.0000000000
63321  6.549  -6.308  57.454 0.0000000000
160830  6.779  -6.289  57.948 0.0000000000
62187  7.059  -7.533  57.578 0.0000000000
62203  6.555  -7.386  55.120 0.0000000000
63334  5.549  -6.127  54.437 0.0000000000
63335  5.140  -5.676  54.451 0.0000000000
66673  4.662  -3.651  54.405 0.0000000000
64451  4.497  -4.887  53.884 0.0000000000
149781  4.411  -3.320  53.695 0.0000000000
66679  4.117  -3.463  52.934 0.0000000000
68597  5.337  -1.532  54.290 0.0000000000
55828  18.882  -11.701  50.375 0.0000000000
55839  19.151  -11.860  50.090 0.0000000000
55830  17.921  -12.536  50.421 0.0000000000
50154  9.773  -17.936  56.078 0.0000000000
51330  9.838  -16.693  57.853 0.0000000000
51331  9.290  -16.977  57.878 0.0000000000
150373  4.636  -18.082  55.087 0.0000000000
53747  3.141  -15.180  50.739 0.0000000000
51396  3.100  -16.432  50.606 0.0000000000
52620  3.229  -16.389  49.753 0.0000000000
52632  3.376  -16.088  48.796 0.0000000000
57939  5.402  -11.831  51.527 0.0000000000
56916  3.966  -12.730  50.988 0.0000000000
57952  4.176  -12.272  50.444 0.0000000000
154673  3.205  -13.304  48.194 0.0000000000
55869  3.110  -13.696  48.576 0.0000000000
54832  2.942  -14.205  47.525 0.0000000000
53775  3.367  -15.062  47.305 0.0000000000
53805  4.104  -14.950  45.890 0.0000000000
135633  4.172  -14.102  45.505 0.0000000000
53817  4.986  -14.720  44.600 0.0000000000
53830  5.523  -14.853  43.804 0.0000000000
138114  6.063  -15.099  43.259 0.0000000000
53842  5.644  -14.515  43.010 0.0000000000
63345  8.648  -7.090  52.580 0.0000000000
62210  9.313  -7.784  52.522 0.0000000000
60072  10.449  -9.552  50.356 0.0000000000
60066  10.352  -9.211  51.100 0.0000000000
147721  9.740  -10.727  50.031 0.0000000000
57967  8.692  -11.301  49.533 0.0000000000
59023  9.227  -11.189  48.926 0.0000000000
60099  11.106  -9.635  47.358 0.0000000000
60091  10.956  -9.356  48.414 0.0000000000
59053  10.618  -10.449  46.876 0.0000000000
59056  7.498  -11.033  46.190 0.0000000000
162156  8.149  -11.118  46.635 0.0000000000
59043  7.697  -11.203  47.095 0.0000000000
59057  6.351  -11.051  46.185 0.0000000000
59059  4.906  -11.418  45.696 0.0000000000
59076  5.090  -11.363  44.967 0.0000000000
55951  5.765  -13.294  42.652 0.0000000000
138874  5.532  -13.226  43.572 0.0000000000
54919  5.853  -13.787  41.237 0.0000000000
54917  6.157  -14.263  41.337 0.0000000000
54930  6.554  -14.037  40.011 0.0000000000
54929  7.500  -14.148  39.420 0.0000000000
56005  5.872  -12.624  37.998 0.0000000000
57090  6.505  -12.751  36.051 0.0000000000
154372  7.282  -10.253  40.792 0.0000000000
60175  6.789  -10.499  40.917 0.0000000000
60190  6.931  -10.081  39.974 0.0000000000
58139  5.012  -11.240  35.594 0.0000000000
58131  5.423  -11.351  36.602 0.0000000000
57106  4.954  -11.588  35.531 0.0000000000
57105  4.721  -12.169  34.728 0.0000000000
146642  4.977  -0.840  44.044 0.0000000000
143004  4.650  -0.961  44.903 0.0000000000
69675  4.736  -1.513  44.531 0.0000000000
67748  4.594  -2.239  44.712 0.0000000000
68686  4.676  -1.799  44.257 0.0000000000
67762  5.806  -2.923  43.252 0.0000000000
67745  6.445  -3.071  44.046 0.0000000000
67744  7.607  -2.920  44.125 0.0000000000
66767  8.220  -3.150  44.874 0.0000000000
67743  8.754  -2.654  44.256 0.0000000000
68728  6.751  -2.204  40.229 0.0000000000
67819  5.679  -2.451  40.087 0.0000000000
67807  6.005  -2.564  40.796 0.0000000000
67792  6.170  -2.660  41.600 0.0000000000
142169  7.271  -2.319  41.831 0.0000000000
67758  11.324  -2.312  43.277 0.0000000000
67759  10.342  -1.891  43.500 0.0000000000
66781  10.921  -2.732  44.109 0.0000000000
66765  10.977  -3.433  44.575 0.0000000000
66764  11.436  -3.648  44.027 0.0000000000
65714  11.637  -4.629  43.874 0.0000000000
139710  11.880  -5.035  43.134 0.0000000000
64569  11.307  -5.643  41.583 0.0000000000
63453  10.418  -6.412  41.044 0.0000000000
63466  8.876  -7.113  40.131 0.0000000000
63478  9.129  -6.369  39.955 0.0000000000
65753  11.733  -4.598  39.368 0.0000000000
153588  12.940  -6.410  56.054 0.0000000000
64449  11.509  -5.028  54.779 0.0000000000
62205  14.547  -7.579  53.088 0.0000000000
138822  14.993  -7.835  53.687 0.0000000000
62199  14.437  -7.423  53.921 0.0000000000
149802  14.473  -7.369  54.831 0.0000000000
62194  14.546  -7.439  55.808 0.0000000000
62189  14.868  -7.864  56.660 0.0000000000
142375  13.957  -6.988  55.986 0.0000000000
52742  8.391  -16.302  37.460 0.0000000000
53890  8.714  -15.588  37.675 0.0000000000
55771  7.543  -13.988  57.954 0.0000000000
57906  8.467  -11.487  58.343 0.0000000000
54726  9.454  -14.653  59.648 0.0000000000
135965  9.051  -14.637  58.997 0.0000000000
53674  8.596  -14.982  58.538 0.0000000000
138798  8.178  -15.273  58.279 0.0000000000
53675  8.092  -14.673  58.318 0.0000000000
58992  7.937  -9.913  54.076 0.0000000000
58998  8.511  -10.096  53.323 0.0000000000
59003  9.257  -9.916  52.690 0.0000000000
63420  10.354  -6.311  46.439 0.0000000000
136287  10.837  -6.734  46.200 0.0000000000
62289  11.262  -7.047  45.517 0.0000000000
149375  11.427  -8.248  44.104 0.0000000000
62299  11.401  -7.975  43.200 0.0000000000
63438  11.433  -7.345  42.801 0.0000000000
139445  10.701  -9.944  59.917 0.0000000000
60022  10.198  -9.420  59.877 0.0000000000
61123  10.504  -8.768  59.802 0.0000000000
62165  10.731  -8.142  59.866 0.0000000000
63307  10.680  -7.101  59.989 0.0000000000
65601  9.336  -4.034  56.618 0.0000000000
156154  9.117  -3.394  56.024 0.0000000000
61172  18.961  -8.766  51.493 0.0000000000
61160  19.176  -9.008  51.524 0.0000000000
61161  18.573  -9.145  52.062 0.0000000000
60054  18.417  -9.727  53.334 0.0000000000
60043  16.799  -9.640  55.449 0.0000000000
60042  17.170  -10.118  55.192 0.0000000000
58982  16.515  -10.891  55.475 0.0000000000
56861  16.004  -12.470  55.889 0.0000000000
55789  16.507  -13.370  55.740 0.0000000000
156055  14.197  -13.656  57.606 0.0000000000
55780  13.628  -13.284  58.022 0.0000000000
61128  13.278  -8.933  58.925 0.0000000000
57900  12.899  -10.560  58.894 0.0000000000
58964  12.515  -10.206  59.189 0.0000000000
58965  12.112  -10.577  59.583 0.0000000000
57902  12.181  -10.986  60.131 0.0000000000
56840  11.737  -11.064  60.617 0.0000000000
57896  11.289  -10.574  60.414 0.0000000000
58961  10.798  -10.321  60.274 0.0000000000
64458  4.849  -5.157  52.464 0.0000000000
64468  5.290  -5.349  51.949 0.0000000000
64459  4.460  -4.811  52.087 0.0000000000
64470  4.609  -4.716  51.322 0.0000000000
64481  4.891  -4.843  50.792 0.0000000000
67708  3.695  -2.988  48.102 0.0000000000
66728  3.777  -3.558  48.639 0.0000000000
135877  3.638  -3.597  47.799 0.0000000000
66738  3.854  -3.919  47.313 0.0000000000
65675  5.377  -4.279  47.341 0.0000000000
65674  5.921  -4.482  47.499 0.0000000000
65685  5.617  -4.087  46.823 0.0000000000
65696  5.470  -3.777  46.220 0.0000000000
66756  5.698  -3.550  45.606 0.0000000000
64476  23.081  -5.316  50.196 0.0000000000
63366  20.991  -6.965  50.259 0.0000000000
63382  20.526  -6.457  49.269 0.0000000000
63384  15.026  -6.609  49.275 0.0000000000
50164  4.276  -17.157  54.787 0.0000000000
51355  3.862  -16.279  54.421 0.0000000000
53695  3.894  -15.192  55.533 0.0000000000
54746  4.354  -14.807  56.033 0.0000000000
57914  6.595  -12.512  56.898 0.0000000000
135119  6.587  -11.459  55.924 0.0000000000
149878  8.616  -8.130  59.620 0.0000000000
61131  7.958  -7.929  59.111 0.0000000000
62177  7.676  -7.306  58.994 0.0000000000
62178  7.392  -6.844  58.707 0.0000000000
66661  6.051  -4.107  57.737 0.0000000000
65598  5.898  -4.405  57.516 0.0000000000
64440  5.799  -4.957  57.194 0.0000000000
64443  6.040  -5.664  57.120 0.0000000000
63324  6.184  -6.346  56.795 0.0000000000
63325  5.582  -5.852  56.129 0.0000000000
63330  5.257  -5.665  55.194 0.0000000000
64450  4.897  -5.221  54.581 0.0000000000
65609  4.995  -4.752  55.102 0.0000000000
67657  4.863  -2.768  54.223 0.0000000000
54785  17.549  -12.910  51.091 0.0000000000
54793  17.737  -12.841  50.647 0.0000000000
54786  17.342  -13.112  51.241 0.0000000000
51344  11.665  -16.783  56.838 0.0000000000
137805  10.937  -17.118  57.108 0.0000000000
50142  10.407  -17.254  57.244 0.0000000000
50143  9.920  -17.623  57.199 0.0000000000
50131  8.729  -17.304  57.863 0.0000000000
51327  5.942  -16.621  57.548 0.0000000000
50135  6.177  -17.433  57.640 0.0000000000
51332  5.635  -17.031  57.293 0.0000000000
50145  4.845  -17.532  56.080 0.0000000000
50156  4.577  -17.337  55.546 0.0000000000
53728  3.447  -14.990  52.844 0.0000000000
52598  3.336  -15.980  51.973 0.0000000000
140612  3.347  -14.821  52.109 0.0000000000
138667  3.289  -14.660  51.258 0.0000000000
54796  3.342  -14.055  50.858 0.0000000000
57951  5.386  -11.648  50.111 0.0000000000
57953  4.019  -12.342  49.766 0.0000000000
57971  4.606  -11.862  49.754 0.0000000000
56954  3.479  -12.809  48.173 0.0000000000
55899  3.212  -13.735  47.020 0.0000000000
142907  3.487  -14.266  46.371 0.0000000000
55910  3.593  -13.698  46.367 0.0000000000
56999  4.001  -13.019  46.057 0.0000000000
153261  4.092  -13.562  45.708 0.0000000000
137167  9.506  -7.131  51.268 0.0000000000
62222  9.772  -7.775  51.767 0.0000000000
62221  10.143  -7.702  50.951 0.0000000000
60080  10.694  -9.406  49.418 0.0000000000
149278  10.498  -10.361  45.779 0.0000000000
59054  9.727  -10.898  46.471 0.0000000000
59072  8.525  -10.859  45.333 0.0000000000
59073  7.628  -10.895  45.219 0.0000000000
59074  6.165  -10.972  44.925 0.0000000000
142953  5.787  -11.092  44.902 0.0000000000
59115  5.602  -11.454  43.975 0.0000000000
58071  5.544  -12.052  43.540 0.0000000000
55963  5.950  -13.061  41.516 0.0000000000
55977  5.720  -13.158  39.568 0.0000000000
57050  5.828  -12.736  40.394 0.0000000000
57059  5.698  -12.484  39.246 0.0000000000
57071  5.689  -12.350  38.203 0.0000000000
61282  7.256  -9.267  39.630 0.0000000000
60204  6.411  -9.692  38.916 0.0000000000
60218  5.914  -9.292  37.944 0.0000000000
158694  5.375  -10.187  36.371 0.0000000000
59209  4.757  -10.581  35.027 0.0000000000
141183  5.168  -0.320  43.159 0.0000000000
155034  5.036  -1.092  43.298 0.0000000000
67764  4.612  -2.099  43.970 0.0000000000
68700  4.722  -1.724  43.335 0.0000000000
67779  5.043  -2.547  42.840 0.0000000000
154898  6.551  -2.810  42.750 0.0000000000
68726  8.746  -1.220  40.984 0.0000000000
68713  8.730  -1.421  41.752 0.0000000000
67775  11.051  -1.580  42.761 0.0000000000
66791  11.937  -3.055  42.822 0.0000000000
65723  11.890  -4.045  43.178 0.0000000000
151340  12.148  -3.933  42.227 0.0000000000
64578  11.892  -4.687  41.518 0.0000000000
152907  11.445  -5.131  40.914 0.0000000000
62182  12.664  -7.196  59.190 0.0000000000
62175  12.030  -7.444  59.694 0.0000000000
63317  12.588  -6.579  58.560 0.0000000000
64441  11.385  -5.356  56.727 0.0000000000
61174  16.550  -8.437  51.823 0.0000000000
157996  16.615  -8.585  52.830 0.0000000000
61154  16.598  -8.609  53.937 0.0000000000
140155  15.669  -8.181  53.886 0.0000000000
61148  16.010  -8.418  54.894 0.0000000000
60038  16.141  -9.662  56.078 0.0000000000
60035  15.570  -9.925  56.508 0.0000000000
58973  15.032  -10.941  56.692 0.0000000000
57909  14.588  -11.237  57.103 0.0000000000
60032  14.553  -9.708  57.544 0.0000000000
60033  13.955  -9.270  58.264 0.0000000000
138593  14.476  -7.761  57.233 0.0000000000
62185  14.227  -8.032  57.928 0.0000000000
61134  13.844  -8.568  58.446 0.0000000000
61135  13.264  -8.277  58.980 0.0000000000
62174  12.724  -7.900  59.397 0.0000000000
68621  4.490  -1.300  51.066 0.0000000000
67698  4.304  -2.599  50.728 0.0000000000
68626  4.428  -1.309  50.210 0.0000000000
68631  4.375  -1.374  49.241 0.0000000000
70697  4.911  -0.098  49.186 0.0000000000
69639  4.585  -0.624  48.797 0.0000000000
152013  4.325  -1.378  48.029 0.0000000000
68645  4.137  -1.714  46.827 0.0000000000
69655  4.350  -1.149  46.207 0.0000000000
53683  5.156  -15.309  57.178 0.0000000000
54736  4.743  -15.222  57.072 0.0000000000
154245  5.621  -14.541  57.276 0.0000000000
55782  5.682  -14.271  57.205 0.0000000000
56855  7.296  -13.331  57.686 0.0000000000
56860  6.736  -13.096  57.322 0.0000000000
57910  7.442  -11.991  57.393 0.0000000000
141360  7.651  -10.911  57.294 0.0000000000
66654  7.494  -4.012  58.594 0.0000000000
65591  7.373  -4.500  58.984 0.0000000000
66655  6.981  -3.955  58.446 0.0000000000
149150  6.425  -3.550  57.639 0.0000000000
67642  6.641  -2.719  56.543 0.0000000000
67639  6.516  -3.242  57.229 0.0000000000
66666  6.168  -3.280  57.108 0.0000000000
67649  5.574  -2.803  55.836 0.0000000000
68591  5.553  -2.175  55.296 0.0000000000
53680  10.277  -15.125  58.922 0.0000000000
52546  10.109  -15.734  58.365 0.0000000000
52539  9.748  -15.445  58.664 0.0000000000
52547  9.375  -16.032  58.306 0.0000000000
53672  9.287  -15.090  58.881 0.0000000000
52548  9.003  -16.232  58.231 0.0000000000
152414  8.593  -16.933  57.980 0.0000000000
50133  7.291  -17.696  57.811 0.0000000000
145330  7.044  -17.282  57.782 0.0000000000
149372  6.951  -16.621  57.731 0.0000000000
52549  7.186  -15.961  57.786 0.0000000000
52550  6.387  -16.077  57.645 0.0000000000
52551  5.605  -15.899  57.421 0.0000000000
56885  5.317  -12.640  53.786 0.0000000000
56895  4.939  -12.439  52.857 0.0000000000
57933  5.578  -11.979  52.369 0.0000000000
57938  6.407  -11.628  51.619 0.0000000000
57931  7.375  -11.337  52.742 0.0000000000
57937  7.276  -11.467  51.918 0.0000000000
139641  6.020  -11.607  50.733 0.0000000000
57950  6.867  -11.507  50.197 0.0000000000
57969  6.485  -11.469  49.300 0.0000000000
148682  9.582  -6.707  48.740 0.0000000000
62268  10.266  -7.178  48.607 0.0000000000
156211  10.627  -7.504  47.812 0.0000000000
61212  11.251  -8.858  46.938 0.0000000000
62283  11.186  -7.544  46.104 0.0000000000
60117  11.175  -9.421  45.518 0.0000000000
59091  10.003  -10.540  44.963 0.0000000000
59110  8.942  -10.538  43.741 0.0000000000
60144  7.879  -10.636  42.665 0.0000000000
60145  7.158  -10.831  42.628 0.0000000000
60159  7.806  -10.454  41.804 0.0000000000
60173  8.006  -10.008  40.996 0.0000000000
61262  9.859  -8.903  41.756 0.0000000000
61263  9.064  -9.220  41.283 0.0000000000
61272  8.359  -9.271  40.567 0.0000000000
61280  7.874  -8.828  39.965 0.0000000000
61289  7.237  -8.693  39.329 0.0000000000
61297  6.913  -8.204  38.752 0.0000000000
69711  9.465  -0.626  39.722 0.0000000000
135599  11.741  -1.062  40.344 0.0000000000
67806  12.216  -1.864  40.765 0.0000000000
67805  12.352  -1.703  39.883 0.0000000000
68763  12.626  -1.531  38.170 0.0000000000
52704  8.686  -16.235  40.944 0.0000000000
158809  8.893  -11.929  59.144 0.0000000000
57903  9.001  -11.533  59.539 0.0000000000
58966  9.006  -10.406  59.598 0.0000000000
60026  8.957  -9.108  59.666 0.0000000000
60023  9.582  -9.103  59.842 0.0000000000
61125  9.286  -8.587  59.822 0.0000000000
155636  8.704  -7.275  59.848 0.0000000000
65585  8.432  -5.121  59.605 0.0000000000
64426  10.632  -6.015  59.727 0.0000000000
64438  10.209  -5.032  58.430 0.0000000000
64434  9.658  -5.152  59.212 0.0000000000
65589  8.786  -4.841  59.258 0.0000000000
65590  7.966  -4.588  59.197 0.0000000000
60058  20.564  -9.532  50.623 0.0000000000
149100  20.697  -10.901  50.164 0.0000000000
59002  20.114  -10.136  50.670 0.0000000000
58995  19.489  -10.771  50.668 0.0000000000
57924  18.940  -11.040  50.889 0.0000000000
60052  18.867  -9.937  51.833 0.0000000000
57925  18.358  -10.919  51.996 0.0000000000
55818  17.562  -12.418  51.086 0.0000000000
55819  17.199  -12.884  51.666 0.0000000000
54769  16.472  -13.789  52.691 0.0000000000
60055  17.999  -9.457  53.778 0.0000000000
58991  18.022  -10.560  54.256 0.0000000000
58987  17.082  -10.619  55.091 0.0000000000
58986  17.495  -10.867  54.685 0.0000000000
57919  17.412  -11.421  54.291 0.0000000000
54757  17.050  -13.119  54.162 0.0000000000
159943  16.644  -13.729  53.383 0.0000000000
53709  15.101  -15.400  54.431 0.0000000000
52556  13.221  -15.824  57.004 0.0000000000
52552  11.790  -15.881  57.795 0.0000000000
53678  11.662  -14.692  58.620 0.0000000000
56850  14.120  -11.695  57.580 0.0000000000
56858  13.957  -12.397  57.730 0.0000000000
55772  13.556  -12.719  58.189 0.0000000000
57905  12.912  -11.440  58.931 0.0000000000
56852  13.028  -12.313  58.937 0.0000000000
55773  13.063  -13.163  58.725 0.0000000000
54730  12.689  -13.761  58.689 0.0000000000
54731  12.077  -14.049  58.999 0.0000000000
53679  10.914  -14.946  58.898 0.0000000000
53670  10.617  -14.677  59.686 0.0000000000
162572  10.534  -14.239  60.229 0.0000000000
135616  10.207  -14.028  60.386 0.0000000000
56842  10.663  -12.326  60.818 0.0000000000
154019  10.103  -13.371  60.517 0.0000000000
55767  9.365  -13.424  60.145 0.0000000000
63339  7.615  -7.070  53.803 0.0000000000
62201  8.062  -7.566  53.797 0.0000000000
161562  7.695  -6.827  53.334 0.0000000000
63346  7.817  -6.645  52.783 0.0000000000
159149  8.240  -6.671  52.244 0.0000000000
63348  5.947  -5.921  52.120 0.0000000000
152914  6.773  -6.172  51.764 0.0000000000
63357  8.673  -6.729  51.674 0.0000000000
141196  8.042  -6.383  50.924 0.0000000000
63370  8.297  -6.385  49.988 0.0000000000
66707  4.166  -3.306  50.628 0.0000000000
145429  4.181  -4.064  49.983 0.0000000000
138987  4.858  -4.783  49.873 0.0000000000
65664  4.383  -4.435  48.538 0.0000000000
64496  4.844  -4.649  48.973 0.0000000000
64494  5.829  -5.426  49.909 0.0000000000
63389  6.577  -5.786  49.551 0.0000000000
63388  7.583  -6.090  49.203 0.0000000000
143538  8.934  -6.451  48.874 0.0000000000
63401  9.000  -6.316  48.147 0.0000000000
63413  8.987  -6.066  47.352 0.0000000000
64528  7.351  -4.947  47.272 0.0000000000
64526  9.028  -5.512  46.766 0.0000000000
64525  9.988  -5.776  46.383 0.0000000000
64535  9.562  -5.067  46.239 0.0000000000
64534  10.014  -4.598  45.844 0.0000000000
63337  12.417  -5.637  53.477 0.0000000000
158655  12.611  -4.902  52.245 0.0000000000
62215  23.644  -7.429  50.460 0.0000000000
63354  22.940  -6.848  50.683 0.0000000000
146491  23.024  -7.938  50.279 0.0000000000
61168  22.163  -8.515  50.203 0.0000000000
60065  21.294  -9.114  50.355 0.0000000000
61170  20.535  -8.488  50.758 0.0000000000
62231  20.474  -7.677  50.628 0.0000000000
61182  19.957  -8.205  50.961 0.0000000000
61183  19.125  -8.206  50.908 0.0000000000
62233  18.271  -8.033  50.468 0.0000000000
61184  17.571  -8.288  50.816 0.0000000000
63396  18.978  -6.352  48.118 0.0000000000
63397  18.095  -6.635  48.213 0.0000000000
62264  18.291  -7.077  48.935 0.0000000000
61185  16.599  -8.290  50.882 0.0000000000
62219  14.983  -7.779  51.455 0.0000000000
63385  14.580  -6.928  50.141 0.0000000000
62237  14.484  -7.270  50.922 0.0000000000
62209  14.174  -7.286  52.437 0.0000000000
51361  3.710  -16.329  53.679 0.0000000000
52581  3.564  -15.860  53.432 0.0000000000
142275  3.489  -15.461  53.160 0.0000000000
54770  3.542  -14.673  53.128 0.0000000000
55810  3.773  -13.786  53.149 0.0000000000
56882  4.077  -13.465  53.663 0.0000000000
54741  4.536  -14.934  56.584 0.0000000000
141983  5.086  -14.066  56.216 0.0000000000
55791  5.160  -14.064  55.921 0.0000000000
56868  6.030  -13.081  56.470 0.0000000000
56869  5.389  -13.680  55.884 0.0000000000
55794  4.751  -13.947  55.204 0.0000000000
56881  4.718  -13.173  54.195 0.0000000000
56884  6.303  -12.093  54.284 0.0000000000
58994  6.939  -10.891  55.279 0.0000000000
58993  7.389  -10.392  54.604 0.0000000000
60051  7.528  -9.592  54.749 0.0000000000
61150  7.647  -8.692  54.626 0.0000000000
60030  8.241  -9.079  58.692 0.0000000000
139743  7.486  -9.030  57.495 0.0000000000
65588  6.982  -4.996  58.945 0.0000000000
63316  7.140  -6.047  58.693 0.0000000000
62179  7.066  -6.558  58.286 0.0000000000
62183  7.286  -7.389  58.193 0.0000000000
61142  6.817  -8.509  56.591 0.0000000000
62192  6.294  -7.001  56.539 0.0000000000
62196  6.382  -7.810  56.092 0.0000000000
63333  6.901  -6.882  54.316 0.0000000000
63341  5.514  -5.945  53.732 0.0000000000
63342  5.084  -5.560  53.699 0.0000000000
64453  4.803  -5.294  53.783 0.0000000000
64454  4.463  -4.944  53.055 0.0000000000
65620  4.105  -4.287  52.556 0.0000000000
67681  4.172  -2.859  52.296 0.0000000000
68613  4.291  -2.069  52.063 0.0000000000
67656  5.209  -2.658  54.896 0.0000000000
146872  5.266  -2.097  54.539 0.0000000000
67667  4.918  -1.867  53.555 0.0000000000
69612  4.950  -1.011  53.153 0.0000000000
68606  4.569  -1.516  52.617 0.0000000000
149882  4.434  -1.345  51.857 0.0000000000
56915  19.916  -11.405  49.770 0.0000000000
55850  18.826  -12.014  49.781 0.0000000000
55851  18.193  -12.457  49.637 0.0000000000
54800  17.834  -12.998  49.797 0.0000000000
51322  10.086  -16.216  58.056 0.0000000000
135613  9.498  -18.054  56.605 0.0000000000
51383  3.219  -16.597  51.418 0.0000000000
56905  4.051  -12.741  51.684 0.0000000000
56907  3.736  -13.139  50.881 0.0000000000
148174  3.257  -14.036  49.955 0.0000000000
55853  3.344  -13.614  49.467 0.0000000000
53762  2.972  -14.742  48.850 0.0000000000
53761  3.152  -15.282  48.329 0.0000000000
141178  4.374  -16.175  47.627 0.0000000000
139457  4.481  -14.766  45.329 0.0000000000
53852  8.427  -15.636  41.095 0.0000000000
62207  8.701  -7.805  53.318 0.0000000000
61156  9.274  -8.537  52.971 0.0000000000
161939  9.651  -9.722  52.288 0.0000000000
61176  10.188  -8.504  51.442 0.0000000000
60067  10.021  -9.375  51.870 0.0000000000
59005  9.559  -10.228  51.920 0.0000000000
158349  8.390  -11.340  50.127 0.0000000000
57968  7.702  -11.428  49.583 0.0000000000
57988  7.315  -11.407  48.622 0.0000000000
61202  10.803  -8.169  48.617 0.0000000000
59032  10.473  -10.239  48.855 0.0000000000
59041  9.881  -10.980  47.440 0.0000000000
59033  9.914  -10.906  48.400 0.0000000000
58004  8.045  -11.345  47.906 0.0000000000
58005  7.012  -11.326  47.771 0.0000000000
58006  6.009  -11.286  47.602 0.0000000000
58023  4.907  -11.429  46.545 0.0000000000
58036  4.319  -12.373  45.696 0.0000000000
57010  4.587  -12.973  45.220 0.0000000000
58060  5.007  -12.446  44.610 0.0000000000
55932  5.129  -13.614  44.399 0.0000000000
54883  5.321  -14.156  43.962 0.0000000000
53855  5.924  -14.394  42.206 0.0000000000
53864  7.133  -14.732  41.046 0.0000000000
53862  8.578  -15.548  40.421 0.0000000000
54928  8.446  -14.688  39.054 0.0000000000
54940  8.607  -14.673  38.091 0.0000000000
54949  8.610  -14.828  37.027 0.0000000000
138801  6.684  -10.803  40.958 0.0000000000
135500  6.011  -11.302  39.562 0.0000000000
57072  5.603  -11.961  38.474 0.0000000000
155926  5.652  -10.899  37.817 0.0000000000
58117  5.604  -11.417  37.633 0.0000000000
57091  5.466  -12.175  36.377 0.0000000000
56030  5.636  -12.518  35.227 0.0000000000
149934  4.679  0.398  45.898 0.0000000000
150170  4.515  -0.599  45.650 0.0000000000
69665  4.432  -1.477  45.451 0.0000000000
70774  4.881  -0.003  44.611 0.0000000000
68664  4.344  -2.029  45.378 0.0000000000
67732  4.339  -2.498  45.409 0.0000000000
66771  4.615  -2.874  45.164 0.0000000000
67746  5.496  -2.944  44.146 0.0000000000
66769  6.006  -3.324  44.786 0.0000000000
66755  6.618  -3.610  45.516 0.0000000000
66754  7.711  -3.594  45.506 0.0000000000
66753  8.816  -3.621  45.527 0.0000000000
65691  9.958  -3.794  45.472 0.0000000000
135089  6.673  -2.661  42.231 0.0000000000
67760  8.143  -2.505  43.478 0.0000000000
67777  8.619  -1.936  42.940 0.0000000000
149967  9.208  -2.102  43.649 0.0000000000
161247  10.350  -3.124  44.816 0.0000000000
161451  10.712  -3.777  45.025 0.0000000000
64540  11.409  -5.158  44.542 0.0000000000
64549  11.741  -5.771  43.524 0.0000000000
63444  10.910  -7.370  41.909 0.0000000000
64557  11.005  -6.607  41.802 0.0000000000
63454  10.249  -7.242  41.198 0.0000000000
155572  8.292  -7.334  39.734 0.0000000000
134539  7.305  -7.669  38.948 0.0000000000
155958  12.443  -3.613  40.592 0.0000000000
65740  12.022  -4.497  40.529 0.0000000000
64589  9.541  -5.661  39.601 0.0000000000
140182  8.178  -6.692  39.121 0.0000000000
62327  6.377  -8.097  38.034 0.0000000000
51329  10.383  -16.480  57.826 0.0000000000
51334  4.704  -16.361  56.435 0.0000000000
52544  11.187  -15.447  58.214 0.0000000000
52609  3.084  -15.858  51.113 0.0000000000
52621  2.977  -15.727  50.227 0.0000000000
52633  3.044  -15.519  49.300 0.0000000000
52642  3.612  -15.805  47.938 0.0000000000
52705  8.417  -16.136  41.776 0.0000000000
53686  5.347  -14.828  57.223 0.0000000000
53687  4.623  -15.379  56.759 0.0000000000
53691  4.182  -15.217  56.216 0.0000000000
53711  3.567  -15.212  54.002 0.0000000000
53718  3.514  -15.130  53.445 0.0000000000
53774  3.940  -15.603  47.268 0.0000000000
53776  3.005  -14.606  47.830 0.0000000000
53791  3.598  -14.630  46.438 0.0000000000
53806  3.950  -14.409  45.835 0.0000000000
53816  5.022  -15.192  45.050 0.0000000000
53818  4.522  -14.414  45.174 0.0000000000
53831  5.349  -14.412  43.877 0.0000000000
53841  6.429  -15.008  42.620 0.0000000000
53853  7.819  -15.309  41.487 0.0000000000
53863  8.067  -15.046  40.744 0.0000000000
53873  8.710  -15.462  39.568 0.0000000000
53874  8.264  -14.832  39.949 0.0000000000
53901  8.410  -15.843  36.799 0.0000000000
54723  11.859  -13.735  59.817 0.0000000000
54747  3.968  -14.939  55.420 0.0000000000
54748  16.995  -13.335  54.695 0.0000000000
54750  16.378  -14.418  54.980 0.0000000000
54751  4.252  -14.677  55.392 0.0000000000
54759  16.505  -14.237  54.283 0.0000000000
54768  16.832  -13.457  53.510 0.0000000000
54776  16.828  -13.340  52.747 0.0000000000
54778  3.472  -14.410  52.491 0.0000000000
54788  3.403  -14.191  51.725 0.0000000000
54804  3.050  -14.115  49.083 0.0000000000
54842  3.274  -14.090  46.623 0.0000000000
54882  4.975  -14.342  44.560 0.0000000000
54893  5.688  -14.167  42.469 0.0000000000
54894  5.596  -14.194  43.063 0.0000000000
54905  5.757  -14.060  41.890 0.0000000000
54906  5.780  -13.970  42.098 0.0000000000
54918  6.020  -13.890  40.572 0.0000000000
55765  12.223  -12.808  60.160 0.0000000000
55787  4.822  -14.596  56.458 0.0000000000
55788  16.875  -13.212  55.283 0.0000000000
55792  4.673  -14.523  55.911 0.0000000000
55796  3.776  -14.495  54.107 0.0000000000
55801  3.658  -14.351  53.465 0.0000000000
55807  17.953  -11.919  50.991 0.0000000000
55808  17.214  -12.300  52.208 0.0000000000
55809  16.973  -12.907  52.556 0.0000000000
55820  3.716  -13.625  52.422 0.0000000000
55829  18.246  -12.105  50.399 0.0000000000
55832  3.597  -13.583  51.358 0.0000000000
55840  18.583  -12.034  50.184 0.0000000000
55842  3.504  -13.578  50.421 0.0000000000
55849  19.242  -11.916  49.823 0.0000000000
55887  3.001  -13.806  47.720 0.0000000000
55920  4.538  -13.640  45.168 0.0000000000
55942  5.516  -13.729  43.550 0.0000000000
55950  5.863  -13.583  42.053 0.0000000000
55962  5.920  -13.423  41.053 0.0000000000
55976  6.327  -13.520  39.296 0.0000000000
55978  5.696  -13.007  39.904 0.0000000000
55993  5.703  -12.720  38.964 0.0000000000
56856  15.062  -12.229  56.613 0.0000000000
56862  15.555  -12.627  56.399 0.0000000000
56866  16.861  -12.486  55.035 0.0000000000
56870  17.085  -12.070  54.524 0.0000000000
56893  20.162  -11.174  50.010 0.0000000000
56894  19.202  -11.351  50.538 0.0000000000
56896  4.196  -12.804  52.453 0.0000000000
56904  19.583  -11.402  50.019 0.0000000000
56906  3.800  -13.146  51.463 0.0000000000
56914  20.349  -11.180  49.901 0.0000000000
56917  3.887  -12.731  50.252 0.0000000000
56930  20.396  -11.492  49.538 0.0000000000
56934  3.448  -13.069  48.910 0.0000000000
56971  3.609  -12.684  47.545 0.0000000000
56972  3.288  -13.204  47.606 0.0000000000
56987  3.654  -13.035  46.868 0.0000000000
57021  5.351  -12.823  44.077 0.0000000000
57032  5.717  -12.591  42.900 0.0000000000
57051  6.050  -12.457  41.003 0.0000000000
57070  5.636  -12.393  38.153 0.0000000000
57079  6.092  -12.504  37.081 0.0000000000
57081  5.437  -12.089  37.333 0.0000000000
57082  5.558  -11.960  37.395 0.0000000000
57093  5.342  -11.917  36.367 0.0000000000
57895  11.699  -10.621  60.024 0.0000000000
57920  17.214  -11.394  54.628 0.0000000000
57940  4.397  -12.234  51.221 0.0000000000
57947  9.100  -11.125  50.180 0.0000000000
57972  4.054  -12.056  48.965 0.0000000000
57990  5.388  -11.466  48.236 0.0000000000
58008  4.352  -11.786  47.198 0.0000000000
58024  4.310  -11.865  46.210 0.0000000000
58035  4.642  -11.818  45.313 0.0000000000
58048  5.055  -11.685  44.652 0.0000000000
58059  5.792  -11.485  43.444 0.0000000000
58070  6.044  -11.493  42.688 0.0000000000
58095  6.136  -11.807  40.678 0.0000000000
58153  4.548  -11.073  34.848 0.0000000000
58958  12.162  -10.009  59.243 0.0000000000
58962  10.201  -10.116  60.096 0.0000000000
58970  12.932  -9.814  58.927 0.0000000000
58977  15.946  -11.154  55.824 0.0000000000
58978  15.498  -10.673  56.323 0.0000000000
58981  16.919  -11.216  55.007 0.0000000000
58985  17.717  -10.998  54.292 0.0000000000
59001  20.510  -10.782  50.153 0.0000000000
59009  10.100  -10.281  50.457 0.0000000000
59021  10.283  -10.220  49.741 0.0000000000
59034  9.055  -11.241  48.076 0.0000000000
59044  6.703  -11.161  46.949 0.0000000000
59058  5.512  -11.164  46.022 0.0000000000
59071  9.468  -10.806  45.568 0.0000000000
59075  5.489  -11.146  45.308 0.0000000000
59093  8.255  -10.755  44.515 0.0000000000
59096  6.212  -11.040  44.269 0.0000000000
59097  5.510  -11.304  44.392 0.0000000000
59111  8.027  -10.683  43.567 0.0000000000
59127  6.535  -11.012  42.451 0.0000000000
59139  6.713  -10.865  41.876 0.0000000000
59153  6.370  -10.532  39.511 0.0000000000
59154  6.341  -11.200  40.461 0.0000000000
59168  5.890  -9.959  38.284 0.0000000000
59179  5.485  -10.773  36.948 0.0000000000
59192  5.204  -10.692  35.915 0.0000000000
60020  11.650  -9.824  59.428 0.0000000000
60028  13.437  -9.563  58.692 0.0000000000
60029  12.963  -9.304  59.006 0.0000000000
60037  16.656  -10.240  55.575 0.0000000000
60039  15.541  -9.323  56.656 0.0000000000
60047  18.238  -9.977  54.107 0.0000000000
60048  17.853  -9.675  54.415 0.0000000000
60060  18.831  -9.336  51.698 0.0000000000
60061  18.506  -9.505  52.377 0.0000000000
60062  9.572  -9.258  52.583 0.0000000000
60073  10.126  -9.952  51.144 0.0000000000
60161  7.003  -10.661  41.664 0.0000000000
60174  7.366  -10.271  40.902 0.0000000000
60188  7.434  -9.773  40.215 0.0000000000
60203  6.896  -9.413  39.357 0.0000000000
60238  5.384  -9.540  36.355 0.0000000000
61129  12.815  -8.520  59.300 0.0000000000
61130  12.322  -8.172  59.567 0.0000000000
61137  15.139  -8.983  57.150 0.0000000000
61157  8.720  -8.649  53.616 0.0000000000
61169  21.330  -8.472  50.469 0.0000000000
61221  11.314  -8.605  46.257 0.0000000000
61264  8.356  -9.805  41.095 0.0000000000
61273  7.683  -9.633  40.306 0.0000000000
61281  7.512  -9.072  39.777 0.0000000000
61291  6.367  -9.020  38.500 0.0000000000
62168  11.830  -7.908  59.730 0.0000000000
62169  11.349  -8.067  59.804 0.0000000000
62170  10.323  -7.517  59.941 0.0000000000
62172  8.047  -7.310  59.434 0.0000000000
62239  9.796  -7.036  50.378 0.0000000000
62304  9.000  -8.507  40.689 0.0000000000
62314  8.080  -8.031  39.786 0.0000000000
62315  7.521  -8.247  39.398 0.0000000000
62321  8.496  -6.738  39.638 0.0000000000
62322  7.806  -7.511  39.368 0.0000000000
63308  9.461  -6.400  59.982 0.0000000000
63311  11.988  -6.605  59.320 0.0000000000
63314  7.647  -5.989  59.436 0.0000000000
63340  6.243  -6.338  54.031 0.0000000000
63358  7.686  -6.408  51.881 0.0000000000
63387  8.484  -6.361  49.260 0.0000000000
63403  7.495  -5.762  48.311 0.0000000000
63443  11.508  -6.663  42.624 0.0000000000
63491  8.838  -6.080  39.167 0.0000000000
64427  9.145  -5.389  59.686 0.0000000000
64428  8.153  -5.373  59.640 0.0000000000
64430  7.294  -5.510  59.099 0.0000000000
64469  4.865  -4.965  51.629 0.0000000000
64480  5.731  -5.485  50.730 0.0000000000
64495  5.289  -4.989  49.423 0.0000000000
64508  4.818  -4.550  48.216 0.0000000000
64529  6.678  -4.901  47.639 0.0000000000
64580  9.873  -6.027  40.337 0.0000000000
65587  7.320  -4.951  59.151 0.0000000000
65593  6.676  -4.757  58.563 0.0000000000
65637  4.506  -4.545  50.511 0.0000000000
65650  4.020  -4.133  49.016 0.0000000000
65676  4.341  -4.307  47.774 0.0000000000
65686  4.982  -4.073  46.895 0.0000000000
65697  5.101  -3.831  46.419 0.0000000000
65706  10.774  -4.620  45.321 0.0000000000
65739  12.449  -3.918  39.805 0.0000000000
65741  11.180  -5.071  40.133 0.0000000000
66745  4.026  -3.598  46.536 0.0000000000
67747  4.836  -2.624  44.413 0.0000000000
67776  9.501  -1.637  43.094 0.0000000000
67828  12.839  -2.538  38.591 0.0000000000
68627  4.383  -1.990  50.542 0.0000000000
68665  4.108  -2.391  45.782 0.0000000000
68676  4.542  -1.961  44.935 0.0000000000
68696  11.464  -1.545  42.070 0.0000000000
68697  10.128  -1.331  42.661 0.0000000000
68699  8.206  -1.866  42.167 0.0000000000
68714  7.944  -1.773  41.391 0.0000000000
68727  7.728  -1.702  40.576 0.0000000000
68738  9.164  -0.838  40.286 0.0000000000
70815  4.823  -0.650  41.657 0.0000000000
134559  15.674  -15.062  55.164 0.0000000000
135465  9.915  -5.728  59.672 0.0000000000
135988  5.923  -11.930  42.540 0.0000000000
136542  16.761  -13.876  53.954 0.0000000000
137623  3.208  -14.546  50.372 0.0000000000
137987  3.005  -14.081  47.131 0.0000000000
138573  6.917  -10.893  44.853 0.0000000000
138708  6.079  -11.195  43.172 0.0000000000
138913  10.909  -7.669  59.937 0.0000000000
139032  18.195  -11.466  51.266 0.0000000000
139390  5.835  -10.715  38.523 0.0000000000
139638  6.761  -10.952  45.495 0.0000000000
140974  13.986  -6.826  51.170 0.0000000000
141151  3.525  -15.431  53.631 0.0000000000
142774  3.722  -12.562  48.701 0.0000000000
142984  16.458  -12.212  55.431 0.0000000000
143426  4.880  -4.319  47.539 0.0000000000
143882  3.391  -15.414  52.474 0.0000000000
144072  5.999  -12.740  41.987 0.0000000000
144278  6.482  -5.775  57.817 0.0000000000
145928  4.886  -11.850  35.635 0.0000000000
147105  11.228  -8.971  44.528 0.0000000000
147515  14.655  -11.863  56.936 0.0000000000
149991  19.896  -8.587  51.040 0.0000000000
150339  4.906  -1.395  42.905 0.0000000000
151384  3.712  -13.307  51.419 0.0000000000
152131  4.339  -16.115  56.007 0.0000000000
153369  14.922  -13.599  57.200 0.0000000000
153573  6.000  -11.765  52.000 0.0000000000
154439  5.674  -9.539  37.375 0.0000000000
154540  4.376  -12.844  45.533 0.0000000000
155161  10.666  -9.004  49.984 0.0000000000
156258  6.241  -5.168  48.397 0.0000000000
156266  6.593  -14.311  40.627 0.0000000000
156353  4.872  -5.302  53.172 0.0000000000
157127  4.592  -2.153  43.306 0.0000000000
157481  4.897  -13.098  44.817 0.0000000000
157525  12.342  -5.126  52.810 0.0000000000
157549  3.090  -14.475  49.596 0.0000000000
158273  11.043  -0.707  40.629 0.0000000000
158967  8.976  -9.751  59.653 0.0000000000
159068  17.852  -11.395  52.170 0.0000000000
159907  6.060  -11.540  49.975 0.0000000000
159933  10.878  -8.849  49.002 0.0000000000
160758  6.845  -7.807  38.464 0.0000000000
160992  5.935  -13.604  39.972 0.0000000000
161549  4.192  -2.986  50.284 0.0000000000
161652  6.644  -17.424  57.752 0.0000000000
161742  9.349  -11.067  49.591 0.0000000000
161986  8.068  -10.940  45.736 0.0000000000
