#!ascii label  , from subject sub-v2s7x29794_ses-1 vox2ras=TkReg
1875
30145  29.184  -39.858  -20.425 0.8999999762
150675  28.638  -41.100  -20.298 0.8000000119
29242  28.707  -40.556  -20.997 0.8000000119
29243  28.101  -40.827  -21.892 0.6999999881
28339  27.731  -41.531  -22.072 0.8000000119
29214  28.533  -40.482  -19.035 0.8999999762
30160  29.092  -39.829  -21.432 1.0000000000
31110  29.199  -39.035  -22.834 1.0000000000
30172  28.810  -39.697  -22.356 0.8999999762
29253  27.961  -40.219  -22.679 0.8000000119
29264  27.111  -40.503  -23.234 0.8000000119
30184  27.548  -39.817  -23.621 0.8999999762
29255  26.874  -41.053  -23.034 0.8000000119
29265  26.471  -40.878  -23.596 0.6999999881
28356  26.029  -41.471  -23.897 0.6999999881
30120  28.342  -39.727  -18.692 0.8000000119
30129  28.957  -39.673  -19.430 0.8999999762
147921  28.689  -38.979  -18.867 0.8999999762
153480  27.999  -39.033  -18.395 0.8999999762
151814  25.184  -39.510  -18.340 0.8999999762
30159  29.663  -39.253  -20.930 0.8999999762
31109  29.741  -38.626  -22.378 1.0000000000
30183  28.410  -39.456  -23.222 0.8999999762
31131  28.296  -38.383  -24.325 1.0000000000
31122  27.980  -39.076  -24.045 0.8999999762
31132  27.543  -38.555  -24.874 0.8999999762
30197  27.177  -39.397  -24.458 0.8000000119
29266  25.889  -40.712  -24.368 0.6999999881
32014  30.210  -38.109  -20.051 0.8999999762
31070  29.137  -38.201  -19.089 0.8999999762
139894  28.272  -38.288  -18.575 0.8999999762
31062  26.541  -38.678  -18.286 0.8999999762
31063  25.532  -38.734  -18.429 0.8999999762
31083  30.049  -38.651  -20.464 0.8999999762
31098  30.096  -38.536  -21.481 0.8999999762
31120  29.558  -38.192  -23.179 1.0000000000
31142  26.913  -38.349  -25.506 0.8000000119
31133  26.760  -39.026  -25.216 0.8000000119
30206  25.948  -39.428  -25.503 0.8000000119
31144  25.418  -38.787  -26.170 0.8000000119
30208  25.050  -39.616  -25.977 0.8000000119
149124  23.980  -38.193  -26.432 0.8000000119
31986  27.692  -37.629  -18.524 0.8999999762
31988  25.852  -37.872  -18.598 0.8999999762
31989  24.980  -38.016  -18.904 0.8999999762
31998  30.456  -37.364  -20.010 0.8999999762
32000  26.062  -37.153  -18.876 0.8999999762
32002  24.439  -37.239  -19.646 0.8000000119
31072  23.228  -38.458  -19.437 0.8000000119
31082  30.456  -37.969  -20.714 0.8999999762
32890  24.996  -36.566  -19.731 0.6999999881
32891  23.749  -36.786  -20.160 0.6999999881
32015  23.047  -36.938  -20.423 0.6999999881
32040  30.527  -37.262  -22.330 0.8999999762
32905  23.411  -35.980  -20.541 0.6999999881
32907  21.710  -36.001  -20.956 0.6999999881
32053  30.419  -36.870  -22.917 1.0000000000
150706  21.979  -34.840  -20.801 0.6000000238
32054  30.097  -37.469  -23.023 1.0000000000
32063  29.361  -36.913  -24.087 1.0000000000
32064  28.936  -37.777  -24.085 1.0000000000
32065  28.140  -37.738  -24.856 1.0000000000
142614  28.656  -36.962  -24.700 1.0000000000
32955  27.834  -36.865  -25.415 0.8999999762
150893  26.946  -37.024  -26.000 0.8000000119
32078  26.557  -37.772  -26.000 0.8000000119
154900  25.676  -37.887  -26.315 0.8000000119
147311  24.921  -37.162  -26.455 0.8000000119
149110  24.812  -38.074  -26.424 0.8000000119
147310  23.575  -37.463  -26.322 0.8000000119
32971  24.352  -36.398  -26.340 0.8000000119
31999  29.268  -37.285  -19.102 0.8999999762
31987  26.769  -37.613  -18.501 0.8999999762
32886  29.488  -36.526  -19.251 0.8999999762
32875  27.868  -36.996  -18.736 0.8999999762
32889  26.614  -36.727  -18.943 0.8999999762
146498  25.776  -36.431  -19.466 0.8999999762
136122  30.853  -37.207  -20.842 0.8999999762
32904  24.307  -36.072  -20.216 0.6999999881
140651  30.916  -36.907  -21.625 0.8999999762
33843  23.793  -34.949  -20.499 0.6000000238
33844  22.894  -34.903  -20.677 0.6000000238
32932  30.819  -36.538  -22.391 1.0000000000
162487  21.246  -33.173  -20.352 0.5000000000
32946  29.750  -36.145  -23.928 1.0000000000
34755  21.442  -33.302  -19.753 0.5000000000
33888  29.397  -35.485  -24.408 1.0000000000
32953  29.089  -36.230  -24.529 1.0000000000
33902  28.274  -35.344  -25.349 1.0000000000
32969  27.872  -36.025  -25.566 1.0000000000
142404  27.226  -36.246  -25.971 0.8999999762
150709  25.977  -36.963  -26.350 0.8000000119
33904  26.479  -35.582  -26.178 0.8999999762
32970  25.927  -36.162  -26.351 0.8000000119
143196  25.219  -36.310  -26.402 0.8000000119
34825  25.064  -34.074  -25.731 0.8999999762
154802  24.888  -34.877  -26.060 0.8000000119
146305  24.462  -33.448  -25.417 0.8999999762
33905  23.841  -35.744  -26.070 0.8000000119
34828  22.562  -34.954  -25.431 0.8000000119
34808  22.215  -34.224  -25.048 0.8000000119
34809  21.580  -34.900  -25.047 0.8000000119
32885  30.263  -36.557  -19.611 0.8999999762
33825  29.911  -35.826  -19.411 0.8999999762
155811  25.754  -35.528  -19.808 0.6999999881
33830  25.091  -35.733  -19.966 0.8000000119
33857  31.246  -36.058  -21.674 0.8999999762
33840  31.040  -35.594  -20.059 0.8999999762
34762  24.243  -34.175  -20.198 0.6999999881
34763  23.259  -33.803  -20.354 0.6000000238
34764  22.270  -33.841  -20.565 0.6000000238
34753  23.980  -33.466  -19.870 0.6999999881
35716  23.159  -33.270  -19.935 0.6000000238
35718  21.804  -33.121  -20.048 0.5000000000
32945  30.481  -36.128  -23.187 1.0000000000
34754  22.186  -33.540  -19.527 0.5000000000
34743  21.909  -34.223  -18.946 0.5000000000
33882  30.133  -35.232  -23.773 1.0000000000
34807  28.949  -34.959  -24.891 1.0000000000
34822  28.422  -34.459  -25.269 1.0000000000
34823  27.710  -34.651  -25.601 1.0000000000
34824  26.867  -34.694  -25.876 0.8999999762
149852  29.062  -34.140  -24.854 1.0000000000
35772  27.720  -33.357  -25.415 0.8999999762
147837  27.270  -33.986  -25.621 0.8999999762
151652  25.760  -33.845  -25.696 0.8999999762
144059  26.459  -33.950  -25.711 0.8999999762
35775  25.300  -33.306  -25.496 0.8999999762
36746  23.906  -32.794  -25.077 0.8999999762
35776  23.605  -33.558  -25.257 0.8999999762
36745  25.630  -32.583  -25.313 0.8999999762
36727  24.193  -32.013  -24.937 0.8999999762
35777  22.782  -33.563  -25.021 0.8999999762
33826  28.994  -35.790  -19.211 0.8999999762
33827  28.029  -35.683  -19.215 0.8999999762
33828  27.151  -35.392  -19.432 0.8999999762
148264  28.447  -35.053  -19.356 0.8999999762
148233  27.076  -34.586  -19.540 1.0000000000
34750  26.461  -33.979  -19.609 0.8000000119
33824  30.524  -35.046  -19.615 0.8999999762
33841  25.167  -34.645  -20.045 0.6999999881
33871  31.371  -35.266  -22.174 0.8999999762
33856  31.579  -35.237  -21.281 0.8999999762
34752  24.762  -33.698  -19.828 0.6999999881
143847  23.896  -33.425  -19.365 0.6999999881
35705  23.139  -33.605  -19.233 0.5000000000
150381  30.869  -35.264  -22.980 1.0000000000
34742  22.678  -34.361  -18.468 0.5000000000
33812  22.220  -35.101  -17.965 0.5000000000
34795  30.624  -34.485  -23.386 1.0000000000
143969  29.669  -33.856  -24.309 1.0000000000
35746  29.826  -32.921  -24.102 1.0000000000
35756  29.107  -33.269  -24.737 1.0000000000
35757  28.455  -33.648  -25.199 1.0000000000
36725  28.331  -32.694  -25.085 1.0000000000
36724  29.117  -32.411  -24.588 1.0000000000
36743  27.368  -32.573  -25.312 0.8999999762
37651  26.011  -31.831  -25.122 0.8999999762
37652  25.112  -31.901  -25.046 0.8999999762
37671  19.743  -31.510  -26.242 0.6999999881
38602  19.120  -30.456  -25.597 0.8000000119
37673  18.685  -31.142  -25.268 0.8000000119
38587  18.071  -30.267  -24.490 0.8000000119
160021  31.138  -35.038  -19.965 0.8999999762
150905  29.721  -34.303  -19.326 1.0000000000
150393  28.705  -34.340  -19.319 1.0000000000
35711  27.862  -33.640  -19.253 1.0000000000
35712  26.830  -33.445  -19.306 0.6999999881
34751  25.596  -33.910  -19.757 0.6999999881
34784  31.734  -34.507  -21.827 0.8999999762
33839  31.410  -35.101  -20.433 0.8999999762
35715  24.543  -33.307  -19.345 0.6999999881
161197  23.897  -33.638  -18.617 0.6000000238
35735  31.013  -33.752  -23.130 1.0000000000
34785  31.263  -34.520  -22.669 0.8999999762
35727  32.098  -33.628  -21.486 0.8999999762
34729  22.241  -34.866  -16.901 0.4000000060
35745  30.312  -33.732  -23.729 1.0000000000
142975  28.546  -31.940  -24.770 1.0000000000
37628  27.357  -31.087  -24.874 1.0000000000
38565  27.766  -30.400  -24.582 1.0000000000
39516  19.333  -29.777  -23.351 0.8999999762
37689  21.508  -31.455  -27.056 0.6000000238
38617  20.746  -31.058  -26.643 0.6000000238
39555  19.623  -29.564  -25.926 0.8000000119
39542  18.740  -29.851  -25.376 0.8000000119
37636  18.645  -31.607  -24.615 0.8999999762
38554  19.079  -30.621  -23.655 0.8999999762
34747  31.353  -34.347  -19.930 0.8999999762
34748  30.563  -34.175  -19.479 0.8999999762
36683  27.328  -32.913  -18.999 0.8000000119
36685  25.663  -32.927  -19.015 0.6999999881
35703  25.062  -32.995  -18.729 0.6999999881
154887  24.119  -33.693  -17.659 0.6000000238
35690  22.529  -33.547  -16.506 0.4000000060
150873  31.361  -33.031  -22.864 1.0000000000
35734  31.640  -33.756  -22.400 0.8999999762
151245  30.647  -32.972  -23.456 1.0000000000
36709  30.283  -32.140  -23.707 1.0000000000
37612  29.765  -31.274  -23.930 1.0000000000
37613  29.030  -30.941  -24.289 1.0000000000
38564  28.551  -30.345  -24.318 1.0000000000
39525  27.369  -29.685  -24.445 1.0000000000
38572  21.153  -30.717  -24.173 0.8999999762
39515  20.294  -29.313  -23.761 0.8999999762
40425  19.452  -28.939  -23.165 0.8999999762
39533  17.233  -29.091  -23.587 0.8999999762
38542  18.565  -30.069  -23.316 0.8999999762
150986  22.967  -29.745  -27.440 0.6000000238
138555  22.250  -31.048  -27.292 0.6000000238
38600  20.928  -30.296  -26.621 0.6000000238
39554  20.658  -29.648  -26.445 0.8000000119
40441  18.678  -28.986  -25.469 0.8000000119
39532  17.602  -29.798  -24.103 0.8999999762
35709  30.023  -33.563  -19.219 0.8999999762
35710  28.998  -33.600  -19.178 0.8999999762
36681  29.387  -32.912  -18.949 0.8999999762
36682  28.352  -32.920  -18.989 0.8999999762
36675  26.058  -32.528  -18.432 0.6000000238
35723  32.005  -33.661  -20.468 1.0000000000
36689  32.094  -32.882  -20.122 1.0000000000
136880  31.620  -33.449  -19.847 1.0000000000
36662  25.938  -32.064  -17.594 0.6000000238
35700  24.731  -33.215  -17.676 0.6000000238
35688  24.199  -33.443  -16.975 0.5000000000
150869  31.958  -33.004  -22.229 1.0000000000
151174  32.266  -32.832  -21.626 1.0000000000
36692  32.115  -32.284  -22.080 1.0000000000
36699  31.638  -32.439  -22.594 1.0000000000
37611  30.658  -31.369  -23.287 1.0000000000
38551  29.315  -30.347  -23.929 1.0000000000
155075  28.088  -29.793  -24.330 1.0000000000
39526  26.506  -29.647  -24.502 1.0000000000
40430  25.413  -28.797  -24.358 1.0000000000
39528  24.811  -29.406  -24.471 1.0000000000
40432  23.810  -28.616  -24.403 1.0000000000
39529  23.420  -29.397  -24.443 0.8999999762
38569  24.156  -29.869  -24.520 0.8999999762
39514  21.206  -28.905  -24.204 0.8999999762
40412  18.500  -28.476  -22.764 0.8999999762
40435  16.863  -28.311  -23.877 0.8999999762
39568  24.318  -29.176  -27.805 0.6000000238
150512  23.608  -29.504  -27.612 0.6000000238
39570  22.235  -29.617  -27.068 0.6000000238
39553  21.425  -29.796  -26.755 0.6000000238
146916  19.571  -28.684  -25.943 0.8000000119
40442  18.061  -28.138  -25.272 0.8000000119
36680  30.422  -32.868  -19.045 0.8999999762
36672  28.815  -32.296  -18.590 0.6999999881
36674  26.901  -32.374  -18.592 0.6000000238
36661  26.590  -31.946  -17.971 0.6000000238
36678  32.185  -32.126  -19.750 0.8999999762
36644  25.399  -32.188  -17.079 0.6000000238
36645  24.776  -32.705  -16.918 0.5000000000
36691  32.421  -32.240  -21.330 1.0000000000
37605  31.565  -31.603  -22.590 1.0000000000
146968  32.566  -31.525  -20.941 0.8999999762
38540  31.035  -30.487  -22.765 1.0000000000
38550  30.119  -30.482  -23.418 1.0000000000
39510  29.581  -29.666  -23.469 1.0000000000
39511  28.750  -29.520  -23.936 1.0000000000
40416  28.491  -28.636  -23.643 1.0000000000
39512  27.923  -29.088  -24.125 1.0000000000
40429  26.157  -28.978  -24.386 1.0000000000
40431  24.591  -28.646  -24.355 1.0000000000
40421  23.418  -27.944  -24.357 1.0000000000
40423  21.535  -28.162  -24.237 0.8999999762
40424  20.474  -28.367  -23.798 0.8999999762
154515  19.573  -28.191  -23.157 0.8999999762
42476  17.496  -27.070  -22.986 0.8999999762
40483  23.685  -28.916  -27.391 0.6000000238
39569  22.995  -29.172  -27.247 0.6000000238
40461  21.470  -28.965  -26.663 0.6000000238
138826  20.990  -27.924  -26.403 0.6999999881
41513  19.306  -27.242  -26.004 0.6999999881
41489  19.017  -28.060  -25.756 0.6999999881
40434  17.282  -28.207  -24.628 0.8000000119
41486  16.793  -27.445  -24.312 0.8999999762
40482  24.566  -28.688  -27.455 0.6000000238
41514  18.272  -26.357  -25.885 0.6999999881
41490  18.242  -27.322  -25.616 0.8000000119
42488  16.872  -26.641  -24.792 0.8999999762
37589  27.383  -31.805  -18.118 0.6999999881
37573  26.331  -31.553  -17.397 0.6000000238
36669  31.708  -31.863  -19.033 0.8999999762
36670  30.851  -32.185  -18.713 0.8000000119
37587  29.298  -31.652  -18.172 0.6999999881
36688  32.429  -32.242  -20.522 0.8999999762
37591  32.372  -31.282  -19.426 0.8000000119
37596  32.248  -31.535  -21.789 1.0000000000
38517  32.659  -30.781  -20.323 0.8000000119
39483  32.281  -29.693  -21.422 0.8999999762
38526  32.399  -30.650  -21.395 0.8000000119
38541  30.290  -29.789  -23.040 1.0000000000
39498  29.845  -29.011  -23.002 1.0000000000
146249  29.155  -28.966  -23.425 1.0000000000
152930  28.258  -27.976  -23.482 1.0000000000
146813  27.052  -27.990  -23.933 1.0000000000
41472  25.732  -27.310  -23.939 1.0000000000
40419  25.160  -28.017  -24.181 1.0000000000
41476  21.917  -27.458  -24.282 0.8999999762
146466  20.531  -26.720  -23.857 0.8999999762
41478  20.245  -27.493  -23.612 0.8999999762
41480  18.470  -26.930  -23.063 0.8999999762
40460  22.084  -28.152  -26.661 0.6000000238
41512  20.216  -27.317  -26.261 0.6999999881
42484  16.936  -26.863  -23.378 0.8999999762
41532  24.746  -28.067  -26.866 0.6000000238
41533  23.989  -28.390  -27.054 0.6000000238
42523  19.806  -26.440  -26.303 0.6999999881
37588  28.306  -31.699  -18.146 0.6999999881
139525  26.967  -31.344  -17.552 0.6000000238
143401  31.177  -31.472  -18.400 0.8000000119
37586  30.282  -31.638  -18.241 0.8000000119
37571  28.796  -30.976  -17.604 0.6999999881
37572  27.794  -31.168  -17.650 0.6999999881
38513  32.633  -30.383  -19.364 0.6999999881
160454  31.864  -31.246  -18.683 0.8000000119
39470  32.806  -29.828  -20.083 0.6999999881
39482  32.651  -29.308  -20.796 0.6999999881
39484  31.644  -29.140  -21.864 0.8000000119
40406  31.044  -28.567  -22.193 0.8000000119
40410  30.206  -28.348  -22.568 0.8000000119
41460  30.812  -27.823  -22.190 0.8000000119
40411  29.111  -28.077  -23.086 0.8999999762
41471  26.730  -27.253  -23.706 1.0000000000
41474  23.951  -27.275  -24.220 1.0000000000
42481  23.697  -26.566  -24.159 1.0000000000
42479  26.137  -26.600  -23.634 1.0000000000
41473  24.830  -27.317  -24.079 1.0000000000
41475  22.953  -27.199  -24.307 1.0000000000
146418  22.176  -26.721  -24.286 1.0000000000
41477  21.229  -27.042  -24.141 0.8999999762
42483  19.604  -26.819  -23.393 0.8999999762
139618  18.879  -26.154  -23.450 0.8999999762
41509  23.620  -27.709  -26.695 0.6000000238
41534  23.077  -28.414  -26.901 0.6000000238
41511  21.787  -27.233  -26.488 0.6000000238
42522  21.513  -26.401  -26.452 0.6999999881
43494  17.658  -26.403  -23.411 0.8999999762
43519  16.896  -25.862  -24.619 0.8999999762
43552  20.242  -25.573  -26.492 0.6999999881
43553  18.793  -25.389  -26.292 0.6999999881
42492  17.082  -25.966  -25.337 0.8999999762
44542  16.583  -23.929  -25.885 0.8999999762
38483  30.481  -30.463  -17.567 0.6999999881
37570  29.846  -31.054  -17.767 0.6000000238
39425  28.699  -30.205  -17.066 0.6000000238
38485  27.278  -30.609  -17.081 0.6000000238
38503  32.400  -30.108  -18.477 0.6999999881
39423  30.203  -29.593  -17.144 0.6000000238
39459  32.890  -29.431  -19.109 0.6999999881
40400  32.988  -28.930  -20.044 0.6999999881
40404  32.626  -28.365  -20.875 0.6999999881
42470  30.761  -27.028  -22.128 0.8000000119
41462  29.834  -27.333  -22.548 0.8000000119
42473  29.201  -26.486  -22.766 0.8000000119
41463  28.935  -27.159  -22.927 0.8000000119
41465  27.560  -26.862  -23.342 1.0000000000
42474  28.331  -26.595  -23.044 0.8000000119
146440  24.987  -26.147  -23.764 1.0000000000
152980  24.517  -26.667  -23.989 1.0000000000
158806  22.969  -26.458  -24.262 1.0000000000
43502  24.226  -25.345  -23.847 1.0000000000
146438  23.470  -25.799  -24.115 1.0000000000
148098  22.069  -25.374  -24.276 1.0000000000
44523  21.685  -24.586  -24.257 1.0000000000
155509  20.783  -24.712  -24.124 1.0000000000
43505  20.098  -25.103  -23.869 0.8999999762
41510  22.739  -27.478  -26.594 0.6000000238
43507  17.991  -25.408  -23.800 0.8999999762
41508  24.375  -27.116  -26.519 0.6000000238
42520  23.387  -26.836  -26.479 0.6000000238
155597  21.917  -25.827  -26.458 0.6999999881
44526  17.784  -24.305  -24.233 0.8999999762
43551  21.213  -25.671  -26.483 0.6999999881
44574  19.252  -23.883  -26.653 0.6999999881
44575  17.596  -23.631  -26.594 0.8999999762
157058  28.525  -29.501  -16.703 0.5000000000
38482  31.056  -29.916  -17.509 0.6000000238
158894  30.318  -28.791  -16.926 0.5000000000
39441  32.764  -28.702  -18.387 0.6999999881
39442  31.848  -29.704  -17.776 0.6999999881
40392  33.110  -28.454  -19.252 0.6999999881
141218  33.095  -28.086  -20.041 0.6999999881
41458  32.230  -27.444  -21.328 0.6999999881
42469  31.618  -26.814  -21.784 0.6999999881
42472  30.126  -26.416  -22.437 0.8000000119
43492  29.590  -25.715  -22.719 0.8000000119
43493  28.523  -25.706  -22.988 0.8000000119
43498  27.609  -25.234  -23.225 0.8000000119
43499  26.706  -25.609  -23.379 0.8999999762
43500  25.766  -25.923  -23.555 1.0000000000
44519  25.835  -24.886  -23.506 0.8999999762
43501  24.979  -25.480  -23.678 1.0000000000
44521  23.642  -24.847  -23.978 1.0000000000
43503  22.897  -25.353  -24.194 1.0000000000
138012  20.907  -24.085  -24.171 1.0000000000
44524  20.022  -24.362  -23.955 0.8999999762
44525  19.042  -24.735  -23.835 0.8999999762
145023  19.033  -23.885  -23.938 0.8999999762
45581  19.193  -23.082  -24.024 0.8999999762
45582  18.026  -23.305  -24.342 0.8999999762
148095  23.914  -26.255  -26.392 0.6000000238
43549  23.236  -25.918  -26.405 0.6000000238
146363  20.897  -24.884  -26.562 0.6999999881
45645  18.663  -22.978  -26.732 0.8000000119
45615  16.835  -22.934  -26.189 0.8999999762
43548  24.636  -26.048  -26.350 0.6000000238
45642  22.416  -23.665  -26.786 0.6999999881
154789  20.493  -24.079  -26.651 0.6999999881
45646  17.568  -22.692  -26.596 0.8000000119
152466  17.286  -22.578  -25.570 0.8999999762
45644  20.050  -23.284  -26.729 0.6999999881
46708  17.468  -22.156  -26.049 0.8999999762
39422  31.125  -29.045  -17.318 0.5000000000
40351  29.910  -28.185  -16.713 0.5000000000
40364  32.440  -28.065  -17.834 0.6999999881
40366  30.716  -28.191  -16.988 0.5000000000
148855  32.978  -27.886  -18.563 0.6999999881
161875  33.156  -27.553  -20.036 0.6999999881
41444  33.219  -27.560  -19.424 0.6999999881
41454  32.870  -27.569  -20.553 0.6999999881
161582  32.742  -26.975  -20.830 0.6999999881
43487  31.932  -26.044  -21.857 0.6999999881
43488  31.049  -26.253  -22.169 0.6999999881
44511  30.171  -25.051  -22.857 0.8000000119
44512  29.218  -25.033  -23.066 0.8000000119
43497  28.360  -24.809  -23.252 0.8000000119
44518  26.902  -24.702  -23.407 0.8000000119
45575  25.428  -23.965  -23.709 0.8999999762
44520  24.699  -24.628  -23.724 1.0000000000
45577  23.328  -24.048  -24.072 1.0000000000
45578  22.435  -23.970  -24.244 1.0000000000
45573  27.271  -23.990  -23.632 0.8000000119
45591  25.975  -23.290  -23.984 0.8000000119
45593  24.017  -23.381  -24.065 0.8999999762
45595  22.064  -23.270  -24.333 1.0000000000
45579  21.654  -23.856  -24.276 1.0000000000
46668  23.503  -22.560  -24.418 0.8999999762
158687  21.039  -23.265  -24.267 1.0000000000
45580  20.070  -23.596  -24.053 1.0000000000
46648  19.876  -21.936  -24.341 1.0000000000
47727  18.124  -21.957  -24.701 0.8999999762
44572  22.618  -24.497  -26.550 0.6999999881
154183  19.062  -21.201  -24.595 0.8999999762
149586  23.960  -25.335  -26.389 0.6000000238
44571  23.543  -24.453  -26.563 0.6000000238
47754  17.881  -21.541  -25.509 0.8999999762
45641  23.165  -23.703  -26.823 0.6999999881
159801  21.612  -24.104  -26.644 0.6999999881
159950  21.015  -23.481  -26.775 0.6999999881
46706  19.654  -22.387  -26.766 0.6999999881
47769  19.297  -21.356  -26.684 0.8000000119
45643  20.826  -22.762  -26.935 0.6999999881
47770  18.476  -20.979  -26.144 0.8000000119
48930  18.572  -20.055  -25.782 0.8999999762
46728  20.473  -21.864  -27.062 0.6999999881
40376  32.120  -28.874  -17.706 0.6000000238
40365  31.591  -28.176  -17.379 0.5000000000
141581  33.122  -27.186  -18.709 0.6999999881
41433  32.695  -27.270  -18.062 0.5000000000
42465  32.956  -26.305  -20.721 0.6999999881
141053  33.163  -26.963  -20.112 0.6999999881
43486  32.656  -25.775  -21.338 0.6999999881
43480  33.162  -25.491  -20.660 0.6999999881
44507  32.311  -25.253  -21.952 0.6999999881
44510  31.838  -24.805  -22.563 0.6999999881
43490  31.448  -25.525  -22.308 0.6999999881
138538  30.995  -25.098  -22.670 0.6999999881
44516  29.865  -24.466  -23.352 0.8000000119
141823  29.008  -24.443  -23.442 0.8000000119
45571  29.418  -23.882  -23.793 0.8000000119
45572  28.290  -23.936  -23.723 0.8000000119
45590  26.860  -23.383  -23.949 0.8000000119
46663  28.717  -22.595  -24.618 0.8000000119
46664  27.408  -22.902  -24.324 0.8000000119
45592  25.033  -23.265  -24.078 0.8000000119
46667  24.514  -22.550  -24.422 0.8999999762
46669  22.516  -22.558  -24.452 0.8999999762
46670  21.552  -22.536  -24.414 1.0000000000
47720  26.383  -22.033  -24.968 0.8000000119
46666  25.584  -22.512  -24.526 0.8000000119
161653  20.727  -22.484  -24.313 1.0000000000
143601  21.883  -21.762  -24.603 1.0000000000
44570  24.361  -24.475  -26.614 0.6000000238
47725  19.915  -20.936  -24.583 1.0000000000
45664  22.792  -23.047  -27.168 0.6999999881
46726  22.421  -22.420  -27.415 0.6999999881
48890  18.808  -20.347  -24.995 0.8999999762
48889  19.888  -19.899  -24.916 1.0000000000
46727  21.532  -22.244  -27.289 0.6999999881
47784  21.149  -21.356  -27.469 0.8000000119
47785  20.060  -20.818  -27.044 0.8000000119
44495  33.347  -24.716  -20.635 0.6999999881
44506  32.994  -24.955  -21.350 0.6999999881
44509  32.796  -24.344  -22.128 0.6999999881
45564  32.189  -24.018  -22.954 0.6999999881
45569  31.528  -23.607  -23.600 0.6999999881
45570  30.459  -23.835  -23.747 0.6999999881
46647  30.937  -23.167  -24.165 0.6999999881
45587  29.986  -23.295  -24.231 0.8000000119
45588  29.015  -23.249  -24.198 0.8000000119
157527  27.974  -22.560  -24.597 0.8000000119
47718  28.301  -22.041  -25.032 0.8000000119
47719  27.344  -22.180  -24.879 0.8000000119
47722  23.963  -21.742  -24.829 0.8999999762
47749  25.274  -21.296  -25.323 0.8000000119
47750  24.018  -20.962  -25.315 0.8999999762
47752  22.216  -21.048  -24.927 0.8999999762
45640  23.981  -23.742  -26.902 0.6000000238
48911  23.400  -20.357  -25.545 0.8999999762
48912  22.478  -20.337  -25.287 0.8999999762
47724  21.048  -20.753  -24.680 1.0000000000
45663  24.432  -23.196  -27.406 0.6000000238
47782  23.078  -21.540  -28.011 0.6999999881
49989  20.192  -18.939  -25.528 0.8999999762
48941  21.693  -20.827  -27.926 0.8000000119
48943  19.702  -19.680  -26.832 0.8999999762
50030  19.667  -18.784  -26.478 0.8000000119
44505  33.350  -24.102  -21.303 0.6999999881
45568  32.489  -23.180  -23.319 0.6999999881
162399  30.435  -22.740  -24.497 0.6999999881
147462  31.222  -22.429  -24.485 0.6999999881
139606  30.398  -22.071  -24.875 0.6999999881
47748  26.186  -21.268  -25.481 0.8000000119
48910  24.736  -20.781  -25.564 0.8000000119
48909  25.538  -20.628  -25.804 0.8000000119
50008  24.798  -20.036  -26.113 0.8000000119
48887  21.657  -20.329  -25.026 0.8999999762
137042  23.623  -23.081  -27.295 0.6000000238
152377  24.159  -20.402  -25.724 0.8000000119
50009  23.798  -19.763  -25.999 0.8999999762
50010  22.642  -19.472  -25.783 0.8999999762
48913  21.552  -19.583  -25.344 0.8999999762
46724  24.138  -22.515  -27.723 0.6000000238
46725  23.259  -22.348  -27.623 0.6999999881
50011  21.379  -18.728  -25.871 0.8999999762
154773  22.468  -21.045  -28.102 0.6999999881
51209  19.913  -18.358  -26.275 0.8000000119
149298  21.858  -19.371  -28.458 0.6999999881
50040  20.377  -19.078  -27.343 0.8000000119
45563  32.995  -23.475  -22.596 0.6999999881
46645  32.727  -22.363  -23.602 0.6999999881
46661  32.161  -22.017  -24.274 0.6999999881
48908  27.077  -20.929  -25.714 0.8000000119
50007  26.431  -20.456  -26.001 0.8000000119
152019  25.798  -19.908  -26.314 0.8000000119
51205  24.746  -18.570  -26.895 0.8000000119
50029  23.369  -18.966  -26.303 0.8999999762
51206  23.071  -18.171  -26.741 0.8999999762
46745  23.912  -21.826  -28.079 0.6000000238
51207  22.305  -18.504  -26.317 0.8999999762
48954  23.766  -21.114  -28.531 0.6999999881
51186  21.248  -18.036  -26.517 0.8999999762
50049  22.777  -19.746  -28.805 0.6999999881
51239  21.564  -18.384  -28.456 0.8000000119
52441  21.352  -17.436  -27.868 0.8000000119
50066  22.853  -18.813  -29.173 0.6999999881
52461  21.542  -17.542  -28.438 0.8000000119
51240  20.955  -17.924  -27.977 0.8000000119
51262  22.822  -17.773  -29.481 0.8000000119
46644  33.256  -21.964  -23.163 0.6999999881
47701  32.972  -21.454  -23.745 0.6000000238
143509  25.062  -21.721  -28.578 0.6000000238
52420  22.802  -17.346  -27.381 0.8999999762
47803  24.506  -21.435  -28.561 0.6000000238
53545  22.170  -16.812  -27.834 0.8999999762
48972  23.650  -20.280  -28.902 0.8000000119
52440  21.669  -16.955  -27.890 0.8999999762
51261  24.218  -18.242  -30.176 0.6999999881
52472  22.639  -16.648  -29.447 0.8000000119
53588  22.303  -16.512  -28.864 0.8000000119
48971  24.427  -20.702  -28.992 0.6999999881
51225  23.869  -17.979  -27.134 0.8000000119
50081  25.644  -19.457  -30.299 0.5000000000
149297  24.278  -19.790  -29.452 0.6000000238
50082  25.083  -18.904  -30.262 0.6000000238
50064  24.471  -19.095  -29.912 0.6999999881
53574  22.167  -16.519  -28.381 0.8000000119
51260  25.097  -18.114  -30.582 0.6000000238
52485  25.191  -17.313  -30.862 0.6000000238
147557  23.747  -16.554  -30.405 0.6999999881
53605  23.754  -15.744  -30.549 0.8000000119
53604  24.473  -16.526  -30.773 0.6000000238
53555  23.787  -16.464  -28.299 0.8000000119
54610  23.906  -15.613  -28.946 0.8000000119
54598  23.093  -16.011  -28.651 0.8999999762
51259  25.903  -18.788  -30.687 0.6000000238
54649  23.429  -15.124  -30.194 0.8000000119
151355  22.967  -15.861  -29.383 0.8000000119
54630  23.468  -15.029  -29.742 0.8000000119
53624  24.546  -15.685  -31.099 0.6000000238
54609  24.845  -15.423  -29.181 0.8000000119
55663  23.592  -14.929  -29.609 0.8000000119
51280  25.757  -17.966  -30.934 0.6000000238
52500  25.968  -17.336  -31.280 0.6000000238
55698  23.776  -14.505  -30.522 0.8000000119
54667  26.377  -15.776  -32.015 0.6000000238
55696  24.579  -13.695  -31.387 0.6999999881
151735  23.983  -14.096  -30.114 0.8000000119
55711  27.039  -14.454  -32.752 0.6000000238
55713  25.131  -14.030  -31.838 0.6000000238
56779  25.169  -13.139  -31.984 0.6999999881
53637  27.231  -15.838  -32.405 0.6000000238
54680  27.421  -15.200  -32.661 0.6000000238
138256  26.142  -14.740  -29.906 0.8000000119
55650  24.301  -14.784  -29.525 0.8000000119
52498  27.560  -17.251  -32.042 0.6000000238
55661  25.194  -14.198  -29.883 0.8000000119
136598  28.207  -17.173  -32.325 0.5000000000
150462  24.639  -13.225  -31.002 0.8000000119
56745  24.290  -13.663  -30.533 0.8000000119
53635  28.613  -16.665  -32.601 0.6000000238
52499  26.786  -17.330  -31.658 0.6000000238
56795  25.627  -12.418  -32.442 0.6000000238
53634  29.324  -16.902  -32.747 0.5000000000
54679  28.168  -15.754  -32.728 0.6000000238
54695  28.830  -15.138  -33.149 0.6000000238
56777  26.566  -13.559  -32.830 0.6000000238
55710  27.947  -14.795  -32.991 0.6000000238
55728  27.534  -13.898  -33.170 0.6000000238
56792  28.050  -13.175  -33.586 0.6000000238
56728  25.852  -13.672  -30.435 0.8000000119
56729  24.828  -13.674  -30.278 0.8000000119
134737  26.431  -12.938  -30.945 0.8000000119
57819  26.788  -12.306  -31.407 0.6999999881
57820  25.825  -12.284  -31.382 0.6999999881
138594  29.262  -16.063  -32.972 0.6000000238
57858  26.235  -12.076  -33.052 0.6000000238
58919  26.173  -11.105  -33.054 0.6000000238
57845  25.930  -11.647  -32.469 0.6999999881
54694  29.665  -15.293  -33.367 0.5000000000
57857  27.168  -12.219  -33.529 0.6000000238
55747  30.693  -13.889  -34.182 0.5000000000
56791  29.035  -13.581  -33.734 0.6000000238
57855  28.927  -12.794  -33.994 0.6000000238
55746  31.795  -14.340  -34.432 0.5000000000
57818  27.813  -12.259  -31.572 0.6999999881
58897  26.353  -11.222  -32.149 0.6000000238
59977  26.444  -10.407  -33.043 0.6000000238
151483  26.186  -11.237  -32.406 0.6000000238
59991  27.301  -10.316  -33.923 0.6000000238
59966  26.840  -9.859  -33.044 0.6000000238
56810  31.530  -13.432  -34.582 0.5000000000
56811  29.905  -13.062  -34.216 0.6000000238
57866  29.432  -12.156  -34.377 0.6000000238
57867  28.467  -11.819  -34.172 0.6000000238
58917  27.390  -11.355  -33.836 0.6000000238
61095  27.569  -9.497  -33.966 0.6000000238
57864  31.269  -12.576  -34.735 0.6000000238
58924  30.871  -11.628  -34.919 0.6000000238
57863  32.192  -12.928  -34.936 0.5000000000
57883  32.797  -12.448  -35.321 0.5000000000
136866  34.114  -12.038  -35.800 0.4000000060
157202  33.315  -12.018  -35.599 0.5000000000
58896  27.081  -10.851  -32.247 0.6000000238
59955  27.120  -10.021  -32.703 0.6000000238
149107  29.906  -11.551  -34.648 0.6000000238
59990  28.139  -10.173  -34.394 0.6000000238
61083  27.550  -9.355  -33.462 0.6000000238
60006  30.821  -10.692  -35.309 0.6000000238
58943  32.552  -11.628  -35.480 0.5000000000
58944  31.655  -11.233  -35.359 0.6000000238
60003  33.361  -11.228  -35.889 0.5000000000
60017  34.843  -10.659  -36.687 0.4000000060
61093  29.211  -9.408  -34.855 0.6000000238
62139  28.515  -8.614  -34.216 0.5000000000
61074  27.980  -9.052  -33.287 0.5000000000
61064  28.093  -9.654  -32.784 0.5000000000
162111  29.567  -10.998  -34.709 0.6000000238
61092  29.545  -8.989  -35.078 0.5000000000
60005  31.499  -10.500  -35.587 0.6000000238
60019  32.849  -10.249  -36.152 0.5000000000
60018  33.872  -10.520  -36.389 0.4000000060
61073  28.779  -9.080  -33.125 0.4000000060
135395  30.861  -9.837  -35.619 0.6000000238
61103  30.151  -8.822  -35.550 0.5000000000
61118  33.368  -9.548  -36.593 0.4000000060
61102  31.781  -9.853  -35.955 0.6000000238
61120  31.515  -8.861  -36.346 0.6000000238
62144  30.087  -7.806  -35.671 0.4000000060
137414  34.197  -9.295  -37.026 0.4000000060
154516  33.431  -8.752  -36.951 0.4000000060
63292  30.292  -7.049  -35.811 0.4000000060
62158  32.416  -8.528  -36.727 0.4000000060
62159  31.180  -7.785  -36.627 0.4000000060
62156  35.649  -9.141  -37.442 0.4000000060
63300  33.017  -7.870  -37.232 0.4000000060
62113  30.261  -8.831  -33.303 0.4000000060
63285  30.317  -7.294  -35.264 0.4000000060
63302  30.928  -6.708  -36.792 0.4000000060
62163  34.934  -8.137  -37.553 0.4000000060
62164  33.780  -7.413  -37.554 0.4000000060
63301  31.862  -7.294  -37.106 0.4000000060
63273  30.532  -7.685  -34.585 0.4000000060
64391  31.245  -6.196  -35.752 0.4000000060
63291  30.540  -6.498  -35.872 0.4000000060
160402  34.502  -7.055  -37.768 0.3000000119
63306  31.509  -6.357  -37.189 0.4000000060
138741  30.627  -6.432  -36.344 0.4000000060
63283  32.008  -6.937  -34.956 0.4000000060
64399  30.963  -5.960  -36.412 0.4000000060
37653  18.679  -31.789  -25.049 0.8000000119
36711  19.157  -32.073  -24.424 0.8999999762
37614  19.981  -31.083  -23.985 0.8999999762
36731  19.995  -32.316  -24.253 0.8999999762
35759  20.990  -33.342  -24.469 0.8999999762
37650  26.916  -31.800  -25.142 0.8999999762
37629  26.437  -31.083  -24.892 1.0000000000
38566  26.898  -30.378  -24.677 1.0000000000
159878  23.212  -32.977  -24.965 0.8999999762
138745  24.771  -32.666  -25.228 0.8999999762
37631  24.566  -31.225  -24.775 0.8999999762
38567  25.983  -30.368  -24.656 1.0000000000
136804  22.203  -32.230  -24.515 0.8999999762
150466  23.183  -30.763  -24.518 0.8999999762
38568  24.951  -30.322  -24.635 1.0000000000
37634  21.724  -31.550  -24.316 0.8999999762
39530  22.522  -29.337  -24.386 0.8999999762
62128  28.461  -8.490  -33.971 0.4000000060
134626  29.609  -8.330  -35.047 0.4000000060
62127  29.103  -8.250  -33.979 0.4000000060
149268  29.911  -9.418  -32.944 0.4000000060
30144  29.591  -39.211  -20.027 0.8999999762
31121  28.767  -38.685  -23.644 1.0000000000
29277  26.014  -40.070  -24.798 0.8000000119
148642  27.309  -39.085  -18.254 0.8999999762
32041  30.145  -37.992  -22.353 1.0000000000
31143  26.255  -38.574  -25.854 0.8000000119
32903  30.879  -36.466  -20.252 0.8999999762
33903  27.425  -35.430  -25.806 0.8999999762
156813  26.506  -36.405  -26.229 0.8000000119
142920  24.658  -35.658  -26.244 0.8000000119
32972  23.411  -36.568  -26.148 0.8000000119
34806  29.558  -34.677  -24.380 1.0000000000
34826  24.118  -34.336  -25.663 0.8999999762
34827  23.134  -34.276  -25.367 0.8000000119
151232  21.768  -32.874  -24.533 0.8999999762
35773  26.905  -33.272  -25.525 0.8999999762
37633  22.725  -31.483  -24.528 0.8999999762
143386  29.412  -35.058  -19.355 0.8999999762
34749  27.818  -34.428  -19.412 1.0000000000
35704  24.437  -33.338  -18.650 0.6000000238
34728  22.953  -34.304  -16.887 0.4000000060
34727  23.688  -33.934  -17.091 0.4000000060
36726  27.817  -31.844  -25.040 1.0000000000
37630  25.506  -31.118  -24.834 0.8999999762
36747  18.948  -32.757  -25.416 0.6999999881
154879  17.362  -29.031  -24.279 0.8000000119
35708  30.981  -33.545  -19.426 0.8999999762
38553  20.153  -30.221  -23.837 0.8999999762
38555  18.322  -30.381  -23.720 0.8999999762
36673  27.826  -32.328  -18.604 0.6999999881
35689  23.434  -33.542  -16.706 0.4000000060
144959  22.288  -30.767  -24.359 0.8999999762
157449  17.488  -28.242  -22.750 0.8999999762
41481  16.813  -27.522  -23.550 0.8999999762
40462  20.395  -28.800  -26.294 0.6999999881
36671  29.833  -32.278  -18.589 0.8000000119
36679  31.481  -32.720  -19.393 0.8999999762
40417  26.998  -28.804  -24.257 1.0000000000
154155  23.539  -30.167  -24.501 0.8999999762
40422  22.493  -28.005  -24.353 0.8999999762
39513  22.095  -28.716  -24.349 0.8999999762
38571  21.969  -29.970  -24.291 0.8999999762
41466  17.966  -27.653  -22.756 0.8999999762
37594  32.511  -31.603  -20.194 0.8000000119
37549  26.452  -30.984  -17.004 0.5000000000
38539  31.867  -30.857  -22.180 1.0000000000
41479  19.097  -27.608  -23.003 0.8999999762
142346  32.246  -28.949  -21.365 0.8000000119
39496  31.728  -30.021  -22.067 0.8999999762
39497  30.824  -29.333  -22.504 0.8999999762
154575  20.750  -26.213  -26.441 0.6999999881
43511  17.088  -25.112  -24.533 0.8999999762
139145  18.554  -24.469  -26.498 0.8000000119
38464  27.932  -30.028  -16.839 0.6000000238
38504  31.534  -30.656  -18.024 0.8000000119
38484  29.547  -30.336  -17.310 0.6000000238
40405  31.727  -28.246  -21.691 0.6999999881
159627  26.372  -26.123  -23.469 1.0000000000
42482  21.408  -26.179  -24.188 1.0000000000
44529  16.800  -24.186  -24.974 0.8999999762
39424  29.279  -29.613  -16.879 0.6000000238
136159  27.162  -29.801  -16.637 0.5000000000
42475  27.590  -26.057  -23.202 0.8999999762
40352  29.041  -28.271  -16.539 0.5000000000
42468  32.378  -26.568  -21.351 0.6999999881
43491  30.539  -25.662  -22.507 0.8000000119
46650  18.536  -22.525  -24.354 0.8999999762
41422  31.957  -27.384  -17.514 0.6000000238
162586  30.649  -26.873  -16.984 0.5000000000
42452  33.268  -26.710  -19.286 0.6999999881
151683  27.583  -23.466  -23.959 0.8000000119
46665  26.588  -22.722  -24.425 0.8000000119
48914  19.121  -19.390  -25.551 0.8999999762
140861  31.354  -26.713  -17.302 0.5000000000
42441  33.253  -25.998  -19.107 0.6999999881
44515  31.024  -24.450  -23.149 0.6999999881
46662  29.631  -22.658  -24.601 0.8000000119
47751  23.180  -21.075  -25.125 0.8999999762
48956  22.206  -20.313  -28.349 0.8000000119
48957  21.299  -19.835  -28.013 0.8000000119
46646  31.882  -22.815  -23.955 0.6999999881
48907  27.784  -20.660  -25.842 0.8000000119
51187  20.539  -18.306  -26.154 0.8999999762
46641  33.171  -22.661  -22.916 0.6999999881
147991  23.904  -18.605  -26.688 0.8999999762
45562  33.447  -22.881  -22.095 0.6000000238
52486  24.352  -17.344  -30.497 0.6999999881
54668  24.674  -14.688  -31.420 0.6999999881
136638  25.465  -15.696  -31.575 0.6000000238
54681  25.679  -14.889  -31.988 0.6000000238
56764  24.312  -13.628  -30.941 0.8000000119
56793  26.914  -12.975  -33.237 0.6000000238
57836  25.170  -12.641  -31.367 0.6999999881
140708  29.353  -14.169  -33.629 0.6000000238
58926  28.969  -11.158  -34.501 0.6000000238
56790  29.751  -13.763  -33.891 0.6000000238
61094  28.417  -9.239  -34.437 0.6000000238
62126  30.069  -8.216  -33.873 0.4000000060
148578  29.980  -7.806  -35.108 0.4000000060
63272  31.600  -7.673  -34.449 0.4000000060
63305  32.556  -6.604  -37.495 0.4000000060
36730  21.084  -32.441  -24.320 0.8999999762
146604  26.813  -48.716  -18.926 0.4000000060
22069  26.148  -48.140  -18.705 0.4000000060
22903  24.639  -47.608  -18.672 0.4000000060
22067  28.180  -47.853  -19.946 0.4000000060
22902  25.572  -47.446  -18.862 0.4000000060
22927  24.666  -47.039  -19.134 0.4000000060
23915  28.769  -46.860  -20.828 0.3000000119
22926  26.729  -47.626  -19.036 0.4000000060
23930  28.760  -46.758  -21.703 0.4000000060
23931  28.486  -46.277  -22.520 0.4000000060
158401  27.602  -45.646  -23.581 0.4000000060
24832  27.016  -45.313  -24.124 0.4000000060
144174  26.104  -46.786  -19.038 0.5000000000
23878  24.724  -46.307  -19.297 0.4000000060
23875  28.041  -46.559  -19.445 0.4000000060
23876  27.144  -46.693  -19.125 0.4000000060
24810  28.748  -45.641  -21.779 0.5000000000
24811  28.141  -45.441  -22.873 0.4000000060
25671  27.273  -44.190  -23.290 0.4000000060
25672  26.842  -44.352  -23.804 0.5000000000
26550  26.222  -43.687  -24.079 0.5000000000
26551  25.635  -42.997  -24.422 0.6000000238
138986  25.676  -43.864  -24.756 0.5000000000
26552  24.970  -43.159  -25.153 0.6000000238
26565  24.217  -42.937  -25.680 0.4000000060
24761  26.387  -45.868  -18.954 0.5000000000
24762  25.299  -45.647  -19.094 0.5000000000
24763  24.429  -45.528  -19.344 0.5000000000
24777  22.369  -45.879  -20.276 0.5000000000
24759  28.352  -45.725  -19.556 0.6000000238
24760  27.591  -45.790  -19.078 0.6000000238
24776  28.751  -45.581  -20.231 0.5000000000
146147  28.767  -43.931  -20.168 0.6000000238
25649  28.761  -44.736  -21.301 0.5000000000
25661  28.389  -44.715  -22.191 0.5000000000
26536  27.487  -43.715  -22.835 0.4000000060
26537  26.801  -43.489  -23.410 0.6000000238
26538  26.201  -42.858  -23.794 0.6000000238
28368  25.344  -41.470  -24.634 0.6000000238
29279  24.694  -41.196  -25.371 0.6000000238
30209  24.052  -39.833  -26.242 0.6000000238
28369  24.749  -41.811  -25.138 0.6000000238
28378  24.134  -41.731  -25.681 0.6000000238
29288  23.849  -40.904  -26.038 0.6000000238
29289  23.069  -40.236  -26.291 0.6000000238
24747  25.864  -44.812  -18.728 0.5000000000
25622  24.931  -45.017  -19.051 0.5000000000
25623  24.199  -44.751  -19.247 0.5000000000
24765  22.813  -45.221  -19.918 0.5000000000
24745  28.090  -44.854  -19.032 0.6000000238
24746  27.096  -44.939  -18.667 0.6000000238
26511  28.770  -43.971  -20.885 0.6000000238
26495  28.641  -43.429  -19.696 0.6000000238
26524  28.438  -43.972  -21.719 0.5000000000
138335  28.684  -43.292  -20.435 0.6000000238
26525  27.882  -43.190  -22.172 0.6000000238
27427  26.824  -42.179  -22.996 0.6000000238
30207  25.452  -40.122  -25.348 0.6000000238
30210  23.231  -39.550  -26.313 0.6000000238
31147  22.109  -38.792  -26.116 0.6999999881
25611  24.917  -44.293  -18.776 0.6000000238
26480  24.044  -43.900  -18.959 0.5000000000
142812  22.606  -43.911  -19.475 0.5000000000
25608  28.195  -44.007  -18.888 0.6000000238
25609  27.595  -44.091  -18.577 0.6000000238
25610  26.662  -44.031  -18.397 0.6000000238
26482  22.252  -43.170  -19.234 0.5000000000
26483  21.535  -43.448  -19.564 0.5000000000
26467  27.974  -43.360  -18.601 0.6000000238
27426  27.424  -42.266  -22.402 0.6000000238
32079  22.656  -37.287  -26.028 0.6999999881
26469  26.310  -43.179  -18.220 0.6000000238
142130  24.821  -43.418  -18.514 0.6000000238
26481  23.183  -43.493  -19.119 0.6000000238
26468  27.211  -43.284  -18.303 0.6000000238
27373  24.833  -42.449  -18.277 0.6000000238
27384  23.037  -42.609  -18.819 0.6000000238
27385  21.412  -42.708  -19.215 0.6000000238
27372  26.804  -42.482  -18.133 0.6000000238
27386  20.515  -42.394  -19.256 0.5000000000
27383  28.495  -42.912  -19.289 0.6000000238
28318  19.812  -41.655  -19.172 0.6000000238
148393  21.684  -37.124  -25.655 0.6999999881
137912  25.889  -42.419  -18.130 0.6000000238
153853  23.006  -41.863  -18.623 0.6000000238
154251  27.210  -41.770  -18.151 0.6000000238
28302  25.450  -41.632  -18.137 0.6000000238
28303  24.478  -41.474  -18.287 0.6000000238
28315  22.157  -42.073  -18.828 0.6000000238
28316  21.194  -41.783  -18.906 0.6000000238
146921  28.113  -42.114  -18.650 0.6000000238
138617  20.923  -40.830  -18.929 0.6000000238
146414  28.445  -42.139  -19.207 0.6000000238
137734  28.338  -41.492  -21.094 0.6000000238
33890  20.944  -35.642  -24.914 0.6999999881
34810  20.444  -34.881  -24.703 0.6999999881
28300  27.787  -41.777  -18.404 0.6000000238
140811  25.106  -40.809  -18.230 0.6999999881
28304  23.522  -41.297  -18.471 0.6999999881
139562  28.558  -41.223  -19.478 0.6000000238
142025  19.946  -33.965  -24.601 0.6999999881
155570  25.973  -40.934  -18.112 0.6999999881
29204  27.968  -40.461  -18.489 0.6999999881
140231  26.824  -41.026  -18.048 0.6999999881
147129  24.159  -40.537  -18.388 0.6999999881
29206  23.161  -40.539  -18.603 0.6999999881
28306  21.761  -41.054  -18.756 0.6000000238
29207  22.341  -40.383  -18.761 0.6999999881
30131  22.283  -39.594  -19.084 0.6000000238
29215  21.507  -40.014  -19.039 0.5000000000
36732  18.732  -32.397  -24.899 0.8000000119
154268  26.428  -40.262  -18.106 0.6999999881
147312  25.602  -40.183  -18.196 0.6999999881
30123  24.388  -39.657  -18.491 0.6999999881
31065  23.822  -39.047  -18.877 0.6999999881
153652  20.487  -39.378  -19.884 0.5000000000
31071  24.100  -38.202  -19.215 0.6999999881
31073  22.345  -38.742  -19.572 0.6000000238
31074  21.581  -38.590  -19.981 0.6000000238
51204  25.564  -18.770  -26.940 0.6999999881
47717  29.316  -21.936  -25.070 0.6999999881
47747  27.824  -21.378  -25.444 0.6999999881
50006  27.280  -20.239  -26.142 0.6999999881
160071  30.702  -21.541  -25.086 0.6000000238
47716  30.132  -21.434  -25.238 0.6000000238
152020  26.694  -19.724  -26.437 0.6999999881
51223  26.278  -18.449  -27.236 0.6999999881
152334  25.422  -18.277  -27.260 0.6999999881
51224  24.741  -17.801  -27.426 0.6999999881
47715  31.364  -21.609  -24.819 0.6000000238
48905  29.621  -20.421  -25.730 0.6000000238
48906  28.634  -20.712  -25.737 0.6999999881
50026  27.566  -19.529  -26.493 0.6999999881
47714  32.313  -21.174  -24.467 0.6000000238
52438  25.709  -17.651  -27.782 0.6999999881
54608  25.567  -15.729  -29.201 0.6999999881
48886  30.876  -21.007  -25.269 0.6000000238
143490  30.521  -20.327  -25.597 0.6000000238
50024  29.355  -19.129  -26.430 0.6000000238
50025  28.448  -19.345  -26.487 0.6999999881
51222  27.321  -18.357  -27.294 0.6999999881
52458  26.402  -17.177  -28.405 0.6999999881
53571  26.132  -16.397  -28.967 0.6999999881
54628  26.240  -15.618  -29.486 0.6999999881
48885  31.491  -20.239  -25.336 0.6000000238
139158  30.942  -19.778  -25.712 0.6000000238
50023  30.248  -18.854  -26.414 0.5000000000
51201  28.761  -18.645  -26.813 0.6000000238
52456  28.170  -17.338  -28.403 0.5000000000
52457  27.304  -17.322  -28.420 0.6999999881
55659  27.886  -15.258  -30.301 0.6999999881
55660  27.004  -14.545  -30.322 0.6999999881
64408  38.603  -6.763  -37.044 0.3000000119
154160  36.751  -8.332  -37.640 0.3000000119
158368  34.822  -9.014  -37.317 0.3000000119
22045  26.112  -48.691  -18.446 0.4000000060
22047  24.456  -48.219  -18.091 0.3000000119
22048  23.549  -48.191  -17.888 0.4000000060
21196  27.489  -49.186  -19.594 0.3000000119
22904  22.986  -47.642  -18.618 0.4000000060
22973  28.551  -47.674  -21.992 0.4000000060
22928  23.765  -47.213  -19.090 0.4000000060
22974  28.180  -47.931  -22.714 0.4000000060
23963  27.399  -46.108  -23.978 0.4000000060
141564  26.909  -46.219  -24.546 0.4000000060
25682  26.345  -44.553  -24.466 0.5000000000
25684  25.160  -44.120  -25.421 0.4000000060
23897  22.579  -46.597  -19.992 0.4000000060
28379  23.342  -41.658  -26.094 0.5000000000
24778  21.644  -45.766  -20.700 0.5000000000
153510  22.435  -39.572  -26.273 0.6000000238
25638  21.410  -44.904  -20.562 0.5000000000
25626  21.963  -43.937  -19.723 0.5000000000
26497  20.423  -43.825  -20.198 0.5000000000
156561  21.112  -37.673  -25.650 0.6000000238
27399  20.227  -43.137  -19.764 0.5000000000
27388  19.076  -42.797  -19.903 0.4000000060
32066  20.754  -37.017  -25.331 0.6999999881
29216  20.118  -40.744  -19.122 0.5000000000
34811  19.350  -34.895  -24.948 0.6999999881
145606  20.636  -39.990  -19.349 0.5000000000
146299  19.013  -33.943  -25.057 0.8000000119
35778  18.779  -33.709  -25.563 0.6999999881
30146  20.080  -39.065  -20.400 0.5000000000
31084  21.166  -38.057  -20.601 0.6000000238
42451  33.290  -26.012  -19.922 0.6000000238
43479  33.368  -25.212  -20.110 0.6000000238
50002  31.644  -19.497  -25.587 0.5000000000
51199  31.192  -18.433  -26.463 0.5000000000
52433  30.519  -17.298  -27.794 0.5000000000
52455  29.002  -17.261  -28.353 0.5000000000
54626  28.698  -15.842  -30.120 0.5000000000
55678  28.781  -15.028  -30.565 0.5000000000
162627  28.612  -12.794  -31.510 0.5000000000
65572  39.325  -5.517  -36.925 0.3000000119
64409  38.057  -7.262  -37.425 0.3000000119
142062  36.447  -7.588  -37.903 0.3000000119
28327  28.589  -41.847  -20.085 0.6000000238
27414  28.496  -42.478  -20.725 0.6000000238
27415  28.048  -42.337  -21.623 0.6000000238
31064  24.656  -38.849  -18.640 0.8000000119
31146  23.622  -38.985  -26.355 0.6999999881
32973  22.356  -36.436  -25.738 0.6999999881
147969  21.190  -34.137  -24.706 0.6999999881
47746  28.691  -21.454  -25.373 0.6999999881
53554  24.715  -17.087  -28.005 0.6999999881
158554  27.842  -13.263  -31.154 0.6000000238
160269  19.324  -33.392  -24.720 0.8000000119
139608  18.825  -34.240  -26.131 0.6999999881
50005  28.121  -20.065  -26.153 0.6999999881
22068  27.549  -48.261  -19.478 0.4000000060
22924  28.275  -47.138  -19.829 0.4000000060
22075  28.426  -48.126  -20.660 0.3000000119
152091  28.868  -46.129  -20.894 0.5000000000
23880  23.355  -46.661  -19.616 0.5000000000
24833  26.416  -45.449  -24.852 0.3000000119
149910  24.446  -43.632  -25.815 0.4000000060
23898  21.854  -46.547  -20.441 0.5000000000
30133  21.121  -39.301  -19.659 0.6000000238
52437  26.797  -17.806  -27.813 0.6999999881
52459  25.474  -16.834  -28.418 0.6999999881
50004  29.038  -19.893  -26.115 0.6999999881
50003  30.092  -19.652  -26.009 0.6000000238
51221  28.235  -18.228  -27.279 0.6999999881
51185  30.997  -19.182  -26.021 0.6000000238
51200  29.613  -18.458  -26.781 0.5000000000
52435  28.618  -17.707  -27.778 0.6000000238
52436  27.739  -17.795  -27.807 0.6999999881
53587  27.016  -16.237  -29.383 0.6999999881
54627  27.048  -15.430  -29.879 0.6999999881
146015  30.350  -18.293  -26.772 0.5000000000
52434  29.486  -17.574  -27.769 0.5000000000
139171  27.847  -16.060  -29.774 0.5000000000
136334  28.868  -14.173  -30.980 0.5000000000
55679  27.920  -14.347  -30.678 0.6999999881
50001  32.303  -19.181  -25.334 0.5000000000
52454  29.743  -17.163  -28.327 0.5000000000
53585  30.055  -16.467  -29.334 0.5000000000
135076  29.816  -14.042  -31.143 0.5000000000
33892  19.256  -35.805  -25.071 0.6000000238
34829  18.784  -34.526  -25.536 0.6000000238
35810  20.424  -33.491  -27.138 0.5000000000
34856  19.163  -34.718  -26.620 0.6000000238
36763  19.052  -33.397  -26.120 0.6000000238
35808  22.397  -33.401  -27.684 0.5000000000
36779  20.925  -32.856  -27.139 0.5000000000
35790  19.923  -33.044  -26.678 0.6000000238
32908  20.876  -36.112  -21.189 0.5000000000
37672  19.048  -31.823  -25.620 0.6000000238
36796  22.770  -32.616  -27.644 0.5000000000
36778  21.893  -32.760  -27.421 0.5000000000
36795  23.557  -32.420  -27.792 0.5000000000
33846  20.971  -34.412  -20.989 0.4000000060
33847  19.947  -33.613  -20.881 0.4000000060
34756  20.788  -33.223  -19.972 0.4000000060
37688  22.314  -31.875  -27.386 0.5000000000
36794  24.308  -32.075  -27.967 0.5000000000
37705  23.097  -31.916  -27.640 0.5000000000
34744  21.129  -33.967  -19.315 0.4000000060
160011  24.409  -30.483  -28.065 0.5000000000
37704  23.747  -31.549  -27.791 0.5000000000
33818  21.595  -35.210  -18.367 0.4000000060
37551  24.948  -31.803  -16.637 0.4000000060
141544  24.330  -32.133  -16.504 0.4000000060
36646  23.932  -32.805  -16.560 0.4000000060
36647  22.897  -32.629  -16.412 0.3000000119
41404  29.447  -27.444  -16.622 0.4000000060
41405  28.266  -28.094  -16.405 0.4000000060
38465  26.537  -30.263  -16.678 0.4000000060
38466  25.840  -30.592  -16.596 0.4000000060
42411  28.963  -26.691  -16.623 0.4000000060
159778  26.339  -28.998  -16.446 0.4000000060
38467  25.089  -30.893  -16.460 0.4000000060
39412  25.757  -29.162  -16.477 0.4000000060
136511  25.184  -29.898  -16.436 0.4000000060
136502  24.230  -31.177  -16.406 0.4000000060
37552  23.566  -31.882  -16.387 0.4000000060
39410  27.781  -29.272  -16.530 0.4000000060
40354  27.670  -28.461  -16.407 0.4000000060
143818  26.945  -28.946  -16.420 0.4000000060
42410  29.887  -26.616  -16.767 0.4000000060
42412  28.039  -26.675  -16.622 0.4000000060
41407  26.570  -27.539  -16.632 0.4000000060
153291  26.995  -28.167  -16.452 0.4000000060
41408  25.679  -27.678  -16.803 0.4000000060
153826  24.506  -30.294  -16.454 0.4000000060
41424  25.202  -27.096  -17.175 0.4000000060
159947  23.752  -28.804  -16.978 0.4000000060
136235  23.764  -30.106  -16.549 0.4000000060
42429  32.243  -26.588  -17.693 0.4000000060
43416  29.282  -26.057  -16.753 0.4000000060
43417  28.544  -25.964  -16.772 0.4000000060
42413  26.962  -26.613  -16.780 0.4000000060
42442  32.927  -26.453  -18.439 0.5000000000
43434  31.568  -25.810  -17.525 0.4000000060
42430  30.647  -26.165  -17.114 0.4000000060
42431  29.878  -25.727  -16.974 0.4000000060
43418  27.647  -25.882  -16.921 0.4000000060
43419  26.817  -25.722  -17.149 0.4000000060
42414  26.012  -26.917  -16.949 0.4000000060
42433  25.524  -26.491  -17.256 0.4000000060
143867  24.379  -27.263  -17.372 0.4000000060
43465  33.291  -25.314  -19.440 0.5000000000
43454  32.864  -25.469  -18.572 0.5000000000
145255  32.191  -25.308  -17.953 0.5000000000
44438  31.398  -24.774  -17.768 0.4000000060
141227  29.726  -24.958  -17.331 0.4000000060
43436  29.090  -25.391  -17.017 0.4000000060
43437  28.227  -25.233  -17.141 0.4000000060
42432  26.156  -26.172  -17.182 0.4000000060
44464  32.339  -24.691  -18.332 0.5000000000
44439  30.361  -24.503  -17.633 0.4000000060
44440  28.858  -24.530  -17.424 0.4000000060
44441  27.832  -24.472  -17.454 0.4000000060
150021  31.701  -24.121  -18.244 0.4000000060
44465  30.881  -23.944  -18.023 0.4000000060
45501  30.002  -23.806  -17.897 0.4000000060
151288  29.625  -24.307  -17.607 0.4000000060
45503  28.284  -23.685  -17.811 0.4000000060
46610  31.538  -22.494  -19.199 0.4000000060
46611  30.507  -22.162  -19.152 0.4000000060
46586  29.955  -22.624  -18.679 0.4000000060
46612  29.620  -21.970  -19.100 0.4000000060
46613  28.922  -21.762  -19.107 0.4000000060
44494  33.445  -24.087  -20.572 0.5000000000
46624  32.901  -22.350  -20.147 0.5000000000
47661  30.164  -21.467  -19.548 0.4000000060
47663  28.522  -21.243  -19.424 0.3000000119
154007  33.274  -23.644  -21.942 0.5000000000
45522  31.454  -23.349  -18.578 0.5000000000
45524  29.552  -23.204  -18.260 0.4000000060
150917  28.329  -23.005  -18.264 0.4000000060
46585  30.764  -22.751  -18.747 0.4000000060
46587  28.927  -22.502  -18.622 0.4000000060
47678  33.341  -22.143  -20.876 0.5000000000
47659  32.105  -21.932  -19.809 0.5000000000
47660  31.121  -21.676  -19.629 0.4000000060
47681  30.715  -20.951  -20.053 0.4000000060
48819  28.928  -20.672  -19.841 0.3000000119
141654  33.523  -22.068  -21.715 0.5000000000
47679  32.689  -21.575  -20.484 0.5000000000
47680  31.736  -21.173  -20.183 0.4000000060
48818  29.785  -20.797  -19.946 0.4000000060
48844  28.503  -20.007  -20.203 0.3000000119
48820  28.080  -20.599  -19.748 0.3000000119
48854  33.366  -20.686  -21.891 0.5000000000
47700  33.443  -21.298  -22.953 0.4000000060
155562  32.072  -20.038  -21.112 0.3000000119
48841  31.336  -20.371  -20.600 0.4000000060
48842  30.292  -20.264  -20.432 0.4000000060
48843  29.381  -20.117  -20.316 0.3000000119
49938  28.062  -19.361  -20.518 0.3000000119
48845  27.642  -19.919  -20.081 0.3000000119
48855  32.914  -20.398  -21.437 0.3000000119
47697  33.496  -21.295  -22.175 0.4000000060
48869  33.323  -20.602  -23.463 0.4000000060
48884  32.449  -20.298  -24.706 0.4000000060
49988  32.192  -19.730  -25.177 0.4000000060
159148  31.401  -19.856  -20.983 0.3000000119
49935  30.786  -19.735  -20.866 0.3000000119
49936  29.893  -19.583  -20.754 0.3000000119
49937  28.954  -19.350  -20.678 0.3000000119
153584  28.362  -18.880  -20.857 0.3000000119
49939  27.239  -19.209  -20.386 0.3000000119
49940  26.298  -18.964  -20.272 0.3000000119
49953  32.651  -19.660  -21.656 0.3000000119
51117  27.711  -18.727  -20.798 0.3000000119
161590  26.293  -18.266  -20.639 0.3000000119
148942  33.450  -20.449  -22.596 0.3000000119
49986  33.363  -19.154  -23.889 0.3000000119
49987  32.867  -19.318  -24.674 0.4000000060
51184  31.899  -18.842  -25.850 0.4000000060
52417  31.720  -17.737  -26.783 0.4000000060
53553  31.409  -17.051  -27.716 0.4000000060
53569  28.598  -16.967  -28.890 0.4000000060
51119  25.621  -18.329  -20.442 0.3000000119
51134  32.402  -18.897  -21.933 0.3000000119
49952  33.242  -20.099  -21.967 0.3000000119
49964  33.218  -19.434  -22.414 0.3000000119
155671  33.410  -18.481  -23.720 0.3000000119
51175  32.749  -18.461  -25.250 0.3000000119
52409  32.231  -18.109  -26.107 0.4000000060
52416  32.544  -17.359  -26.396 0.3000000119
53544  32.091  -17.095  -27.215 0.4000000060
53566  31.219  -16.649  -28.360 0.4000000060
53584  30.772  -16.308  -29.167 0.4000000060
54624  30.298  -16.022  -29.862 0.4000000060
54625  29.457  -16.269  -29.767 0.4000000060
55677  29.698  -14.800  -30.745 0.4000000060
51152  33.399  -18.896  -23.184 0.3000000119
53552  32.532  -16.387  -27.465 0.3000000119
155424  31.484  -16.094  -28.916 0.4000000060
54623  31.254  -15.690  -29.678 0.4000000060
55676  30.587  -14.522  -30.856 0.4000000060
56761  31.077  -13.245  -31.468 0.4000000060
56762  30.051  -13.352  -31.470 0.4000000060
57834  28.730  -12.154  -31.824 0.4000000060
53543  32.860  -16.634  -26.664 0.3000000119
144907  32.612  -15.511  -28.448 0.3000000119
54607  32.042  -15.617  -29.016 0.3000000119
54622  32.005  -15.186  -29.629 0.4000000060
55675  32.058  -14.253  -30.530 0.4000000060
56739  32.106  -13.722  -30.912 0.4000000060
161317  31.641  -13.573  -31.193 0.3000000119
154781  30.981  -12.489  -31.833 0.4000000060
135789  29.826  -11.264  -32.304 0.3000000119
137813  28.861  -11.384  -32.174 0.3000000119
58895  27.877  -11.463  -31.969 0.4000000060
59952  29.943  -10.379  -32.580 0.3000000119
61063  29.137  -9.759  -32.744 0.3000000119
54588  33.188  -15.896  -26.904 0.3000000119
55648  33.478  -14.380  -28.503 0.3000000119
55658  32.397  -14.582  -29.891 0.3000000119
56727  32.799  -13.831  -30.267 0.3000000119
56738  32.653  -13.189  -30.872 0.3000000119
57830  32.452  -12.609  -31.361 0.3000000119
58892  32.189  -11.986  -31.803 0.3000000119
58893  31.357  -11.921  -32.042 0.3000000119
59965  30.870  -11.082  -32.406 0.3000000119
138464  30.727  -10.155  -32.707 0.3000000119
59964  31.705  -10.393  -32.612 0.3000000119
55641  33.758  -14.384  -27.529 0.3000000119
55657  33.175  -14.204  -29.398 0.3000000119
135420  33.343  -13.080  -30.341 0.3000000119
57816  33.160  -12.573  -30.898 0.3000000119
57829  32.989  -12.006  -31.436 0.3000000119
58904  32.463  -10.841  -32.347 0.3000000119
61071  32.042  -9.666  -32.874 0.3000000119
61072  31.076  -9.429  -32.988 0.3000000119
62112  30.890  -8.710  -33.435 0.3000000119
151501  31.183  -8.252  -33.887 0.3000000119
63271  32.740  -7.777  -34.245 0.3000000119
44481  33.037  -24.616  -19.025 0.5000000000
44480  33.402  -24.498  -19.910 0.5000000000
33891  19.899  -35.687  -24.722 0.6000000238
33908  18.870  -35.949  -25.623 0.5000000000
34841  18.761  -35.167  -26.052 0.5000000000
34855  20.001  -34.848  -27.247 0.5000000000
33930  19.900  -35.817  -27.263 0.5000000000
34876  23.897  -34.102  -28.158 0.5000000000
34878  22.341  -34.686  -28.023 0.5000000000
34854  21.287  -34.587  -27.713 0.5000000000
32004  22.615  -37.855  -20.042 0.6000000238
32005  21.876  -37.870  -20.398 0.6000000238
32016  22.238  -37.046  -20.632 0.6000000238
150753  20.093  -36.485  -21.429 0.5000000000
32919  20.130  -34.964  -21.299 0.5000000000
33858  19.402  -34.028  -21.267 0.5000000000
34757  19.776  -33.483  -20.329 0.4000000060
33831  20.279  -33.829  -19.530 0.4000000060
33819  20.881  -35.177  -18.737 0.4000000060
151825  22.065  -34.228  -16.562 0.3000000119
36648  22.055  -32.831  -16.350 0.3000000119
37553  22.633  -31.476  -16.418 0.4000000060
40368  23.185  -28.700  -17.266 0.4000000060
38468  23.249  -30.820  -16.470 0.4000000060
41426  23.657  -27.592  -17.522 0.4000000060
43438  27.357  -25.156  -17.265 0.4000000060
42434  24.765  -26.430  -17.466 0.4000000060
43441  24.228  -25.941  -17.713 0.4000000060
146839  26.683  -25.093  -17.367 0.4000000060
43439  26.108  -25.417  -17.376 0.4000000060
45504  27.313  -23.792  -17.733 0.4000000060
45506  25.574  -24.082  -17.699 0.4000000060
47643  28.232  -21.831  -18.951 0.4000000060
47664  27.683  -21.222  -19.302 0.4000000060
45526  27.621  -23.114  -18.121 0.4000000060
46588  27.938  -22.465  -18.517 0.4000000060
145002  27.204  -20.521  -19.619 0.3000000119
48846  26.771  -19.773  -19.926 0.3000000119
48821  26.326  -20.399  -19.493 0.3000000119
35827  24.102  -33.010  -27.998 0.5000000000
33805  21.657  -35.319  -16.935 0.4000000060
144478  23.034  -28.052  -17.593 0.4000000060
42435  23.764  -26.707  -17.708 0.4000000060
44442  26.963  -24.506  -17.501 0.4000000060
44443  26.178  -24.652  -17.503 0.4000000060
33813  21.607  -35.544  -17.480 0.4000000060
37690  20.498  -32.078  -26.752 0.5000000000
41403  30.280  -27.460  -16.809 0.4000000060
45549  33.472  -23.496  -20.891 0.5000000000
48870  32.947  -20.703  -24.097 0.5000000000
46634  33.487  -22.816  -21.271 0.5000000000
52432  31.312  -17.429  -27.325 0.4000000060
57817  29.114  -13.419  -31.343 0.4000000060
35791  19.565  -33.960  -26.799 0.6000000238
34853  22.076  -34.066  -27.764 0.5000000000
34877  22.866  -34.042  -27.941 0.5000000000
146057  24.943  -29.059  -16.557 0.4000000060
41425  24.833  -27.807  -17.036 0.4000000060
39413  24.254  -29.394  -16.635 0.4000000060
39414  23.437  -29.289  -16.878 0.4000000060
42428  32.443  -25.915  -17.953 0.5000000000
43435  30.586  -25.313  -17.363 0.4000000060
44444  25.324  -25.009  -17.569 0.4000000060
45521  32.433  -23.930  -18.720 0.5000000000
45525  28.857  -23.243  -18.175 0.4000000060
45538  33.392  -23.647  -20.175 0.5000000000
45540  32.392  -23.178  -19.167 0.5000000000
45539  33.069  -23.820  -19.441 0.5000000000
47690  33.234  -21.251  -21.309 0.5000000000
48840  32.398  -20.765  -20.802 0.4000000060
49971  33.433  -19.759  -23.302 0.3000000119
49972  33.243  -19.982  -24.065 0.4000000060
161845  31.896  -16.692  -27.835 0.4000000060
52373  33.260  -18.082  -23.207 0.3000000119
54645  31.482  -14.856  -30.343 0.4000000060
54597  32.899  -15.718  -27.756 0.3000000119
53565  32.132  -16.142  -28.295 0.3000000119
136745  29.622  -12.066  -32.004 0.4000000060
54606  33.202  -15.048  -28.097 0.3000000119
55649  32.727  -14.963  -29.019 0.3000000119
162450  33.730  -12.493  -30.423 0.3000000119
62125  32.266  -8.362  -33.797 0.3000000119
146485  24.819  -25.664  -17.587 0.4000000060
28319  18.954  -41.885  -19.539 0.4000000060
29217  19.314  -40.872  -19.422 0.4000000060
29230  18.041  -40.769  -20.293 0.4000000060
30147  19.262  -39.435  -20.544 0.3000000119
30134  19.797  -39.908  -19.746 0.4000000060
31087  18.757  -38.972  -21.216 0.3000000119
145519  22.079  -41.111  -26.400 0.5000000000
31085  20.422  -38.294  -20.823 0.5000000000
159001  19.488  -37.855  -21.433 0.3000000119
31148  21.176  -38.391  -25.992 0.5000000000
31149  20.690  -38.110  -26.104 0.5000000000
141579  21.191  -40.037  -26.476 0.5000000000
32017  21.460  -37.157  -20.865 0.5000000000
32018  19.972  -37.649  -21.310 0.4000000060
30213  20.543  -38.751  -26.581 0.5000000000
31162  20.318  -38.505  -26.741 0.3000000119
32067  19.921  -36.853  -25.195 0.5000000000
148240  20.115  -37.677  -25.961 0.4000000060
140276  19.547  -37.263  -26.224 0.4000000060
32119  20.409  -38.022  -27.368 0.3000000119
32105  19.930  -37.424  -26.826 0.3000000119
32118  20.997  -37.792  -27.857 0.3000000119
32996  19.801  -36.627  -27.109 0.3000000119
149299  21.840  -36.771  -28.250 0.3000000119
32103  21.175  -36.962  -27.951 0.3000000119
32995  20.584  -36.376  -27.640 0.4000000060
154969  19.314  -36.129  -26.802 0.4000000060
34758  18.608  -33.517  -20.455 0.3000000119
33946  22.797  -35.352  -28.279 0.4000000060
33011  22.403  -36.194  -28.365 0.4000000060
32994  21.447  -36.183  -28.081 0.4000000060
33832  19.355  -33.970  -19.688 0.3000000119
33814  21.080  -36.080  -17.777 0.3000000119
38486  22.355  -30.403  -16.703 0.3000000119
39415  22.965  -29.829  -16.776 0.3000000119
39427  22.253  -29.496  -17.126 0.3000000119
39426  22.851  -29.171  -17.146 0.3000000119
40369  22.394  -28.650  -17.506 0.3000000119
43442  23.472  -25.784  -18.003 0.3000000119
45507  24.823  -24.361  -17.784 0.3000000119
44445  24.312  -25.105  -17.789 0.3000000119
44446  23.546  -24.911  -18.073 0.3000000119
43455  22.847  -25.202  -18.297 0.3000000119
43456  22.026  -25.581  -18.527 0.3000000119
45527  26.772  -23.185  -18.015 0.3000000119
45505  26.430  -23.878  -17.694 0.3000000119
44466  24.029  -24.119  -18.049 0.3000000119
46589  27.098  -22.552  -18.396 0.3000000119
151517  26.379  -22.644  -18.266 0.3000000119
45528  25.812  -23.175  -17.983 0.3000000119
46591  24.952  -22.731  -18.235 0.3000000119
141686  24.171  -23.130  -18.208 0.3000000119
46590  25.713  -22.321  -18.392 0.3000000119
47646  24.866  -21.862  -18.590 0.3000000119
152232  24.283  -22.422  -18.401 0.3000000119
47644  27.367  -21.870  -18.808 0.3000000119
47645  26.508  -22.016  -18.609 0.3000000119
47666  25.143  -21.028  -18.954 0.3000000119
142921  22.812  -41.020  -26.273 0.5000000000
33947  21.846  -35.403  -28.109 0.4000000060
33820  20.127  -35.272  -19.009 0.3000000119
43443  22.678  -25.919  -18.267 0.3000000119
32029  19.284  -36.974  -21.668 0.3000000119
32920  19.353  -35.413  -21.561 0.3000000119
33859  18.652  -34.146  -21.491 0.3000000119
22929  21.986  -47.093  -19.926 0.4000000060
137718  20.642  -47.253  -20.524 0.4000000060
23899  21.096  -46.575  -20.977 0.4000000060
152070  18.597  -46.751  -21.932 0.4000000060
24797  19.028  -45.520  -21.792 0.3000000119
24779  20.865  -45.545  -21.089 0.4000000060
24796  19.816  -45.797  -21.577 0.4000000060
25651  19.484  -44.904  -21.346 0.4000000060
25683  25.831  -44.735  -25.141 0.3000000119
25639  20.686  -44.598  -20.697 0.4000000060
26513  18.368  -43.849  -21.156 0.3000000119
26499  18.772  -43.317  -20.484 0.3000000119
26498  19.142  -44.092  -20.906 0.4000000060
27417  17.283  -42.505  -21.046 0.3000000119
147746  17.614  -43.472  -21.431 0.3000000119
28329  17.530  -41.599  -20.540 0.3000000119
27400  19.615  -43.462  -20.222 0.4000000060
27401  18.427  -42.519  -20.090 0.3000000119
28328  18.155  -41.686  -19.972 0.3000000119
22948  19.853  -47.243  -21.009 0.4000000060
23917  19.859  -46.690  -21.544 0.4000000060
156899  17.816  -40.349  -20.784 0.3000000119
136211  22.787  -47.153  -19.470 0.3000000119
29245  16.898  -40.710  -21.622 0.3000000119
21185  26.325  -49.388  -18.515 0.4000000060
22027  24.970  -48.764  -17.867 0.4000000060
22046  25.381  -48.260  -18.375 0.4000000060
22076  28.055  -48.709  -20.129 0.3000000119
22084  28.435  -48.262  -21.443 0.4000000060
22925  27.700  -47.379  -19.450 0.4000000060
22946  28.519  -47.335  -20.405 0.3000000119
22947  21.387  -47.065  -20.396 0.4000000060
22960  28.679  -47.525  -21.171 0.3000000119
22988  28.386  -47.094  -22.676 0.4000000060
23004  27.369  -46.875  -24.085 0.4000000060
23877  25.542  -46.288  -19.117 0.4000000060
23879  23.876  -46.096  -19.568 0.5000000000
23895  28.587  -46.487  -20.122 0.5000000000
23896  23.113  -45.986  -19.897 0.5000000000
23900  20.414  -46.909  -21.209 0.4000000060
23916  20.433  -46.237  -21.397 0.4000000060
23918  19.211  -46.349  -21.835 0.4000000060
23932  18.525  -46.041  -22.115 0.3000000119
23949  27.944  -46.418  -23.364 0.4000000060
24764  23.609  -45.345  -19.605 0.5000000000
24794  28.869  -45.370  -20.892 0.5000000000
24795  20.337  -45.672  -21.368 0.4000000060
24822  27.447  -44.908  -23.442 0.4000000060
25621  28.557  -44.214  -19.514 0.6000000238
25624  23.260  -44.446  -19.465 0.5000000000
25625  22.415  -44.524  -19.826 0.5000000000
25636  28.800  -44.700  -20.362 0.6000000238
25637  22.088  -45.119  -20.287 0.5000000000
25640  19.918  -44.329  -20.757 0.4000000060
25650  20.191  -45.128  -21.182 0.4000000060
25662  27.811  -44.498  -22.863 0.4000000060
26466  28.394  -43.458  -19.081 0.6000000238
26470  23.944  -42.993  -18.681 0.6000000238
26484  20.880  -43.289  -19.645 0.5000000000
26496  21.239  -44.073  -20.080 0.5000000000
26512  28.452  -43.207  -21.272 0.6000000238
26526  27.137  -42.918  -22.837 0.6000000238
27370  28.254  -42.758  -18.810 0.6000000238
27371  27.678  -42.508  -18.376 0.6000000238
27374  23.779  -42.117  -18.470 0.6000000238
27387  19.698  -42.572  -19.586 0.5000000000
27398  28.638  -42.691  -19.872 0.6000000238
27402  17.819  -42.281  -20.384 0.3000000119
27416  18.019  -43.024  -20.727 0.3000000119
27435  26.295  -42.143  -23.533 0.6999999881
27436  25.726  -42.184  -24.125 0.6000000238
27446  25.133  -42.311  -24.769 0.6000000238
27459  24.484  -42.377  -25.387 0.6000000238
27460  23.650  -42.376  -25.960 0.5000000000
28299  28.177  -41.338  -18.729 0.6000000238
28301  26.376  -41.709  -18.076 0.6000000238
28305  22.636  -41.209  -18.632 0.6999999881
28317  20.490  -41.484  -18.973 0.6000000238
28347  27.115  -41.559  -22.731 0.8000000119
28348  26.579  -41.534  -23.281 0.6000000238
29205  27.239  -40.363  -18.159 0.6999999881
29218  18.617  -41.064  -19.741 0.3000000119
29228  28.832  -40.489  -19.888 0.8999999762
29229  18.888  -40.277  -20.052 0.4000000060
29231  17.401  -40.810  -20.892 0.3000000119
29254  27.416  -40.930  -22.584 0.8000000119
29278  25.296  -40.733  -25.040 0.6000000238
29287  24.733  -40.421  -25.721 0.6000000238
30121  27.639  -39.713  -18.320 0.8000000119
30122  26.023  -39.493  -18.210 0.8999999762
30124  23.536  -39.832  -18.649 0.6999999881
30130  22.999  -39.274  -19.060 0.6000000238
30132  21.752  -39.232  -19.458 0.6000000238
30171  29.495  -39.207  -21.924 1.0000000000
30185  26.643  -40.132  -24.085 0.6999999881
30198  26.520  -39.637  -24.820 0.8000000119
30211  21.590  -39.380  -26.248 0.5000000000
30212  20.942  -39.076  -26.377 0.5000000000
31061  27.449  -38.389  -18.345 0.8999999762
31069  29.772  -38.531  -19.735 0.8999999762
31075  20.828  -38.791  -20.258 0.6000000238
31086  19.597  -38.523  -21.065 0.3000000119
31099  18.965  -38.044  -21.543 0.3000000119
31145  24.526  -38.935  -26.320 0.8000000119
31150  20.279  -38.009  -26.363 0.3000000119
31171  20.226  -38.270  -27.045 0.3000000119
31186  20.427  -38.666  -27.292 0.3000000119
31985  28.481  -37.485  -18.757 0.8999999762
32001  25.349  -37.216  -19.210 0.8999999762
32003  23.517  -37.587  -19.815 0.6999999881
32028  30.554  -37.677  -21.560 0.8999999762
32077  27.351  -37.738  -25.481 0.8000000119
32080  21.910  -37.952  -25.930 0.6999999881
32081  20.425  -37.546  -25.686 0.5000000000
32082  19.677  -37.162  -25.722 0.4000000060
32093  20.022  -37.828  -26.525 0.3000000119
32104  20.435  -37.211  -27.478 0.3000000119
32876  27.263  -37.045  -18.687 0.8999999762
32887  28.510  -36.565  -18.967 0.8999999762
32888  27.401  -36.313  -19.026 0.8999999762
32902  31.297  -35.859  -20.749 0.8999999762
32906  22.564  -36.017  -20.737 0.6999999881
32918  31.150  -36.544  -21.014 0.8999999762
32954  28.456  -36.187  -25.105 1.0000000000
32956  20.358  -36.342  -24.925 0.6000000238
32957  19.660  -36.282  -24.917 0.6000000238
32958  19.318  -36.491  -25.325 0.5000000000
32974  21.353  -36.361  -25.295 0.6999999881
32975  19.059  -36.677  -25.883 0.4000000060
32985  19.374  -36.677  -26.460 0.4000000060
33829  26.239  -34.830  -19.748 0.6999999881
33842  24.530  -35.068  -20.288 0.6000000238
33845  21.449  -33.626  -20.619 0.4000000060
33889  28.844  -35.646  -24.869 1.0000000000
33906  22.953  -35.721  -25.767 0.8000000119
33907  21.980  -35.649  -25.392 0.6999999881
33919  18.939  -36.029  -26.246 0.5000000000
33929  20.847  -35.517  -27.725 0.4000000060
33931  19.213  -35.450  -26.741 0.6000000238
34737  22.655  -34.780  -17.468 0.4000000060
34738  22.078  -35.157  -17.297 0.4000000060
34741  23.431  -34.227  -17.815 0.4000000060
34765  21.670  -33.217  -20.313 0.5000000000
34766  20.789  -33.283  -20.430 0.5000000000
34773  31.830  -34.458  -20.867 0.8999999762
34774  18.857  -33.418  -20.914 0.3000000119
34796  30.071  -34.397  -23.935 1.0000000000
35713  25.977  -33.361  -19.404 0.6999999881
35714  25.204  -33.271  -19.435 0.6999999881
35717  22.458  -33.227  -19.956 0.5000000000
35719  21.260  -33.098  -20.190 0.5000000000
35722  32.363  -32.954  -20.899 1.0000000000
35724  22.385  -33.272  -20.245 0.6000000238
35758  21.928  -33.500  -24.734 0.8000000119
35760  19.264  -32.755  -24.608 0.8000000119
35761  18.860  -33.167  -25.070 0.8000000119
35774  26.095  -33.246  -25.540 0.8999999762
35809  21.370  -33.599  -27.482 0.5000000000
35828  23.272  -33.276  -27.870 0.5000000000
36663  25.420  -32.698  -17.796 0.6000000238
36684  26.411  -32.894  -19.010 0.6000000238
36700  31.055  -32.256  -23.128 1.0000000000
36710  29.654  -32.067  -24.198 1.0000000000
36728  23.207  -32.228  -24.781 0.8999999762
36729  22.538  -32.876  -24.739 0.8999999762
36744  26.488  -32.546  -25.350 0.8999999762
36762  19.382  -32.444  -26.159 0.6000000238
37550  25.730  -31.455  -16.890 0.5000000000
37585  32.260  -30.774  -18.753 0.8000000119
37615  19.107  -31.395  -24.113 0.8999999762
37616  18.488  -30.914  -24.155 0.8999999762
37626  29.099  -31.627  -24.438 1.0000000000
37627  28.314  -31.156  -24.644 1.0000000000
37632  23.648  -31.388  -24.682 0.8999999762
37635  20.651  -31.654  -24.169 0.8999999762
37637  18.362  -30.935  -24.667 0.8000000119
37687  23.045  -31.081  -27.595 0.5000000000
38505  30.682  -31.096  -17.937 0.8000000119
38552  21.101  -29.718  -24.174 0.8999999762
38570  22.821  -30.051  -24.416 0.8999999762
38573  17.987  -30.416  -24.086 0.8999999762
38586  18.351  -30.457  -25.050 0.8000000119
38601  20.006  -30.515  -26.229 0.6000000238
38614  23.395  -30.195  -27.667 0.6000000238
38615  22.603  -30.349  -27.377 0.6000000238
38616  21.697  -30.507  -26.974 0.6000000238
38629  24.226  -29.942  -27.982 0.5000000000
39409  28.993  -29.026  -16.609 0.5000000000
39411  26.452  -29.520  -16.494 0.4000000060
39499  18.501  -29.406  -22.985 0.8999999762
39500  17.602  -28.972  -22.955 0.8999999762
39517  17.884  -29.775  -23.503 0.8999999762
39527  25.633  -29.600  -24.504 1.0000000000
39531  21.791  -29.311  -24.310 0.8999999762
40353  28.393  -28.774  -16.486 0.4000000060
40355  26.218  -28.400  -16.526 0.4000000060
40356  25.286  -28.421  -16.681 0.4000000060
40357  24.384  -28.508  -16.898 0.4000000060
40367  23.682  -28.269  -17.283 0.4000000060
40418  26.180  -28.127  -24.162 1.0000000000
40420  24.297  -27.966  -24.284 1.0000000000
40426  17.011  -28.318  -23.169 0.8999999762
40433  22.964  -28.660  -24.398 0.8999999762
40463  19.950  -28.009  -26.153 0.6999999881
40484  22.379  -28.865  -26.923 0.6000000238
41406  27.583  -27.553  -16.471 0.4000000060
41423  31.092  -27.464  -17.126 0.5000000000
41459  31.419  -27.476  -21.844 0.6999999881
41464  28.300  -27.357  -23.239 0.8000000119
41467  17.068  -27.601  -22.922 0.8999999762
41470  27.609  -27.606  -23.583 1.0000000000
41485  17.327  -27.407  -25.071 0.8000000119
42480  25.332  -26.658  -23.807 1.0000000000
42489  16.769  -26.694  -24.020 0.8999999762
42521  22.453  -26.464  -26.461 0.6000000238
43440  25.458  -25.863  -17.422 0.4000000060
43504  21.057  -25.339  -24.163 1.0000000000
43506  19.277  -25.465  -23.689 0.8999999762
43512  16.938  -26.014  -23.873 0.8999999762
43518  16.756  -24.974  -25.369 0.8999999762
43550  22.540  -25.485  -26.445 0.6999999881
43554  17.450  -25.452  -25.882 0.6999999881
44517  27.673  -24.528  -23.412 0.8000000119
44522  22.702  -24.702  -24.199 1.0000000000
44573  19.770  -24.738  -26.567 0.6999999881
45502  29.199  -23.777  -17.824 0.4000000060
45523  30.418  -23.271  -18.350 0.4000000060
45529  24.891  -23.573  -17.953 0.3000000119
45560  33.421  -23.389  -21.509 0.5000000000
45574  26.372  -24.011  -23.612 0.8000000119
45576  24.656  -23.865  -23.842 0.8999999762
45589  28.150  -23.118  -24.228 0.8000000119
45594  23.000  -23.306  -24.244 0.8999999762
45596  17.004  -23.308  -25.230 0.8999999762
45665  21.836  -23.105  -26.988 0.6999999881
46608  33.048  -23.058  -19.786 0.5000000000
46609  32.436  -22.584  -19.590 0.5000000000
46623  33.352  -22.914  -20.512 0.5000000000
46640  33.444  -22.025  -22.511 0.4000000060
46649  19.343  -22.463  -24.212 1.0000000000
46671  20.877  -21.743  -24.448 1.0000000000
46672  17.706  -22.558  -24.820 0.8999999762
46691  17.724  -21.957  -25.248 0.8999999762
46707  18.345  -22.017  -26.436 0.8000000119
46744  24.646  -22.062  -28.181 0.6000000238
47662  29.314  -21.321  -19.498 0.4000000060
47702  18.866  -21.883  -24.483 0.8999999762
47721  24.933  -21.876  -24.857 0.8000000119
47723  22.901  -21.807  -24.712 0.8999999762
47726  18.239  -21.274  -24.907 0.8999999762
47744  30.109  -20.864  -25.465 0.6000000238
47745  29.413  -21.139  -25.451 0.6000000238
47753  18.252  -20.896  -25.509 0.8999999762
47771  18.043  -21.528  -25.968 0.8999999762
47783  22.192  -21.673  -27.714 0.6999999881
47786  19.024  -20.263  -26.437 0.8000000119
47818  25.207  -21.146  -29.021 0.6000000238
48888  20.847  -19.825  -24.967 0.8999999762
48929  19.014  -19.307  -26.158 0.8999999762
48942  20.707  -20.307  -27.499 0.8000000119
48955  23.007  -20.712  -28.478 0.6999999881
48970  25.094  -20.366  -29.494 0.6999999881
50012  19.314  -18.720  -25.982 0.8999999762
50027  25.230  -19.294  -26.580 0.6999999881
50028  24.326  -19.213  -26.422 0.8999999762
50050  22.240  -18.893  -28.786 0.8000000119
50051  21.061  -18.792  -27.986 0.8000000119
50052  20.591  -18.273  -27.489 0.8000000119
50063  25.073  -19.624  -29.888 0.5000000000
50065  23.470  -19.511  -29.211 0.6999999881
51118  26.948  -18.508  -20.702 0.3000000119
51138  28.205  -18.339  -21.179 0.3000000119
51202  27.884  -18.840  -26.863 0.6999999881
51203  26.976  -18.996  -26.819 0.6999999881
51208  20.530  -17.999  -26.729 0.8999999762
51220  29.102  -18.066  -27.235 0.6000000238
51226  20.761  -17.870  -27.344 0.8000000119
51227  20.197  -18.268  -26.897 0.8000000119
51249  23.664  -18.784  -29.658 0.6999999881
51250  22.077  -18.033  -28.938 0.8000000119
51279  26.532  -18.219  -31.269 0.6000000238
52418  30.821  -17.836  -27.037 0.5000000000
52419  29.967  -17.909  -27.208 0.5000000000
52421  21.965  -17.222  -27.465 0.8999999762
52422  21.266  -17.534  -27.277 0.8999999762
52439  23.801  -17.177  -27.670 0.8000000119
52460  21.819  -16.950  -28.381 0.8000000119
52473  22.031  -17.124  -28.961 0.8000000119
52487  23.402  -17.208  -30.041 0.6999999881
52515  28.154  -17.840  -32.097 0.5000000000
53556  22.828  -16.561  -28.107 0.8999999762
53567  30.289  -16.792  -28.674 0.5000000000
53568  29.401  -16.788  -28.990 0.5000000000
53570  27.782  -16.817  -29.102 0.6999999881
53572  25.109  -16.048  -28.807 0.6999999881
53573  22.597  -16.145  -28.832 0.8000000119
53586  28.631  -16.502  -29.497 0.5000000000
53606  23.181  -16.086  -29.999 0.8000000119
53621  26.991  -16.560  -32.045 0.6000000238
53622  26.177  -16.547  -31.621 0.6000000238
53623  25.313  -16.533  -31.216 0.6000000238
53636  27.792  -16.549  -32.377 0.6000000238
54611  23.019  -15.584  -29.117 0.8000000119
54629  25.323  -14.997  -29.532 0.8000000119
54646  30.508  -15.311  -30.376 0.4000000060
54647  29.587  -15.603  -30.311 0.4000000060
54648  23.971  -15.057  -30.881 0.8000000119
55662  23.833  -14.402  -29.880 0.8000000119
55680  23.990  -14.094  -30.523 0.8000000119
55681  23.698  -14.492  -30.179 0.8000000119
55697  24.033  -14.160  -30.955 0.6999999881
55712  25.957  -14.044  -32.388 0.6000000238
55725  30.042  -14.579  -33.710 0.5000000000
55726  29.300  -14.682  -33.446 0.6000000238
55727  28.590  -14.224  -33.403 0.6000000238
56730  24.346  -14.091  -29.946 0.8000000119
56740  31.379  -14.046  -30.986 0.4000000060
56741  30.584  -13.863  -31.219 0.4000000060
56742  27.019  -13.730  -30.680 0.6999999881
56743  25.526  -12.831  -30.961 0.6999999881
56744  24.902  -13.191  -30.785 0.8000000119
56760  31.960  -13.194  -31.311 0.3000000119
56763  24.878  -13.119  -31.364 0.8000000119
56778  25.787  -13.124  -32.522 0.6999999881
56794  26.134  -12.779  -32.824 0.6000000238
57831  31.677  -12.591  -31.664 0.3000000119
57832  30.281  -12.656  -31.762 0.4000000060
57833  29.420  -12.757  -31.653 0.4000000060
57835  25.694  -11.779  -31.903 0.6000000238
57846  25.382  -12.393  -31.881 0.8000000119
57856  28.031  -12.299  -33.824 0.6000000238
57865  30.363  -12.351  -34.550 0.6000000238
57882  33.705  -12.726  -35.533 0.4000000060
57884  31.887  -12.075  -35.117 0.5000000000
58885  26.914  -11.573  -31.806 0.6000000238
58886  26.156  -11.739  -31.728 0.6000000238
58894  30.500  -11.944  -32.096 0.4000000060
58905  31.895  -11.298  -32.241 0.3000000119
58906  26.244  -10.949  -32.788 0.6000000238
58918  26.574  -11.387  -33.382 0.6000000238
58925  30.081  -10.860  -34.908 0.6000000238
58927  28.001  -10.956  -34.247 0.6000000238
58928  26.629  -10.625  -33.421 0.6000000238
58955  34.460  -11.325  -36.227 0.4000000060
59953  28.988  -10.510  -32.464 0.3000000119
59954  27.961  -10.623  -32.385 0.4000000060
59967  26.491  -10.575  -32.665 0.6000000238
59976  26.943  -9.926  -33.425 0.6000000238
59988  29.968  -9.857  -35.188 0.6000000238
59989  29.190  -10.256  -34.752 0.6000000238
60004  32.301  -10.780  -35.696 0.6000000238
61065  27.383  -9.467  -33.046 0.6000000238
61081  31.865  -8.951  -33.292 0.3000000119
61082  28.017  -8.857  -33.955 0.5000000000
61104  29.025  -8.743  -34.646 0.5000000000
61117  35.143  -9.887  -37.142 0.4000000060
61119  32.399  -9.438  -36.355 0.4000000060
62114  29.374  -8.616  -33.466 0.4000000060
62115  28.539  -8.614  -33.621 0.5000000000
62137  29.824  -7.940  -34.553 0.4000000060
62138  29.199  -8.360  -34.362 0.4000000060
62143  30.559  -8.210  -36.127 0.4000000060
62157  34.047  -8.436  -37.280 0.4000000060
62160  30.391  -7.198  -36.280 0.4000000060
62162  36.031  -8.345  -37.694 0.3000000119
63284  30.899  -6.979  -35.213 0.4000000060
64411  31.083  -5.999  -36.849 0.4000000060
64412  38.463  -6.531  -37.702 0.3000000119
64418  31.836  -5.780  -37.252 0.4000000060
65573  38.974  -6.105  -37.384 0.3000000119
135072  30.744  -13.070  -34.454 0.6000000238
135858  22.640  -16.152  -28.673 0.8000000119
136355  25.960  -29.901  -16.471 0.4000000060
137086  25.300  -46.786  -19.114 0.4000000060
137166  26.626  -15.064  -32.409 0.6000000238
138088  17.395  -24.622  -26.173 0.8000000119
138830  18.333  -39.849  -20.763 0.3000000119
138866  29.852  -37.793  -19.532 0.8999999762
139411  20.502  -34.075  -27.336 0.5000000000
139694  29.973  -36.843  -23.480 1.0000000000
140464  34.300  -9.995  -36.763 0.4000000060
142402  23.476  -35.025  -25.722 0.8000000119
142803  24.146  -29.170  -24.446 1.0000000000
142918  25.857  -34.638  -25.996 0.8999999762
143130  23.325  -35.966  -28.468 0.4000000060
143139  25.493  -35.532  -26.269 0.8000000119
143648  28.044  -44.012  -22.394 0.5000000000
144037  26.629  -42.708  -23.303 0.6000000238
144130  17.415  -26.725  -25.415 0.8999999762
144326  26.498  -35.894  -19.465 0.8999999762
144586  23.896  -47.737  -18.473 0.4000000060
144689  28.092  -30.589  -17.276 0.6000000238
144942  23.132  -34.679  -28.164 0.5000000000
145258  23.898  -30.707  -27.851 0.5000000000
145847  29.638  -28.919  -16.740 0.5000000000
145941  26.937  -16.831  -28.888 0.6999999881
145991  27.733  -28.324  -23.848 1.0000000000
146192  21.062  -27.687  -24.108 0.8999999762
146353  29.918  -37.120  -19.442 0.8999999762
146437  20.152  -25.972  -23.782 0.8999999762
146439  24.321  -25.998  -23.905 1.0000000000
147224  19.289  -31.111  -25.794 0.8000000119
147236  25.687  -43.801  -18.436 0.6000000238
147259  17.990  -29.667  -24.813 0.8000000119
147313  26.869  -39.595  -18.145 0.8999999762
147853  22.055  -17.716  -26.907 0.8999999762
147926  19.883  -37.577  -26.122 0.4000000060
148374  20.862  -26.935  -26.401 0.6999999881
148723  21.815  -25.078  -26.501 0.6999999881
148780  32.625  -30.061  -20.823 0.6999999881
148785  20.071  -22.820  -24.148 1.0000000000
148992  22.951  -38.253  -26.226 0.6999999881
149013  28.077  -8.808  -33.700 0.6000000238
149787  24.014  -30.640  -24.594 0.8999999762
149998  20.703  -37.366  -21.102 0.4000000060
150158  28.565  -27.447  -16.501 0.4000000060
150264  18.915  -35.272  -25.424 0.6000000238
150412  23.178  -25.127  -26.426 0.6000000238
150421  26.095  -19.206  -26.744 0.6999999881
150459  24.057  -46.687  -19.373 0.5000000000
150616  21.438  -32.200  -27.184 0.5000000000
151166  26.852  -26.404  -23.435 1.0000000000
151249  29.267  -38.942  -19.416 0.8999999762
152474  24.589  -21.343  -25.168 0.8000000119
152478  25.667  -21.820  -25.049 0.8000000119
152479  26.961  -21.566  -25.312 0.8000000119
152911  22.512  -25.990  -24.268 1.0000000000
153574  21.665  -34.773  -16.673 0.4000000060
153726  28.544  -40.256  -21.893 0.8999999762
153773  32.771  -8.843  -33.319 0.3000000119
154305  22.627  -48.176  -17.798 0.4000000060
154528  27.700  -35.027  -19.445 0.8999999762
154633  27.563  -41.124  -18.284 0.6999999881
155021  24.171  -27.896  -17.257 0.4000000060
155104  21.812  -44.511  -20.107 0.5000000000
155293  22.041  -40.333  -26.338 0.5000000000
155417  23.677  -14.511  -29.949 0.8000000119
155427  30.554  -35.907  -19.746 0.8999999762
155520  31.714  -20.881  -24.956 0.6000000238
155627  19.776  -31.737  -24.135 0.8999999762
155721  22.865  -39.040  -26.268 0.6000000238
155787  24.107  -37.018  -26.403 0.8000000119
156260  24.069  -24.136  -23.868 0.8999999762
157219  25.514  -43.050  -18.272 0.6000000238
157255  29.591  -37.445  -23.581 1.0000000000
157573  24.606  -16.421  -28.483 0.6999999881
157918  27.936  -34.012  -25.476 0.8999999762
158025  20.070  -33.056  -24.417 0.6999999881
158074  28.580  -45.028  -19.702 0.6000000238
158314  27.188  -33.987  -19.471 1.0000000000
159116  24.287  -37.563  -26.433 0.8000000119
159120  29.420  -13.306  -33.955 0.6000000238
159721  31.514  -19.286  -21.350 0.3000000119
159772  22.763  -22.008  -27.680 0.6999999881
159836  24.172  -27.854  -26.763 0.6000000238
159867  24.895  -40.134  -18.299 0.6999999881
159906  25.570  -32.829  -18.566 0.6000000238
160284  24.118  -28.799  -27.491 0.6000000238
160378  22.841  -39.922  -18.790 0.6999999881
160411  31.021  -35.870  -22.506 1.0000000000
160461  24.776  -14.465  -29.674 0.8000000119
161023  17.353  -23.749  -24.648 0.8999999762
161452  23.526  -18.015  -29.866 0.6999999881
161733  30.931  -9.142  -35.975 0.6000000238
162178  22.082  -38.247  -19.985 0.6000000238
162231  24.201  -35.131  -25.962 0.8999999762
162264  32.503  -29.395  -18.208 0.6999999881
162299  17.801  -28.841  -24.911 0.8000000119
162522  25.671  -40.417  -24.880 0.6999999881
