#!ascii label  , from subject sub-v2s7x29659_ses-1 vox2ras=TkReg
390
74581  -29.567  7.220  -35.270 0.0000000000
71267  -26.448  2.517  -32.850 0.0000000000
71268  -31.920  2.173  -33.170 0.0000000000
66660  -28.551  -2.724  -32.863 0.0000000000
85539  -31.019  20.363  -34.914 0.0000000000
83370  -32.504  17.242  -33.848 0.0000000000
108819  -27.055  11.757  -33.352 0.0000000000
62661  -26.874  -6.108  -31.082 0.0000000000
68457  -27.158  -0.460  -33.117 0.0000000000
119563  -25.478  -1.834  -31.547 0.0000000000
84117  -31.775  18.891  -34.195 0.0000000000
82647  -30.291  15.922  -35.507 0.0000000000
117324  -26.279  6.834  -32.573 0.0000000000
77011  -25.116  9.312  -31.169 0.0000000000
125775  -27.707  9.687  -33.927 0.0000000000
78636  -31.135  11.659  -35.939 0.0000000000
108770  -31.987  9.938  -34.917 0.0000000000
75395  -32.521  7.689  -33.562 0.0000000000
73804  -25.261  4.917  -31.781 0.0000000000
116327  -27.336  4.574  -33.620 0.0000000000
73041  -31.190  4.690  -35.270 0.0000000000
70287  -28.899  1.449  -34.560 0.0000000000
111928  -30.415  -0.378  -33.760 0.0000000000
67544  -30.615  -1.857  -30.676 0.0000000000
108821  -27.052  13.530  -33.225 0.0000000000
80304  -30.542  14.193  -36.146 0.0000000000
81876  -32.924  15.407  -33.294 0.0000000000
65730  -25.017  -3.352  -30.968 0.0000000000
65738  -27.230  -3.756  -32.156 0.0000000000
67551  -25.011  -1.084  -31.312 0.0000000000
67550  -24.312  -1.317  -30.790 0.0000000000
82641  -29.819  16.635  -35.002 0.0000000000
81873  -28.678  15.760  -34.288 0.0000000000
74572  -27.551  7.120  -33.819 0.0000000000
76229  -26.838  8.675  -33.039 0.0000000000
75400  -28.547  8.152  -34.653 0.0000000000
108796  -30.045  9.263  -35.628 0.0000000000
110014  -30.878  8.094  -35.734 0.0000000000
108768  -32.085  8.511  -34.784 0.0000000000
116278  -31.519  7.167  -35.476 0.0000000000
72159  -25.988  3.282  -32.500 0.0000000000
73018  -25.925  4.881  -32.413 0.0000000000
72163  -26.779  3.285  -33.149 0.0000000000
72171  -27.920  3.147  -34.100 0.0000000000
70278  -27.554  1.664  -33.716 0.0000000000
67565  -27.795  -1.157  -33.385 0.0000000000
68465  -28.706  -0.252  -34.072 0.0000000000
67567  -29.260  -1.377  -33.668 0.0000000000
68449  -30.696  -0.973  -32.027 0.0000000000
66661  -29.241  -2.454  -32.744 0.0000000000
84820  -29.497  19.392  -33.689 0.0000000000
85520  -29.007  20.243  -33.229 0.0000000000
85530  -29.458  20.808  -34.173 0.0000000000
87136  -30.325  22.397  -35.571 0.0000000000
86356  -31.993  21.051  -34.268 0.0000000000
84104  -32.254  18.178  -33.978 0.0000000000
77810  -25.810  10.752  -31.640 0.0000000000
77801  -25.820  11.583  -31.623 0.0000000000
108820  -26.993  12.549  -33.293 0.0000000000
80293  -28.365  13.749  -34.654 0.0000000000
108811  -28.259  12.713  -34.601 0.0000000000
111017  -32.162  12.170  -34.345 0.0000000000
80295  -31.926  13.655  -34.710 0.0000000000
118560  -33.135  13.972  -32.880 0.0000000000
72165  -31.750  3.108  -34.025 0.0000000000
73037  -31.995  4.480  -34.259 0.0000000000
120412  -25.214  -5.802  -30.660 0.0000000000
121491  -25.420  -4.778  -31.043 0.0000000000
64791  -25.602  -4.123  -31.270 0.0000000000
63742  -27.183  -5.447  -31.315 0.0000000000
69373  -26.060  0.989  -32.430 0.0000000000
69381  -26.896  1.135  -33.178 0.0000000000
68456  -25.889  0.251  -32.251 0.0000000000
68448  -26.262  -0.577  -32.396 0.0000000000
66658  -27.004  -2.162  -32.615 0.0000000000
84115  -30.517  18.812  -34.582 0.0000000000
84831  -31.384  19.624  -34.470 0.0000000000
120787  -30.888  18.270  -34.710 0.0000000000
83375  -30.951  17.516  -34.908 0.0000000000
82643  -31.389  16.650  -34.979 0.0000000000
75382  -25.376  7.414  -31.643 0.0000000000
76215  -25.422  8.275  -31.604 0.0000000000
77021  -26.502  9.401  -32.605 0.0000000000
77028  -27.301  10.378  -33.499 0.0000000000
108802  -29.086  11.422  -35.261 0.0000000000
118671  -29.477  10.007  -35.431 0.0000000000
78629  -31.343  10.931  -35.734 0.0000000000
78617  -32.596  11.722  -33.491 0.0000000000
108762  -32.375  10.042  -33.933 0.0000000000
61702  -27.663  -7.421  -30.024 0.0000000000
63730  -27.622  -5.837  -30.894 0.0000000000
74562  -25.648  6.247  -32.025 0.0000000000
132043  -26.750  5.599  -33.138 0.0000000000
73837  -28.550  5.830  -34.584 0.0000000000
73847  -30.931  5.705  -35.512 0.0000000000
73034  -28.849  4.118  -34.678 0.0000000000
71285  -30.013  2.651  -35.180 0.0000000000
113547  -30.477  1.552  -34.679 0.0000000000
70279  -28.244  1.163  -34.164 0.0000000000
69389  -29.393  0.738  -34.572 0.0000000000
69383  -31.276  0.811  -33.513 0.0000000000
68450  -31.185  -0.257  -32.173 0.0000000000
67554  -31.030  -0.800  -31.327 0.0000000000
85541  -32.132  20.269  -33.998 0.0000000000
81078  -28.646  14.507  -34.756 0.0000000000
81889  -30.619  15.081  -35.892 0.0000000000
81883  -31.717  15.811  -34.885 0.0000000000
80305  -30.944  13.470  -36.104 0.0000000000
81079  -31.610  14.397  -35.203 0.0000000000
118511  -32.577  15.840  -33.823 0.0000000000
74577  -32.215  6.138  -34.458 0.0000000000
73832  -32.485  6.156  -33.283 0.0000000000
66641  -24.146  -2.892  -30.516 0.0000000000
66650  -25.473  -2.677  -31.409 0.0000000000
128683  -26.569  -3.377  -32.020 0.0000000000
65745  -27.862  -3.286  -32.586 0.0000000000
63743  -27.820  -5.152  -31.334 0.0000000000
64794  -28.842  -4.069  -31.270 0.0000000000
65740  -29.157  -3.395  -31.611 0.0000000000
81872  -28.064  15.616  -33.718 0.0000000000
74575  -28.256  6.760  -34.407 0.0000000000
128810  -28.173  7.505  -34.361 0.0000000000
74576  -28.802  7.400  -34.801 0.0000000000
75404  -29.354  8.051  -35.179 0.0000000000
75405  -30.321  7.939  -35.575 0.0000000000
75407  -31.209  7.876  -35.653 0.0000000000
74582  -30.422  7.047  -35.553 0.0000000000
71266  -25.722  2.493  -32.256 0.0000000000
71275  -27.135  2.436  -33.414 0.0000000000
70277  -26.848  1.897  -33.171 0.0000000000
66667  -28.451  -1.859  -33.326 0.0000000000
66668  -29.092  -2.084  -33.236 0.0000000000
84829  -30.078  19.491  -34.415 0.0000000000
112944  -29.633  20.058  -34.109 0.0000000000
85538  -30.222  20.408  -34.770 0.0000000000
86354  -30.620  21.141  -35.217 0.0000000000
86355  -31.288  21.124  -34.919 0.0000000000
83371  -32.813  17.886  -33.332 0.0000000000
77811  -26.314  11.202  -32.261 0.0000000000
77800  -25.390  11.376  -31.132 0.0000000000
108827  -26.518  12.208  -32.671 0.0000000000
108816  -27.522  12.702  -33.906 0.0000000000
108810  -27.947  12.000  -34.325 0.0000000000
79462  -32.642  12.721  -33.550 0.0000000000
80289  -32.915  13.437  -33.203 0.0000000000
71277  -31.637  2.438  -33.879 0.0000000000
72166  -32.033  3.721  -33.798 0.0000000000
71269  -32.071  3.006  -33.324 0.0000000000
130190  -25.945  -6.191  -30.904 0.0000000000
63729  -24.973  -5.193  -30.679 0.0000000000
63740  -25.696  -5.373  -31.048 0.0000000000
64792  -26.137  -4.767  -31.410 0.0000000000
63741  -26.498  -5.429  -31.271 0.0000000000
69366  -25.302  0.730  -31.779 0.0000000000
67552  -25.659  -1.066  -31.848 0.0000000000
67558  -26.270  -1.584  -32.210 0.0000000000
83374  -30.209  18.011  -34.551 0.0000000000
129364  -30.195  17.282  -34.933 0.0000000000
82642  -30.626  16.690  -35.291 0.0000000000
115921  -25.649  6.960  -31.965 0.0000000000
75383  -25.921  7.629  -32.160 0.0000000000
76230  -27.472  8.832  -33.704 0.0000000000
77027  -27.095  9.552  -33.276 0.0000000000
121556  -26.703  10.302  -32.850 0.0000000000
108806  -28.382  10.447  -34.580 0.0000000000
77034  -28.844  9.988  -34.958 0.0000000000
108780  -31.340  9.311  -35.649 0.0000000000
108785  -31.062  9.649  -35.868 0.0000000000
116632  -31.604  9.765  -35.442 0.0000000000
78624  -32.157  10.994  -34.405 0.0000000000
121565  -32.668  10.803  -33.304 0.0000000000
75401  -32.234  7.746  -34.581 0.0000000000
108767  -32.412  8.549  -33.908 0.0000000000
75384  -32.766  7.624  -32.564 0.0000000000
61690  -28.470  -7.507  -29.470 0.0000000000
112159  -25.064  5.742  -31.552 0.0000000000
73818  -25.622  5.512  -32.077 0.0000000000
121801  -26.643  4.918  -33.061 0.0000000000
128600  -27.206  5.436  -33.522 0.0000000000
73831  -27.715  6.093  -33.953 0.0000000000
122264  -27.873  5.152  -34.071 0.0000000000
73838  -29.209  5.083  -34.884 0.0000000000
73033  -28.009  4.127  -34.198 0.0000000000
71283  -28.548  2.455  -34.476 0.0000000000
119989  -29.267  3.148  -34.911 0.0000000000
71284  -29.434  2.119  -34.861 0.0000000000
71286  -30.750  2.431  -34.894 0.0000000000
70288  -29.768  1.353  -34.798 0.0000000000
69374  -27.412  0.328  -33.457 0.0000000000
115896  -27.679  0.950  -33.751 0.0000000000
68466  -29.382  -0.505  -34.134 0.0000000000
68473  -29.052  0.199  -34.367 0.0000000000
68467  -30.048  -0.177  -34.202 0.0000000000
69390  -30.156  0.670  -34.506 0.0000000000
68468  -30.658  0.288  -34.001 0.0000000000
69375  -31.544  0.601  -32.630 0.0000000000
68459  -30.964  0.007  -33.231 0.0000000000
113509  -30.222  -1.551  -32.243 0.0000000000
130428  -30.908  -1.252  -30.787 0.0000000000
67545  -31.308  -0.771  -30.530 0.0000000000
84832  -31.990  19.641  -34.086 0.0000000000
77010  -24.351  9.087  -30.529 0.0000000000
108834  -26.154  13.927  -32.000 0.0000000000
117730  -27.229  14.411  -33.264 0.0000000000
81077  -27.943  14.443  -34.169 0.0000000000
133680  -30.015  14.090  -36.100 0.0000000000
81090  -29.485  14.472  -35.574 0.0000000000
81091  -30.110  14.644  -36.006 0.0000000000
81890  -31.262  15.147  -35.520 0.0000000000
78634  -30.044  11.572  -35.906 0.0000000000
79477  -30.344  12.296  -36.064 0.0000000000
79478  -30.842  12.500  -36.130 0.0000000000
81067  -32.761  14.214  -33.500 0.0000000000
81080  -32.237  14.482  -34.318 0.0000000000
81875  -32.651  15.017  -33.710 0.0000000000
81884  -32.230  15.364  -34.328 0.0000000000
82638  -33.038  16.088  -33.141 0.0000000000
73839  -31.498  5.534  -35.268 0.0000000000
111685  -32.289  5.269  -33.883 0.0000000000
64784  -24.837  -4.378  -30.728 0.0000000000
65729  -24.398  -3.738  -30.550 0.0000000000
66649  -24.747  -2.243  -30.980 0.0000000000
117683  -26.417  -4.042  -31.742 0.0000000000
65737  -25.872  -3.366  -31.575 0.0000000000
65744  -27.151  -2.995  -32.432 0.0000000000
63731  -28.326  -5.477  -30.680 0.0000000000
65739  -28.508  -3.747  -32.003 0.0000000000
68447  -25.304  -0.251  -31.672 0.0000000000
68446  -24.435  -0.449  -30.969 0.0000000000
132326  -24.874  -1.620  -31.152 0.0000000000
81874  -29.107  16.399  -34.227 0.0000000000
81882  -29.445  15.870  -34.988 0.0000000000
74571  -26.888  7.191  -33.198 0.0000000000
75393  -26.559  7.790  -32.792 0.0000000000
75394  -27.187  7.955  -33.446 0.0000000000
75399  -27.830  8.096  -34.084 0.0000000000
76235  -28.193  8.991  -34.418 0.0000000000
108800  -29.346  9.383  -35.267 0.0000000000
76240  -29.826  8.695  -35.468 0.0000000000
76241  -30.390  8.503  -35.639 0.0000000000
110188  -31.456  8.805  -35.508 0.0000000000
108769  -32.202  9.249  -34.489 0.0000000000
108773  -31.877  8.534  -34.998 0.0000000000
112477  -31.751  7.851  -35.309 0.0000000000
113806  -32.103  6.940  -34.891 0.0000000000
72148  -25.247  3.280  -31.777 0.0000000000
73017  -25.569  4.099  -32.132 0.0000000000
73026  -26.295  4.084  -32.737 0.0000000000
132236  -26.874  4.108  -33.247 0.0000000000
73027  -27.387  3.698  -33.653 0.0000000000
71276  -27.787  2.384  -33.949 0.0000000000
70286  -28.203  1.795  -34.208 0.0000000000
68464  -27.985  -0.362  -33.696 0.0000000000
67566  -28.645  -0.943  -33.794 0.0000000000
67568  -29.924  -0.916  -33.818 0.0000000000
68458  -30.479  -0.862  -33.005 0.0000000000
67560  -29.687  -1.655  -33.112 0.0000000000
66653  -30.121  -2.195  -31.467 0.0000000000
86353  -29.925  21.449  -35.107 0.0000000000
112457  -31.577  21.936  -34.912 0.0000000000
117764  -32.259  19.013  -33.833 0.0000000000
78590  -25.062  12.157  -30.564 0.0000000000
78599  -25.513  12.305  -31.223 0.0000000000
108714  -26.060  13.152  -32.024 0.0000000000
80292  -27.636  13.625  -33.987 0.0000000000
79465  -28.996  13.127  -35.238 0.0000000000
80303  -29.604  13.605  -35.788 0.0000000000
78623  -31.664  11.690  -35.303 0.0000000000
79466  -31.766  12.804  -35.035 0.0000000000
79467  -32.217  13.001  -34.313 0.0000000000
80288  -32.483  13.596  -33.929 0.0000000000
81068  -33.052  14.730  -33.100 0.0000000000
72174  -31.621  3.676  -34.520 0.0000000000
73036  -31.619  4.601  -34.895 0.0000000000
73028  -32.313  4.429  -33.410 0.0000000000
64793  -27.184  -4.665  -31.728 0.0000000000
70263  -25.388  1.686  -31.915 0.0000000000
70270  -26.227  1.782  -32.640 0.0000000000
129867  -26.597  0.295  -32.823 0.0000000000
67559  -27.020  -1.286  -32.793 0.0000000000
128123  -27.616  -1.840  -33.062 0.0000000000
66659  -27.810  -2.555  -32.896 0.0000000000
84103  -29.365  18.608  -33.291 0.0000000000
84830  -30.760  19.576  -34.707 0.0000000000
84116  -31.159  18.864  -34.551 0.0000000000
83376  -31.486  18.165  -34.484 0.0000000000
127811  -31.815  17.373  -34.459 0.0000000000
82644  -32.169  16.491  -34.322 0.0000000000
76223  -26.209  8.505  -32.350 0.0000000000
77020  -25.886  9.254  -31.907 0.0000000000
120700  -26.213  10.132  -32.122 0.0000000000
77818  -27.446  11.113  -33.728 0.0000000000
122423  -28.051  11.171  -34.368 0.0000000000
108801  -28.849  10.779  -35.017 0.0000000000
108787  -30.382  10.611  -35.885 0.0000000000
115108  -30.175  9.886  -35.747 0.0000000000
111867  -30.830  10.385  -35.960 0.0000000000
78618  -33.017  12.187  -32.842 0.0000000000
78611  -33.049  11.422  -32.694 0.0000000000
131268  -33.081  10.707  -32.531 0.0000000000
108761  -32.504  9.354  -33.627 0.0000000000
70272  -32.188  2.003  -32.364 0.0000000000
62645  -26.595  -6.750  -30.755 0.0000000000
62646  -27.447  -6.669  -30.547 0.0000000000
73819  -26.271  5.756  -32.638 0.0000000000
73830  -26.931  6.288  -33.284 0.0000000000
130558  -28.944  6.676  -34.865 0.0000000000
73845  -29.596  6.185  -35.222 0.0000000000
73846  -30.089  5.313  -35.342 0.0000000000
73035  -29.740  4.188  -35.156 0.0000000000
72172  -28.496  3.376  -34.489 0.0000000000
72180  -29.963  3.376  -35.246 0.0000000000
126869  -30.350  3.830  -35.273 0.0000000000
72173  -31.195  3.277  -34.967 0.0000000000
71287  -31.355  2.803  -34.464 0.0000000000
70289  -31.137  1.971  -34.360 0.0000000000
69382  -28.293  0.414  -34.005 0.0000000000
129721  -28.793  0.783  -34.379 0.0000000000
70280  -30.902  1.124  -34.213 0.0000000000
70281  -31.481  1.631  -33.723 0.0000000000
70271  -31.773  1.400  -32.947 0.0000000000
85540  -31.619  20.371  -34.425 0.0000000000
84821  -32.454  19.680  -33.549 0.0000000000
81065  -27.556  15.141  -33.428 0.0000000000
81066  -28.217  15.145  -34.174 0.0000000000
81881  -29.043  15.171  -34.903 0.0000000000
81888  -29.838  15.231  -35.647 0.0000000000
82648  -31.014  15.946  -35.590 0.0000000000
79469  -28.992  12.195  -35.244 0.0000000000
79470  -29.689  12.555  -35.798 0.0000000000
80311  -30.308  13.293  -36.159 0.0000000000
80294  -31.422  13.582  -35.574 0.0000000000
81092  -31.089  14.346  -35.914 0.0000000000
119756  -31.775  15.051  -34.834 0.0000000000
133477  -32.207  15.894  -34.351 0.0000000000
82637  -32.674  16.533  -33.659 0.0000000000
112047  -33.013  16.963  -33.144 0.0000000000
74583  -30.957  6.812  -35.652 0.0000000000
74585  -31.786  6.293  -35.204 0.0000000000
116006  -32.385  6.937  -34.051 0.0000000000
126787  -31.932  5.365  -34.765 0.0000000000
118494  -32.585  7.020  -33.160 0.0000000000
120395  -24.021  -1.982  -30.526 0.0000000000
66651  -26.253  -2.578  -31.986 0.0000000000
64785  -28.557  -4.784  -30.981 0.0000000000
122349  -28.129  -4.456  -31.708 0.0000000000
64800  -27.871  -3.911  -32.178 0.0000000000
130132  -28.324  -3.378  -32.467 0.0000000000
66652  -29.484  -2.733  -31.969 0.0000000000
65746  -28.881  -3.126  -32.384 0.0000000000
66662  -29.741  -2.139  -32.352 0.0000000000
67553  -30.595  -1.434  -31.402 0.0000000000
68474  -29.627  0.171  -34.390 0.0000000000
72164  -27.403  2.970  -33.647 0.0000000000
72181  -30.559  3.201  -35.188 0.0000000000
72182  -30.935  3.893  -35.230 0.0000000000
73040  -30.557  4.583  -35.320 0.0000000000
74584  -31.320  6.536  -35.532 0.0000000000
75406  -30.819  7.680  -35.691 0.0000000000
76236  -29.032  8.817  -34.978 0.0000000000
77033  -28.291  9.849  -34.474 0.0000000000
77817  -26.872  11.153  -33.098 0.0000000000
78600  -25.989  12.311  -31.857 0.0000000000
78635  -30.708  11.399  -36.053 0.0000000000
79471  -31.264  12.643  -35.797 0.0000000000
80302  -29.026  13.906  -35.219 0.0000000000
108715  -28.528  11.688  -34.793 0.0000000000
108774  -31.770  9.114  -35.286 0.0000000000
108775  -31.312  10.108  -35.723 0.0000000000
108779  -31.093  8.360  -35.710 0.0000000000
108781  -31.066  10.673  -35.972 0.0000000000
108783  -30.917  8.622  -35.802 0.0000000000
108784  -31.103  8.998  -35.763 0.0000000000
108786  -30.721  9.711  -35.856 0.0000000000
108791  -30.649  9.121  -35.778 0.0000000000
108792  -30.922  9.012  -35.832 0.0000000000
108793  -29.635  10.832  -35.604 0.0000000000
108797  -29.498  11.709  -35.579 0.0000000000
108809  -27.848  10.443  -34.124 0.0000000000
108815  -27.496  11.856  -33.849 0.0000000000
110169  -31.696  10.556  -35.324 0.0000000000
110587  -30.824  8.480  -35.857 0.0000000000
112498  -30.477  6.262  -35.508 0.0000000000
114631  -31.364  3.994  -35.013 0.0000000000
118483  -31.399  8.195  -35.511 0.0000000000
121674  -28.479  4.861  -34.469 0.0000000000
125923  -31.180  7.288  -35.638 0.0000000000
126480  -30.096  1.962  -34.972 0.0000000000
129666  -28.752  9.432  -34.823 0.0000000000
132605  -30.907  8.204  -35.758 0.0000000000
