#!ascii label  , from subject sub-v2s7x29659_ses-1 vox2ras=TkReg
351
68406  -32.418  -0.921  -28.476 0.0000000000
71268  -31.920  2.173  -33.170 0.0000000000
83370  -32.504  17.242  -33.848 0.0000000000
79463  -33.058  12.826  -32.898 0.0000000000
123319  -33.420  8.252  -30.977 0.0000000000
72958  -34.468  4.157  -28.060 0.0000000000
84117  -31.775  18.891  -34.195 0.0000000000
110111  -33.486  10.905  -31.369 0.0000000000
75395  -32.521  7.689  -33.562 0.0000000000
69355  -31.941  0.447  -30.760 0.0000000000
72116  -33.299  3.652  -30.454 0.0000000000
70215  -33.654  1.617  -28.494 0.0000000000
62620  -29.664  -6.144  -29.012 0.0000000000
67544  -30.615  -1.857  -30.676 0.0000000000
88607  -29.710  25.081  -35.264 0.0000000000
87138  -31.519  23.014  -35.111 0.0000000000
86344  -32.441  21.297  -33.545 0.0000000000
115034  -33.302  20.025  -32.255 0.0000000000
84091  -33.402  18.360  -31.829 0.0000000000
81876  -32.924  15.407  -33.294 0.0000000000
82617  -33.568  16.277  -30.387 0.0000000000
128066  -33.596  13.156  -30.196 0.0000000000
108744  -34.117  11.502  -29.235 0.0000000000
108740  -34.529  9.404  -28.438 0.0000000000
112296  -32.727  5.076  -32.055 0.0000000000
74531  -33.934  6.674  -29.467 0.0000000000
108768  -32.085  8.511  -34.784 0.0000000000
116278  -31.519  7.167  -35.476 0.0000000000
68427  -32.135  -0.123  -29.575 0.0000000000
70231  -32.827  1.397  -29.773 0.0000000000
69318  -32.637  -0.035  -28.847 0.0000000000
58822  -30.098  -10.516  -27.238 0.0000000000
59782  -30.106  -9.670  -27.449 0.0000000000
126671  -30.453  -8.373  -27.546 0.0000000000
68449  -30.696  -0.973  -32.027 0.0000000000
66661  -29.241  -2.454  -32.744 0.0000000000
87127  -32.157  22.498  -34.257 0.0000000000
84104  -32.254  18.178  -33.978 0.0000000000
84821  -32.454  19.680  -33.549 0.0000000000
84105  -32.625  18.759  -33.416 0.0000000000
113588  -33.337  19.202  -32.068 0.0000000000
83366  -33.200  17.671  -32.534 0.0000000000
118560  -33.135  13.972  -32.880 0.0000000000
81856  -33.334  15.240  -31.939 0.0000000000
119677  -33.356  14.377  -31.285 0.0000000000
81040  -33.444  14.757  -30.449 0.0000000000
80264  -33.433  13.340  -30.964 0.0000000000
108754  -33.424  9.329  -31.265 0.0000000000
108749  -33.663  10.634  -30.599 0.0000000000
108748  -33.882  10.236  -29.844 0.0000000000
108735  -34.516  10.286  -28.493 0.0000000000
108746  -34.218  8.929  -29.075 0.0000000000
72165  -31.750  3.108  -34.025 0.0000000000
73037  -31.995  4.480  -34.259 0.0000000000
72160  -32.328  3.739  -33.111 0.0000000000
115972  -33.953  3.986  -28.925 0.0000000000
73792  -33.569  5.062  -30.117 0.0000000000
72957  -34.147  4.957  -28.771 0.0000000000
74519  -34.281  6.604  -28.677 0.0000000000
73758  -34.730  5.736  -27.572 0.0000000000
63698  -30.213  -5.639  -28.563 0.0000000000
64773  -29.619  -4.790  -29.804 0.0000000000
64763  -30.490  -4.806  -28.498 0.0000000000
65706  -30.565  -3.759  -29.004 0.0000000000
78617  -32.596  11.722  -33.491 0.0000000000
78612  -33.328  11.854  -32.249 0.0000000000
108762  -32.375  10.042  -33.933 0.0000000000
108760  -32.784  8.995  -32.990 0.0000000000
75373  -33.098  7.916  -31.731 0.0000000000
70264  -31.995  1.251  -32.056 0.0000000000
71259  -32.570  2.757  -31.792 0.0000000000
70252  -32.599  1.680  -30.593 0.0000000000
71228  -33.490  2.736  -29.525 0.0000000000
71210  -34.217  2.742  -28.038 0.0000000000
61684  -30.169  -7.217  -28.086 0.0000000000
69383  -31.276  0.811  -33.513 0.0000000000
68450  -31.185  -0.257  -32.173 0.0000000000
67554  -31.030  -0.800  -31.327 0.0000000000
67534  -31.065  -1.453  -30.126 0.0000000000
89883  -29.757  26.762  -34.885 0.0000000000
87902  -29.412  23.303  -34.378 0.0000000000
87923  -30.541  24.365  -35.897 0.0000000000
87903  -32.257  23.473  -34.113 0.0000000000
87890  -32.661  22.942  -33.229 0.0000000000
87117  -33.086  22.380  -32.521 0.0000000000
85541  -32.132  20.269  -33.998 0.0000000000
85521  -32.694  20.875  -33.008 0.0000000000
87102  -33.611  21.680  -31.937 0.0000000000
85508  -33.755  20.711  -31.714 0.0000000000
84793  -34.350  19.779  -30.814 0.0000000000
84084  -34.325  19.074  -30.446 0.0000000000
118511  -32.577  15.840  -33.823 0.0000000000
130572  -33.193  16.478  -32.806 0.0000000000
82625  -33.430  16.441  -31.459 0.0000000000
83355  -34.040  17.806  -29.946 0.0000000000
83345  -33.857  16.953  -29.748 0.0000000000
81024  -34.005  14.448  -28.844 0.0000000000
79438  -33.597  12.459  -30.620 0.0000000000
79428  -33.788  12.621  -29.710 0.0000000000
74577  -32.215  6.138  -34.458 0.0000000000
73832  -32.485  6.156  -33.283 0.0000000000
75360  -33.299  7.214  -31.076 0.0000000000
73003  -32.926  4.572  -31.530 0.0000000000
131187  -33.409  5.504  -30.600 0.0000000000
75344  -33.837  7.574  -29.734 0.0000000000
108739  -34.163  8.034  -29.026 0.0000000000
125924  -34.773  8.123  -27.602 0.0000000000
66642  -29.735  -2.946  -31.101 0.0000000000
65720  -30.988  -2.753  -29.031 0.0000000000
66620  -31.879  -2.386  -28.033 0.0000000000
68405  -32.130  -0.650  -29.076 0.0000000000
68391  -32.969  -0.457  -28.051 0.0000000000
67504  -32.687  -1.311  -27.757 0.0000000000
108653  -30.708  -10.867  -26.708 0.0000000000
110249  -30.774  -9.966  -26.902 0.0000000000
83371  -32.813  17.886  -33.332 0.0000000000
79462  -32.642  12.721  -33.550 0.0000000000
80289  -32.915  13.437  -33.203 0.0000000000
80281  -33.233  13.256  -32.558 0.0000000000
81058  -33.270  14.416  -32.363 0.0000000000
80273  -33.355  13.512  -31.907 0.0000000000
121477  -33.383  12.823  -32.059 0.0000000000
108753  -33.672  9.782  -30.506 0.0000000000
108750  -33.641  8.894  -30.403 0.0000000000
108747  -33.912  9.356  -29.771 0.0000000000
108745  -33.891  8.487  -29.701 0.0000000000
71277  -31.637  2.438  -33.879 0.0000000000
72166  -32.033  3.721  -33.798 0.0000000000
71269  -32.071  3.006  -33.324 0.0000000000
114093  -34.597  5.076  -27.915 0.0000000000
127174  -34.843  5.208  -27.330 0.0000000000
72074  -34.831  3.853  -27.169 0.0000000000
63689  -30.627  -5.626  -27.963 0.0000000000
108770  -31.987  9.938  -34.917 0.0000000000
121565  -32.668  10.803  -33.304 0.0000000000
75401  -32.234  7.746  -34.581 0.0000000000
108767  -32.412  8.549  -33.908 0.0000000000
128844  -32.684  8.280  -33.067 0.0000000000
108759  -32.952  8.487  -32.354 0.0000000000
75384  -32.766  7.624  -32.564 0.0000000000
70265  -32.402  1.878  -31.471 0.0000000000
69368  -32.192  1.117  -31.149 0.0000000000
69340  -33.154  0.935  -28.934 0.0000000000
70232  -33.383  1.886  -29.271 0.0000000000
71209  -33.803  2.522  -28.686 0.0000000000
70216  -34.057  2.078  -27.970 0.0000000000
69320  -33.879  1.439  -27.867 0.0000000000
120444  -28.844  -11.054  -27.824 0.0000000000
57053  -29.268  -11.680  -27.362 0.0000000000
61676  -30.562  -7.729  -27.600 0.0000000000
119860  -30.783  -6.953  -27.548 0.0000000000
69375  -31.544  0.601  -32.630 0.0000000000
113509  -30.222  -1.551  -32.243 0.0000000000
130428  -30.908  -1.252  -30.787 0.0000000000
67545  -31.308  -0.771  -30.530 0.0000000000
88595  -29.549  24.459  -34.115 0.0000000000
89264  -29.696  25.320  -33.410 0.0000000000
89291  -29.718  26.139  -35.423 0.0000000000
89891  -30.159  26.905  -35.778 0.0000000000
88617  -29.927  25.621  -35.935 0.0000000000
87136  -30.325  22.397  -35.571 0.0000000000
87913  -30.125  23.543  -35.772 0.0000000000
87147  -30.785  23.214  -35.690 0.0000000000
88608  -31.204  24.814  -35.551 0.0000000000
87914  -31.146  23.836  -35.557 0.0000000000
87915  -31.740  24.101  -34.896 0.0000000000
115217  -32.164  21.753  -34.169 0.0000000000
87116  -32.533  22.059  -33.397 0.0000000000
84832  -31.990  19.641  -34.086 0.0000000000
84810  -32.921  19.387  -32.842 0.0000000000
122597  -32.803  20.212  -32.932 0.0000000000
85522  -33.192  20.843  -32.412 0.0000000000
84801  -33.786  19.871  -31.516 0.0000000000
84792  -33.756  19.078  -31.232 0.0000000000
84083  -33.753  18.225  -30.794 0.0000000000
81067  -32.761  14.214  -33.500 0.0000000000
81875  -32.651  15.017  -33.710 0.0000000000
82638  -33.038  16.088  -33.141 0.0000000000
130541  -33.386  15.803  -31.718 0.0000000000
83354  -33.628  17.205  -30.640 0.0000000000
80252  -33.462  13.941  -30.310 0.0000000000
81842  -33.553  15.418  -30.016 0.0000000000
81033  -33.606  14.557  -29.669 0.0000000000
80238  -33.748  13.547  -29.400 0.0000000000
77814  -33.326  11.141  -32.066 0.0000000000
113787  -33.558  12.087  -31.307 0.0000000000
78602  -33.489  11.628  -31.630 0.0000000000
110535  -33.847  11.091  -29.926 0.0000000000
116761  -33.787  11.876  -29.911 0.0000000000
79415  -34.041  12.142  -29.270 0.0000000000
79416  -34.101  12.759  -28.933 0.0000000000
108737  -34.437  12.038  -28.581 0.0000000000
110018  -34.827  9.881  -27.809 0.0000000000
73839  -31.498  5.534  -35.268 0.0000000000
111426  -32.522  5.173  -32.875 0.0000000000
111685  -32.289  5.269  -33.883 0.0000000000
73820  -32.728  5.849  -32.234 0.0000000000
74563  -32.734  6.720  -32.418 0.0000000000
74551  -33.016  6.453  -31.593 0.0000000000
113977  -32.978  3.279  -31.000 0.0000000000
72149  -32.781  3.713  -31.695 0.0000000000
72132  -33.174  4.052  -30.966 0.0000000000
128375  -33.808  5.273  -29.495 0.0000000000
114413  -33.683  5.922  -29.976 0.0000000000
74543  -33.620  6.861  -30.247 0.0000000000
75331  -34.145  7.265  -29.045 0.0000000000
74514  -34.653  6.568  -27.782 0.0000000000
131036  -34.478  7.488  -28.285 0.0000000000
109933  -34.776  7.348  -27.484 0.0000000000
133022  -30.994  -3.354  -28.558 0.0000000000
65707  -31.441  -3.000  -28.207 0.0000000000
66619  -31.600  -2.160  -28.614 0.0000000000
65708  -31.869  -2.842  -27.628 0.0000000000
108769  -32.202  9.249  -34.489 0.0000000000
112477  -31.751  7.851  -35.309 0.0000000000
113806  -32.103  6.940  -34.891 0.0000000000
69356  -32.359  0.947  -30.311 0.0000000000
69339  -32.532  0.594  -29.575 0.0000000000
69319  -33.566  0.881  -28.111 0.0000000000
129557  -33.188  0.282  -28.312 0.0000000000
68392  -33.235  -0.826  -27.262 0.0000000000
108655  -29.523  -10.970  -27.454 0.0000000000
60741  -29.899  -8.033  -28.070 0.0000000000
60732  -30.019  -8.870  -27.725 0.0000000000
59773  -30.760  -9.017  -27.175 0.0000000000
68458  -30.479  -0.862  -33.005 0.0000000000
67560  -29.687  -1.655  -33.112 0.0000000000
66653  -30.121  -2.195  -31.467 0.0000000000
87137  -31.032  22.420  -35.503 0.0000000000
112457  -31.577  21.936  -34.912 0.0000000000
86356  -31.993  21.051  -34.268 0.0000000000
117764  -32.259  19.013  -33.833 0.0000000000
84097  -33.060  18.535  -32.709 0.0000000000
81068  -33.052  14.730  -33.100 0.0000000000
81866  -33.208  15.321  -32.744 0.0000000000
126967  -33.396  15.479  -31.036 0.0000000000
115962  -33.520  10.184  -31.140 0.0000000000
108742  -34.174  10.689  -29.190 0.0000000000
108741  -34.205  9.817  -29.132 0.0000000000
73036  -31.619  4.601  -34.895 0.0000000000
73028  -32.313  4.429  -33.410 0.0000000000
73019  -32.580  4.285  -32.444 0.0000000000
72117  -33.562  3.636  -29.725 0.0000000000
72990  -33.449  4.297  -30.272 0.0000000000
72973  -33.728  4.542  -29.544 0.0000000000
73765  -34.002  5.868  -29.101 0.0000000000
73766  -34.419  5.798  -28.320 0.0000000000
129476  -34.889  6.185  -27.131 0.0000000000
108721  -35.253  6.189  -26.447 0.0000000000
73751  -35.005  5.594  -26.937 0.0000000000
63711  -29.318  -5.563  -29.681 0.0000000000
63712  -29.916  -5.239  -29.139 0.0000000000
64774  -30.129  -4.504  -29.274 0.0000000000
65718  -29.947  -3.919  -29.935 0.0000000000
65692  -31.070  -3.971  -28.078 0.0000000000
78618  -33.017  12.187  -32.842 0.0000000000
79455  -33.280  12.517  -32.409 0.0000000000
78611  -33.049  11.422  -32.694 0.0000000000
131268  -33.081  10.707  -32.531 0.0000000000
108761  -32.504  9.354  -33.627 0.0000000000
132057  -32.860  9.907  -32.902 0.0000000000
108755  -33.282  10.220  -31.920 0.0000000000
108757  -33.134  9.280  -32.188 0.0000000000
108756  -33.238  8.661  -31.700 0.0000000000
70272  -32.188  2.003  -32.364 0.0000000000
128349  -32.263  2.640  -32.641 0.0000000000
71246  -32.794  2.474  -30.854 0.0000000000
123049  -33.078  2.195  -30.054 0.0000000000
118728  -33.226  2.992  -30.277 0.0000000000
72094  -33.760  3.249  -29.049 0.0000000000
72095  -34.137  3.327  -28.425 0.0000000000
72082  -34.502  3.288  -27.691 0.0000000000
69297  -33.946  0.930  -27.405 0.0000000000
128746  -28.367  -11.933  -27.768 0.0000000000
62629  -28.882  -6.346  -29.701 0.0000000000
61683  -29.628  -7.398  -28.542 0.0000000000
117781  -29.778  -6.824  -28.601 0.0000000000
62621  -30.304  -6.379  -28.207 0.0000000000
62612  -31.164  -6.459  -27.285 0.0000000000
70281  -31.481  1.631  -33.723 0.0000000000
70271  -31.773  1.400  -32.947 0.0000000000
69367  -31.745  0.503  -31.659 0.0000000000
114038  -31.502  -0.164  -31.119 0.0000000000
68441  -31.755  -0.168  -30.271 0.0000000000
68426  -31.622  -0.877  -29.659 0.0000000000
67517  -31.842  -1.333  -28.873 0.0000000000
89265  -30.185  25.909  -32.846 0.0000000000
87912  -29.700  23.961  -35.228 0.0000000000
119219  -29.792  23.074  -35.302 0.0000000000
87922  -30.017  24.629  -35.815 0.0000000000
88618  -30.152  25.253  -36.135 0.0000000000
89292  -31.297  26.023  -35.447 0.0000000000
88583  -32.824  23.890  -33.057 0.0000000000
88584  -33.491  24.143  -32.448 0.0000000000
87891  -33.274  23.298  -32.410 0.0000000000
122201  -33.918  23.561  -31.958 0.0000000000
87879  -33.766  22.710  -31.884 0.0000000000
85540  -31.619  20.371  -34.425 0.0000000000
85531  -32.425  20.557  -33.574 0.0000000000
86334  -32.886  21.527  -32.739 0.0000000000
87103  -34.405  22.190  -31.479 0.0000000000
85509  -34.393  20.531  -31.078 0.0000000000
133477  -32.207  15.894  -34.351 0.0000000000
82637  -32.674  16.533  -33.659 0.0000000000
112047  -33.013  16.963  -33.144 0.0000000000
117271  -33.287  16.833  -32.363 0.0000000000
82632  -33.310  16.031  -32.359 0.0000000000
83360  -33.430  17.450  -31.613 0.0000000000
133618  -34.323  18.507  -30.049 0.0000000000
82609  -33.796  16.107  -29.505 0.0000000000
82601  -34.611  16.298  -28.374 0.0000000000
81835  -34.374  15.309  -28.387 0.0000000000
79447  -33.462  12.245  -31.875 0.0000000000
114805  -33.459  12.710  -31.477 0.0000000000
78593  -33.630  11.525  -30.778 0.0000000000
108743  -34.483  11.147  -28.534 0.0000000000
74585  -31.786  6.293  -35.204 0.0000000000
116006  -32.385  6.937  -34.051 0.0000000000
126787  -31.932  5.365  -34.765 0.0000000000
118494  -32.585  7.020  -33.160 0.0000000000
127152  -32.958  7.192  -31.845 0.0000000000
118312  -32.462  3.346  -32.508 0.0000000000
72989  -33.293  4.826  -30.801 0.0000000000
73805  -33.064  5.500  -31.350 0.0000000000
73791  -33.360  6.238  -30.794 0.0000000000
75361  -33.560  7.603  -30.451 0.0000000000
108738  -34.502  8.493  -28.354 0.0000000000
110027  -34.821  9.006  -27.727 0.0000000000
66652  -29.484  -2.733  -31.969 0.0000000000
66643  -30.272  -2.587  -30.530 0.0000000000
65719  -30.409  -3.075  -29.775 0.0000000000
66634  -30.758  -2.241  -29.890 0.0000000000
67535  -31.319  -1.802  -29.357 0.0000000000
67518  -32.143  -1.725  -28.213 0.0000000000
61682  -29.135  -7.924  -28.796 0.0000000000
62611  -30.774  -6.233  -27.647 0.0000000000
66662  -29.741  -2.139  -32.352 0.0000000000
67553  -30.595  -1.434  -31.402 0.0000000000
72943  -34.830  4.623  -27.319 0.0000000000
88619  -30.597  25.547  -35.969 0.0000000000
89277  -29.631  25.726  -34.491 0.0000000000
89298  -29.936  26.398  -35.875 0.0000000000
89299  -30.151  26.108  -36.077 0.0000000000
89884  -30.145  27.324  -35.269 0.0000000000
108654  -30.007  -11.335  -27.031 0.0000000000
108774  -31.770  9.114  -35.286 0.0000000000
112393  -33.646  8.157  -30.243 0.0000000000
125923  -31.180  7.288  -35.638 0.0000000000
129413  -29.862  26.853  -35.565 0.0000000000
132721  -33.266  13.780  -32.455 0.0000000000
132917  -32.127  0.358  -30.083 0.0000000000
