#!ascii label  , from subject sub-v2s7x29659_ses-1 vox2ras=TkReg
558
23409  20.077  -50.429  -37.187 0.6000000238
19505  19.684  -54.529  -32.299 0.6999999881
20515  20.353  -53.470  -33.679 0.6999999881
20541  18.970  -54.096  -35.970 0.8999999762
121955  19.749  -53.165  -36.353 0.8000000119
22447  20.386  -51.407  -36.642 0.8000000119
119094  20.069  -49.847  -36.716 0.6000000238
25348  19.811  -48.597  -36.808 0.6999999881
20488  20.748  -54.010  -32.106 0.6999999881
19491  20.262  -54.492  -31.438 0.6999999881
112220  20.791  -53.615  -32.918 0.6999999881
21493  21.789  -52.589  -33.693 0.6000000238
20530  21.028  -52.984  -34.199 0.6999999881
20531  19.889  -53.367  -34.617 0.6999999881
21508  20.599  -52.743  -35.214 0.8000000119
21519  21.190  -52.030  -35.249 0.8000000119
21520  20.596  -52.170  -36.024 0.8000000119
23403  20.531  -50.634  -36.247 0.6000000238
24352  19.831  -49.082  -36.557 0.6000000238
26355  19.641  -48.029  -36.502 0.6999999881
25347  20.179  -48.277  -37.028 0.6999999881
20487  21.689  -53.552  -31.530 0.5000000000
134073  20.456  -54.385  -30.930 0.6000000238
20497  22.130  -53.116  -32.145 0.4000000060
20498  21.510  -53.430  -32.479 0.6000000238
21492  22.353  -52.197  -33.169 0.5000000000
21506  22.058  -51.854  -33.970 0.6000000238
21507  21.484  -52.286  -34.532 0.8000000119
22439  21.606  -51.454  -34.776 0.6999999881
23402  21.155  -50.638  -35.381 0.6999999881
25339  19.597  -48.331  -36.254 0.5000000000
115976  19.842  -47.499  -36.159 0.6000000238
26354  20.145  -47.835  -36.640 0.6000000238
121494  20.886  -47.856  -36.849 0.5000000000
21457  22.451  -52.629  -30.550 0.5000000000
19480  20.514  -54.065  -30.448 0.6000000238
123469  19.604  -54.358  -30.008 0.6000000238
20472  22.080  -53.254  -30.838 0.5000000000
22416  22.496  -51.314  -33.359 0.5000000000
23377  22.180  -50.478  -33.806 0.6000000238
23378  21.534  -49.721  -34.218 0.6000000238
24341  21.013  -49.786  -35.118 0.6000000238
25328  19.528  -48.245  -35.427 0.5000000000
26347  19.371  -47.608  -35.806 0.6000000238
27269  19.433  -46.834  -35.593 0.6000000238
27268  20.763  -46.895  -35.762 0.5000000000
27256  21.872  -46.599  -34.910 0.5000000000
27267  22.178  -47.005  -35.454 0.5000000000
26346  21.198  -47.430  -36.286 0.5000000000
20453  20.976  -53.366  -29.954 0.5000000000
20454  20.002  -53.582  -29.729 0.5000000000
20486  22.484  -52.827  -31.427 0.5000000000
22408  23.080  -51.279  -31.976 0.4000000060
23370  23.046  -50.523  -32.233 0.3000000119
124241  22.870  -51.079  -32.656 0.4000000060
23371  22.634  -50.455  -33.027 0.3000000119
25305  22.408  -48.895  -32.352 0.3000000119
24326  22.126  -49.700  -33.393 0.5000000000
25317  21.217  -48.923  -33.667 0.5000000000
25327  20.498  -48.995  -34.759 0.5000000000
26335  19.134  -47.485  -35.019 0.5000000000
118914  19.018  -46.977  -35.355 0.6000000238
27257  20.398  -46.311  -35.353 0.5000000000
28212  21.454  -46.016  -34.601 0.5000000000
21438  21.336  -52.605  -29.613 0.5000000000
22390  22.811  -51.894  -30.165 0.5000000000
22389  23.275  -51.228  -30.491 0.5000000000
23360  23.373  -50.695  -31.313 0.4000000060
22397  23.197  -51.489  -31.280 0.5000000000
24316  23.241  -49.917  -31.758 0.4000000060
24307  22.961  -49.285  -31.967 0.3000000119
25306  21.618  -48.504  -32.804 0.3000000119
26324  20.633  -48.094  -33.376 0.4000000060
25318  19.978  -48.235  -34.397 0.5000000000
132287  19.042  -47.162  -34.550 0.4000000060
27258  19.342  -46.080  -35.292 0.5000000000
28213  19.941  -45.541  -35.056 0.5000000000
28211  22.651  -46.245  -34.237 0.5000000000
28200  22.268  -45.609  -33.889 0.4000000060
22380  21.713  -51.885  -29.282 0.5000000000
22379  22.487  -51.591  -29.546 0.5000000000
22378  23.053  -51.267  -29.830 0.5000000000
23352  23.514  -50.309  -30.462 0.4000000060
25293  23.357  -48.657  -30.946 0.4000000060
26300  22.714  -47.863  -31.317 0.3000000119
26313  22.112  -48.185  -32.085 0.3000000119
26314  21.224  -47.772  -32.555 0.4000000060
26315  20.191  -47.348  -33.122 0.4000000060
26325  19.591  -47.564  -34.052 0.4000000060
27244  18.836  -46.070  -34.622 0.5000000000
27259  18.966  -46.369  -35.168 0.6000000238
29143  20.854  -45.095  -34.437 0.4000000060
23345  22.819  -50.860  -29.296 0.4000000060
121941  23.568  -49.747  -29.734 0.4000000060
23344  23.313  -50.601  -29.766 0.4000000060
26299  23.377  -47.990  -30.593 0.4000000060
26301  21.767  -47.435  -31.849 0.4000000060
127442  21.431  -46.789  -31.706 0.4000000060
27230  20.868  -47.036  -32.294 0.4000000060
27231  19.833  -46.545  -32.887 0.4000000060
27232  18.935  -45.883  -33.730 0.5000000000
28201  18.834  -45.119  -34.194 0.5000000000
29154  19.123  -44.719  -34.371 0.6000000238
29153  19.621  -44.759  -34.607 0.5000000000
30103  19.978  -43.160  -33.883 0.4000000060
121483  20.569  -44.065  -34.093 0.4000000060
23338  22.409  -50.517  -28.630 0.4000000060
131434  23.709  -48.696  -29.973 0.4000000060
23337  23.198  -50.027  -28.957 0.4000000060
27219  22.189  -46.974  -31.247 0.4000000060
27220  20.654  -46.218  -31.963 0.4000000060
27221  19.517  -45.683  -32.711 0.4000000060
28184  18.859  -45.164  -33.486 0.4000000060
115416  18.815  -44.590  -33.613 0.5000000000
29145  19.009  -44.153  -33.845 0.4000000060
29144  19.437  -43.974  -34.174 0.6000000238
25263  23.529  -48.461  -28.401 0.4000000060
25278  23.792  -48.144  -29.139 0.4000000060
132087  23.715  -46.989  -29.616 0.4000000060
26286  23.035  -47.221  -30.671 0.4000000060
27207  22.511  -46.304  -30.659 0.4000000060
28155  21.704  -45.567  -30.891 0.4000000060
29114  20.966  -44.989  -31.206 0.5000000000
28167  21.072  -45.673  -31.425 0.4000000060
28168  20.243  -45.338  -31.854 0.3000000119
29116  19.324  -43.915  -32.251 0.3000000119
30104  19.360  -43.333  -33.682 0.4000000060
24283  22.526  -49.864  -28.204 0.4000000060
27206  23.361  -46.728  -30.075 0.4000000060
28154  22.438  -45.416  -30.338 0.4000000060
29101  21.653  -44.774  -30.600 0.3000000119
29115  20.084  -44.510  -31.666 0.3000000119
28169  19.236  -44.750  -32.665 0.3000000119
30090  19.097  -43.323  -33.308 0.4000000060
32108  19.540  -42.065  -33.113 0.4000000060
26264  23.815  -47.623  -28.443 0.3000000119
26275  23.927  -47.278  -29.142 0.3000000119
27193  23.121  -45.999  -30.069 0.3000000119
29100  22.385  -44.612  -30.089 0.3000000119
30069  21.696  -43.972  -30.336 0.3000000119
29102  20.840  -44.091  -30.960 0.4000000060
31117  20.518  -42.546  -30.770 0.4000000060
30071  20.264  -43.267  -31.117 0.3000000119
29103  19.993  -43.820  -31.504 0.3000000119
30082  19.061  -43.240  -32.700 0.3000000119
31142  19.159  -42.635  -32.848 0.4000000060
32096  19.412  -41.613  -32.624 0.4000000060
32095  19.930  -41.270  -33.013 0.4000000060
30070  21.088  -43.277  -30.557 0.4000000060
31118  19.719  -42.531  -31.449 0.3000000119
113436  19.236  -41.976  -32.456 0.4000000060
32084  19.311  -41.108  -32.112 0.4000000060
33930  19.388  -39.524  -32.007 0.4000000060
122289  19.539  -40.824  -32.449 0.4000000060
32071  20.005  -41.730  -31.057 0.4000000060
32072  19.512  -40.977  -31.515 0.5000000000
33000  19.366  -40.208  -31.674 0.4000000060
34785  19.224  -38.834  -31.603 0.4000000060
33022  20.093  -40.327  -32.712 0.3000000119
121688  19.186  -38.150  -32.044 0.3000000119
20540  19.539  -53.459  -35.475 0.8000000119
22440  20.978  -51.428  -35.662 0.6999999881
24351  20.427  -49.821  -36.003 0.6999999881
22409  22.742  -51.754  -32.556 0.4000000060
22432  22.087  -51.168  -34.120 0.6999999881
23394  21.692  -50.555  -34.572 0.6999999881
24342  20.036  -49.008  -35.739 0.6999999881
21456  22.968  -52.074  -30.926 0.5000000000
25316  22.023  -49.138  -32.938 0.4000000060
26336  18.861  -46.799  -34.891 0.6000000238
28214  19.091  -45.556  -34.821 0.6000000238
27208  21.607  -46.260  -31.297 0.3000000119
31130  19.191  -42.536  -32.256 0.3000000119
116605  19.298  -41.791  -31.859 0.3000000119
34798  19.551  -38.830  -32.181 0.3000000119
17609  22.159  -56.630  -35.630 0.6000000238
17627  22.632  -56.553  -36.069 0.6000000238
17643  23.991  -56.257  -37.910 0.6000000238
18598  23.803  -55.815  -38.701 0.6000000238
14767  22.021  -59.249  -35.566 0.5000000000
15713  22.111  -58.355  -35.196 0.6000000238
17594  21.154  -56.989  -34.748 0.6999999881
17610  21.475  -56.497  -35.392 0.6999999881
15712  22.490  -58.644  -35.823 0.6000000238
114331  21.966  -55.554  -36.704 0.6000000238
18570  22.671  -55.953  -36.589 0.6000000238
18585  22.506  -55.417  -37.413 0.6000000238
112060  23.302  -55.591  -38.025 0.6000000238
18612  22.544  -55.144  -39.802 0.6000000238
18617  22.521  -55.255  -40.809 0.6999999881
133879  20.929  -59.520  -34.475 0.6000000238
17595  20.067  -56.697  -34.519 0.6999999881
14756  21.441  -59.081  -34.715 0.5000000000
16655  21.504  -57.907  -34.621 0.6999999881
18560  20.677  -55.941  -35.890 0.6999999881
18571  20.885  -55.527  -36.631 0.6999999881
18586  21.281  -55.160  -37.362 0.5000000000
19579  22.065  -54.752  -39.103 0.6000000238
19586  21.941  -54.686  -40.352 0.6000000238
19591  21.610  -54.154  -40.786 0.6999999881
19595  22.640  -54.963  -42.077 0.6999999881
20592  22.324  -54.066  -41.626 0.6999999881
22474  28.899  -50.481  -41.175 0.4000000060
22483  25.971  -51.512  -41.532 0.5000000000
22476  24.999  -51.378  -40.946 0.6000000238
21565  24.327  -52.781  -41.672 0.6000000238
133365  23.069  -52.621  -41.172 0.6999999881
13759  18.800  -60.248  -33.596 0.5000000000
14746  20.095  -59.294  -33.679 0.5000000000
16640  19.835  -57.113  -33.851 0.6000000238
13771  19.640  -60.195  -34.030 0.5000000000
15683  20.284  -58.235  -33.728 0.5000000000
125193  20.770  -59.074  -34.122 0.6000000238
17612  19.201  -56.089  -35.152 0.6999999881
17611  20.394  -56.362  -35.219 0.6999999881
18572  19.483  -55.356  -36.478 0.6999999881
122969  22.579  -55.173  -38.287 0.6000000238
19587  21.226  -54.077  -39.783 0.6000000238
20586  21.256  -53.427  -40.342 0.6999999881
20585  21.784  -53.627  -41.042 0.6999999881
21559  22.768  -52.253  -40.760 0.6999999881
21558  23.856  -52.090  -41.024 0.6000000238
22477  23.269  -51.465  -40.297 0.6000000238
15664  18.392  -58.588  -32.181 0.5000000000
13747  17.954  -60.272  -33.101 0.4000000060
15663  18.985  -58.070  -32.654 0.5000000000
14734  18.221  -59.497  -32.464 0.5000000000
15684  19.574  -58.635  -33.182 0.5000000000
16627  18.804  -57.024  -32.731 0.6000000238
16641  19.446  -57.593  -33.249 0.6000000238
18547  18.586  -55.519  -34.786 0.6999999881
17583  19.008  -56.329  -34.346 0.6000000238
18573  18.915  -54.753  -36.310 0.6999999881
19558  19.988  -54.998  -37.280 0.6999999881
19567  20.555  -54.575  -37.970 0.6999999881
19566  21.744  -54.861  -38.125 0.6999999881
134094  20.611  -53.758  -39.132 0.6999999881
20580  20.663  -53.287  -39.623 0.6999999881
22479  21.356  -51.905  -39.882 0.8000000119
22478  22.281  -51.734  -40.165 0.6999999881
115251  25.144  -50.668  -40.589 0.5000000000
23436  24.292  -51.097  -40.402 0.6000000238
15665  17.691  -59.080  -31.837 0.4000000060
16628  18.408  -57.608  -32.073 0.6000000238
17585  18.660  -56.029  -33.137 0.6000000238
18536  18.540  -55.367  -33.880 0.6000000238
19539  18.543  -54.638  -34.462 0.6000000238
19550  18.633  -54.732  -35.431 0.6999999881
18561  18.841  -55.438  -35.751 0.6999999881
20549  19.241  -54.127  -36.852 0.6999999881
19559  19.300  -54.717  -36.978 0.6999999881
114647  19.706  -53.297  -37.416 0.8000000119
19568  19.686  -54.182  -37.644 0.8000000119
19581  20.203  -53.915  -38.477 0.6000000238
20581  20.275  -52.527  -39.320 0.6000000238
22469  21.011  -51.224  -39.458 0.8000000119
117120  21.815  -51.288  -39.715 0.6999999881
23435  25.854  -49.980  -40.633 0.5000000000
23426  24.782  -50.155  -40.026 0.6000000238
134235  23.184  -50.416  -39.485 0.6999999881
24383  25.918  -49.144  -40.187 0.6000000238
16613  17.939  -57.324  -31.365 0.5000000000
16614  17.319  -57.824  -30.976 0.4000000060
15644  15.733  -58.601  -31.094 0.4000000060
17571  18.486  -56.626  -31.964 0.5000000000
15642  17.841  -58.186  -31.600 0.5000000000
18522  18.687  -55.787  -32.394 0.6000000238
19523  18.935  -54.677  -33.352 0.6000000238
20516  19.232  -53.927  -34.036 0.6000000238
20532  18.857  -53.968  -35.033 0.6999999881
21540  19.766  -52.353  -38.011 0.6000000238
22462  19.884  -51.639  -38.541 0.6000000238
22470  20.250  -51.163  -38.979 0.6999999881
23428  20.827  -50.635  -39.082 0.6999999881
24374  22.102  -49.465  -38.538 0.6999999881
24384  24.783  -49.375  -39.611 0.6000000238
24373  23.186  -49.336  -38.769 0.6000000238
25368  23.646  -48.551  -38.510 0.6000000238
24372  24.218  -49.002  -39.094 0.6000000238
18494  19.181  -55.334  -31.016 0.5000000000
17559  17.522  -57.137  -30.759 0.5000000000
16602  16.846  -57.325  -30.431 0.5000000000
15629  15.738  -57.910  -30.615 0.5000000000
19492  19.504  -54.988  -31.601 0.5000000000
18508  18.597  -55.934  -31.440 0.5000000000
19522  19.846  -53.973  -33.047 0.6000000238
21531  20.074  -52.315  -37.096 0.6999999881
22456  19.954  -51.292  -37.764 0.6000000238
122794  20.047  -50.918  -38.369 0.6000000238
24376  20.395  -50.291  -38.469 0.6000000238
23422  21.364  -50.068  -38.845 0.6999999881
24375  20.968  -49.488  -38.260 0.6000000238
25379  25.293  -48.620  -39.520 0.5000000000
26373  24.031  -47.774  -38.263 0.4000000060
18495  18.531  -55.661  -30.574 0.5000000000
17533  17.793  -55.906  -30.086 0.5000000000
17534  16.996  -56.066  -29.726 0.5000000000
17547  15.704  -56.544  -29.968 0.5000000000
17548  14.942  -56.604  -30.435 0.5000000000
18497  14.673  -55.914  -30.641 0.5000000000
24360  19.999  -49.410  -37.216 0.6000000238
24367  20.242  -49.511  -37.780 0.6000000238
25357  20.780  -48.810  -37.643 0.4000000060
25356  22.036  -48.499  -37.710 0.5000000000
26362  22.513  -47.946  -37.317 0.4000000060
26361  23.492  -47.475  -37.584 0.4000000060
25355  23.093  -48.176  -37.918 0.5000000000
19482  19.107  -54.994  -30.320 0.6000000238
18481  18.320  -55.186  -29.888 0.5000000000
18482  17.445  -55.326  -29.619 0.5000000000
18484  15.835  -55.654  -29.678 0.5000000000
19483  15.416  -54.998  -29.866 0.5000000000
18509  14.413  -55.554  -31.375 0.5000000000
18523  14.323  -55.075  -32.407 0.4000000060
118170  14.288  -54.832  -33.487 0.5000000000
19525  14.350  -54.465  -34.523 0.4000000060
19540  14.513  -53.987  -35.654 0.4000000060
18574  13.953  -54.910  -36.703 0.4000000060
25346  21.339  -48.169  -37.231 0.4000000060
19470  18.806  -54.581  -29.786 0.5000000000
19472  16.949  -54.718  -29.409 0.4000000060
19473  16.098  -54.844  -29.500 0.4000000060
123059  15.154  -54.372  -30.142 0.5000000000
20489  15.064  -53.149  -30.952 0.4000000060
114469  14.411  -54.211  -32.131 0.5000000000
21475  14.841  -52.884  -31.850 0.4000000060
21485  14.789  -52.693  -32.676 0.5000000000
20517  14.417  -53.910  -33.606 0.5000000000
128201  14.704  -52.880  -33.686 0.3000000119
20533  14.625  -53.506  -34.709 0.3000000119
20550  14.833  -52.662  -37.352 0.3000000119
118841  18.898  -53.804  -29.532 0.5000000000
20455  17.889  -53.608  -29.387 0.5000000000
20456  17.002  -53.306  -29.416 0.4000000060
21439  20.406  -52.782  -29.452 0.4000000060
21440  19.431  -52.907  -29.407 0.4000000060
122271  17.751  -52.958  -29.395 0.4000000060
112902  17.654  -51.781  -29.696 0.4000000060
22381  20.782  -52.035  -29.139 0.4000000060
22382  19.824  -52.097  -29.136 0.4000000060
21441  18.090  -52.341  -29.428 0.4000000060
22375  20.227  -51.404  -28.730 0.4000000060
22383  18.334  -51.541  -29.390 0.4000000060
22384  17.725  -51.014  -29.879 0.4000000060
133306  17.295  -50.937  -30.379 0.4000000060
22376  19.198  -51.283  -28.994 0.4000000060
22373  22.103  -51.211  -28.934 0.3000000119
23346  18.389  -50.745  -29.342 0.4000000060
23347  17.948  -50.329  -29.787 0.4000000060
23353  17.452  -50.303  -30.376 0.4000000060
23339  21.589  -50.768  -28.414 0.4000000060
129061  17.058  -50.043  -30.988 0.4000000060
24300  17.253  -49.543  -30.587 0.4000000060
24269  21.763  -49.760  -27.708 0.3000000119
24285  20.360  -50.129  -27.973 0.4000000060
24286  19.562  -49.859  -28.228 0.4000000060
130102  18.914  -50.274  -28.811 0.4000000060
24293  18.410  -49.551  -29.125 0.4000000060
24299  17.831  -49.655  -29.868 0.4000000060
25265  18.554  -48.786  -28.677 0.3000000119
23416  20.084  -50.287  -37.853 0.6000000238
19506  18.995  -55.137  -32.455 0.5000000000
25358  20.040  -48.874  -37.296 0.6000000238
26353  21.940  -47.744  -36.740 0.4000000060
16699  23.919  -57.009  -37.337 0.6000000238
134813  21.876  -54.183  -41.263 0.6999999881
21560  21.773  -52.672  -40.527 0.6999999881
23438  26.997  -50.528  -41.429 0.5000000000
117159  26.671  -49.982  -41.096 0.5000000000
22475  25.914  -50.657  -41.086 0.4000000060
14748  18.683  -59.801  -33.005 0.5000000000
22467  23.677  -50.683  -39.835 0.6000000238
17596  18.615  -55.928  -33.994 0.6000000238
20572  20.163  -53.203  -38.942 0.6999999881
116753  20.533  -51.862  -39.467 0.8000000119
22468  22.657  -50.905  -39.713 0.6999999881
15643  17.127  -58.614  -31.293 0.4000000060
20560  19.850  -53.242  -38.210 0.6000000238
117842  20.039  -51.887  -39.066 0.6000000238
25378  26.617  -48.206  -39.988 0.5000000000
23427  22.589  -50.121  -39.122 0.6999999881
24385  23.774  -49.887  -39.392 0.6000000238
25369  22.647  -48.826  -38.249 0.6000000238
25367  24.657  -48.211  -38.867 0.6000000238
17545  17.317  -56.633  -30.246 0.5000000000
16604  15.388  -57.326  -30.451 0.4000000060
25370  21.699  -48.985  -38.097 0.6000000238
129242  14.135  -54.960  -35.522 0.3000000119
113088  22.980  -47.452  -36.862 0.4000000060
20476  14.786  -54.024  -30.715 0.5000000000
19551  14.357  -54.168  -36.723 0.4000000060
23340  20.705  -50.789  -28.336 0.4000000060
123206  19.801  -50.646  -28.461 0.4000000060
13837  26.101  -61.282  -38.341 0.3000000119
132010  26.759  -61.227  -38.814 0.3000000119
17672  30.618  -55.679  -44.395 0.4000000060
123120  31.433  -55.451  -42.683 0.4000000060
16734  32.099  -56.317  -43.187 0.4000000060
134241  32.095  -57.208  -42.437 0.4000000060
18626  28.847  -54.833  -43.183 0.4000000060
17673  28.377  -56.006  -43.223 0.4000000060
18627  27.480  -55.526  -42.831 0.4000000060
130064  27.191  -56.146  -42.474 0.5000000000
17669  26.871  -56.589  -41.850 0.5000000000
17674  26.107  -56.144  -42.346 0.5000000000
19593  30.332  -53.726  -42.577 0.4000000060
18624  30.984  -54.694  -44.207 0.5000000000
17677  29.814  -55.047  -44.105 0.5000000000
17663  26.676  -56.861  -41.072 0.5000000000
18619  30.852  -54.419  -42.734 0.5000000000
18618  31.241  -54.617  -43.636 0.5000000000
18613  30.245  -54.399  -41.531 0.5000000000
17667  30.544  -55.383  -41.506 0.4000000060
122737  30.793  -56.293  -41.405 0.4000000060
16735  31.586  -57.765  -41.558 0.4000000060
16724  30.675  -57.332  -40.750 0.4000000060
15774  30.460  -58.852  -40.109 0.3000000119
14834  30.160  -59.496  -40.020 0.4000000060
21568  28.857  -52.888  -42.229 0.4000000060
20595  28.066  -53.468  -42.447 0.4000000060
20596  27.030  -53.520  -42.418 0.4000000060
20588  29.554  -52.998  -42.127 0.4000000060
19597  29.542  -53.985  -43.028 0.4000000060
122437  28.387  -54.160  -42.708 0.4000000060
134663  27.660  -54.839  -42.772 0.4000000060
124817  26.533  -55.164  -42.755 0.5000000000
134598  26.512  -55.810  -42.601 0.5000000000
20587  29.966  -53.122  -42.071 0.4000000060
19596  30.263  -53.884  -43.284 0.4000000060
18625  30.191  -54.238  -43.824 0.4000000060
19599  25.367  -55.096  -42.776 0.5000000000
18628  25.634  -55.761  -42.629 0.5000000000
17670  25.149  -56.153  -42.370 0.5000000000
17665  24.826  -56.316  -41.819 0.6000000238
18615  23.999  -56.153  -41.529 0.6000000238
115488  25.063  -56.439  -40.506 0.6000000238
20591  23.163  -54.262  -42.164 0.6000000238
18622  23.256  -55.679  -42.155 0.6000000238
18610  24.206  -56.093  -40.283 0.5000000000
18611  23.412  -55.610  -39.823 0.5000000000
16725  30.260  -58.148  -39.888 0.4000000060
16715  29.614  -58.062  -39.116 0.4000000060
15758  29.906  -58.819  -39.472 0.4000000060
21570  26.735  -52.839  -42.258 0.4000000060
118118  26.148  -53.573  -42.423 0.5000000000
20597  25.192  -54.123  -42.544 0.5000000000
20590  24.736  -53.386  -42.158 0.5000000000
18629  24.708  -55.707  -42.637 0.5000000000
19594  23.425  -55.106  -42.527 0.6000000238
21566  23.273  -53.184  -41.596 0.6000000238
12866  26.115  -61.723  -39.259 0.3000000119
13802  26.124  -60.151  -36.745 0.3000000119
15722  27.304  -58.623  -36.716 0.3000000119
116031  29.243  -51.415  -41.065 0.4000000060
22480  28.994  -51.313  -41.343 0.4000000060
21562  28.338  -51.674  -41.901 0.4000000060
21569  27.951  -52.633  -42.230 0.4000000060
21563  26.401  -52.220  -41.972 0.4000000060
20589  25.731  -53.101  -42.217 0.5000000000
22484  24.890  -52.065  -41.355 0.5000000000
18616  23.241  -55.730  -41.166 0.6000000238
125527  27.356  -52.102  -42.095 0.4000000060
17664  26.009  -56.745  -40.614 0.5000000000
15732  27.956  -58.790  -37.469 0.3000000119
120571  26.219  -54.307  -42.624 0.5000000000
20598  24.048  -54.286  -42.480 0.6000000238
29128  18.877  -43.949  -33.192 0.3000000119
14707  16.878  -59.335  -31.693 0.4000000060
14733  18.941  -59.061  -32.731 0.5000000000
14747  19.336  -59.592  -33.320 0.5000000000
14768  21.486  -59.803  -35.365 0.5000000000
14833  30.976  -59.356  -40.869 0.3000000119
15700  21.002  -58.380  -34.238 0.6000000238
16603  16.079  -57.366  -30.261 0.5000000000
16615  16.456  -58.113  -30.756 0.4000000060
16656  20.721  -57.552  -34.223 0.6999999881
16671  22.588  -57.853  -35.698 0.6000000238
16672  22.014  -57.306  -35.210 0.6000000238
17535  16.303  -56.112  -29.688 0.5000000000
17546  16.504  -56.698  -29.964 0.5000000000
17558  18.068  -56.506  -30.867 0.5000000000
17584  18.985  -56.564  -33.513 0.6000000238
17651  24.352  -56.381  -38.503 0.6000000238
17666  31.512  -56.715  -41.911 0.4000000060
18483  16.591  -55.469  -29.534 0.5000000000
18496  15.174  -55.821  -30.091 0.5000000000
18507  18.950  -55.443  -31.764 0.5000000000
18559  21.912  -55.957  -35.996 0.6999999881
18599  23.005  -55.306  -38.917 0.6000000238
18620  24.399  -56.016  -42.396 0.5000000000
18621  23.988  -56.020  -42.231 0.6000000238
18623  22.621  -55.315  -41.674 0.6999999881
18630  23.932  -55.670  -42.514 0.6000000238
19471  17.945  -54.477  -29.520 0.4000000060
19479  20.932  -54.112  -31.167 0.6000000238
19481  19.884  -54.710  -30.779 0.6000000238
19484  14.767  -55.034  -30.523 0.5000000000
19493  14.485  -54.590  -31.410 0.5000000000
19507  14.359  -54.299  -32.825 0.5000000000
19524  18.670  -55.391  -33.103 0.6000000238
19580  21.041  -54.323  -38.778 0.6999999881
19590  22.078  -54.732  -41.359 0.6999999881
19592  30.711  -54.090  -43.599 0.5000000000
19598  27.258  -54.263  -42.608 0.4000000060
19600  24.352  -55.078  -42.718 0.5000000000
20458  15.702  -54.199  -29.693 0.5000000000
20473  21.395  -53.622  -30.672 0.6000000238
20490  14.612  -53.695  -31.558 0.5000000000
20499  14.521  -53.498  -32.584 0.4000000060
20514  21.335  -53.194  -33.326 0.6000000238
20542  14.853  -53.081  -36.003 0.3000000119
20583  29.663  -52.840  -41.430 0.4000000060
20593  29.930  -53.567  -42.588 0.4000000060
20594  29.097  -53.461  -42.495 0.4000000060
21437  22.157  -52.329  -29.840 0.5000000000
21442  17.304  -52.460  -29.585 0.4000000060
21458  21.795  -53.038  -30.203 0.5000000000
21472  22.900  -52.025  -31.757 0.5000000000
21482  22.486  -52.506  -32.333 0.4000000060
21483  22.025  -52.898  -32.878 0.5000000000
21546  19.895  -52.446  -38.717 0.6000000238
21553  20.929  -52.611  -39.882 0.8000000119
21556  29.552  -52.696  -41.789 0.4000000060
21561  29.050  -52.273  -41.847 0.4000000060
21564  25.339  -52.525  -41.797 0.5000000000
21567  22.433  -53.060  -41.190 0.6999999881
22374  21.195  -51.385  -28.754 0.3000000119
23324  21.187  -50.262  -27.943 0.3000000119
24282  23.166  -49.246  -28.318 0.4000000060
24284  21.899  -50.270  -28.121 0.4000000060
24298  23.578  -49.469  -30.569 0.4000000060
24306  23.328  -49.323  -31.353 0.4000000060
24317  22.681  -49.686  -32.544 0.3000000119
25294  22.863  -48.682  -31.696 0.3000000119
26285  23.657  -47.581  -29.902 0.4000000060
26316  19.111  -46.798  -34.015 0.4000000060
26345  22.486  -47.311  -36.122 0.4000000060
27192  23.806  -46.332  -29.361 0.3000000119
30072  19.486  -43.236  -31.822 0.3000000119
31157  19.300  -42.710  -33.214 0.4000000060
33011  19.359  -40.239  -31.997 0.4000000060
33023  19.597  -40.126  -32.319 0.4000000060
33917  19.321  -39.451  -31.617 0.4000000060
33929  19.970  -39.512  -32.486 0.3000000119
111956  21.702  -50.687  -39.339 0.6999999881
114036  18.913  -52.190  -29.296 0.4000000060
114421  19.280  -42.206  -32.836 0.4000000060
117314  23.591  -49.087  -29.055 0.4000000060
117758  25.898  -56.446  -41.796 0.5000000000
117921  18.498  -52.984  -29.386 0.4000000060
120229  16.469  -54.079  -29.428 0.4000000060
121843  23.888  -53.559  -42.063 0.5000000000
122051  23.520  -49.964  -31.083 0.4000000060
122575  14.659  -53.470  -36.720 0.3000000119
124310  17.238  -54.046  -29.363 0.5000000000
124313  22.513  -57.124  -35.723 0.6000000238
131352  18.309  -50.103  -29.411 0.4000000060
131937  19.529  -55.882  -35.769 0.6999999881
