#!ascii label  , from subject sub-v2s7x29676_ses-1 vox2ras=TkReg
1063
40711  -10.489  -27.212  38.041 0.0000000000
45071  -36.520  -22.799  26.952 0.0000000000
49464  -35.599  -17.205  24.374 0.0000000000
128067  -29.114  -21.470  30.886 0.0000000000
58527  -40.274  -7.634  15.500 0.0000000000
55996  -34.764  -10.667  19.148 0.0000000000
45009  -38.029  -22.498  32.164 0.0000000000
45054  -32.869  -22.627  29.064 0.0000000000
60215  -45.584  -4.472  18.037 0.0000000000
64586  -48.378  -0.533  15.811 0.0000000000
65445  -51.354  0.501  13.039 0.0000000000
54978  -36.332  -11.650  27.973 0.0000000000
53175  -33.173  -13.936  22.340 0.0000000000
56774  -37.998  -9.310  24.576 0.0000000000
127286  -41.342  -10.098  21.799 0.0000000000
46885  -21.870  -20.484  30.634 0.0000000000
38038  -8.610  -29.610  41.031 0.0000000000
115999  -38.112  -19.535  26.196 0.0000000000
128430  -36.660  -15.365  30.830 0.0000000000
46941  -24.461  -20.249  27.693 0.0000000000
46968  -29.250  -19.640  25.423 0.0000000000
63844  -50.049  -1.901  8.411 0.0000000000
114925  -51.480  2.743  11.146 0.0000000000
56028  -38.606  -10.334  16.721 0.0000000000
57676  -44.347  -8.272  19.975 0.0000000000
40758  -12.467  -26.910  34.617 0.0000000000
35618  -6.466  -33.627  36.434 0.0000000000
62056  -46.734  -2.779  17.456 0.0000000000
55909  -37.248  -10.063  26.538 0.0000000000
45040  -19.218  -22.112  29.666 0.0000000000
39885  -9.764  -28.368  40.100 0.0000000000
120741  -37.117  -21.146  23.451 0.0000000000
45994  -38.059  -21.006  26.674 0.0000000000
122447  -26.556  -20.083  28.456 0.0000000000
47813  -26.584  -19.357  26.181 0.0000000000
47794  -28.795  -19.861  28.149 0.0000000000
45057  -35.237  -23.303  27.908 0.0000000000
45992  -32.764  -21.888  25.971 0.0000000000
45099  -34.474  -22.217  25.360 0.0000000000
108151  -28.061  -22.069  32.805 0.0000000000
109444  -25.408  -20.983  30.735 0.0000000000
63815  -43.985  -1.911  11.745 0.0000000000
63838  -48.887  -1.843  9.477 0.0000000000
65464  -52.091  1.394  12.214 0.0000000000
55059  -33.910  -11.835  21.097 0.0000000000
55999  -37.306  -10.257  18.326 0.0000000000
56828  -43.557  -9.845  21.038 0.0000000000
111209  -16.454  -22.443  32.894 0.0000000000
44091  -15.113  -23.172  34.538 0.0000000000
43213  -13.983  -23.926  36.053 0.0000000000
41582  -14.033  -25.949  33.056 0.0000000000
35620  -8.200  -33.678  36.700 0.0000000000
44160  -37.351  -22.939  29.140 0.0000000000
45954  -37.925  -21.045  29.921 0.0000000000
45933  -38.461  -20.955  32.020 0.0000000000
44995  -31.553  -22.719  33.002 0.0000000000
45952  -31.157  -21.670  29.724 0.0000000000
44128  -33.554  -23.121  32.028 0.0000000000
120777  -35.538  -23.423  31.176 0.0000000000
59314  -43.127  -5.696  17.664 0.0000000000
61139  -43.953  -3.996  16.538 0.0000000000
62955  -45.178  -2.322  15.297 0.0000000000
64604  -46.749  -0.703  13.401 0.0000000000
64614  -48.673  -0.656  12.506 0.0000000000
65433  -49.733  0.388  14.363 0.0000000000
52142  -35.045  -14.823  26.666 0.0000000000
51226  -33.859  -15.733  23.649 0.0000000000
54069  -34.936  -12.902  25.083 0.0000000000
55034  -35.347  -11.490  23.390 0.0000000000
56821  -36.930  -9.792  21.992 0.0000000000
56838  -38.257  -9.632  20.431 0.0000000000
56791  -39.624  -9.164  23.293 0.0000000000
46852  -20.301  -20.031  32.298 0.0000000000
45016  -18.046  -22.044  31.279 0.0000000000
110932  -48.152  3.094  8.962 0.0000000000
122649  -7.259  -29.622  41.683 0.0000000000
46998  -37.825  -20.150  24.030 0.0000000000
49459  -37.252  -17.883  25.627 0.0000000000
47795  -37.793  -19.612  29.441 0.0000000000
49438  -37.552  -18.065  28.904 0.0000000000
130231  -36.262  -16.572  28.205 0.0000000000
53079  -36.179  -13.647  30.006 0.0000000000
46945  -31.172  -20.979  27.323 0.0000000000
46856  -23.706  -20.800  32.576 0.0000000000
46904  -22.778  -20.641  29.210 0.0000000000
64627  -50.607  -0.188  11.305 0.0000000000
65470  -50.706  0.313  10.368 0.0000000000
66408  -50.013  1.606  9.444 0.0000000000
120974  -51.233  4.689  11.157 0.0000000000
118270  -10.787  -29.131  35.433 0.0000000000
38121  -9.913  -30.565  36.558 0.0000000000
110783  -39.779  -9.619  16.354 0.0000000000
125773  -40.144  -9.966  19.273 0.0000000000
56862  -41.588  -9.818  18.527 0.0000000000
58500  -42.624  -7.305  17.850 0.0000000000
59295  -44.967  -5.777  18.875 0.0000000000
128169  -11.387  -26.981  36.140 0.0000000000
36349  -9.033  -31.333  38.336 0.0000000000
37139  -7.367  -31.806  39.002 0.0000000000
37127  -6.522  -30.738  39.310 0.0000000000
39050  -9.888  -28.298  38.319 0.0000000000
108431  -36.672  -22.143  25.579 0.0000000000
45993  -37.396  -21.610  25.572 0.0000000000
45086  -37.890  -21.641  27.007 0.0000000000
129059  -28.112  -20.792  29.750 0.0000000000
47793  -27.930  -19.802  28.107 0.0000000000
108736  -28.867  -20.758  29.607 0.0000000000
45070  -35.540  -23.090  27.100 0.0000000000
45082  -34.413  -22.559  26.323 0.0000000000
45084  -35.763  -22.717  26.401 0.0000000000
45100  -35.298  -22.135  25.020 0.0000000000
45914  -29.547  -22.142  32.324 0.0000000000
45899  -28.990  -22.280  33.086 0.0000000000
45929  -28.522  -21.598  31.363 0.0000000000
123938  -26.995  -21.177  30.692 0.0000000000
63837  -48.090  -1.875  9.862 0.0000000000
49475  -36.440  -17.987  23.447 0.0000000000
49474  -35.748  -17.629  23.505 0.0000000000
55983  -34.178  -11.141  19.592 0.0000000000
55094  -33.721  -11.944  18.267 0.0000000000
125590  -35.612  -10.396  18.788 0.0000000000
43248  -15.858  -23.751  32.187 0.0000000000
44106  -15.827  -22.925  33.290 0.0000000000
43237  -14.874  -24.647  32.929 0.0000000000
43227  -14.559  -24.580  33.841 0.0000000000
42423  -14.476  -25.500  32.591 0.0000000000
114373  -37.726  -22.685  31.087 0.0000000000
109398  -38.029  -21.982  30.788 0.0000000000
45010  -38.363  -21.944  32.131 0.0000000000
44997  -33.018  -23.163  34.031 0.0000000000
45008  -32.976  -23.002  32.586 0.0000000000
121631  -34.326  -23.246  34.168 0.0000000000
123970  -37.440  -23.092  33.348 0.0000000000
44129  -35.781  -23.354  31.840 0.0000000000
44130  -37.364  -23.040  31.338 0.0000000000
44149  -36.236  -23.386  29.918 0.0000000000
60198  -44.252  -4.919  17.679 0.0000000000
60230  -43.828  -4.588  17.075 0.0000000000
61126  -45.370  -4.092  17.539 0.0000000000
62947  -47.653  -1.907  17.138 0.0000000000
125980  -46.180  -2.170  16.459 0.0000000000
63779  -46.664  -1.546  15.995 0.0000000000
63800  -46.109  -0.955  14.034 0.0000000000
64595  -47.440  -0.464  14.698 0.0000000000
64596  -48.169  -0.118  14.240 0.0000000000
64587  -49.192  -0.241  15.949 0.0000000000
53107  -35.745  -13.057  28.128 0.0000000000
113249  -34.963  -13.949  26.313 0.0000000000
126241  -35.845  -12.191  26.936 0.0000000000
56760  -37.622  -9.623  25.218 0.0000000000
55922  -36.498  -10.848  25.322 0.0000000000
55942  -36.761  -10.187  23.707 0.0000000000
55941  -35.865  -10.826  22.935 0.0000000000
56789  -37.360  -9.653  23.483 0.0000000000
56806  -38.331  -9.289  22.586 0.0000000000
57643  -39.162  -8.976  23.974 0.0000000000
46854  -22.021  -20.164  32.604 0.0000000000
47760  -21.561  -19.970  33.067 0.0000000000
46868  -20.612  -20.252  31.451 0.0000000000
45029  -18.841  -22.045  30.254 0.0000000000
69942  -48.551  4.902  9.456 0.0000000000
69949  -48.330  5.343  8.611 0.0000000000
38037  -8.110  -29.729  41.299 0.0000000000
46971  -38.024  -20.484  25.568 0.0000000000
46986  -37.678  -20.672  24.066 0.0000000000
124139  -38.013  -19.854  24.683 0.0000000000
48627  -37.584  -18.779  24.375 0.0000000000
48619  -38.070  -19.106  25.751 0.0000000000
46894  -37.909  -20.237  31.002 0.0000000000
121677  -37.768  -20.109  29.200 0.0000000000
47780  -37.804  -19.632  30.534 0.0000000000
125559  -37.351  -16.489  31.650 0.0000000000
49427  -37.240  -17.710  29.978 0.0000000000
50288  -36.800  -16.898  29.864 0.0000000000
49443  -36.762  -17.175  27.913 0.0000000000
51191  -36.352  -16.082  29.740 0.0000000000
51190  -35.690  -15.024  28.650 0.0000000000
52114  -36.386  -14.302  30.475 0.0000000000
47827  -27.738  -19.402  25.161 0.0000000000
45953  -32.226  -22.301  29.476 0.0000000000
46932  -31.023  -21.335  28.947 0.0000000000
45965  -32.245  -22.179  28.630 0.0000000000
46006  -32.260  -21.536  25.311 0.0000000000
46844  -25.042  -21.207  33.158 0.0000000000
46925  -24.501  -20.440  28.558 0.0000000000
108259  -24.003  -20.668  29.891 0.0000000000
109189  -23.756  -20.493  28.176 0.0000000000
45976  -22.288  -21.096  27.551 0.0000000000
64608  -50.235  -0.203  12.716 0.0000000000
64626  -49.967  -0.625  11.467 0.0000000000
64616  -50.522  -0.272  11.989 0.0000000000
66404  -51.853  1.679  11.600 0.0000000000
65471  -51.173  0.720  11.043 0.0000000000
66403  -51.341  1.296  11.034 0.0000000000
66409  -50.543  1.201  9.843 0.0000000000
67332  -51.007  2.484  10.746 0.0000000000
68246  -50.097  2.939  10.232 0.0000000000
129361  -51.456  3.887  11.186 0.0000000000
51225  -33.400  -15.169  23.158 0.0000000000
50324  -33.620  -16.210  22.910 0.0000000000
56046  -38.592  -10.166  15.313 0.0000000000
56881  -39.756  -9.888  16.898 0.0000000000
56825  -40.209  -9.907  21.087 0.0000000000
113451  -39.054  -9.777  20.232 0.0000000000
56840  -40.741  -10.135  20.401 0.0000000000
56844  -44.025  -9.256  20.388 0.0000000000
56854  -42.569  -9.937  19.545 0.0000000000
56855  -43.087  -9.417  19.199 0.0000000000
118451  -42.119  -9.135  18.139 0.0000000000
58491  -43.573  -7.421  18.582 0.0000000000
58502  -43.814  -6.385  18.441 0.0000000000
58492  -44.130  -6.853  18.921 0.0000000000
42400  -13.073  -25.412  35.561 0.0000000000
42393  -12.746  -25.234  36.419 0.0000000000
41535  -12.048  -25.733  36.889 0.0000000000
41557  -12.196  -26.494  35.494 0.0000000000
130406  -11.548  -28.360  34.775 0.0000000000
39989  -11.841  -28.410  34.160 0.0000000000
36365  -9.845  -32.193  36.020 0.0000000000
37151  -9.640  -30.983  37.086 0.0000000000
36364  -9.419  -32.814  36.399 0.0000000000
35619  -7.309  -33.886  36.528 0.0000000000
35612  -7.783  -33.203  37.248 0.0000000000
36346  -7.139  -32.145  38.369 0.0000000000
37138  -6.946  -31.618  38.919 0.0000000000
36345  -6.685  -31.828  38.053 0.0000000000
108378  -35.797  -23.281  34.984 0.0000000000
61111  -47.094  -3.777  18.336 0.0000000000
61128  -46.762  -3.636  17.957 0.0000000000
124174  -47.969  -2.863  18.342 0.0000000000
124996  -36.622  -11.070  27.504 0.0000000000
45963  -21.035  -21.203  28.893 0.0000000000
45941  -20.284  -21.031  30.025 0.0000000000
39865  -9.831  -27.793  41.372 0.0000000000
38048  -9.193  -29.583  40.000 0.0000000000
45117  -36.554  -21.664  23.912 0.0000000000
46008  -37.993  -21.028  25.669 0.0000000000
46972  -38.030  -20.233  26.216 0.0000000000
130498  -37.165  -14.239  31.581 0.0000000000
46926  -25.210  -20.168  28.114 0.0000000000
46954  -25.120  -19.818  26.203 0.0000000000
47792  -27.064  -19.758  27.896 0.0000000000
47803  -27.700  -19.479  27.247 0.0000000000
47816  -29.179  -19.547  26.329 0.0000000000
45055  -33.569  -22.991  28.630 0.0000000000
45979  -33.023  -22.379  27.321 0.0000000000
45081  -33.715  -22.591  26.843 0.0000000000
45098  -33.602  -22.200  25.848 0.0000000000
110858  -34.640  -22.009  24.244 0.0000000000
45897  -27.298  -21.975  33.443 0.0000000000
45910  -26.160  -21.464  32.544 0.0000000000
45927  -26.689  -21.360  31.380 0.0000000000
46889  -25.967  -20.855  29.991 0.0000000000
62972  -43.405  -2.290  12.714 0.0000000000
63839  -49.531  -1.814  8.964 0.0000000000
111562  -52.555  1.688  13.711 0.0000000000
65452  -51.537  0.575  12.389 0.0000000000
54114  -33.469  -12.663  21.404 0.0000000000
56026  -36.488  -11.056  16.752 0.0000000000
110607  -37.959  -10.490  17.093 0.0000000000
115378  -43.100  -9.969  23.072 0.0000000000
56827  -42.728  -10.154  21.531 0.0000000000
56812  -44.132  -9.530  21.834 0.0000000000
45893  -17.595  -21.064  33.509 0.0000000000
45881  -16.486  -21.640  34.219 0.0000000000
44958  -15.120  -22.178  36.349 0.0000000000
44075  -14.411  -23.491  35.694 0.0000000000
42409  -14.015  -25.151  34.285 0.0000000000
126565  -13.112  -26.585  33.914 0.0000000000
40008  -12.559  -28.003  33.050 0.0000000000
40817  -13.104  -27.498  32.600 0.0000000000
107818  -36.931  -22.917  27.705 0.0000000000
45073  -37.973  -21.790  27.859 0.0000000000
45060  -37.890  -22.296  29.212 0.0000000000
45947  -38.074  -21.055  30.809 0.0000000000
107998  -30.103  -22.005  31.676 0.0000000000
46893  -30.035  -21.296  30.063 0.0000000000
45017  -31.489  -22.314  31.507 0.0000000000
45932  -32.011  -22.335  30.950 0.0000000000
45031  -33.456  -23.005  30.427 0.0000000000
44109  -35.516  -23.295  33.369 0.0000000000
110285  -34.837  -23.384  31.620 0.0000000000
45032  -34.192  -23.309  30.031 0.0000000000
45044  -35.031  -23.440  28.768 0.0000000000
44158  -35.883  -23.397  28.520 0.0000000000
109995  -31.466  -22.873  33.797 0.0000000000
58529  -41.712  -6.767  16.688 0.0000000000
59334  -40.294  -6.276  14.707 0.0000000000
60227  -41.734  -5.395  15.620 0.0000000000
61137  -42.744  -4.566  15.919 0.0000000000
62063  -42.671  -3.551  14.472 0.0000000000
62054  -45.356  -3.145  16.790 0.0000000000
62065  -44.453  -2.948  15.390 0.0000000000
62953  -43.928  -2.726  14.336 0.0000000000
63798  -44.557  -1.718  13.237 0.0000000000
63809  -45.768  -1.153  12.620 0.0000000000
64623  -47.071  -1.096  11.902 0.0000000000
63818  -47.590  -1.345  11.151 0.0000000000
64613  -47.546  -0.703  12.762 0.0000000000
64607  -49.358  -0.320  13.048 0.0000000000
65444  -50.575  0.434  13.736 0.0000000000
65418  -50.924  0.373  16.242 0.0000000000
66375  -51.498  1.090  14.574 0.0000000000
51211  -35.035  -15.922  25.710 0.0000000000
50317  -34.854  -16.578  24.426 0.0000000000
51210  -34.537  -15.282  25.263 0.0000000000
52162  -34.389  -14.380  25.005 0.0000000000
53164  -33.986  -13.615  23.731 0.0000000000
55014  -36.026  -11.530  25.477 0.0000000000
54084  -35.254  -12.193  24.688 0.0000000000
54097  -34.626  -12.281  23.425 0.0000000000
55060  -34.395  -11.730  21.912 0.0000000000
55960  -35.363  -10.566  21.304 0.0000000000
55971  -35.982  -10.049  20.880 0.0000000000
56851  -36.697  -9.943  19.705 0.0000000000
56837  -37.416  -9.600  21.040 0.0000000000
56823  -38.750  -9.399  21.827 0.0000000000
56808  -40.125  -9.488  22.585 0.0000000000
56777  -41.715  -9.448  24.329 0.0000000000
56794  -42.323  -9.791  23.737 0.0000000000
46840  -19.229  -20.058  33.257 0.0000000000
46883  -20.008  -20.720  30.844 0.0000000000
46866  -18.973  -20.708  32.003 0.0000000000
45909  -18.305  -21.063  32.388 0.0000000000
45015  -17.358  -22.368  31.679 0.0000000000
48626  -37.026  -18.274  23.842 0.0000000000
49458  -36.347  -17.405  25.168 0.0000000000
45981  -38.067  -20.815  27.975 0.0000000000
46946  -38.036  -20.387  27.486 0.0000000000
47806  -38.136  -19.808  27.764 0.0000000000
48597  -37.854  -18.712  28.594 0.0000000000
48604  -38.142  -18.975  27.586 0.0000000000
115106  -37.412  -17.716  27.459 0.0000000000
49449  -36.762  -17.256  27.007 0.0000000000
50304  -35.535  -16.421  26.164 0.0000000000
51197  -35.386  -15.468  27.156 0.0000000000
120519  -35.616  -14.007  28.435 0.0000000000
54023  -36.290  -12.605  29.634 0.0000000000
53069  -36.819  -12.938  30.898 0.0000000000
127873  -36.840  -11.888  30.406 0.0000000000
126419  -30.373  -20.897  28.843 0.0000000000
46944  -30.405  -20.496  27.592 0.0000000000
46956  -30.382  -20.248  26.074 0.0000000000
45990  -31.715  -21.314  26.627 0.0000000000
46970  -30.881  -20.563  25.157 0.0000000000
46843  -23.481  -20.711  33.421 0.0000000000
46870  -23.191  -20.625  31.878 0.0000000000
46872  -24.470  -20.905  31.262 0.0000000000
46887  -23.789  -20.734  30.614 0.0000000000
108508  -22.344  -20.586  29.981 0.0000000000
46922  -21.681  -21.188  28.286 0.0000000000
63819  -48.512  -1.219  11.103 0.0000000000
63820  -49.389  -1.010  10.874 0.0000000000
124237  -50.077  -0.634  9.922 0.0000000000
65462  -51.133  0.171  11.884 0.0000000000
64636  -50.498  -0.131  10.490 0.0000000000
64641  -50.233  -0.357  9.448 0.0000000000
65475  -50.457  0.317  9.456 0.0000000000
65482  -50.292  0.135  8.630 0.0000000000
65481  -49.899  0.483  8.280 0.0000000000
67346  -49.259  2.027  9.023 0.0000000000
68245  -49.414  3.363  9.962 0.0000000000
39945  -10.414  -28.307  36.625 0.0000000000
38095  -9.941  -29.151  37.038 0.0000000000
38148  -10.210  -30.703  35.864 0.0000000000
49483  -34.269  -17.025  22.863 0.0000000000
57716  -40.034  -8.528  15.635 0.0000000000
55985  -37.500  -10.005  19.169 0.0000000000
56000  -38.403  -10.080  18.501 0.0000000000
56001  -39.383  -9.991  18.312 0.0000000000
56841  -41.591  -10.235  20.434 0.0000000000
55989  -41.406  -10.070  19.110 0.0000000000
56015  -40.041  -9.934  17.523 0.0000000000
56883  -41.000  -9.406  17.294 0.0000000000
57700  -41.231  -8.657  16.985 0.0000000000
57701  -41.491  -7.709  16.848 0.0000000000
109340  -42.817  -6.454  17.823 0.0000000000
59302  -44.208  -5.545  18.193 0.0000000000
116579  -45.371  -4.928  18.396 0.0000000000
40699  -11.232  -26.103  38.620 0.0000000000
41534  -11.631  -25.967  37.704 0.0000000000
39921  -10.560  -27.468  37.235 0.0000000000
39970  -10.804  -28.434  35.780 0.0000000000
39101  -11.053  -29.496  34.840 0.0000000000
39069  -9.618  -29.616  37.846 0.0000000000
38059  -9.323  -29.758  39.216 0.0000000000
38058  -8.988  -30.291  39.575 0.0000000000
126907  -8.459  -33.142  37.167 0.0000000000
37140  -8.429  -31.696  38.869 0.0000000000
37122  -7.946  -30.982  40.031 0.0000000000
37121  -7.283  -30.918  40.100 0.0000000000
38044  -6.669  -30.183  40.446 0.0000000000
35617  -5.963  -33.225  36.228 0.0000000000
37149  -6.432  -31.624  37.330 0.0000000000
40698  -10.653  -26.856  38.615 0.0000000000
39900  -10.212  -27.602  38.732 0.0000000000
126020  -36.421  -22.509  26.188 0.0000000000
45085  -37.227  -22.150  26.397 0.0000000000
46892  -28.455  -21.177  30.458 0.0000000000
45942  -29.361  -21.188  30.210 0.0000000000
108283  -35.901  -22.372  25.663 0.0000000000
45930  -29.319  -21.788  31.551 0.0000000000
45913  -28.721  -21.952  32.183 0.0000000000
62989  -47.196  -1.798  10.286 0.0000000000
55969  -34.761  -10.659  19.987 0.0000000000
55095  -34.168  -11.197  18.687 0.0000000000
56009  -34.871  -10.813  18.301 0.0000000000
55997  -35.569  -10.680  18.031 0.0000000000
43247  -15.442  -24.354  32.176 0.0000000000
44117  -15.453  -23.733  32.897 0.0000000000
42424  -15.032  -25.112  32.074 0.0000000000
44131  -37.793  -22.672  31.608 0.0000000000
45021  -37.910  -22.321  31.399 0.0000000000
44093  -33.715  -23.231  34.512 0.0000000000
44107  -33.781  -23.183  33.722 0.0000000000
44094  -34.435  -23.299  34.827 0.0000000000
122695  -38.017  -22.827  32.945 0.0000000000
44122  -37.370  -23.099  32.749 0.0000000000
122779  -37.703  -22.938  32.136 0.0000000000
111610  -33.808  -23.311  35.318 0.0000000000
60199  -44.871  -4.962  18.096 0.0000000000
60214  -44.953  -4.557  17.719 0.0000000000
63780  -48.013  -1.287  16.533 0.0000000000
111230  -47.313  -1.577  16.516 0.0000000000
64585  -47.482  -0.909  15.749 0.0000000000
63788  -46.888  -0.925  15.188 0.0000000000
110463  -48.032  -0.284  15.065 0.0000000000
54036  -35.951  -12.240  27.664 0.0000000000
54035  -35.637  -12.836  27.265 0.0000000000
55932  -37.309  -9.826  24.369 0.0000000000
123943  -37.795  -9.398  23.933 0.0000000000
124779  -38.397  -9.130  23.950 0.0000000000
57631  -38.733  -9.000  24.662 0.0000000000
120988  -21.508  -20.292  31.292 0.0000000000
46853  -21.288  -20.042  32.202 0.0000000000
70795  -49.605  5.909  10.181 0.0000000000
69102  -47.916  4.512  8.736 0.0000000000
69943  -48.952  5.829  9.369 0.0000000000
39014  -8.841  -29.090  41.565 0.0000000000
38030  -8.528  -29.288  41.701 0.0000000000
38029  -8.182  -29.187  42.142 0.0000000000
47829  -38.106  -19.878  25.562 0.0000000000
46987  -38.014  -20.332  24.817 0.0000000000
47772  -37.951  -19.709  31.510 0.0000000000
51175  -36.964  -15.669  31.290 0.0000000000
50278  -37.018  -16.763  30.758 0.0000000000
51185  -36.649  -16.028  30.505 0.0000000000
51184  -36.351  -15.162  30.365 0.0000000000
52100  -36.778  -14.584  31.079 0.0000000000
46952  -23.653  -20.554  26.347 0.0000000000
114661  -24.393  -20.146  26.761 0.0000000000
45041  -32.812  -22.656  29.943 0.0000000000
46940  -23.700  -20.450  27.290 0.0000000000
127153  -50.654  0.110  13.076 0.0000000000
65451  -50.990  0.112  12.463 0.0000000000
67334  -51.955  2.520  11.489 0.0000000000
67333  -51.420  2.058  11.086 0.0000000000
66410  -50.945  1.673  10.531 0.0000000000
68237  -51.218  3.230  11.012 0.0000000000
127023  -33.333  -14.379  22.911 0.0000000000
50331  -33.046  -15.616  22.370 0.0000000000
52194  -33.031  -14.776  22.407 0.0000000000
56045  -38.309  -10.540  15.792 0.0000000000
56029  -39.109  -10.052  16.243 0.0000000000
108601  -39.341  -10.069  17.138 0.0000000000
115900  -40.592  -9.865  21.853 0.0000000000
116817  -41.070  -10.168  21.138 0.0000000000
57675  -43.768  -8.971  19.544 0.0000000000
57683  -43.401  -8.530  18.824 0.0000000000
57684  -43.982  -7.904  19.177 0.0000000000
58483  -44.426  -7.283  19.540 0.0000000000
41558  -12.771  -26.104  35.145 0.0000000000
41544  -12.377  -25.878  35.939 0.0000000000
40777  -11.879  -27.778  34.766 0.0000000000
35611  -7.032  -33.144  37.135 0.0000000000
36355  -6.815  -32.536  37.549 0.0000000000
35610  -6.490  -32.964  36.817 0.0000000000
56733  -37.720  -9.674  28.065 0.0000000000
45962  -20.375  -21.708  28.847 0.0000000000
39873  -10.003  -27.742  40.649 0.0000000000
39024  -9.380  -28.921  40.478 0.0000000000
127135  -37.815  -21.468  26.261 0.0000000000
46958  -38.000  -20.648  26.191 0.0000000000
45995  -38.002  -20.519  26.789 0.0000000000
46927  -25.845  -20.250  28.630 0.0000000000
47791  -26.083  -19.828  27.732 0.0000000000
47804  -28.408  -19.592  27.513 0.0000000000
47815  -28.422  -19.393  26.708 0.0000000000
47805  -29.097  -19.646  27.287 0.0000000000
45056  -34.349  -23.251  28.210 0.0000000000
45068  -33.664  -22.870  27.721 0.0000000000
45069  -34.539  -23.034  27.218 0.0000000000
45116  -33.785  -22.002  24.638 0.0000000000
110087  -35.534  -21.905  23.964 0.0000000000
45888  -29.105  -22.532  34.043 0.0000000000
45898  -28.231  -22.255  33.727 0.0000000000
45912  -27.303  -21.782  32.520 0.0000000000
45911  -26.679  -21.548  32.181 0.0000000000
122973  -27.237  -21.585  31.833 0.0000000000
46890  -26.790  -20.930  30.041 0.0000000000
46908  -26.493  -20.524  29.234 0.0000000000
116939  -43.460  -2.235  12.013 0.0000000000
53191  -33.122  -13.083  20.935 0.0000000000
54124  -33.391  -12.441  20.589 0.0000000000
56011  -36.006  -10.820  17.433 0.0000000000
56012  -37.051  -10.606  17.449 0.0000000000
56027  -37.325  -10.860  16.606 0.0000000000
109079  -37.913  -10.304  17.782 0.0000000000
109173  -44.008  -9.698  22.734 0.0000000000
56811  -43.413  -9.941  22.076 0.0000000000
57658  -44.994  -8.216  21.273 0.0000000000
44992  -16.939  -21.674  33.395 0.0000000000
45882  -17.219  -21.042  34.246 0.0000000000
44991  -16.191  -22.229  33.691 0.0000000000
44979  -15.604  -22.676  34.075 0.0000000000
44980  -15.966  -22.117  34.364 0.0000000000
44970  -15.484  -22.380  34.936 0.0000000000
44957  -14.724  -22.831  36.035 0.0000000000
44076  -14.924  -23.002  35.309 0.0000000000
42417  -14.262  -25.287  33.423 0.0000000000
42408  -13.382  -25.633  34.744 0.0000000000
42416  -13.656  -25.942  33.859 0.0000000000
41581  -13.465  -26.621  33.018 0.0000000000
45059  -37.579  -22.529  28.317 0.0000000000
45022  -38.313  -21.404  31.756 0.0000000000
45033  -38.113  -21.452  31.096 0.0000000000
116860  -38.229  -21.068  31.428 0.0000000000
45006  -31.163  -22.467  32.376 0.0000000000
45916  -30.767  -22.214  31.815 0.0000000000
119703  -32.839  -22.825  31.759 0.0000000000
45018  -32.235  -22.541  31.482 0.0000000000
45030  -32.716  -22.640  30.883 0.0000000000
45019  -33.451  -23.030  31.274 0.0000000000
108377  -36.142  -23.290  34.112 0.0000000000
127397  -35.317  -23.357  32.159 0.0000000000
44139  -34.983  -23.459  30.574 0.0000000000
45020  -34.145  -23.283  30.926 0.0000000000
44148  -34.923  -23.469  29.632 0.0000000000
130415  -35.517  -23.457  30.001 0.0000000000
44150  -37.135  -23.197  29.876 0.0000000000
125563  -36.502  -23.320  29.166 0.0000000000
44159  -36.761  -23.150  28.392 0.0000000000
44985  -32.192  -23.059  34.344 0.0000000000
44994  -30.698  -22.627  33.229 0.0000000000
58513  -42.410  -6.158  17.253 0.0000000000
127243  -41.943  -5.918  16.321 0.0000000000
127262  -42.768  -5.437  17.022 0.0000000000
61138  -43.392  -4.376  16.469 0.0000000000
61149  -43.230  -3.910  15.634 0.0000000000
61150  -43.994  -3.502  15.857 0.0000000000
62046  -47.082  -3.084  17.803 0.0000000000
61141  -45.725  -3.500  17.357 0.0000000000
62945  -45.898  -1.887  15.670 0.0000000000
62944  -45.584  -2.514  16.304 0.0000000000
62954  -44.578  -2.432  14.577 0.0000000000
62963  -44.243  -2.206  13.765 0.0000000000
63786  -44.945  -1.918  14.177 0.0000000000
125217  -46.107  -0.962  13.207 0.0000000000
63799  -45.418  -1.310  13.486 0.0000000000
63810  -46.081  -1.236  11.842 0.0000000000
64612  -46.554  -0.970  12.613 0.0000000000
65424  -48.820  0.170  14.932 0.0000000000
65442  -49.023  0.086  13.891 0.0000000000
65443  -49.949  0.039  13.477 0.0000000000
113248  -34.881  -15.258  25.996 0.0000000000
53142  -35.105  -13.118  25.966 0.0000000000
53141  -34.709  -13.722  25.466 0.0000000000
53155  -34.402  -13.487  24.541 0.0000000000
55002  -36.719  -10.768  26.784 0.0000000000
111074  -36.342  -11.151  26.133 0.0000000000
55023  -36.116  -11.208  24.711 0.0000000000
112547  -35.616  -11.602  24.253 0.0000000000
128832  -35.096  -12.021  24.013 0.0000000000
54107  -34.185  -12.301  22.573 0.0000000000
55044  -34.828  -11.696  22.652 0.0000000000
55951  -36.284  -10.273  22.481 0.0000000000
55950  -35.672  -10.684  22.168 0.0000000000
55961  -36.123  -10.167  21.678 0.0000000000
124358  -36.599  -9.857  21.232 0.0000000000
56790  -38.769  -9.117  23.272 0.0000000000
56807  -39.199  -9.266  22.552 0.0000000000
56792  -40.533  -9.370  23.365 0.0000000000
56778  -42.573  -9.583  24.512 0.0000000000
56793  -41.439  -9.626  23.529 0.0000000000
113262  -43.081  -9.776  23.931 0.0000000000
47759  -20.780  -19.840  32.969 0.0000000000
47758  -19.972  -19.830  33.069 0.0000000000
47750  -19.684  -19.771  33.848 0.0000000000
45950  -19.898  -21.616  29.507 0.0000000000
45940  -19.432  -21.449  30.325 0.0000000000
45028  -18.276  -22.370  30.550 0.0000000000
45939  -18.722  -21.729  30.877 0.0000000000
45925  -18.494  -21.358  31.616 0.0000000000
45908  -17.805  -21.689  32.024 0.0000000000
38027  -6.919  -29.431  41.706 0.0000000000
46039  -37.243  -20.869  23.127 0.0000000000
47845  -37.490  -19.891  23.176 0.0000000000
48618  -37.717  -18.579  25.242 0.0000000000
49466  -37.137  -18.035  24.710 0.0000000000
45966  -38.026  -21.315  28.359 0.0000000000
45967  -37.840  -20.949  28.909 0.0000000000
121736  -37.872  -20.354  28.466 0.0000000000
114012  -37.877  -19.857  28.649 0.0000000000
48598  -37.948  -19.371  28.529 0.0000000000
48589  -37.636  -18.518  29.518 0.0000000000
49444  -37.810  -18.224  27.957 0.0000000000
49451  -37.956  -18.289  27.003 0.0000000000
50300  -36.208  -16.673  27.441 0.0000000000
50305  -36.115  -16.830  26.604 0.0000000000
50299  -35.681  -16.185  26.966 0.0000000000
51198  -35.739  -15.855  27.880 0.0000000000
52127  -35.857  -14.268  29.328 0.0000000000
53092  -35.926  -13.307  29.076 0.0000000000
53055  -37.556  -13.225  32.023 0.0000000000
53070  -37.097  -13.612  31.414 0.0000000000
53998  -37.228  -12.736  31.446 0.0000000000
125825  -36.642  -11.847  29.809 0.0000000000
47825  -25.920  -19.578  25.693 0.0000000000
46966  -25.154  -20.103  25.191 0.0000000000
45944  -30.630  -21.613  30.311 0.0000000000
46911  -30.500  -21.260  29.551 0.0000000000
111762  -30.810  -20.954  28.199 0.0000000000
46943  -29.889  -20.000  26.881 0.0000000000
117001  -30.594  -20.481  26.850 0.0000000000
45991  -32.429  -21.840  26.837 0.0000000000
46855  -22.804  -20.452  32.742 0.0000000000
119952  -25.331  -21.145  31.660 0.0000000000
46924  -23.725  -20.597  29.116 0.0000000000
46905  -23.238  -20.632  29.962 0.0000000000
46903  -21.818  -20.796  29.187 0.0000000000
46923  -22.450  -20.823  28.439 0.0000000000
64624  -48.073  -0.996  11.870 0.0000000000
64635  -50.089  -0.621  10.657 0.0000000000
63830  -49.592  -1.170  9.900 0.0000000000
65453  -51.949  1.023  12.520 0.0000000000
65463  -51.552  0.728  11.947 0.0000000000
64628  -51.022  0.363  11.257 0.0000000000
66416  -50.274  0.777  9.036 0.0000000000
66415  -49.598  1.206  8.654 0.0000000000
69090  -50.888  3.845  10.866 0.0000000000
69089  -50.107  3.832  10.447 0.0000000000
69940  -49.794  4.896  10.437 0.0000000000
124881  -50.523  4.507  10.756 0.0000000000
39089  -10.394  -29.129  36.100 0.0000000000
119164  -10.586  -29.968  35.447 0.0000000000
51217  -34.267  -15.757  24.421 0.0000000000
50325  -34.266  -16.437  23.685 0.0000000000
56900  -39.782  -9.207  15.785 0.0000000000
57715  -39.390  -8.904  14.954 0.0000000000
56852  -37.499  -9.745  20.049 0.0000000000
55987  -39.612  -9.907  19.518 0.0000000000
55986  -38.524  -9.863  19.517 0.0000000000
122717  -39.194  -9.966  18.914 0.0000000000
114329  -39.882  -9.965  18.866 0.0000000000
56842  -42.557  -10.138  20.478 0.0000000000
56853  -42.005  -10.019  19.132 0.0000000000
56003  -40.954  -9.979  18.560 0.0000000000
56861  -40.816  -9.815  17.880 0.0000000000
56870  -41.395  -9.497  17.889 0.0000000000
57690  -42.010  -8.169  17.562 0.0000000000
57689  -41.547  -9.032  17.567 0.0000000000
58512  -42.165  -7.057  17.405 0.0000000000
59294  -44.422  -5.991  18.702 0.0000000000
59303  -44.893  -5.395  18.498 0.0000000000
112672  -11.505  -26.300  37.063 0.0000000000
126536  -11.004  -26.644  37.708 0.0000000000
40727  -11.132  -26.870  36.758 0.0000000000
39946  -10.978  -27.561  36.179 0.0000000000
39102  -11.459  -28.986  34.405 0.0000000000
39114  -11.379  -29.839  33.994 0.0000000000
120000  -9.759  -28.878  37.867 0.0000000000
38094  -9.768  -30.132  37.126 0.0000000000
37150  -9.356  -31.369  37.595 0.0000000000
37141  -9.454  -30.539  37.895 0.0000000000
38074  -9.177  -30.462  38.773 0.0000000000
35621  -8.879  -33.354  36.654 0.0000000000
36347  -7.877  -32.205  38.542 0.0000000000
120934  -7.868  -31.801  39.127 0.0000000000
37130  -8.199  -31.379  39.469 0.0000000000
37129  -7.472  -31.445  39.487 0.0000000000
109874  -6.697  -31.268  38.868 0.0000000000
37128  -6.853  -31.136  39.547 0.0000000000
37119  -6.616  -30.569  39.964 0.0000000000
38043  -6.501  -30.086  40.116 0.0000000000
36362  -5.741  -32.759  36.005 0.0000000000
36354  -6.318  -32.403  36.830 0.0000000000
39035  -9.829  -28.350  39.191 0.0000000000
45102  -36.859  -21.717  24.889 0.0000000000
46909  -27.414  -20.650  29.486 0.0000000000
46928  -27.287  -20.176  28.702 0.0000000000
46929  -28.241  -20.320  28.955 0.0000000000
107760  -29.216  -20.367  28.806 0.0000000000
113028  -35.071  -22.809  26.593 0.0000000000
45083  -35.151  -22.434  25.927 0.0000000000
44993  -29.918  -22.635  33.787 0.0000000000
127577  -29.459  -22.479  33.490 0.0000000000
45928  -27.906  -21.752  31.970 0.0000000000
46874  -27.623  -21.402  31.130 0.0000000000
46891  -27.565  -21.034  30.255 0.0000000000
62980  -44.476  -1.919  11.211 0.0000000000
48637  -36.788  -18.540  23.034 0.0000000000
55073  -33.724  -11.735  20.115 0.0000000000
54130  -33.329  -12.414  19.747 0.0000000000
54138  -33.363  -12.492  18.941 0.0000000000
55998  -36.346  -10.473  18.158 0.0000000000
44118  -16.097  -23.161  32.518 0.0000000000
44105  -15.279  -23.395  33.745 0.0000000000
43238  -15.023  -24.066  33.538 0.0000000000
43228  -14.848  -23.911  34.225 0.0000000000
41596  -14.105  -26.267  32.300 0.0000000000
44151  -37.728  -22.739  29.893 0.0000000000
111895  -38.033  -22.146  30.022 0.0000000000
44143  -37.835  -22.467  30.607 0.0000000000
129930  -38.124  -21.826  31.426 0.0000000000
45917  -38.675  -21.369  32.418 0.0000000000
44996  -32.353  -22.950  33.333 0.0000000000
45007  -32.089  -22.681  32.291 0.0000000000
124533  -33.196  -23.104  33.300 0.0000000000
44119  -33.875  -23.188  32.836 0.0000000000
44121  -36.606  -23.242  33.185 0.0000000000
109177  -36.767  -23.213  32.164 0.0000000000
111851  -36.392  -23.321  31.300 0.0000000000
44140  -35.883  -23.418  30.591 0.0000000000
44141  -36.823  -23.270  30.600 0.0000000000
44142  -37.555  -22.949  30.551 0.0000000000
44092  -32.926  -23.203  35.012 0.0000000000
59315  -43.743  -5.430  17.830 0.0000000000
60213  -43.511  -5.137  17.399 0.0000000000
114180  -44.611  -4.210  17.202 0.0000000000
62937  -47.350  -2.507  17.552 0.0000000000
62055  -46.072  -2.781  17.073 0.0000000000
62946  -46.832  -2.180  16.943 0.0000000000
111405  -45.644  -1.598  14.650 0.0000000000
63787  -46.306  -1.231  15.002 0.0000000000
64594  -46.781  -0.673  14.344 0.0000000000
64605  -47.466  -0.395  13.773 0.0000000000
53106  -35.441  -13.675  27.568 0.0000000000
53123  -35.309  -13.369  26.781 0.0000000000
54052  -35.541  -12.591  26.462 0.0000000000
118816  -37.299  -9.922  25.789 0.0000000000
55908  -36.836  -10.482  25.954 0.0000000000
55923  -37.053  -10.219  25.183 0.0000000000
55931  -36.635  -10.522  24.514 0.0000000000
55035  -36.122  -10.910  23.800 0.0000000000
56804  -36.859  -9.945  22.918 0.0000000000
56805  -37.535  -9.506  22.686 0.0000000000
113957  -38.005  -9.283  23.312 0.0000000000
46841  -21.889  -20.061  33.880 0.0000000000
45027  -17.627  -22.722  30.937 0.0000000000
68244  -48.457  3.824  9.412 0.0000000000
67344  -47.725  2.807  8.335 0.0000000000
69101  -47.485  4.106  7.990 0.0000000000
69948  -47.795  4.904  7.955 0.0000000000
38028  -7.612  -29.471  41.919 0.0000000000
46025  -37.981  -20.778  24.942 0.0000000000
47838  -37.773  -19.526  24.111 0.0000000000
48628  -37.970  -19.301  24.941 0.0000000000
111961  -37.900  -20.650  30.491 0.0000000000
46912  -37.782  -20.554  29.503 0.0000000000
119371  -37.827  -20.145  30.030 0.0000000000
49414  -37.384  -17.430  31.089 0.0000000000
49437  -37.131  -17.505  29.187 0.0000000000
111627  -37.298  -17.634  28.385 0.0000000000
50293  -36.640  -16.915  28.924 0.0000000000
50292  -36.033  -15.990  28.872 0.0000000000
51183  -35.974  -15.198  29.550 0.0000000000
52113  -36.075  -14.510  30.002 0.0000000000
53986  -37.634  -12.465  31.998 0.0000000000
110939  -26.805  -19.434  25.402 0.0000000000
124384  -31.720  -22.030  29.832 0.0000000000
113499  -31.646  -21.864  29.130 0.0000000000
45964  -31.582  -21.542  28.198 0.0000000000
108719  -25.242  -20.801  29.963 0.0000000000
46888  -24.598  -20.797  30.316 0.0000000000
46906  -24.681  -20.618  29.434 0.0000000000
122863  -23.138  -20.619  28.556 0.0000000000
46939  -23.031  -20.669  27.819 0.0000000000
46951  -22.961  -20.816  26.918 0.0000000000
64615  -49.682  -0.557  12.242 0.0000000000
64625  -49.069  -0.897  11.695 0.0000000000
66398  -51.601  1.009  11.581 0.0000000000
65476  -50.899  0.877  10.382 0.0000000000
67339  -50.446  2.180  10.159 0.0000000000
68236  -50.650  3.062  10.591 0.0000000000
38175  -10.990  -30.405  34.544 0.0000000000
37185  -10.592  -30.987  35.041 0.0000000000
51216  -33.841  -15.055  23.972 0.0000000000
50332  -33.175  -16.412  22.030 0.0000000000
110678  -39.236  -9.663  21.010 0.0000000000
56839  -39.897  -9.899  20.315 0.0000000000
55972  -40.393  -10.026  19.702 0.0000000000
56843  -43.306  -9.709  20.015 0.0000000000
56863  -42.383  -9.660  18.862 0.0000000000
56864  -42.807  -9.052  18.604 0.0000000000
57691  -42.871  -8.094  18.188 0.0000000000
58501  -43.210  -6.891  18.160 0.0000000000
58493  -44.664  -6.385  19.231 0.0000000000
43212  -13.443  -24.594  35.997 0.0000000000
116480  -13.074  -24.574  36.887 0.0000000000
41543  -11.737  -26.467  36.250 0.0000000000
119666  -11.343  -27.987  35.344 0.0000000000
40757  -11.709  -27.174  35.544 0.0000000000
37165  -9.889  -31.326  36.341 0.0000000000
37164  -9.524  -31.926  36.942 0.0000000000
36358  -9.067  -32.038  37.731 0.0000000000
36356  -7.482  -32.644  37.829 0.0000000000
130004  -7.124  -31.550  39.265 0.0000000000
109568  -35.066  -23.337  35.110 0.0000000000
44111  -37.882  -22.968  33.843 0.0000000000
60201  -46.384  -4.146  18.198 0.0000000000
62031  -47.419  -3.268  18.164 0.0000000000
62047  -47.719  -2.748  17.992 0.0000000000
63771  -48.409  -1.641  17.270 0.0000000000
63781  -48.776  -0.988  16.682 0.0000000000
54988  -36.763  -11.083  28.270 0.0000000000
55896  -37.137  -10.380  27.545 0.0000000000
56749  -37.835  -9.430  26.095 0.0000000000
119664  -21.580  -20.651  29.985 0.0000000000
46884  -20.954  -20.514  30.524 0.0000000000
111941  -20.521  -21.260  29.384 0.0000000000
39015  -9.227  -28.748  41.285 0.0000000000
39023  -8.990  -29.331  40.785 0.0000000000
46024  -37.466  -21.189  24.638 0.0000000000
47830  -38.083  -19.860  26.341 0.0000000000
46942  -25.188  -19.896  27.215 0.0000000000
47812  -25.934  -19.559  26.676 0.0000000000
47802  -26.812  -19.458  26.997 0.0000000000
47814  -27.511  -19.253  26.176 0.0000000000
47828  -28.475  -19.353  25.725 0.0000000000
45067  -32.934  -22.546  28.184 0.0000000000
125383  -33.106  -22.224  26.572 0.0000000000
46007  -32.983  -21.851  24.990 0.0000000000
45895  -25.897  -21.467  33.244 0.0000000000
45896  -26.647  -21.665  32.917 0.0000000000
46859  -26.049  -21.360  31.913 0.0000000000
46873  -25.953  -21.200  31.273 0.0000000000
108652  -26.302  -21.093  30.682 0.0000000000
46907  -25.565  -20.588  29.347 0.0000000000
121616  -25.162  -20.426  28.815 0.0000000000
62961  -42.803  -2.728  13.074 0.0000000000
66382  -51.942  1.081  13.577 0.0000000000
65446  -51.871  0.872  12.792 0.0000000000
68238  -51.874  3.406  11.386 0.0000000000
54106  -33.585  -13.015  22.303 0.0000000000
52211  -32.816  -14.390  21.618 0.0000000000
53181  -33.116  -13.467  21.592 0.0000000000
56013  -38.770  -10.169  17.612 0.0000000000
56810  -42.681  -10.086  22.340 0.0000000000
118810  -41.991  -10.155  22.090 0.0000000000
56829  -44.205  -9.320  21.133 0.0000000000
57667  -44.526  -8.713  20.813 0.0000000000
57668  -44.761  -7.845  20.514 0.0000000000
127367  -44.602  -7.529  20.006 0.0000000000
44971  -16.104  -21.694  34.914 0.0000000000
44090  -14.640  -23.716  34.976 0.0000000000
43219  -14.090  -24.190  35.413 0.0000000000
42401  -13.717  -24.906  35.103 0.0000000000
126226  -13.089  -26.241  34.475 0.0000000000
40798  -12.810  -27.214  33.540 0.0000000000
45072  -37.438  -22.370  27.347 0.0000000000
129080  -37.978  -21.853  28.615 0.0000000000
45061  -37.953  -21.546  29.356 0.0000000000
45045  -38.036  -21.516  30.346 0.0000000000
45901  -39.103  -21.388  33.171 0.0000000000
45943  -29.907  -21.596  30.839 0.0000000000
45931  -30.728  -21.938  31.121 0.0000000000
45945  -31.413  -22.024  30.538 0.0000000000
45946  -32.152  -22.318  30.281 0.0000000000
110668  -35.120  -23.302  34.292 0.0000000000
44108  -34.577  -23.245  33.495 0.0000000000
123794  -34.220  -23.269  32.130 0.0000000000
122988  -35.806  -23.319  32.555 0.0000000000
44120  -34.871  -23.293  32.597 0.0000000000
115925  -34.028  -23.250  31.597 0.0000000000
45042  -33.505  -23.014  29.525 0.0000000000
45043  -34.231  -23.326  29.118 0.0000000000
123190  -35.667  -23.461  29.322 0.0000000000
45058  -36.150  -23.196  27.732 0.0000000000
44983  -30.647  -22.829  34.223 0.0000000000
45915  -30.347  -22.325  32.408 0.0000000000
58528  -41.012  -7.292  16.125 0.0000000000
59329  -40.591  -6.772  15.437 0.0000000000
118671  -41.310  -6.551  15.989 0.0000000000
59330  -41.028  -5.931  15.387 0.0000000000
60229  -43.132  -4.866  16.754 0.0000000000
60239  -41.958  -4.828  15.328 0.0000000000
61127  -46.054  -3.896  17.799 0.0000000000
61140  -45.156  -3.705  17.095 0.0000000000
62053  -44.665  -3.489  16.473 0.0000000000
62064  -43.597  -3.301  14.909 0.0000000000
62074  -43.101  -2.976  13.926 0.0000000000
62962  -43.545  -2.471  13.455 0.0000000000
63797  -43.923  -2.027  13.111 0.0000000000
63807  -44.071  -1.825  12.457 0.0000000000
63808  -44.984  -1.443  12.489 0.0000000000
63816  -44.509  -1.651  11.885 0.0000000000
63817  -45.215  -1.512  11.572 0.0000000000
119947  -45.853  -1.547  11.058 0.0000000000
107749  -46.656  -1.463  11.105 0.0000000000
64606  -48.352  -0.345  13.376 0.0000000000
64588  -49.996  0.060  16.177 0.0000000000
65425  -49.744  0.407  15.267 0.0000000000
65434  -50.565  0.758  14.708 0.0000000000
65435  -51.201  0.776  13.897 0.0000000000
50311  -35.417  -16.691  25.270 0.0000000000
50310  -34.811  -16.057  25.029 0.0000000000
52148  -34.716  -14.562  25.799 0.0000000000
125178  -34.149  -14.963  24.618 0.0000000000
52161  -34.034  -14.304  24.251 0.0000000000
52180  -33.659  -14.360  23.530 0.0000000000
122174  -33.593  -13.693  23.013 0.0000000000
55001  -36.215  -11.523  27.040 0.0000000000
54053  -35.932  -11.883  26.252 0.0000000000
54070  -35.489  -12.281  25.555 0.0000000000
55013  -35.716  -11.777  24.925 0.0000000000
54083  -34.748  -12.628  24.274 0.0000000000
53165  -34.327  -12.977  23.839 0.0000000000
54096  -34.003  -12.951  23.171 0.0000000000
54115  -33.882  -12.286  21.869 0.0000000000
55045  -35.351  -11.170  22.627 0.0000000000
55061  -35.050  -11.178  21.983 0.0000000000
116580  -34.626  -11.175  21.252 0.0000000000
55959  -34.866  -10.753  20.693 0.0000000000
121486  -35.394  -10.319  19.640 0.0000000000
117586  -36.034  -10.133  19.438 0.0000000000
56836  -35.991  -10.027  20.106 0.0000000000
122746  -36.667  -9.833  20.516 0.0000000000
56822  -37.861  -9.443  21.871 0.0000000000
110551  -38.347  -9.510  21.149 0.0000000000
56824  -39.680  -9.576  21.816 0.0000000000
56809  -41.149  -9.829  22.612 0.0000000000
57632  -39.531  -8.910  24.692 0.0000000000
56775  -40.006  -9.040  24.027 0.0000000000
57634  -41.149  -9.144  24.909 0.0000000000
56776  -40.864  -9.232  24.145 0.0000000000
119733  -42.103  -10.008  22.925 0.0000000000
56795  -43.878  -9.721  23.705 0.0000000000
46867  -19.736  -20.428  31.691 0.0000000000
45926  -19.220  -21.056  31.220 0.0000000000
120430  -19.483  -20.198  32.496 0.0000000000
46851  -18.780  -20.488  32.769 0.0000000000
112765  -17.644  -21.379  32.815 0.0000000000
45005  -17.130  -22.039  32.475 0.0000000000
45004  -16.707  -22.741  32.104 0.0000000000
44127  -16.978  -23.083  31.353 0.0000000000
44126  -16.345  -23.434  31.771 0.0000000000
70800  -49.472  6.632  8.874 0.0000000000
69956  -48.381  5.507  7.702 0.0000000000
48638  -37.437  -19.014  23.485 0.0000000000
49465  -36.409  -17.705  24.163 0.0000000000
126833  -38.055  -20.797  27.268 0.0000000000
47818  -38.074  -20.057  26.891 0.0000000000
47817  -38.151  -19.561  26.856 0.0000000000
48590  -37.731  -19.026  30.051 0.0000000000
124741  -37.814  -19.090  29.216 0.0000000000
48611  -38.155  -18.963  26.550 0.0000000000
48610  -37.851  -18.412  26.098 0.0000000000
49450  -37.371  -17.789  26.537 0.0000000000
107883  -36.619  -17.361  26.134 0.0000000000
50312  -35.971  -16.972  25.879 0.0000000000
51204  -35.218  -15.696  26.467 0.0000000000
52135  -35.374  -14.717  27.665 0.0000000000
54022  -36.069  -12.402  28.575 0.0000000000
113822  -36.624  -13.670  30.732 0.0000000000
128934  -36.489  -13.037  30.379 0.0000000000
53997  -36.969  -12.262  30.903 0.0000000000
124219  -36.436  -11.765  28.918 0.0000000000
46910  -29.752  -20.877  29.398 0.0000000000
46931  -29.850  -20.561  28.656 0.0000000000
128609  -30.227  -20.590  28.258 0.0000000000
46930  -29.666  -20.143  27.971 0.0000000000
46955  -29.754  -19.834  25.981 0.0000000000
45978  -32.342  -22.002  27.761 0.0000000000
45977  -31.838  -21.539  27.358 0.0000000000
120524  -32.158  -21.553  26.115 0.0000000000
46957  -31.092  -20.760  26.312 0.0000000000
46969  -29.985  -20.028  25.245 0.0000000000
46842  -22.724  -20.402  33.674 0.0000000000
46869  -22.244  -20.349  31.827 0.0000000000
129378  -22.103  -20.419  31.164 0.0000000000
46858  -25.515  -21.283  32.471 0.0000000000
46857  -24.601  -21.054  32.314 0.0000000000
46871  -23.634  -20.759  31.311 0.0000000000
46886  -22.800  -20.601  30.924 0.0000000000
114445  -48.035  -1.522  10.545 0.0000000000
63829  -48.789  -1.440  10.312 0.0000000000
63840  -49.958  -1.122  9.126 0.0000000000
128078  -51.350  0.737  11.461 0.0000000000
112981  -50.121  -1.180  8.351 0.0000000000
64646  -50.174  -0.474  8.367 0.0000000000
66414  -48.737  1.588  8.328 0.0000000000
67345  -48.396  2.383  8.692 0.0000000000
67338  -49.720  2.466  9.741 0.0000000000
67337  -48.850  2.849  9.377 0.0000000000
69095  -49.184  4.359  10.056 0.0000000000
114712  -49.116  5.244  9.992 0.0000000000
70796  -50.416  6.366  10.626 0.0000000000
120162  -10.081  -28.279  37.501 0.0000000000
38122  -10.113  -29.923  36.350 0.0000000000
37184  -10.215  -31.595  35.520 0.0000000000
49473  -34.953  -17.114  23.602 0.0000000000
51236  -32.781  -15.157  21.851 0.0000000000
55984  -36.575  -10.167  18.928 0.0000000000
56014  -39.586  -10.002  17.787 0.0000000000
56826  -41.908  -10.271  21.245 0.0000000000
55973  -41.151  -10.155  19.726 0.0000000000
55974  -41.902  -10.124  19.710 0.0000000000
55988  -40.620  -10.022  19.056 0.0000000000
56002  -40.214  -9.974  18.275 0.0000000000
113007  -40.347  -9.694  17.099 0.0000000000
56882  -40.459  -9.111  16.495 0.0000000000
57717  -40.762  -8.180  16.267 0.0000000000
59301  -43.478  -5.994  18.076 0.0000000000
58484  -44.919  -6.810  20.031 0.0000000000
39971  -11.167  -28.711  35.103 0.0000000000
40797  -12.268  -27.771  33.959 0.0000000000
124293  -12.179  -28.459  33.466 0.0000000000
121830  -9.581  -29.119  38.659 0.0000000000
38075  -9.430  -29.888  38.475 0.0000000000
39034  -9.512  -29.036  39.620 0.0000000000
38047  -8.795  -30.017  40.302 0.0000000000
36363  -8.987  -32.674  37.150 0.0000000000
36357  -8.338  -32.638  37.793 0.0000000000
36348  -8.614  -32.060  38.301 0.0000000000
37131  -8.760  -31.031  39.173 0.0000000000
37123  -8.539  -30.745  39.870 0.0000000000
38046  -8.317  -30.285  40.498 0.0000000000
38045  -7.707  -30.410  40.573 0.0000000000
37115  -7.190  -30.387  40.604 0.0000000000
37120  -6.842  -30.558  40.259 0.0000000000
38035  -6.924  -29.985  41.001 0.0000000000
121497  -6.666  -29.746  40.921 0.0000000000
34849  -5.700  -34.218  36.116 0.0000000000
37137  -6.518  -31.143  38.335 0.0000000000
38036  -7.414  -29.937  41.197 0.0000000000
39008  -8.625  -28.831  42.270 0.0000000000
39872  -9.626  -28.314  40.959 0.0000000000
44095  -36.690  -23.244  34.837 0.0000000000
44097  -38.277  -22.732  34.502 0.0000000000
44998  -38.456  -22.261  32.876 0.0000000000
45900  -29.821  -22.439  33.047 0.0000000000
45951  -21.018  -20.859  29.656 0.0000000000
45980  -38.108  -21.182  27.521 0.0000000000
47751  -20.487  -19.739  33.697 0.0000000000
54011  -36.650  -12.414  30.377 0.0000000000
54123  -33.038  -13.108  20.246 0.0000000000
55074  -34.311  -11.176  20.461 0.0000000000
55085  -33.667  -11.762  19.204 0.0000000000
55970  -35.365  -10.345  20.437 0.0000000000
60228  -42.410  -5.175  16.179 0.0000000000
62045  -46.398  -3.305  17.619 0.0000000000
62066  -45.026  -2.864  16.130 0.0000000000
68251  -47.738  3.625  8.607 0.0000000000
69108  -47.610  4.476  7.263 0.0000000000
69950  -48.892  6.042  8.291 0.0000000000
113572  -14.309  -24.411  34.638 0.0000000000
115554  -23.919  -20.853  31.869 0.0000000000
122552  -36.361  -10.404  23.171 0.0000000000
125386  -10.191  -27.729  37.957 0.0000000000
126800  -35.190  -14.103  27.028 0.0000000000
127872  -45.511  -1.310  12.127 0.0000000000
129507  -38.723  -9.637  20.702 0.0000000000
130109  -49.426  6.329  9.594 0.0000000000
