#!ascii label  , from subject sub-v2s7x29676_ses-1 vox2ras=TkReg
1365
3997  -4.454  -76.940  -33.056 0.5000000000
4506  -4.640  -75.606  -35.928 0.5000000000
117529  -4.515  -74.998  -36.381 0.5000000000
5040  -4.241  -74.759  -37.157 0.5000000000
3969  -4.385  -76.521  -31.680 0.5000000000
3982  -4.762  -76.518  -32.304 0.5000000000
3983  -5.330  -75.850  -32.318 0.5000000000
3998  -4.971  -76.157  -33.057 0.5000000000
4495  -5.304  -75.345  -32.993 0.6000000238
4500  -4.957  -75.636  -33.916 0.5000000000
4499  -4.777  -75.553  -34.980 0.5000000000
5054  -3.947  -74.096  -37.953 0.5000000000
128512  -4.727  -75.128  -35.444 0.6000000238
108190  -4.312  -73.721  -37.087 0.6000000238
5560  -4.645  -73.804  -35.597 0.6000000238
5029  -4.464  -74.228  -36.365 0.6000000238
5579  -4.167  -73.168  -37.786 0.6999999881
5569  -4.717  -72.817  -35.779 0.6999999881
6088  -4.455  -72.835  -37.079 0.6999999881
6078  -4.732  -72.439  -36.490 0.6999999881
6089  -4.842  -72.182  -37.236 0.6999999881
120654  -4.495  -72.556  -37.720 0.6999999881
122068  -5.673  -75.611  -31.715 0.5000000000
4487  -5.838  -75.114  -32.170 0.6000000238
4476  -6.572  -74.714  -31.571 0.6000000238
4991  -6.113  -74.175  -32.378 0.6000000238
121006  -4.973  -74.928  -34.406 0.5000000000
5586  -3.828  -73.426  -38.701 0.5000000000
6663  -4.399  -71.653  -40.068 0.6999999881
6097  -4.238  -72.643  -38.470 0.6999999881
6105  -4.357  -72.180  -39.183 0.6999999881
5004  -4.788  -74.611  -35.063 0.6000000238
5547  -4.832  -73.815  -34.860 0.6999999881
6098  -4.844  -72.111  -38.180 0.6999999881
5561  -4.801  -73.069  -35.026 0.6999999881
120340  -4.942  -72.110  -35.965 0.6999999881
6648  -5.653  -71.676  -38.321 0.6999999881
6622  -5.228  -71.709  -36.598 0.6999999881
6623  -5.689  -71.229  -37.029 0.6999999881
6636  -5.997  -71.286  -37.705 0.6999999881
7261  -6.456  -70.855  -37.805 0.6999999881
4462  -5.690  -75.599  -31.106 0.5000000000
4463  -6.900  -74.933  -31.024 0.6000000238
5532  -7.335  -73.605  -31.671 0.6000000238
4992  -6.816  -74.069  -31.811 0.6000000238
6042  -7.151  -72.613  -32.110 0.6000000238
4999  -5.568  -73.960  -33.130 0.6000000238
6041  -6.327  -72.588  -32.706 0.6000000238
124951  -5.279  -73.887  -33.765 0.6000000238
5005  -5.020  -74.215  -34.334 0.6999999881
115895  -5.084  -71.790  -39.050 0.6999999881
7306  -5.547  -70.506  -40.635 0.6999999881
7307  -6.441  -70.215  -40.640 0.6999999881
5548  -5.111  -73.353  -34.260 0.6999999881
6664  -5.321  -71.280  -39.816 0.6999999881
7959  -7.239  -69.859  -40.841 0.6999999881
6059  -5.144  -72.469  -34.479 0.6999999881
6665  -6.110  -71.648  -39.065 0.6999999881
7292  -6.381  -71.215  -39.717 0.6999999881
6070  -4.946  -72.218  -35.258 0.6999999881
6609  -5.325  -71.551  -35.695 0.6999999881
7293  -7.462  -71.175  -39.818 0.6999999881
7241  -5.721  -71.009  -36.296 0.6999999881
6649  -6.475  -71.431  -38.477 0.6999999881
7242  -6.165  -70.577  -37.061 0.6999999881
126794  -7.200  -71.343  -38.736 0.6999999881
7919  -6.666  -69.905  -37.645 0.6999999881
7933  -7.062  -69.834  -38.167 0.6999999881
126098  -6.089  -75.138  -30.603 0.5000000000
4984  -7.384  -74.367  -31.197 0.6000000238
5524  -7.953  -73.871  -31.205 0.6000000238
4976  -8.056  -74.118  -30.739 0.5000000000
6033  -8.588  -72.830  -31.345 0.6000000238
5502  -5.921  -73.892  -29.743 0.5000000000
4974  -6.841  -74.831  -30.628 0.5000000000
6032  -7.963  -73.153  -31.512 0.6000000238
6572  -9.098  -71.229  -31.822 0.6000000238
6570  -7.348  -71.638  -32.362 0.6000000238
6571  -8.214  -71.389  -32.075 0.6000000238
5540  -5.908  -73.293  -32.839 0.6000000238
5539  -5.494  -73.291  -33.498 0.6999999881
6581  -6.096  -71.890  -33.179 0.6999999881
6580  -5.528  -72.042  -33.827 0.6999999881
6594  -5.931  -71.276  -33.762 0.6999999881
7960  -8.026  -69.466  -41.266 0.6999999881
6593  -5.425  -71.538  -34.667 0.6999999881
7212  -5.984  -70.713  -34.449 0.6999999881
7308  -8.307  -70.689  -40.346 0.6999999881
7309  -8.989  -70.055  -40.901 0.6999999881
7226  -6.183  -70.088  -35.045 0.6999999881
7961  -8.683  -69.164  -41.621 0.6999999881
118556  -6.094  -70.236  -36.015 0.6000000238
6650  -7.877  -71.401  -38.924 0.6999999881
6667  -8.512  -71.361  -39.441 0.6999999881
6680  -9.356  -71.120  -39.963 0.6999999881
7310  -9.935  -70.305  -40.792 0.6999999881
7322  -9.475  -69.426  -41.536 0.6999999881
6651  -8.726  -71.274  -38.672 0.6000000238
115883  -9.173  -71.426  -39.033 0.6999999881
7274  -6.851  -70.797  -38.186 0.6999999881
7275  -7.479  -70.832  -38.436 0.6999999881
7276  -8.241  -70.801  -38.510 0.6000000238
7935  -8.438  -70.021  -38.332 0.5000000000
7277  -9.127  -70.787  -38.132 0.5000000000
119606  -7.410  -68.990  -38.371 0.6000000238
118442  -7.947  -69.201  -38.559 0.5000000000
5525  -8.583  -73.577  -30.914 0.6000000238
4967  -8.073  -74.169  -30.207 0.6000000238
6560  -9.665  -71.913  -31.208 0.5000000000
6561  -10.393  -71.539  -30.986 0.6999999881
4966  -7.369  -74.408  -30.127 0.5000000000
5504  -7.959  -73.907  -29.654 0.6000000238
5505  -8.652  -73.799  -29.858 0.6000000238
119300  -6.060  -73.205  -29.531 0.6000000238
5503  -6.888  -73.804  -29.616 0.6000000238
7187  -9.504  -70.379  -32.132 0.4000000060
6018  -6.526  -72.763  -29.390 0.6000000238
7186  -8.528  -70.567  -32.400 0.5000000000
7185  -7.588  -70.768  -32.668 0.6000000238
7213  -6.372  -70.633  -33.730 0.6999999881
6582  -6.650  -71.131  -33.042 0.6000000238
7883  -6.458  -70.025  -34.200 0.6999999881
116120  -6.463  -69.339  -35.614 0.6000000238
7892  -6.558  -69.480  -34.729 0.6000000238
7904  -6.412  -69.624  -36.720 0.6000000238
6668  -9.918  -71.397  -38.996 0.6000000238
6681  -10.395  -71.102  -39.990 0.6000000238
7311  -10.825  -70.514  -40.900 0.6999999881
113974  -10.344  -69.677  -41.592 0.6999999881
8636  -6.917  -68.913  -37.992 0.6000000238
6652  -9.422  -71.276  -38.342 0.6000000238
7980  -10.691  -69.130  -42.533 0.6999999881
124227  -9.623  -71.092  -37.887 0.4000000060
6653  -10.129  -71.425  -37.930 0.5000000000
6682  -11.229  -71.249  -40.174 0.6000000238
7323  -11.203  -69.965  -41.793 0.6000000238
8638  -7.904  -68.211  -38.830 0.5000000000
8639  -8.613  -68.831  -38.570 0.5000000000
7936  -9.289  -69.865  -37.968 0.5000000000
6669  -10.838  -71.617  -39.043 0.6000000238
6548  -10.193  -72.429  -30.293 0.6000000238
7172  -10.400  -70.591  -31.548 0.6000000238
6020  -8.640  -73.264  -29.174 0.6000000238
6021  -9.591  -72.908  -29.082 0.5000000000
6009  -9.072  -72.513  -28.642 0.6000000238
118603  -6.193  -71.936  -29.453 0.6999999881
6539  -8.010  -72.280  -28.840 0.6000000238
6529  -8.657  -71.826  -28.522 0.6000000238
114378  -9.632  -69.471  -32.560 0.5000000000
7188  -10.140  -69.867  -32.092 0.6000000238
6536  -5.624  -71.301  -29.813 0.6000000238
6538  -7.258  -71.384  -29.172 0.6999999881
7863  -8.829  -69.749  -32.737 0.5000000000
112464  -6.800  -70.772  -29.563 0.6999999881
7201  -7.951  -69.958  -32.956 0.6000000238
7820  -6.789  -70.051  -29.920 0.6000000238
7884  -7.026  -69.296  -34.087 0.6000000238
7875  -7.607  -69.478  -33.507 0.6000000238
119616  -7.403  -68.639  -34.407 0.6000000238
7893  -6.880  -68.810  -34.873 0.6000000238
8591  -6.858  -68.432  -35.698 0.6000000238
8607  -6.859  -68.179  -36.669 0.6000000238
10092  -8.110  -66.632  -38.990 0.6000000238
8637  -7.378  -68.112  -38.275 0.6000000238
10104  -8.786  -66.597  -39.263 0.6000000238
127426  -11.528  -71.733  -39.575 0.6000000238
6692  -11.761  -70.874  -41.137 0.6000000238
8649  -8.527  -67.879  -39.048 0.5000000000
117350  -9.611  -68.850  -38.231 0.5000000000
110650  -13.124  -71.386  -41.967 0.6000000238
6654  -11.008  -71.849  -37.690 0.4000000060
6683  -11.973  -71.625  -40.274 0.6000000238
126318  -10.996  -71.848  -30.050 0.6000000238
6550  -11.668  -71.641  -29.246 0.5000000000
7161  -11.516  -71.038  -30.347 0.6000000238
7838  -11.882  -70.217  -30.701 0.5000000000
6027  -10.148  -72.758  -29.437 0.6000000238
6540  -11.042  -72.168  -28.808 0.6000000238
7160  -10.917  -71.083  -30.854 0.5000000000
7173  -11.177  -70.373  -31.155 0.5000000000
7852  -11.500  -69.569  -31.407 0.5000000000
6010  -9.771  -72.414  -28.491 0.5000000000
6549  -10.615  -72.415  -29.452 0.6000000238
6530  -9.387  -71.877  -28.269 0.5000000000
7851  -10.772  -69.740  -31.768 0.6000000238
7148  -7.414  -70.613  -29.354 0.6999999881
115864  -8.057  -70.504  -29.061 0.6000000238
7821  -7.669  -69.840  -29.567 0.6000000238
8576  -8.559  -68.568  -33.691 0.5000000000
7836  -6.411  -69.461  -30.416 0.5000000000
7837  -7.149  -69.100  -30.218 0.6999999881
7885  -7.789  -68.873  -33.850 0.5000000000
8583  -7.405  -68.079  -34.979 0.5000000000
10079  -7.676  -66.759  -37.344 0.6000000238
9325  -7.255  -67.465  -36.991 0.5000000000
10091  -7.810  -66.664  -38.314 0.6000000238
9339  -7.372  -67.371  -37.953 0.6000000238
9367  -8.983  -67.248  -39.277 0.5000000000
6090  -11.604  -72.188  -36.738 0.5000000000
6099  -11.700  -72.524  -37.777 0.5000000000
6114  -12.567  -72.275  -40.167 0.6000000238
6122  -13.132  -72.465  -40.695 0.6000000238
7149  -12.208  -71.381  -28.615 0.6000000238
114042  -12.174  -70.877  -29.713 0.6000000238
114324  -11.533  -71.684  -28.011 0.6000000238
8555  -11.861  -68.796  -31.629 0.5000000000
6532  -10.804  -72.019  -28.167 0.6000000238
7138  -10.806  -71.402  -27.643 0.6999999881
7865  -11.107  -68.959  -32.005 0.6000000238
7823  -9.287  -70.145  -28.473 0.6000000238
7137  -8.780  -70.967  -28.519 0.6000000238
8568  -10.670  -68.312  -32.624 0.6000000238
8523  -8.183  -68.969  -29.708 0.6000000238
109394  -8.973  -69.306  -29.117 0.6000000238
7877  -9.085  -68.994  -33.110 0.5000000000
8584  -8.011  -68.248  -34.286 0.5000000000
8537  -6.374  -68.795  -30.735 0.5000000000
9310  -7.345  -67.637  -35.877 0.5000000000
10068  -8.228  -66.328  -36.643 0.6000000238
9326  -7.728  -66.933  -36.349 0.5000000000
10809  -8.843  -65.462  -39.001 0.5000000000
10816  -8.618  -66.110  -39.158 0.5000000000
6100  -12.214  -73.085  -37.903 0.6000000238
113235  -12.509  -72.706  -39.425 0.6000000238
116815  -12.909  -70.750  -28.900 0.6000000238
7839  -12.620  -70.061  -30.200 0.5000000000
7140  -12.412  -71.171  -27.609 0.6999999881
7853  -12.249  -69.421  -31.039 0.5000000000
7809  -11.141  -70.362  -27.220 0.6999999881
7139  -11.695  -71.140  -27.152 0.6000000238
8570  -12.270  -68.080  -31.831 0.5000000000
7808  -10.160  -70.374  -27.799 0.6000000238
9282  -11.209  -67.560  -32.670 0.6000000238
115260  -9.951  -68.254  -29.104 0.6999999881
125456  -10.624  -67.615  -33.022 0.6000000238
8524  -9.103  -68.366  -29.466 0.6000000238
8578  -10.074  -67.973  -33.237 0.6000000238
9263  -7.515  -67.510  -30.431 0.6999999881
8538  -7.614  -68.355  -30.237 0.6999999881
9298  -8.827  -67.812  -34.138 0.5000000000
8577  -9.343  -68.280  -33.485 0.5000000000
114347  -6.941  -68.203  -30.605 0.6000000238
10040  -8.772  -67.141  -34.736 0.5000000000
9990  -7.117  -66.713  -30.731 0.5000000000
10057  -8.802  -66.566  -35.307 0.6000000238
9311  -8.115  -67.146  -35.427 0.5000000000
10004  -6.484  -66.709  -31.213 0.6000000238
10080  -8.198  -65.996  -37.620 0.6000000238
125417  -9.503  -64.870  -39.320 0.5000000000
128509  -13.163  -70.756  -27.752 0.6999999881
7825  -13.680  -70.211  -28.490 0.5000000000
7824  -13.388  -69.816  -29.725 0.5000000000
7794  -12.441  -70.228  -26.604 0.8000000119
7810  -12.880  -70.649  -26.983 0.6999999881
8540  -12.993  -69.238  -30.654 0.5000000000
9276  -13.057  -68.024  -31.586 0.5000000000
116650  -11.078  -69.150  -27.551 0.6999999881
8496  -11.801  -69.743  -26.823 0.6999999881
7793  -11.872  -70.521  -26.810 0.8000000119
125113  -10.467  -69.518  -27.849 0.6999999881
9284  -13.648  -67.473  -31.929 0.5000000000
8509  -10.483  -68.619  -28.429 0.6999999881
110357  -11.953  -67.485  -32.339 0.6000000238
9283  -12.752  -67.492  -32.120 0.5000000000
123910  -9.241  -66.709  -29.626 0.6000000238
9245  -9.631  -67.512  -29.432 0.6000000238
10024  -10.596  -66.513  -33.688 0.6000000238
9992  -8.518  -66.616  -29.983 0.6999999881
9244  -8.837  -67.404  -29.814 0.6999999881
113622  -9.316  -67.179  -34.260 0.6000000238
9299  -9.887  -66.819  -33.987 0.6000000238
9991  -7.797  -66.655  -30.328 0.6000000238
10058  -9.272  -66.011  -35.265 0.6000000238
10786  -8.614  -65.766  -36.762 0.6000000238
10700  -6.789  -65.886  -31.037 0.6000000238
118408  -8.721  -65.412  -37.238 0.6000000238
10799  -8.714  -65.268  -38.106 0.5000000000
7796  -13.978  -69.763  -26.710 0.6000000238
7826  -14.424  -69.745  -27.802 0.5000000000
8558  -14.126  -68.312  -30.782 0.5000000000
8497  -12.644  -69.181  -26.518 0.8000000119
9223  -11.159  -68.174  -28.159 0.6999999881
10012  -11.663  -66.886  -32.853 0.6000000238
13596  -9.281  -61.904  -32.649 0.6000000238
8525  -10.564  -67.625  -29.011 0.8000000119
12844  -9.057  -62.250  -31.678 0.6000000238
129436  -9.547  -66.098  -29.463 0.6999999881
9977  -10.025  -66.717  -29.335 0.8000000119
9292  -10.929  -66.983  -33.134 0.6000000238
12843  -7.998  -63.072  -32.018 0.6000000238
9976  -8.909  -65.951  -29.768 0.6000000238
10756  -9.814  -65.660  -34.890 0.6000000238
10775  -9.481  -65.374  -35.618 0.6000000238
11375  -7.339  -64.448  -31.014 0.6000000238
120852  -7.450  -65.244  -30.643 0.6000000238
10701  -8.100  -65.802  -30.168 0.6000000238
10774  -8.814  -65.936  -35.951 0.6000000238
11444  -9.750  -64.630  -36.032 0.6000000238
115632  -7.431  -66.056  -30.560 0.5000000000
11478  -9.219  -64.500  -37.877 0.5000000000
12218  -9.517  -64.163  -38.692 0.5000000000
12219  -10.066  -63.315  -38.829 0.5000000000
8499  -14.558  -69.191  -26.685 0.5000000000
8511  -15.196  -69.106  -27.625 0.5000000000
8498  -13.692  -69.030  -26.301 0.6000000238
126613  -14.402  -68.437  -26.308 0.5000000000
9225  -12.399  -68.059  -27.119 0.8000000119
9207  -13.304  -68.287  -26.426 0.6999999881
9224  -12.098  -67.247  -27.976 0.8000000119
9246  -11.366  -67.338  -28.505 0.8000000119
10013  -12.466  -66.915  -32.640 0.6000000238
10014  -13.923  -66.909  -32.589 0.5000000000
14362  -10.182  -60.768  -32.038 0.6000000238
9978  -10.863  -66.638  -28.998 0.8000000119
10027  -13.184  -66.461  -33.078 0.5000000000
111083  -9.785  -61.470  -30.768 0.6999999881
122188  -9.652  -61.512  -31.658 0.6000000238
10692  -10.230  -65.777  -29.160 0.8000000119
10043  -10.955  -65.758  -33.935 0.6000000238
10737  -11.781  -65.646  -33.739 0.6000000238
10738  -12.689  -65.757  -33.704 0.6000000238
12845  -9.367  -62.028  -30.887 0.6000000238
10776  -10.129  -64.919  -35.234 0.6000000238
10042  -10.195  -66.072  -34.268 0.6000000238
10757  -11.380  -65.118  -34.330 0.6000000238
12112  -8.196  -63.277  -31.217 0.6000000238
10690  -8.676  -65.163  -29.916 0.6000000238
10691  -9.394  -65.377  -29.503 0.5000000000
11445  -10.503  -64.254  -35.692 0.6000000238
123952  -7.845  -64.597  -30.581 0.6000000238
11463  -9.465  -64.438  -36.938 0.6000000238
11464  -10.096  -63.944  -36.527 0.6000000238
12206  -10.525  -63.003  -37.783 0.5000000000
12220  -10.701  -62.687  -38.609 0.5000000000
12970  -11.180  -62.508  -39.914 0.5000000000
9208  -14.065  -67.698  -26.311 0.6000000238
9226  -13.036  -67.242  -27.218 0.6999999881
15078  -10.906  -59.241  -32.146 0.6000000238
14347  -10.599  -60.082  -31.395 0.6000000238
9962  -11.668  -66.581  -28.638 0.8000000119
10028  -14.214  -66.409  -33.226 0.5000000000
10680  -11.949  -65.892  -28.681 0.8000000119
10739  -13.667  -65.880  -33.749 0.5000000000
14346  -10.116  -60.889  -31.081 0.6999999881
10679  -10.728  -65.090  -28.777 0.8000000119
10758  -12.239  -65.116  -34.232 0.6000000238
10759  -13.175  -65.292  -34.308 0.6000000238
13572  -9.709  -61.883  -30.063 0.8000000119
11366  -9.924  -64.810  -29.198 0.6999999881
11429  -12.725  -64.657  -34.820 0.6000000238
12833  -9.300  -62.450  -30.316 0.6999999881
12100  -9.091  -63.051  -30.101 0.6999999881
11365  -9.173  -64.555  -29.662 0.6000000238
120639  -11.365  -64.043  -35.453 0.6000000238
12162  -12.780  -63.497  -35.889 0.6000000238
12099  -8.557  -63.500  -30.483 0.6000000238
12161  -11.829  -63.446  -35.975 0.5000000000
12186  -11.311  -62.946  -36.862 0.5000000000
9946  -13.921  -66.872  -26.913 0.6000000238
9947  -14.757  -66.966  -26.445 0.5000000000
16642  -11.535  -57.618  -31.533 0.6000000238
9964  -13.354  -66.325  -28.070 0.6999999881
15848  -11.282  -58.448  -31.828 0.6000000238
9963  -12.437  -66.506  -28.293 0.6999999881
15834  -10.974  -59.183  -31.105 0.6000000238
15835  -11.283  -58.386  -30.823 0.6000000238
10681  -12.636  -65.821  -28.675 0.6999999881
14320  -10.598  -60.396  -29.648 0.8000000119
123971  -11.467  -65.300  -28.566 0.6999999881
11358  -12.790  -65.120  -28.816 0.6000000238
13573  -10.143  -61.109  -30.155 0.8000000119
11356  -11.252  -64.606  -28.336 0.8000000119
12073  -11.798  -64.106  -27.903 0.6999999881
12821  -10.149  -62.128  -29.166 0.6999999881
12820  -9.601  -62.657  -29.679 0.6999999881
12087  -10.128  -63.232  -28.990 0.6000000238
12072  -10.964  -63.738  -28.186 0.8000000119
109456  -11.680  -56.729  -32.312 0.6000000238
15066  -11.080  -59.063  -30.174 0.6999999881
12088  -13.261  -64.066  -29.718 0.6000000238
116692  -10.918  -59.632  -29.662 0.6999999881
15033  -11.048  -59.925  -28.911 0.6999999881
12075  -12.943  -64.334  -28.899 0.6999999881
12812  -13.170  -63.322  -28.712 0.6000000238
14309  -10.870  -60.808  -28.633 0.8000000119
13548  -11.505  -61.378  -27.704 0.6000000238
13547  -10.786  -61.753  -28.421 0.5000000000
12063  -12.282  -63.459  -27.568 0.6999999881
12802  -13.220  -62.850  -27.580 0.6999999881
109786  -10.381  -61.251  -29.271 0.8000000119
116971  -11.442  -62.373  -27.675 0.6000000238
12811  -11.563  -63.258  -27.686 0.6000000238
17489  -11.864  -55.833  -31.958 0.6000000238
17471  -11.926  -55.892  -30.861 0.6000000238
16628  -11.510  -57.574  -30.526 0.6999999881
120232  -11.736  -56.763  -31.225 0.6000000238
15821  -11.312  -58.294  -29.892 0.6999999881
116337  -11.481  -58.230  -29.140 0.6999999881
15052  -11.236  -59.018  -29.199 0.6999999881
15034  -11.543  -59.487  -28.250 0.6000000238
12822  -13.348  -63.295  -30.213 0.6000000238
14310  -11.462  -60.382  -28.056 0.6000000238
13537  -12.214  -61.425  -27.013 0.6000000238
12834  -13.396  -62.916  -31.097 0.5000000000
13560  -13.469  -62.414  -29.220 0.6000000238
13574  -13.381  -62.250  -30.622 0.5000000000
14364  -13.178  -60.871  -32.682 0.5000000000
124447  -13.655  -61.627  -29.668 0.6000000238
123501  -13.506  -61.174  -30.648 0.5000000000
125868  -11.906  -54.203  -31.143 0.6000000238
18365  -11.902  -54.863  -31.623 0.6000000238
116352  -11.712  -56.786  -30.232 0.6999999881
17457  -11.890  -56.092  -29.718 0.6999999881
17445  -11.867  -56.825  -28.907 0.6999999881
16598  -11.790  -57.755  -28.626 0.6999999881
15804  -12.212  -58.154  -27.775 0.6000000238
15794  -12.115  -59.088  -27.545 0.5000000000
15024  -12.696  -59.696  -26.790 0.6999999881
15019  -14.208  -59.587  -26.511 0.6000000238
15023  -12.023  -60.028  -27.398 0.6000000238
14294  -14.133  -60.611  -26.713 0.6000000238
15035  -14.858  -59.956  -27.684 0.6000000238
13539  -13.945  -61.622  -27.376 0.6000000238
13561  -13.982  -60.813  -29.453 0.5000000000
126549  -14.048  -59.686  -30.469 0.5000000000
15080  -13.371  -59.435  -32.325 0.5000000000
20870  -11.697  -51.828  -28.797 0.6999999881
20064  -11.918  -52.419  -29.332 0.6999999881
20871  -12.226  -51.918  -28.593 0.6999999881
19214  -12.001  -53.840  -30.464 0.6000000238
19215  -12.190  -53.470  -29.411 0.6999999881
20872  -13.189  -52.371  -28.297 0.6999999881
20851  -13.663  -51.835  -28.050 0.6999999881
109384  -14.290  -51.844  -27.723 0.6000000238
18353  -12.027  -54.919  -30.414 0.6999999881
19199  -12.741  -53.813  -28.643 0.6999999881
128049  -13.768  -52.948  -28.215 0.6999999881
18354  -12.120  -55.283  -29.268 0.6999999881
115369  -12.140  -54.386  -29.636 0.6999999881
20045  -13.342  -53.443  -28.296 0.6999999881
16599  -12.268  -57.259  -28.033 0.6999999881
16587  -13.342  -57.874  -26.702 0.6000000238
15786  -12.794  -58.627  -26.889 0.6000000238
15795  -14.963  -59.125  -26.776 0.6000000238
15805  -15.530  -58.624  -28.481 0.6000000238
14293  -13.500  -60.267  -26.515 0.6000000238
15026  -15.188  -59.287  -27.286 0.6000000238
15036  -15.247  -59.294  -28.062 0.6000000238
119187  -14.812  -59.750  -28.514 0.5000000000
15837  -14.652  -58.444  -30.562 0.6000000238
16629  -14.649  -57.806  -31.200 0.6000000238
15053  -14.415  -59.892  -29.450 0.5000000000
119024  -14.202  -59.064  -30.767 0.5000000000
15836  -14.007  -58.654  -31.540 0.5000000000
21712  -11.609  -51.539  -28.391 0.6999999881
21713  -12.733  -51.387  -28.073 0.6999999881
21695  -13.452  -51.346  -27.661 0.6000000238
109368  -14.057  -51.424  -27.106 0.6000000238
21696  -14.846  -51.860  -27.084 0.6000000238
20842  -15.587  -52.328  -26.840 0.4000000060
20046  -14.231  -53.365  -28.077 0.6000000238
20852  -14.250  -52.549  -28.093 0.5000000000
110274  -15.046  -52.451  -27.623 0.5000000000
20854  -16.964  -53.316  -26.767 0.4000000060
20844  -18.328  -52.853  -26.334 0.5000000000
17458  -12.075  -56.046  -28.873 0.6999999881
130150  -12.799  -55.224  -28.081 0.8000000119
19200  -13.190  -54.495  -28.106 0.6999999881
20031  -15.993  -53.926  -27.436 0.5000000000
128990  -16.699  -53.726  -27.169 0.4000000060
20032  -17.402  -53.830  -27.029 0.4000000060
20026  -18.039  -53.467  -26.727 0.4000000060
20034  -19.337  -53.577  -27.563 0.4000000060
18326  -12.793  -55.943  -27.740 0.8000000119
18327  -13.405  -55.403  -27.555 0.8000000119
19181  -14.106  -54.764  -27.585 0.8000000119
19183  -16.111  -54.965  -27.176 0.6000000238
19184  -17.150  -54.505  -27.256 0.5000000000
19186  -18.875  -54.316  -27.695 0.4000000060
17434  -12.776  -56.780  -27.505 0.6999999881
115306  -13.214  -57.154  -26.937 0.8000000119
17425  -14.964  -57.180  -26.516 0.6999999881
16576  -15.408  -57.856  -26.682 0.5000000000
19185  -18.142  -55.069  -27.675 0.5000000000
19202  -18.841  -54.840  -28.372 0.4000000060
20047  -19.377  -54.065  -28.305 0.4000000060
16575  -14.661  -57.892  -26.458 0.6000000238
15796  -15.516  -58.534  -27.082 0.5000000000
16600  -15.971  -58.128  -27.790 0.5000000000
113286  -15.688  -57.702  -29.613 0.6000000238
15823  -15.223  -58.370  -29.559 0.6000000238
16630  -15.237  -57.742  -30.354 0.6000000238
118586  -11.900  -51.353  -28.337 0.6000000238
22520  -11.803  -50.837  -27.578 0.5000000000
22521  -13.109  -50.999  -27.065 0.5000000000
21668  -13.791  -51.308  -26.167 0.4000000060
21679  -14.568  -51.565  -26.162 0.5000000000
115692  -15.930  -52.056  -25.873 0.5000000000
21680  -16.865  -52.223  -25.657 0.5000000000
21681  -18.033  -52.218  -25.743 0.5000000000
20845  -18.983  -52.457  -26.368 0.5000000000
21683  -19.499  -51.753  -26.582 0.5000000000
20855  -18.976  -53.206  -26.815 0.5000000000
21697  -19.816  -51.577  -27.404 0.5000000000
18328  -14.440  -55.708  -27.044 0.6999999881
119604  -15.577  -55.752  -27.000 0.6000000238
18329  -16.498  -55.986  -27.149 0.5000000000
18330  -17.200  -55.513  -27.432 0.5000000000
20048  -19.610  -53.145  -28.234 0.5000000000
20873  -19.701  -52.151  -28.146 0.5000000000
17435  -13.509  -56.365  -27.061 0.8000000119
127154  -14.411  -56.559  -26.689 0.6999999881
17437  -15.868  -57.157  -26.834 0.6000000238
123905  -17.690  -55.777  -27.908 0.5000000000
18342  -18.189  -55.529  -28.422 0.4000000060
19216  -19.118  -54.440  -29.083 0.5000000000
118926  -19.402  -53.609  -28.978 0.4000000060
20066  -19.378  -52.596  -28.969 0.5000000000
16589  -16.312  -57.392  -27.497 0.5000000000
17447  -16.838  -56.835  -28.764 0.5000000000
17448  -17.471  -56.219  -28.410 0.6000000238
18355  -17.970  -55.848  -29.129 0.5000000000
18368  -18.043  -55.403  -29.926 0.5000000000
19233  -18.476  -54.633  -29.887 0.5000000000
16616  -16.259  -57.340  -29.199 0.5000000000
17459  -16.593  -56.767  -29.686 0.5000000000
17460  -17.300  -56.346  -29.300 0.5000000000
125998  -17.568  -55.919  -29.810 0.5000000000
16631  -15.881  -57.187  -30.097 0.6000000238
17472  -16.159  -56.535  -30.585 0.6000000238
22505  -11.444  -50.792  -26.794 0.5000000000
22506  -12.238  -50.795  -26.863 0.5000000000
112345  -13.003  -51.134  -25.411 0.5000000000
122091  -14.184  -51.348  -25.200 0.4000000060
21669  -15.216  -51.558  -25.289 0.5000000000
21670  -16.202  -51.651  -25.119 0.6000000238
21671  -17.260  -51.546  -25.157 0.5000000000
21672  -18.330  -51.297  -25.430 0.5000000000
22507  -19.324  -50.991  -25.927 0.4000000060
109152  -19.875  -50.943  -26.756 0.4000000060
22522  -20.248  -50.171  -27.046 0.4000000060
22482  -12.341  -50.609  -24.611 0.4000000060
22483  -13.139  -50.675  -24.376 0.4000000060
22493  -13.864  -50.889  -24.535 0.4000000060
22494  -14.813  -51.044  -24.649 0.5000000000
122179  -15.648  -51.191  -24.721 0.5000000000
22495  -16.550  -50.927  -24.722 0.5000000000
23271  -14.619  -50.123  -24.328 0.4000000060
23272  -15.709  -50.246  -24.549 0.4000000060
23273  -16.942  -49.936  -24.754 0.5000000000
22497  -18.644  -50.442  -25.369 0.4000000060
22498  -19.369  -50.216  -25.717 0.4000000060
23276  -19.681  -49.641  -25.823 0.4000000060
23258  -12.027  -49.716  -24.155 0.4000000060
23259  -12.928  -49.845  -24.083 0.4000000060
23260  -13.748  -50.011  -24.175 0.4000000060
123397  -12.520  -47.881  -24.399 0.4000000060
127784  -14.099  -48.244  -24.820 0.4000000060
24103  -14.373  -49.070  -24.488 0.4000000060
116186  -15.243  -49.134  -24.714 0.4000000060
115469  -16.265  -49.091  -24.906 0.5000000000
24105  -17.376  -48.982  -25.087 0.5000000000
23274  -18.029  -49.755  -25.114 0.4000000060
23275  -18.979  -49.686  -25.420 0.4000000060
113173  -15.658  -48.239  -25.302 0.4000000060
118027  -16.973  -47.324  -25.545 0.4000000060
24860  -17.726  -48.074  -25.338 0.4000000060
24106  -18.557  -48.862  -25.323 0.4000000060
112000  -19.474  -48.471  -25.585 0.4000000060
24849  -12.824  -47.122  -24.931 0.3000000119
24857  -14.238  -47.513  -25.348 0.3000000119
24104  -14.790  -48.235  -25.108 0.4000000060
25596  -12.786  -45.966  -25.068 0.4000000060
25589  -13.043  -46.545  -25.164 0.3000000119
24856  -13.604  -46.963  -25.363 0.3000000119
24858  -15.066  -47.442  -25.643 0.4000000060
25610  -15.750  -45.878  -26.141 0.5000000000
25599  -16.308  -46.591  -25.895 0.4000000060
108492  -17.989  -47.206  -25.459 0.4000000060
109879  -19.024  -46.935  -25.444 0.4000000060
25602  -20.038  -46.873  -25.609 0.3000000119
26321  -15.392  -45.272  -26.160 0.5000000000
26322  -16.050  -45.103  -26.268 0.5000000000
25600  -17.276  -46.519  -25.674 0.4000000060
115966  -18.136  -46.485  -25.520 0.4000000060
25601  -18.728  -46.051  -25.524 0.3000000119
25588  -12.354  -46.475  -24.716 0.4000000060
26304  -12.452  -45.256  -24.742 0.4000000060
26310  -13.324  -45.403  -25.162 0.4000000060
124016  -14.491  -45.974  -25.802 0.5000000000
25609  -15.034  -45.969  -26.123 0.5000000000
27077  -13.130  -44.538  -24.836 0.4000000060
26320  -14.840  -45.385  -25.980 0.5000000000
27085  -15.288  -44.202  -26.034 0.5000000000
27095  -15.606  -44.544  -26.196 0.4000000060
124847  -16.984  -44.353  -26.164 0.4000000060
26313  -18.488  -45.163  -25.576 0.3000000119
27823  -14.875  -43.718  -25.475 0.3000000119
27824  -15.516  -43.504  -26.035 0.3000000119
27835  -15.806  -43.739  -26.246 0.3000000119
113132  -12.218  -45.878  -24.641 0.4000000060
27812  -12.645  -43.695  -24.396 0.3000000119
28681  -13.379  -43.073  -24.364 0.4000000060
27837  -17.064  -43.771  -26.217 0.3000000119
27805  -12.016  -43.289  -24.051 0.3000000119
116484  -12.713  -41.957  -23.726 0.3000000119
5515  -9.080  -73.575  -30.237 0.6000000238
124408  -9.677  -73.144  -29.867 0.5000000000
13549  -13.603  -62.335  -27.905 0.6000000238
13538  -13.447  -61.999  -27.075 0.6000000238
4518  -4.329  -75.645  -36.821 0.5000000000
4998  -5.246  -74.648  -33.636 0.5000000000
5568  -4.505  -73.297  -36.375 0.6999999881
6635  -5.363  -71.691  -37.489 0.6999999881
6569  -6.677  -71.933  -32.655 0.5000000000
7225  -5.770  -70.847  -35.361 0.6999999881
6666  -7.020  -71.586  -39.097 0.6999999881
6034  -9.310  -72.883  -30.791 0.6000000238
8606  -6.602  -68.865  -36.386 0.6000000238
7934  -7.703  -70.004  -38.393 0.5000000000
115619  -6.969  -72.140  -29.182 0.6999999881
8623  -6.691  -68.906  -37.253 0.6000000238
9354  -9.247  -68.025  -38.946 0.5000000000
6106  -11.509  -72.108  -38.769 0.5000000000
8567  -9.856  -68.699  -32.892 0.6000000238
8624  -6.991  -68.122  -37.610 0.5000000000
9352  -7.761  -67.346  -38.687 0.6000000238
9353  -8.261  -67.301  -39.102 0.5000000000
6121  -12.654  -71.669  -41.048 0.6000000238
6670  -12.036  -72.156  -39.510 0.6000000238
8508  -9.758  -69.194  -28.624 0.6000000238
122035  -13.187  -67.043  -32.460 0.5000000000
12858  -8.610  -62.531  -32.358 0.6000000238
11385  -6.770  -64.982  -31.209 0.6000000238
10787  -9.121  -65.196  -36.509 0.6000000238
127044  -8.526  -62.760  -31.624 0.6000000238
10693  -11.153  -65.858  -28.818 0.8000000119
12832  -8.818  -62.715  -30.874 0.6000000238
11428  -11.813  -64.544  -34.801 0.6000000238
12085  -9.050  -63.779  -29.881 0.6000000238
11465  -10.905  -63.612  -36.195 0.6000000238
11357  -12.051  -65.068  -28.391 0.8000000119
11430  -13.677  -64.850  -34.906 0.6000000238
11355  -10.416  -64.238  -28.760 0.6000000238
12086  -9.657  -63.963  -29.323 0.6999999881
12810  -10.786  -62.746  -28.292 0.6000000238
14299  -12.650  -60.781  -26.735 0.6000000238
12801  -12.755  -62.724  -27.186 0.6999999881
14300  -13.943  -61.291  -26.913 0.6000000238
15067  -13.520  -60.337  -31.087 0.5000000000
15788  -14.472  -58.648  -26.483 0.5000000000
14301  -14.390  -60.832  -27.326 0.6000000238
15068  -13.687  -59.545  -31.349 0.5000000000
20081  -11.656  -52.939  -30.200 0.6000000238
20044  -12.565  -52.859  -28.695 0.6999999881
113655  -12.453  -54.612  -28.731 0.8000000119
19182  -14.966  -54.111  -27.719 0.6000000238
110653  -12.755  -51.012  -27.727 0.6000000238
20853  -15.968  -53.086  -27.284 0.5000000000
20030  -15.114  -53.225  -27.855 0.5000000000
112609  -18.842  -53.837  -29.735 0.5000000000
123132  -12.364  -50.859  -27.568 0.5000000000
124040  -19.582  -52.594  -27.307 0.5000000000
109427  -16.005  -56.444  -26.919 0.6000000238
121864  -16.531  -56.729  -27.262 0.6000000238
17473  -16.944  -56.200  -30.167 0.5000000000
22492  -11.864  -50.795  -25.698 0.5000000000
22496  -17.633  -50.648  -25.000 0.5000000000
121150  -12.090  -48.719  -24.008 0.4000000060
24092  -12.780  -48.770  -24.136 0.4000000060
24093  -13.590  -48.907  -24.306 0.4000000060
24102  -13.398  -47.830  -24.793 0.3000000119
115634  -16.655  -48.185  -25.342 0.5000000000
24859  -15.985  -47.414  -25.696 0.4000000060
24861  -18.781  -47.875  -25.421 0.4000000060
24862  -19.725  -47.653  -25.593 0.4000000060
25597  -13.700  -46.190  -25.442 0.3000000119
107930  -14.494  -46.666  -25.775 0.5000000000
25598  -15.395  -46.654  -25.998 0.4000000060
25611  -16.642  -45.789  -25.996 0.5000000000
116704  -16.334  -44.219  -26.292 0.5000000000
26323  -16.979  -44.962  -26.065 0.4000000060
129914  -17.709  -45.076  -25.784 0.4000000060
27083  -13.881  -44.882  -25.224 0.5000000000
27822  -14.076  -44.213  -25.038 0.5000000000
27084  -14.651  -44.696  -25.637 0.4000000060
27814  -14.189  -43.417  -24.739 0.4000000060
28668  -12.528  -42.693  -24.017 0.3000000119
28669  -13.332  -42.255  -24.019 0.3000000119
28682  -14.160  -42.620  -24.352 0.3000000119
7352  -13.217  -69.724  -45.338 0.5000000000
7354  -14.733  -70.061  -45.176 0.5000000000
6721  -15.814  -70.927  -45.568 0.5000000000
7355  -15.478  -70.445  -45.133 0.5000000000
6722  -17.011  -71.121  -45.195 0.5000000000
7350  -16.277  -70.810  -45.121 0.5000000000
107947  -17.682  -71.540  -45.308 0.6000000238
8021  -12.859  -69.063  -44.916 0.5000000000
7347  -14.112  -69.644  -44.967 0.5000000000
7348  -15.021  -70.082  -44.974 0.5000000000
7349  -15.828  -70.598  -44.863 0.5000000000
6160  -18.933  -72.049  -45.057 0.6000000238
6712  -16.271  -71.325  -44.313 0.6000000238
6717  -17.587  -71.233  -44.976 0.6000000238
8020  -12.148  -68.920  -44.847 0.4000000060
7333  -6.782  -69.262  -42.940 0.4000000060
8008  -7.654  -68.762  -43.118 0.4000000060
7338  -8.316  -69.467  -43.700 0.5000000000
7343  -9.170  -68.971  -44.015 0.5000000000
7344  -9.943  -69.301  -44.376 0.5000000000
8019  -10.623  -68.702  -44.320 0.5000000000
8011  -9.997  -68.328  -43.913 0.5000000000
118589  -11.436  -68.937  -44.696 0.5000000000
8012  -11.438  -68.735  -44.345 0.5000000000
6152  -19.302  -72.459  -44.602 0.6000000238
5650  -20.011  -73.121  -44.601 0.6000000238
8013  -12.352  -68.936  -44.485 0.5000000000
7340  -13.605  -69.717  -44.273 0.5000000000
107920  -12.781  -69.512  -43.694 0.5000000000
6145  -18.576  -72.261  -44.201 0.6000000238
7341  -14.443  -70.141  -44.455 0.5000000000
6711  -15.428  -71.092  -44.096 0.6000000238
6713  -17.221  -71.490  -44.501 0.6000000238
5643  -19.128  -72.832  -43.682 0.6000000238
5641  -17.142  -73.000  -43.202 0.6000000238
5635  -19.656  -73.390  -43.122 0.6999999881
5642  -18.103  -73.069  -43.295 0.6000000238
5634  -18.124  -73.870  -42.495 0.6999999881
7320  -5.138  -70.318  -41.548 0.6000000238
7995  -6.387  -69.326  -42.264 0.6000000238
7975  -6.527  -69.495  -41.449 0.6000000238
7996  -7.308  -68.712  -42.697 0.5000000000
7977  -8.009  -68.572  -42.309 0.6000000238
8680  -8.799  -68.270  -43.186 0.5000000000
8668  -8.497  -68.180  -42.897 0.5000000000
7998  -9.233  -68.313  -42.947 0.5000000000
8000  -11.042  -68.718  -43.553 0.5000000000
7999  -10.101  -68.464  -43.354 0.5000000000
8001  -11.910  -68.995  -43.697 0.5000000000
5646  -21.160  -74.076  -44.199 0.6999999881
5645  -20.667  -73.555  -44.118 0.6000000238
5122  -21.312  -73.930  -43.631 0.8000000119
108629  -13.357  -70.243  -43.347 0.5000000000
6709  -13.996  -70.558  -43.592 0.5000000000
6141  -14.905  -71.732  -43.345 0.6000000238
5636  -20.563  -73.529  -43.389 0.6999999881
5117  -21.099  -73.978  -42.729 0.6999999881
6143  -16.506  -72.411  -43.512 0.6000000238
5115  -19.020  -74.030  -42.256 0.6999999881
128144  -16.170  -72.934  -43.022 0.6000000238
5633  -17.258  -73.734  -42.642 0.6000000238
5113  -16.595  -74.274  -42.107 0.6999999881
122483  -18.184  -74.375  -41.896 0.6999999881
5104  -18.688  -74.533  -41.330 0.6000000238
6691  -4.553  -70.953  -41.649 0.5000000000
7321  -5.823  -69.788  -41.501 0.6000000238
7978  -8.947  -68.677  -42.277 0.6000000238
7979  -9.817  -68.881  -42.344 0.6000000238
7334  -11.526  -69.404  -42.743 0.5000000000
7324  -12.007  -70.208  -42.118 0.6000000238
5123  -21.874  -74.514  -43.808 0.6999999881
7335  -12.228  -69.660  -42.931 0.5000000000
6702  -12.804  -70.433  -42.611 0.5000000000
5118  -21.946  -74.328  -43.057 0.5000000000
4572  -22.899  -75.455  -41.827 0.6000000238
6134  -14.502  -72.281  -42.632 0.5000000000
5106  -21.593  -74.475  -42.077 0.6000000238
111436  -15.110  -72.460  -42.935 0.5000000000
5116  -20.117  -73.881  -42.438 0.6999999881
5105  -20.598  -74.343  -41.794 0.6000000238
5631  -15.554  -73.571  -42.396 0.5000000000
113569  -19.626  -74.381  -41.580 0.6000000238
5087  -19.312  -74.748  -40.666 0.6000000238
5112  -15.817  -74.124  -42.069 0.5000000000
5101  -16.067  -74.501  -41.418 0.6000000238
5103  -17.766  -74.605  -41.225 0.5000000000
5071  -16.478  -74.575  -39.674 0.5000000000
4546  -18.578  -74.748  -39.229 0.5000000000
6679  -4.716  -70.893  -40.796 0.6000000238
110261  -3.910  -72.012  -40.542 0.4000000060
6693  -12.462  -70.927  -41.753 0.5000000000
4571  -22.062  -75.045  -41.482 0.6000000238
4570  -21.011  -74.865  -41.070 0.5000000000
6123  -14.153  -72.737  -41.839 0.5000000000
4556  -20.975  -75.407  -40.246 0.5000000000
4564  -21.644  -75.322  -40.740 0.5000000000
5617  -14.513  -73.568  -41.488 0.5000000000
5088  -20.112  -74.679  -41.068 0.5000000000
127932  -19.485  -74.946  -40.109 0.5000000000
5099  -14.914  -74.206  -41.135 0.6000000238
127319  -15.204  -74.520  -40.085 0.6000000238
5086  -18.282  -74.683  -40.299 0.5000000000
122676  -19.035  -74.830  -39.958 0.6000000238
5070  -15.671  -74.563  -39.919 0.6000000238
5594  -3.906  -72.724  -39.357 0.4000000060
125327  -13.450  -72.221  -41.444 0.5000000000
4065  -21.107  -75.858  -39.675 0.5000000000
5603  -13.756  -73.138  -40.908 0.5000000000
4548  -20.056  -75.673  -38.662 0.5000000000
4064  -20.820  -76.184  -39.029 0.5000000000
4049  -21.105  -76.985  -37.738 0.5000000000
4035  -21.283  -77.164  -36.887 0.5000000000
4023  -22.446  -76.412  -35.653 0.5000000000
5596  -14.200  -74.202  -39.796 0.6000000238
5069  -14.866  -74.525  -39.349 0.6000000238
4547  -19.255  -75.069  -38.580 0.5000000000
5045  -19.080  -74.949  -37.738 0.5000000000
110294  -15.714  -74.547  -37.985 0.5000000000
5587  -12.725  -73.403  -38.711 0.5000000000
4055  -20.629  -76.414  -38.179 0.5000000000
4048  -20.612  -76.575  -37.309 0.5000000000
120863  -21.260  -76.690  -36.121 0.5000000000
5055  -13.441  -74.176  -38.126 0.6000000238
125399  -19.604  -75.422  -38.008 0.5000000000
110392  -20.097  -75.933  -37.717 0.5000000000
4022  -20.916  -76.152  -35.694 0.5000000000
120489  -21.639  -76.298  -35.620 0.5000000000
115820  -22.114  -75.629  -35.178 0.5000000000
5057  -15.084  -74.588  -38.390 0.5000000000
117872  -19.242  -74.969  -35.967 0.5000000000
119489  -12.128  -72.940  -36.917 0.5000000000
4509  -20.505  -75.538  -35.201 0.5000000000
4510  -21.285  -75.653  -35.085 0.5000000000
5010  -22.459  -73.514  -34.902 0.4000000060
4501  -20.853  -75.018  -34.526 0.4000000060
4964  -5.541  -74.595  -30.155 0.4000000060
13597  -9.794  -61.250  -32.550 0.5000000000
15860  -11.165  -58.394  -32.901 0.5000000000
15092  -10.799  -59.152  -33.258 0.5000000000
16661  -11.351  -56.679  -33.475 0.5000000000
15861  -11.481  -57.605  -32.606 0.5000000000
14384  -10.132  -60.666  -33.048 0.5000000000
20901  -11.172  -52.556  -30.008 0.5000000000
21727  -11.363  -51.841  -28.796 0.5000000000
21693  -11.577  -51.150  -27.985 0.5000000000
6108  -13.130  -73.092  -39.926 0.5000000000
6150  -18.093  -71.651  -44.686 0.6000000238
6710  -14.690  -70.877  -43.821 0.6000000238
6144  -17.637  -72.241  -43.879 0.6000000238
6142  -15.637  -72.003  -43.518 0.6000000238
7976  -7.126  -68.993  -41.817 0.6000000238
6703  -13.576  -71.005  -42.759 0.5000000000
5632  -16.321  -73.421  -42.724 0.6000000238
5114  -17.443  -74.386  -42.012 0.6000000238
5102  -16.876  -74.599  -41.315 0.6000000238
5107  -22.468  -74.852  -42.434 0.6999999881
6133  -13.825  -71.879  -42.276 0.5000000000
5630  -14.916  -73.142  -42.340 0.5000000000
5083  -15.480  -74.506  -40.720 0.6000000238
5084  -16.284  -74.621  -40.596 0.6000000238
5085  -17.188  -74.650  -40.418 0.5000000000
4563  -20.100  -75.063  -40.316 0.5000000000
4555  -20.425  -75.552  -39.566 0.5000000000
5604  -14.317  -73.908  -40.643 0.5000000000
114299  -15.722  -74.557  -39.005 0.5000000000
113821  -13.767  -73.688  -40.134 0.5000000000
122599  -14.029  -74.374  -38.962 0.5000000000
5595  -13.521  -73.886  -39.290 0.5000000000
4034  -20.700  -76.479  -36.452 0.5000000000
4535  -19.573  -75.424  -37.261 0.5000000000
4523  -20.254  -75.859  -36.000 0.5000000000
5021  -22.560  -74.673  -35.051 0.5000000000
4508  -19.778  -75.277  -35.549 0.4000000060
5020  -21.712  -75.001  -34.614 0.4000000060
3592  -24.039  -77.702  -39.659 0.5000000000
3591  -23.597  -77.209  -39.625 0.6000000238
4067  -23.714  -77.144  -40.315 0.6000000238
3595  -23.668  -77.145  -40.947 0.4000000060
3584  -22.954  -77.399  -38.768 0.4000000060
116970  -21.716  -76.388  -39.440 0.4000000060
4066  -22.822  -76.707  -39.671 0.5000000000
125429  -23.477  -76.742  -40.202 0.6000000238
111097  -22.394  -76.118  -40.110 0.5000000000
4074  -21.721  -75.762  -40.152 0.4000000060
4079  -23.430  -76.643  -41.515 0.5000000000
4075  -22.517  -75.643  -40.835 0.5000000000
4573  -23.232  -76.044  -42.105 0.6000000238
126329  -22.393  -75.055  -43.735 0.6000000238
4585  -21.890  -74.995  -44.226 0.6000000238
4592  -21.160  -74.703  -44.544 0.6000000238
5126  -20.619  -73.773  -44.604 0.6000000238
5135  -20.576  -74.261  -45.004 0.6000000238
5657  -20.043  -73.443  -45.073 0.5000000000
126080  -18.939  -72.581  -45.292 0.5000000000
110326  -18.316  -72.154  -45.443 0.4000000060
6158  -16.958  -71.786  -45.752 0.5000000000
6720  -15.097  -70.679  -45.540 0.4000000060
122180  -14.124  -65.440  -34.378 0.4000000060
11448  -14.217  -64.400  -35.465 0.4000000060
11447  -13.236  -64.195  -35.404 0.5000000000
15849  -14.078  -57.839  -32.106 0.5000000000
16643  -14.654  -57.270  -31.765 0.5000000000
17490  -14.332  -57.163  -32.622 0.5000000000
17491  -14.946  -56.628  -32.029 0.4000000060
18384  -15.983  -55.496  -31.744 0.4000000060
18427  -15.640  -55.941  -35.520 0.4000000060
18385  -16.714  -55.169  -31.246 0.4000000060
129542  -16.107  -54.917  -31.861 0.4000000060
18399  -15.437  -55.070  -32.521 0.4000000060
19232  -17.528  -54.723  -30.714 0.4000000060
19250  -16.529  -54.474  -31.449 0.4000000060
109169  -15.112  -53.845  -33.950 0.4000000060
20082  -18.016  -53.900  -30.483 0.4000000060
119694  -17.033  -53.851  -31.087 0.4000000060
20106  -15.082  -52.982  -33.239 0.4000000060
20083  -18.182  -53.005  -30.186 0.4000000060
128456  -17.330  -53.236  -30.708 0.4000000060
20065  -19.005  -53.137  -29.530 0.4000000060
111832  -19.968  -50.816  -27.426 0.3000000119
21715  -19.684  -51.103  -28.156 0.4000000060
24116  -20.377  -48.805  -26.460 0.3000000119
23294  -20.418  -49.430  -26.878 0.3000000119
22533  -19.297  -50.190  -28.618 0.3000000119
23293  -20.171  -49.454  -27.540 0.3000000119
18406  -14.777  -55.629  -34.434 0.4000000060
19273  -14.950  -54.826  -34.226 0.4000000060
18398  -14.839  -55.470  -33.513 0.4000000060
17527  -14.502  -56.331  -34.167 0.4000000060
19261  -15.100  -54.499  -33.316 0.4000000060
19249  -15.576  -54.297  -32.290 0.4000000060
19285  -16.171  -54.193  -35.287 0.4000000060
20107  -15.197  -53.403  -32.358 0.4000000060
20095  -15.997  -53.719  -31.621 0.4000000060
4027  -29.217  -76.317  -35.150 0.3000000119
4042  -28.777  -76.478  -35.406 0.3000000119
3551  -28.813  -77.525  -34.808 0.4000000060
4026  -28.973  -76.928  -35.112 0.3000000119
3567  -28.484  -77.203  -35.226 0.4000000060
2545  -27.775  -78.797  -35.127 0.3000000119
3550  -28.115  -78.021  -35.170 0.3000000119
3566  -27.753  -77.700  -35.439 0.4000000060
2084  -26.964  -80.011  -34.924 0.3000000119
3049  -27.211  -78.557  -35.653 0.3000000119
114999  -26.954  -78.198  -35.825 0.3000000119
2544  -27.133  -79.334  -35.510 0.3000000119
2555  -26.554  -79.217  -36.200 0.3000000119
3048  -26.448  -78.767  -36.304 0.3000000119
128830  -26.275  -79.673  -36.266 0.3000000119
2108  -26.021  -79.519  -36.638 0.3000000119
3058  -25.970  -78.886  -36.836 0.3000000119
2107  -25.406  -80.087  -36.977 0.3000000119
2119  -25.110  -79.674  -37.750 0.3000000119
2574  -25.169  -79.073  -38.064 0.3000000119
1719  -23.805  -81.153  -36.859 0.3000000119
2099  -24.597  -80.717  -36.794 0.3000000119
2106  -24.636  -80.324  -37.477 0.3000000119
125502  -24.926  -79.445  -38.219 0.3000000119
2573  -24.771  -79.233  -38.617 0.3000000119
2105  -23.918  -80.642  -37.717 0.4000000060
4041  -28.079  -76.688  -35.549 0.3000000119
3028  -28.414  -78.363  -34.545 0.4000000060
107904  -27.413  -77.376  -35.597 0.4000000060
2535  -27.955  -79.046  -34.592 0.3000000119
109794  -25.838  -80.438  -35.744 0.3000000119
3047  -26.136  -78.498  -36.495 0.4000000060
3057  -25.496  -78.828  -37.388 0.4000000060
2091  -25.232  -80.821  -35.366 0.3000000119
3067  -25.020  -78.712  -38.152 0.4000000060
1709  -23.349  -81.565  -36.155 0.3000000119
1710  -24.326  -81.158  -36.001 0.4000000060
2582  -24.771  -78.730  -38.723 0.4000000060
2581  -24.461  -78.915  -39.220 0.3000000119
127851  -23.039  -81.753  -35.811 0.3000000119
4527  -28.491  -75.733  -35.870 0.3000000119
4539  -28.707  -75.047  -36.747 0.3000000119
111920  -27.738  -75.814  -35.922 0.3000000119
4040  -27.070  -76.449  -35.765 0.3000000119
3530  -28.539  -77.935  -33.343 0.4000000060
2083  -26.926  -80.051  -34.253 0.3000000119
2534  -27.521  -79.538  -34.281 0.4000000060
3565  -26.648  -77.584  -35.850 0.4000000060
3564  -25.721  -77.688  -36.210 0.3000000119
2092  -26.142  -80.462  -35.166 0.3000000119
2068  -25.666  -80.394  -34.153 0.3000000119
3578  -25.340  -78.332  -36.939 0.4000000060
2067  -24.697  -80.380  -34.024 0.3000000119
130407  -24.671  -78.278  -38.167 0.4000000060
3585  -24.035  -77.882  -38.543 0.5000000000
2082  -24.871  -80.855  -34.698 0.3000000119
3066  -24.644  -78.274  -38.692 0.4000000060
1697  -22.713  -81.778  -35.443 0.3000000119
4538  -27.881  -75.124  -36.720 0.3000000119
5050  -28.195  -74.784  -37.882 0.3000000119
3002  -27.797  -78.169  -32.988 0.4000000060
115117  -26.061  -76.730  -35.832 0.4000000060
3562  -23.753  -77.683  -36.696 0.4000000060
2522  -26.100  -79.818  -33.613 0.4000000060
3577  -24.540  -78.181  -37.353 0.4000000060
129088  -22.473  -77.685  -37.307 0.4000000060
2521  -25.161  -79.800  -33.635 0.3000000119
3575  -22.992  -77.792  -37.761 0.4000000060
120865  -24.384  -79.726  -33.676 0.3000000119
4057  -22.104  -77.035  -38.857 0.4000000060
4056  -21.330  -76.821  -38.512 0.4000000060
110360  -24.168  -80.774  -34.351 0.3000000119
1688  -23.068  -81.402  -34.861 0.3000000119
1687  -22.140  -81.527  -34.911 0.3000000119
4526  -26.828  -75.454  -36.270 0.3000000119
110368  -25.078  -76.914  -35.922 0.3000000119
3015  -25.508  -79.048  -33.319 0.4000000060
4037  -23.993  -76.988  -35.986 0.5000000000
3561  -22.168  -77.553  -36.843 0.4000000060
3014  -24.550  -78.968  -33.393 0.4000000060
3574  -21.960  -77.480  -37.822 0.4000000060
3013  -23.022  -78.683  -33.435 0.3000000119
2520  -23.767  -79.236  -33.580 0.3000000119
111220  -23.147  -79.444  -33.775 0.3000000119
2065  -22.836  -80.033  -34.135 0.3000000119
1686  -21.169  -81.673  -34.951 0.3000000119
2079  -21.497  -80.857  -34.518 0.3000000119
4039  -25.442  -76.049  -35.933 0.3000000119
4038  -24.570  -76.127  -35.839 0.4000000060
4036  -22.878  -77.231  -36.239 0.4000000060
3012  -22.046  -78.548  -33.345 0.3000000119
2519  -22.390  -79.300  -33.754 0.3000000119
2518  -21.453  -79.229  -33.705 0.3000000119
114865  -21.901  -80.004  -34.157 0.3000000119
2995  -21.084  -78.451  -33.221 0.3000000119
118665  -19.718  -79.247  -33.310 0.3000000119
109365  -20.512  -79.201  -33.539 0.3000000119
112899  -19.873  -79.980  -33.797 0.3000000119
2064  -20.852  -80.037  -34.129 0.3000000119
4513  -24.075  -75.331  -35.879 0.3000000119
4024  -23.276  -76.377  -35.718 0.4000000060
2507  -19.122  -78.982  -32.850 0.3000000119
2506  -18.272  -79.393  -32.872 0.3000000119
5047  -25.302  -74.386  -37.652 0.3000000119
126965  -24.227  -74.549  -36.431 0.3000000119
130074  -23.836  -74.723  -36.001 0.3000000119
5046  -24.354  -74.092  -37.448 0.3000000119
123532  -23.540  -74.145  -36.209 0.3000000119
16644  -15.329  -57.040  -31.062 0.5000000000
21730  -19.382  -51.701  -28.736 0.5000000000
21729  -18.630  -51.626  -29.461 0.4000000060
18383  -15.225  -55.855  -32.385 0.4000000060
4082  -23.158  -76.048  -42.820 0.6000000238
4078  -23.268  -76.067  -41.273 0.5000000000
115758  -21.894  -77.024  -36.160 0.4000000060
4511  -22.908  -75.583  -35.450 0.4000000060
5022  -23.386  -74.847  -35.646 0.3000000119
17526  -14.196  -57.168  -33.743 0.5000000000
19284  -15.393  -54.465  -34.810 0.4000000060
1700  -25.246  -80.607  -36.195 0.3000000119
3018  -28.680  -78.262  -33.885 0.4000000060
3056  -25.045  -78.481  -37.845 0.4000000060
108598  -27.400  -78.901  -33.293 0.4000000060
2069  -26.481  -80.162  -34.015 0.3000000119
127566  -25.701  -80.658  -34.783 0.3000000119
3563  -24.735  -77.661  -36.477 0.4000000060
2066  -23.771  -80.090  -33.949 0.3000000119
125845  -22.922  -77.802  -36.971 0.4000000060
2080  -22.465  -80.797  -34.485 0.3000000119
4025  -23.900  -76.112  -35.733 0.4000000060
122414  -23.802  -78.577  -33.310 0.3000000119
2078  -20.494  -81.015  -34.508 0.3000000119
4524  -24.889  -75.339  -36.104 0.3000000119
2517  -18.991  -79.764  -33.313 0.3000000119
112126  -19.260  -73.289  -45.365 0.5000000000
5134  -19.680  -74.143  -45.387 0.5000000000
4103  -20.764  -75.163  -44.911 0.5000000000
4098  -21.789  -75.832  -44.328 0.5000000000
3609  -23.080  -76.713  -42.842 0.4000000060
5580  -12.699  -73.575  -37.433 0.4000000060
3596  -23.800  -77.505  -40.424 0.5000000000
3078  -23.982  -77.964  -40.211 0.3000000119
113061  -23.954  -79.281  -39.424 0.3000000119
3073  -24.339  -78.330  -39.408 0.4000000060
2118  -24.564  -79.912  -38.250 0.3000000119
2129  -24.245  -79.580  -38.915 0.3000000119
2999  -24.286  -78.133  -33.038 0.3000000119
3516  -25.000  -77.576  -32.704 0.3000000119
3000  -25.809  -78.283  -32.960 0.3000000119
3541  -28.934  -77.830  -34.259 0.3000000119
3991  -25.437  -76.660  -32.410 0.3000000119
3517  -26.111  -77.449  -32.654 0.3000000119
3001  -26.811  -78.241  -32.895 0.3000000119
3519  -28.133  -77.406  -32.971 0.3000000119
124269  -28.681  -77.303  -33.332 0.3000000119
3994  -28.380  -76.748  -33.120 0.3000000119
3992  -26.505  -76.505  -32.535 0.3000000119
120246  -27.132  -75.894  -32.680 0.3000000119
116505  -27.569  -76.675  -32.805 0.3000000119
3993  -27.904  -76.091  -32.955 0.3000000119
3531  -28.952  -77.462  -33.781 0.3000000119
4004  -29.162  -76.663  -34.076 0.3000000119
117372  -26.419  -75.671  -32.415 0.3000000119
4496  -28.979  -75.943  -33.863 0.3000000119
6157  -15.914  -71.911  -45.887 0.3000000119
4083  -23.247  -76.625  -42.231 0.5000000000
4088  -22.870  -76.181  -43.404 0.4000000060
4584  -21.343  -75.307  -44.567 0.5000000000
2593  -23.909  -78.685  -39.893 0.3000000119
20129  -16.434  -53.337  -34.815 0.3000000119
20117  -15.473  -53.077  -34.134 0.3000000119
20903  -17.026  -52.418  -30.600 0.3000000119
5656  -18.507  -73.070  -45.601 0.4000000060
4590  -19.099  -75.035  -45.420 0.4000000060
2610  -19.293  -79.339  -42.505 0.4000000060
3104  -19.032  -78.058  -43.778 0.4000000060
3615  -19.760  -77.563  -44.170 0.4000000060
3617  -21.375  -76.746  -44.241 0.4000000060
4087  -22.253  -76.446  -43.889 0.4000000060
4096  -19.648  -76.695  -44.697 0.4000000060
121527  -20.199  -75.884  -44.977 0.4000000060
2589  -18.810  -79.934  -41.375 0.3000000119
2599  -19.398  -79.773  -41.951 0.4000000060
3098  -20.694  -78.486  -43.251 0.4000000060
4102  -19.372  -75.857  -45.092 0.4000000060
3097  -19.225  -78.537  -43.331 0.4000000060
122987  -18.667  -79.526  -42.036 0.3000000119
109749  -19.806  -78.957  -43.005 0.4000000060
3605  -19.880  -78.280  -43.623 0.4000000060
3616  -20.479  -76.909  -44.470 0.4000000060
3606  -20.803  -77.713  -43.937 0.4000000060
3607  -21.807  -77.320  -43.698 0.4000000060
2134  -19.060  -80.373  -40.567 0.3000000119
3087  -20.656  -79.098  -42.543 0.3000000119
123059  -20.436  -79.660  -41.691 0.3000000119
2613  -22.071  -78.687  -42.122 0.3000000119
3081  -22.712  -78.405  -41.822 0.3000000119
3088  -21.569  -78.512  -42.723 0.3000000119
3082  -23.349  -78.024  -41.427 0.3000000119
3083  -23.659  -77.686  -40.913 0.3000000119
3598  -23.413  -77.275  -41.652 0.3000000119
3100  -22.176  -77.770  -43.106 0.3000000119
3601  -22.838  -77.406  -42.713 0.3000000119
3608  -22.603  -76.987  -43.329 0.3000000119
4426  -16.062  -75.215  -27.350 0.3000000119
3942  -17.096  -75.461  -28.199 0.3000000119
3987  -21.876  -76.806  -32.119 0.3000000119
4444  -18.674  -75.653  -28.752 0.3000000119
4467  -19.655  -75.658  -30.222 0.3000000119
3966  -20.091  -76.053  -30.925 0.3000000119
4478  -20.903  -75.811  -31.117 0.3000000119
3976  -21.402  -76.309  -31.644 0.3000000119
3977  -22.255  -76.205  -31.711 0.3000000119
4457  -19.354  -75.383  -29.300 0.3000000119
4458  -20.045  -75.043  -29.765 0.3000000119
4468  -20.442  -75.384  -30.499 0.3000000119
4469  -21.227  -75.128  -30.692 0.3000000119
2612  -21.408  -79.164  -41.996 0.3000000119
3954  -16.582  -75.256  -28.871 0.3000000119
3964  -18.364  -76.608  -30.344 0.3000000119
3956  -18.060  -76.117  -29.442 0.3000000119
3943  -17.964  -75.721  -28.208 0.3000000119
3957  -18.861  -75.973  -29.820 0.3000000119
4968  -20.387  -74.451  -29.334 0.3000000119
1696  -21.842  -82.029  -35.507 0.3000000119
1698  -23.564  -81.504  -35.487 0.3000000119
1699  -24.405  -81.180  -35.261 0.4000000060
2081  -23.388  -80.777  -34.410 0.3000000119
2100  -25.961  -80.105  -36.312 0.3000000119
2523  -27.028  -79.685  -33.715 0.3000000119
2524  -28.191  -78.933  -34.071 0.4000000060
2564  -25.632  -79.238  -37.215 0.3000000119
2565  -26.144  -79.058  -36.702 0.3000000119
2609  -18.681  -79.192  -42.489 0.4000000060
2611  -19.926  -79.407  -42.351 0.4000000060
2618  -18.929  -78.918  -42.950 0.4000000060
3016  -26.460  -79.033  -33.260 0.4000000060
3017  -28.178  -78.632  -33.529 0.4000000060
3089  -22.465  -78.122  -42.473 0.3000000119
3099  -21.433  -78.019  -43.401 0.3000000119
3518  -27.171  -77.414  -32.753 0.3000000119
3532  -29.123  -77.161  -34.387 0.3000000119
3576  -23.686  -77.956  -37.395 0.5000000000
3602  -23.156  -77.128  -42.323 0.3000000119
3970  -5.128  -76.089  -31.614 0.5000000000
4003  -28.900  -76.751  -33.601 0.3000000119
4076  -23.522  -76.668  -40.806 0.5000000000
4097  -20.946  -76.050  -44.720 0.4000000060
4099  -22.449  -75.607  -43.862 0.5000000000
4475  -6.203  -75.239  -31.388 0.5000000000
4490  -26.786  -75.088  -32.525 0.3000000119
4502  -29.303  -76.012  -34.421 0.3000000119
4512  -23.540  -75.645  -35.639 0.4000000060
4522  -19.642  -75.404  -36.400 0.4000000060
4536  -20.111  -76.004  -36.859 0.5000000000
4575  -22.993  -75.432  -42.701 0.6000000238
4578  -22.829  -75.497  -43.344 0.6000000238
4591  -20.022  -75.022  -45.280 0.5000000000
4965  -6.497  -74.568  -30.068 0.5000000000
4975  -7.452  -74.493  -30.646 0.5000000000
4990  -5.581  -74.643  -32.851 0.6000000238
5016  -4.655  -74.745  -35.787 0.6000000238
5034  -23.009  -73.862  -35.635 0.3000000119
5056  -14.343  -74.490  -38.258 0.5000000000
5082  -14.816  -74.379  -40.305 0.6000000238
5100  -15.470  -74.313  -41.464 0.6000000238
5119  -22.521  -74.909  -43.263 0.6999999881
5127  -20.966  -74.243  -44.509 0.6000000238
5506  -9.178  -73.414  -29.611 0.6000000238
5531  -6.592  -73.382  -32.254 0.6000000238
5618  -15.156  -73.922  -41.876 0.5000000000
5644  -20.006  -72.986  -43.980 0.6000000238
6011  -10.331  -72.413  -28.723 0.6000000238
6017  -5.564  -72.356  -29.602 0.6000000238
6019  -7.548  -73.106  -29.268 0.6000000238
6043  -7.978  -72.233  -31.772 0.6000000238
6049  -5.379  -72.735  -33.857 0.6999999881
6050  -5.752  -72.609  -33.290 0.6999999881
6091  -12.876  -73.087  -36.388 0.4000000060
6107  -12.100  -72.670  -38.702 0.6000000238
6135  -15.721  -72.887  -42.905 0.5000000000
6151  -18.727  -71.857  -44.828 0.6000000238
6159  -17.629  -72.120  -45.702 0.5000000000
6161  -19.491  -72.681  -45.031 0.6000000238
6531  -10.180  -72.002  -28.095 0.5000000000
6537  -6.477  -71.327  -29.497 0.6999999881
6559  -8.826  -72.078  -31.525 0.6000000238
6704  -14.244  -71.417  -43.042 0.5000000000
6716  -16.786  -70.936  -44.923 0.6000000238
6723  -18.290  -71.625  -45.018 0.6000000238
7131  -12.265  -70.858  -26.878 0.8000000119
7147  -6.180  -70.649  -29.887 0.6999999881
7171  -9.835  -71.137  -31.576 0.5000000000
7200  -7.036  -70.147  -33.404 0.6000000238
7342  -15.102  -70.477  -44.540 0.6000000238
7345  -10.845  -69.609  -44.820 0.5000000000
7353  -13.942  -69.788  -45.244 0.5000000000
7795  -13.241  -69.984  -26.456 0.6000000238
7822  -8.488  -69.934  -29.086 0.6000000238
7864  -10.369  -69.179  -32.346 0.6000000238
7876  -8.304  -69.257  -33.311 0.5000000000
7997  -8.038  -68.128  -43.001 0.5000000000
8009  -8.580  -68.558  -43.348 0.5000000000
8010  -9.361  -68.452  -43.639 0.5000000000
8014  -13.022  -69.201  -44.539 0.5000000000
8018  -9.855  -68.550  -44.079 0.5000000000
8022  -13.402  -69.286  -44.875 0.5000000000
8023  -12.699  -69.281  -45.160 0.5000000000
8024  -13.411  -69.315  -45.024 0.5000000000
8510  -11.766  -68.668  -27.262 0.8000000119
8539  -8.266  -67.984  -30.041 0.6999999881
8556  -12.628  -68.673  -31.312 0.5000000000
8557  -13.382  -68.543  -31.037 0.5000000000
8569  -11.500  -68.185  -32.174 0.6000000238
8689  -9.450  -68.341  -43.487 0.5000000000
9264  -8.182  -67.235  -30.125 0.6999999881
9290  -9.619  -67.561  -33.766 0.6000000238
9291  -10.281  -67.242  -33.466 0.6000000238
9297  -8.144  -67.658  -34.776 0.5000000000
10025  -11.354  -66.297  -33.395 0.6000000238
10026  -12.176  -66.279  -33.192 0.6000000238
10041  -9.446  -66.503  -34.671 0.6000000238
10674  -15.330  -66.321  -26.735 0.5000000000
10777  -10.930  -64.640  -34.958 0.6000000238
10800  -9.007  -64.915  -37.299 0.5000000000
11364  -8.446  -64.344  -30.197 0.6000000238
11376  -8.087  -65.017  -30.275 0.6000000238
11431  -14.609  -65.048  -34.954 0.4000000060
11446  -12.285  -64.028  -35.354 0.6000000238
11488  -9.117  -64.828  -38.665 0.5000000000
12064  -12.819  -63.544  -27.844 0.6000000238
12074  -12.360  -64.283  -28.180 0.6999999881
12098  -7.926  -63.956  -30.798 0.6000000238
12110  -6.877  -64.339  -31.522 0.6000000238
12185  -10.479  -63.386  -36.963 0.6000000238
12205  -9.797  -63.720  -37.635 0.6000000238
12800  -12.162  -62.175  -27.094 0.6000000238
12959  -10.660  -62.826  -39.419 0.5000000000
13530  -13.500  -61.203  -26.625 0.6000000238
13550  -13.986  -61.466  -28.377 0.6000000238
13586  -13.286  -61.721  -31.454 0.5000000000
14298  -11.917  -60.788  -27.317 0.6000000238
14311  -14.471  -60.466  -28.427 0.6000000238
14332  -10.434  -60.450  -30.531 0.8000000119
14333  -13.891  -60.360  -30.225 0.5000000000
14348  -13.158  -61.030  -31.759 0.5000000000
14363  -10.563  -60.018  -32.566 0.5000000000
15018  -13.339  -59.377  -26.493 0.6999999881
15025  -14.667  -59.935  -26.957 0.6000000238
15054  -14.974  -59.163  -29.018 0.5000000000
15065  -10.751  -59.800  -30.407 0.6999999881
15787  -13.647  -58.682  -26.470 0.5000000000
15789  -15.089  -58.442  -26.620 0.5000000000
15803  -11.684  -58.611  -28.417 0.6999999881
15822  -14.591  -59.090  -29.980 0.5000000000
16574  -13.986  -58.047  -26.421 0.6000000238
16586  -12.753  -57.633  -27.276 0.6000000238
16588  -15.880  -57.838  -27.130 0.5000000000
16601  -16.402  -57.442  -28.282 0.5000000000
16614  -11.584  -57.475  -29.554 0.6999999881
16615  -15.877  -57.947  -28.817 0.6000000238
16660  -11.269  -57.578  -33.522 0.5000000000
17424  -13.974  -57.259  -26.556 0.6999999881
17436  -15.248  -56.456  -26.725 0.6000000238
17438  -17.110  -56.253  -27.658 0.5000000000
17446  -12.328  -56.406  -28.220 0.8000000119
17492  -15.718  -56.225  -31.470 0.4000000060
17510  -14.599  -56.403  -33.090 0.4000000060
18341  -12.384  -55.591  -28.431 0.8000000119
18343  -18.594  -55.216  -29.130 0.5000000000
18366  -16.488  -55.846  -30.973 0.5000000000
18367  -17.267  -55.552  -30.506 0.5000000000
18417  -15.183  -55.360  -34.959 0.4000000060
19201  -13.937  -54.013  -28.018 0.6000000238
19294  -15.872  -55.045  -35.511 0.4000000060
20033  -18.764  -53.796  -27.163 0.4000000060
20128  -15.631  -53.741  -34.630 0.4000000060
20843  -16.443  -52.653  -26.465 0.4000000060
20888  -10.949  -52.183  -29.426 0.5000000000
20889  -11.476  -52.281  -29.396 0.6999999881
20890  -18.673  -52.476  -29.673 0.4000000060
20928  -15.510  -52.370  -33.625 0.4000000060
20939  -17.065  -52.638  -34.478 0.3000000119
21682  -18.883  -51.773  -25.952 0.5000000000
21694  -12.140  -50.958  -27.947 0.6000000238
22508  -19.902  -50.202  -26.296 0.4000000060
22509  -20.219  -49.831  -26.646 0.4000000060
22534  -19.894  -50.219  -27.819 0.3000000119
23283  -20.133  -49.495  -26.325 0.4000000060
24107  -20.191  -48.241  -25.934 0.3000000119
24115  -19.949  -48.987  -25.887 0.3000000119
26311  -14.196  -45.469  -25.501 0.5000000000
26312  -17.696  -45.720  -25.706 0.4000000060
27094  -15.189  -44.825  -26.084 0.5000000000
27813  -13.473  -43.782  -24.676 0.4000000060
107753  -8.283  -66.016  -38.640 0.5000000000
108815  -23.086  -77.730  -42.109 0.3000000119
109197  -16.445  -71.196  -45.548 0.5000000000
109421  -5.638  -69.913  -42.110 0.6000000238
110236  -12.853  -61.824  -26.734 0.6000000238
112371  -17.913  -73.666  -45.737 0.4000000060
112565  -23.088  -76.279  -40.487 0.6000000238
113505  -18.994  -79.545  -42.262 0.3000000119
114399  -13.377  -62.367  -31.603 0.5000000000
114521  -15.044  -55.017  -27.307 0.8000000119
115174  -10.614  -68.462  -44.007 0.5000000000
115772  -26.342  -80.342  -34.532 0.3000000119
116394  -21.387  -74.513  -44.240 0.6999999881
116777  -26.245  -75.967  -35.964 0.3000000119
117235  -7.996  -71.262  -28.821 0.6999999881
118617  -17.445  -52.811  -26.243 0.5000000000
119334  -15.238  -51.858  -26.237 0.5000000000
119526  -9.764  -71.227  -27.976 0.6000000238
119608  -15.555  -58.796  -27.686 0.6000000238
120138  -26.483  -79.980  -35.775 0.3000000119
120778  -15.082  -53.766  -33.067 0.4000000060
121442  -19.364  -49.142  -25.570 0.4000000060
121615  -16.808  -56.825  -27.949 0.6000000238
121646  -27.502  -79.370  -34.890 0.3000000119
122176  -21.548  -77.320  -32.453 0.3000000119
122462  -25.019  -78.383  -33.088 0.4000000060
123432  -18.131  -54.212  -27.206 0.4000000060
123624  -17.179  -72.658  -45.845 0.5000000000
124072  -22.012  -74.256  -34.486 0.4000000060
124528  -20.321  -76.411  -44.743 0.4000000060
124918  -10.553  -65.331  -34.577 0.6000000238
124963  -6.409  -75.207  -30.944 0.5000000000
125649  -13.721  -68.006  -31.356 0.5000000000
126821  -12.076  -62.884  -27.251 0.6000000238
126848  -19.557  -75.129  -39.495 0.5000000000
127025  -8.340  -66.586  -35.910 0.5000000000
127085  -18.814  -73.411  -42.940 0.6999999881
127824  -11.738  -56.810  -29.596 0.6999999881
127834  -10.070  -61.578  -29.664 0.8000000119
128265  -8.545  -73.891  -30.383 0.6000000238
129335  -7.737  -67.607  -35.242 0.5000000000
129355  -11.745  -67.864  -27.822 0.8000000119
129412  -27.733  -79.211  -33.759 0.4000000060
129473  -13.881  -68.371  -26.216 0.6000000238
129660  -13.618  -70.295  -27.263 0.5000000000
129796  -9.484  -63.323  -29.585 0.6999999881
130430  -24.236  -80.739  -37.203 0.3000000119
