#!ascii label  , from subject sub-v2s7x29676_ses-1 vox2ras=TkReg
324
64275  -29.205  -0.999  -37.261 0.0000000000
109713  -27.120  2.106  -40.430 0.0000000000
78680  -25.641  15.717  -41.045 0.0000000000
75356  -27.360  11.629  -40.177 0.0000000000
72174  -29.196  7.582  -39.004 0.0000000000
68733  -31.797  3.824  -37.447 0.0000000000
118543  -25.381  17.025  -41.029 0.0000000000
114842  -28.203  9.135  -39.642 0.0000000000
71255  -26.355  6.377  -40.798 0.0000000000
65974  -28.605  0.367  -39.128 0.0000000000
67844  -29.379  2.973  -39.453 0.0000000000
66891  -31.112  1.408  -37.228 0.0000000000
60745  -26.270  -5.736  -35.643 0.0000000000
63470  -27.026  -2.177  -38.762 0.0000000000
83969  -23.902  22.718  -42.689 0.0000000000
83213  -25.224  21.499  -42.379 0.0000000000
82427  -26.714  20.049  -41.471 0.0000000000
81009  -28.048  18.808  -40.522 0.0000000000
79468  -28.837  16.797  -39.348 0.0000000000
121718  -26.354  13.395  -40.769 0.0000000000
77758  -28.615  14.578  -38.978 0.0000000000
76082  -29.842  12.390  -37.811 0.0000000000
73791  -30.267  9.721  -37.848 0.0000000000
72955  -31.524  8.397  -37.387 0.0000000000
70446  -28.108  5.239  -40.189 0.0000000000
70427  -30.052  5.507  -38.580 0.0000000000
72195  -26.007  7.592  -41.209 0.0000000000
71254  -25.077  6.428  -40.927 0.0000000000
65105  -29.103  0.009  -38.437 0.0000000000
66905  -29.942  1.226  -38.327 0.0000000000
65093  -30.179  0.177  -37.265 0.0000000000
57361  -26.640  -9.259  -33.056 0.0000000000
59026  -27.197  -7.908  -33.277 0.0000000000
59037  -27.136  -7.111  -33.706 0.0000000000
64297  -26.817  -1.236  -39.284 0.0000000000
63469  -26.324  -2.583  -38.505 0.0000000000
114605  -26.446  21.349  -41.792 0.0000000000
79486  -25.450  16.332  -41.072 0.0000000000
80286  -25.857  17.422  -40.990 0.0000000000
80277  -26.193  16.822  -40.808 0.0000000000
80268  -28.606  17.650  -39.786 0.0000000000
79479  -27.228  16.083  -40.192 0.0000000000
76109  -27.101  12.428  -40.382 0.0000000000
76910  -27.486  13.798  -39.847 0.0000000000
117876  -27.869  12.975  -39.566 0.0000000000
116070  -29.393  13.069  -38.233 0.0000000000
76080  -28.310  12.048  -39.279 0.0000000000
72991  -28.674  8.310  -39.366 0.0000000000
73789  -29.049  9.897  -38.820 0.0000000000
73790  -29.597  9.198  -38.448 0.0000000000
121158  -30.879  9.087  -37.535 0.0000000000
72158  -30.325  7.820  -37.959 0.0000000000
68765  -26.324  3.319  -40.499 0.0000000000
118847  -26.857  4.829  -40.623 0.0000000000
68766  -27.848  3.680  -40.374 0.0000000000
68743  -30.445  3.374  -38.456 0.0000000000
116825  -29.974  4.029  -38.913 0.0000000000
69574  -31.278  4.430  -37.776 0.0000000000
70416  -31.118  5.760  -37.661 0.0000000000
125641  -32.068  4.697  -37.333 0.0000000000
61640  -27.755  -4.952  -34.797 0.0000000000
61654  -26.620  -5.018  -36.070 0.0000000000
61656  -28.082  -4.204  -35.077 0.0000000000
62605  -28.072  -3.176  -36.231 0.0000000000
73830  -26.098  10.070  -41.181 0.0000000000
74568  -27.545  10.825  -39.954 0.0000000000
73818  -26.720  9.463  -40.785 0.0000000000
72990  -27.866  8.194  -40.042 0.0000000000
119101  -27.821  7.103  -40.183 0.0000000000
66917  -27.450  1.379  -40.243 0.0000000000
67843  -28.695  2.414  -39.863 0.0000000000
129148  -28.984  1.746  -39.512 0.0000000000
113213  -30.023  1.979  -38.621 0.0000000000
67814  -31.212  2.314  -37.552 0.0000000000
59893  -27.277  -6.381  -34.117 0.0000000000
66916  -26.139  1.202  -40.000 0.0000000000
65116  -27.819  0.002  -39.512 0.0000000000
65115  -27.607  -0.801  -39.210 0.0000000000
64274  -28.508  -1.455  -37.746 0.0000000000
85371  -23.254  24.148  -42.842 0.0000000000
114882  -23.934  21.460  -41.132 0.0000000000
83970  -24.436  22.468  -42.798 0.0000000000
83960  -26.555  22.236  -41.860 0.0000000000
83205  -27.278  21.726  -41.432 0.0000000000
83197  -27.956  21.179  -40.963 0.0000000000
81019  -26.077  18.323  -41.210 0.0000000000
81700  -27.084  19.436  -41.149 0.0000000000
82417  -29.163  20.380  -40.497 0.0000000000
112077  -29.283  19.653  -40.352 0.0000000000
81000  -29.428  18.365  -39.782 0.0000000000
80262  -29.866  17.096  -38.948 0.0000000000
77765  -26.116  14.497  -40.861 0.0000000000
78663  -27.483  15.302  -39.915 0.0000000000
78664  -28.276  15.291  -39.371 0.0000000000
78652  -29.993  15.641  -38.285 0.0000000000
77746  -30.560  15.015  -37.851 0.0000000000
76066  -31.626  12.785  -37.456 0.0000000000
74549  -28.652  10.595  -39.064 0.0000000000
119512  -30.323  11.097  -37.702 0.0000000000
70443  -25.749  5.313  -40.669 0.0000000000
129222  -26.959  6.007  -40.627 0.0000000000
71244  -28.441  6.535  -39.771 0.0000000000
68756  -29.342  3.777  -39.490 0.0000000000
70438  -29.487  5.364  -39.072 0.0000000000
71235  -29.712  6.896  -38.579 0.0000000000
71220  -31.070  6.570  -37.569 0.0000000000
115088  -31.597  7.046  -37.374 0.0000000000
62616  -27.005  -3.391  -37.674 0.0000000000
63446  -28.443  -2.449  -36.558 0.0000000000
63447  -29.110  -2.002  -36.044 0.0000000000
65092  -29.506  -0.272  -37.659 0.0000000000
65082  -29.878  -0.528  -36.869 0.0000000000
65083  -30.593  -0.169  -36.576 0.0000000000
64265  -30.282  -0.761  -36.252 0.0000000000
58191  -28.102  -8.946  -32.721 0.0000000000
58217  -27.351  -8.742  -32.959 0.0000000000
79487  -25.898  16.194  -40.885 0.0000000000
79478  -26.490  16.125  -40.618 0.0000000000
78671  -26.179  15.534  -40.788 0.0000000000
115818  -26.632  11.185  -40.768 0.0000000000
75368  -26.325  11.714  -40.991 0.0000000000
75355  -26.860  11.764  -40.601 0.0000000000
121388  -27.287  13.091  -40.115 0.0000000000
76096  -27.607  12.264  -39.869 0.0000000000
75341  -27.846  11.440  -39.664 0.0000000000
72972  -29.339  8.382  -38.768 0.0000000000
72973  -29.967  8.394  -38.217 0.0000000000
72157  -29.803  7.695  -38.431 0.0000000000
67854  -27.217  2.936  -40.517 0.0000000000
68744  -31.105  3.663  -37.891 0.0000000000
69589  -30.616  4.235  -38.332 0.0000000000
119769  -31.405  5.115  -37.640 0.0000000000
114334  -32.516  3.915  -37.022 0.0000000000
113873  -25.984  9.143  -41.272 0.0000000000
111145  -26.441  7.173  -40.892 0.0000000000
72185  -26.503  7.961  -40.954 0.0000000000
72186  -27.147  7.614  -40.567 0.0000000000
71256  -27.071  6.727  -40.585 0.0000000000
65984  -28.080  0.786  -39.794 0.0000000000
66918  -28.335  1.585  -39.921 0.0000000000
65985  -28.815  1.109  -39.368 0.0000000000
66890  -30.556  1.738  -37.926 0.0000000000
109410  -30.539  2.525  -38.216 0.0000000000
57339  -26.595  -9.992  -32.748 0.0000000000
59877  -28.071  -5.977  -33.764 0.0000000000
65983  -27.274  0.524  -40.008 0.0000000000
113292  -27.485  -1.505  -38.910 0.0000000000
64287  -28.128  -1.152  -38.545 0.0000000000
64286  -27.815  -1.894  -38.290 0.0000000000
84646  -23.530  23.396  -41.986 0.0000000000
84655  -23.623  23.448  -43.145 0.0000000000
85376  -23.575  24.126  -43.481 0.0000000000
83203  -25.092  20.981  -42.178 0.0000000000
83212  -24.800  21.717  -42.411 0.0000000000
129555  -24.504  22.660  -43.066 0.0000000000
83971  -24.978  22.193  -42.769 0.0000000000
83972  -25.703  22.625  -42.445 0.0000000000
83214  -25.726  21.763  -42.264 0.0000000000
119799  -26.364  20.619  -41.731 0.0000000000
117807  -27.055  20.861  -41.415 0.0000000000
83206  -28.008  22.071  -41.111 0.0000000000
81018  -25.417  17.994  -41.169 0.0000000000
81008  -27.253  18.372  -40.715 0.0000000000
81020  -26.735  18.651  -41.050 0.0000000000
115497  -27.379  18.968  -40.842 0.0000000000
81689  -27.833  19.581  -40.783 0.0000000000
81690  -28.616  19.631  -40.512 0.0000000000
81010  -28.969  19.008  -40.253 0.0000000000
79480  -27.844  16.871  -39.934 0.0000000000
80269  -29.399  17.578  -39.411 0.0000000000
80270  -30.185  17.861  -39.320 0.0000000000
121315  -25.941  13.175  -41.064 0.0000000000
76935  -26.016  13.940  -40.946 0.0000000000
77766  -26.503  14.722  -40.633 0.0000000000
77756  -27.164  14.597  -40.200 0.0000000000
76911  -28.223  13.766  -39.301 0.0000000000
77757  -27.833  14.539  -39.603 0.0000000000
78665  -29.080  15.422  -38.754 0.0000000000
78653  -31.018  15.776  -38.115 0.0000000000
77745  -29.585  14.683  -38.278 0.0000000000
120315  -30.168  13.218  -37.645 0.0000000000
76902  -31.155  13.483  -37.486 0.0000000000
76083  -30.720  12.621  -37.494 0.0000000000
73806  -27.818  9.998  -39.804 0.0000000000
74569  -28.096  10.665  -39.517 0.0000000000
73807  -28.454  9.904  -39.340 0.0000000000
120213  -29.625  9.987  -38.354 0.0000000000
74550  -29.272  10.618  -38.556 0.0000000000
74551  -29.948  10.544  -38.010 0.0000000000
75308  -31.056  11.261  -37.434 0.0000000000
74530  -30.692  10.505  -37.560 0.0000000000
114573  -32.397  7.984  -37.299 0.0000000000
70442  -25.144  5.260  -40.575 0.0000000000
69610  -27.599  4.579  -40.440 0.0000000000
70445  -27.291  5.372  -40.524 0.0000000000
71257  -27.747  6.108  -40.300 0.0000000000
120360  -28.439  5.818  -39.889 0.0000000000
68755  -28.685  3.344  -39.971 0.0000000000
69588  -30.053  4.804  -38.729 0.0000000000
69600  -29.400  4.591  -39.325 0.0000000000
120359  -29.606  6.107  -38.813 0.0000000000
70428  -30.365  6.146  -38.162 0.0000000000
71236  -30.357  7.108  -38.007 0.0000000000
119232  -31.881  5.641  -37.378 0.0000000000
71221  -31.835  6.414  -37.338 0.0000000000
63428  -28.754  -2.720  -35.732 0.0000000000
73013  -25.945  8.278  -41.296 0.0000000000
71263  -25.698  6.914  -41.092 0.0000000000
65975  -29.309  0.764  -38.729 0.0000000000
65961  -29.757  0.467  -38.012 0.0000000000
65962  -30.410  0.940  -37.601 0.0000000000
65954  -30.897  0.581  -36.892 0.0000000000
57340  -27.600  -9.681  -32.652 0.0000000000
59027  -27.894  -7.334  -33.210 0.0000000000
128837  -26.440  -0.674  -39.478 0.0000000000
64296  -25.889  -0.929  -39.252 0.0000000000
64285  -26.210  -1.820  -38.918 0.0000000000
111706  -23.832  22.467  -41.552 0.0000000000
83204  -25.709  20.914  -42.056 0.0000000000
122305  -25.398  20.376  -41.971 0.0000000000
82426  -25.951  19.944  -41.843 0.0000000000
117926  -25.717  16.735  -40.946 0.0000000000
80287  -26.617  17.733  -40.796 0.0000000000
80279  -27.684  17.804  -40.344 0.0000000000
80278  -26.969  16.886  -40.463 0.0000000000
121716  -26.785  13.231  -40.506 0.0000000000
76921  -26.950  13.902  -40.370 0.0000000000
76912  -28.962  13.814  -38.581 0.0000000000
76097  -28.562  12.969  -38.888 0.0000000000
76081  -29.070  12.199  -38.536 0.0000000000
73808  -28.864  9.136  -39.064 0.0000000000
121358  -30.254  8.952  -37.923 0.0000000000
72954  -30.629  8.368  -37.698 0.0000000000
72139  -30.996  7.559  -37.517 0.0000000000
69608  -26.246  4.717  -40.622 0.0000000000
123109  -26.111  4.058  -40.548 0.0000000000
69609  -26.864  4.012  -40.602 0.0000000000
130190  -29.842  3.383  -39.039 0.0000000000
113719  -30.701  5.132  -38.110 0.0000000000
70417  -32.638  5.379  -37.059 0.0000000000
129167  -33.015  5.774  -36.932 0.0000000000
60746  -27.047  -5.364  -35.250 0.0000000000
61655  -27.368  -4.631  -35.579 0.0000000000
62589  -27.700  -3.886  -35.882 0.0000000000
62604  -27.377  -3.624  -36.745 0.0000000000
62590  -28.428  -3.463  -35.410 0.0000000000
74593  -26.203  10.939  -41.125 0.0000000000
74582  -27.075  11.016  -40.443 0.0000000000
73819  -27.236  10.171  -40.335 0.0000000000
72989  -27.502  9.247  -40.213 0.0000000000
73001  -26.441  8.660  -41.009 0.0000000000
73002  -27.057  8.519  -40.618 0.0000000000
72173  -28.515  7.418  -39.592 0.0000000000
66927  -27.815  2.203  -40.291 0.0000000000
66904  -29.455  2.211  -39.252 0.0000000000
125285  -29.448  1.495  -38.985 0.0000000000
67831  -29.971  2.743  -38.849 0.0000000000
67832  -30.956  2.999  -37.900 0.0000000000
67815  -31.527  3.093  -37.498 0.0000000000
67816  -32.182  3.175  -37.073 0.0000000000
117250  -31.843  2.581  -37.119 0.0000000000
65955  -31.726  0.949  -36.514 0.0000000000
112638  -26.346  -10.679  -32.540 0.0000000000
60732  -26.750  -6.091  -34.857 0.0000000000
59892  -26.532  -6.855  -34.421 0.0000000000
60733  -27.494  -5.669  -34.481 0.0000000000
60734  -28.118  -5.316  -34.227 0.0000000000
66926  -26.645  1.670  -40.300 0.0000000000
65114  -26.957  -0.321  -39.713 0.0000000000
65104  -28.367  -0.396  -38.838 0.0000000000
65091  -28.822  -0.720  -38.082 0.0000000000
85368  -23.292  24.331  -41.563 0.0000000000
83959  -24.320  22.003  -42.132 0.0000000000
84656  -24.070  22.993  -43.281 0.0000000000
84657  -24.773  22.971  -43.131 0.0000000000
83961  -27.477  22.620  -41.480 0.0000000000
83954  -28.810  21.876  -40.817 0.0000000000
81698  -25.731  19.002  -41.527 0.0000000000
81699  -26.347  19.206  -41.455 0.0000000000
82428  -27.504  20.244  -41.079 0.0000000000
124286  -28.735  21.017  -40.664 0.0000000000
83198  -29.423  21.249  -40.602 0.0000000000
122031  -29.873  20.734  -40.474 0.0000000000
81684  -29.763  19.234  -40.108 0.0000000000
124376  -28.550  18.333  -40.141 0.0000000000
77778  -25.656  14.565  -41.129 0.0000000000
120262  -25.905  15.076  -40.961 0.0000000000
78672  -26.811  15.378  -40.453 0.0000000000
79467  -27.999  16.041  -39.617 0.0000000000
111966  -28.708  15.962  -39.158 0.0000000000
79469  -29.477  16.256  -38.787 0.0000000000
114122  -30.438  16.466  -38.524 0.0000000000
76900  -29.778  13.841  -37.979 0.0000000000
77747  -31.019  14.343  -37.589 0.0000000000
76886  -32.064  13.368  -37.511 0.0000000000
75342  -28.345  11.212  -39.288 0.0000000000
75324  -28.826  11.335  -38.796 0.0000000000
75325  -29.657  11.418  -38.133 0.0000000000
75326  -30.440  11.801  -37.577 0.0000000000
73770  -31.189  9.851  -37.424 0.0000000000
112259  -25.768  6.043  -40.829 0.0000000000
70444  -26.434  5.514  -40.683 0.0000000000
71245  -29.091  6.759  -39.203 0.0000000000
67855  -28.066  2.901  -40.291 0.0000000000
69599  -28.591  4.351  -40.000 0.0000000000
70437  -28.847  5.222  -39.663 0.0000000000
120373  -28.995  5.971  -39.405 0.0000000000
72140  -31.770  7.612  -37.351 0.0000000000
63457  -26.849  -2.858  -38.278 0.0000000000
63458  -27.434  -2.605  -37.978 0.0000000000
63445  -27.758  -2.923  -37.115 0.0000000000
63459  -28.159  -2.198  -37.442 0.0000000000
64263  -28.835  -1.719  -36.883 0.0000000000
64264  -29.623  -1.274  -36.347 0.0000000000
65993  -26.811  1.017  -40.194 0.0000000000
72194  -25.436  7.762  -41.323 0.0000000000
74581  -26.658  10.472  -40.763 0.0000000000
76901  -30.461  13.861  -37.632 0.0000000000
76920  -26.455  13.970  -40.658 0.0000000000
82416  -28.311  20.345  -40.717 0.0000000000
115391  -27.742  -6.676  -33.580 0.0000000000
116419  -25.348  5.776  -40.728 0.0000000000
121044  -30.266  14.372  -37.792 0.0000000000
127767  -31.472  6.080  -37.492 0.0000000000
