#!ascii label  , from subject sub-v2s7x29676_ses-1 vox2ras=TkReg
833
112638  -26.346  -10.679  -32.540 0.4285714328
57361  -26.640  -9.259  -33.056 0.2857142985
57339  -26.595  -9.992  -32.748 0.4285714328
58191  -28.102  -8.946  -32.721 0.4285714328
58216  -26.548  -8.495  -33.408 0.2857142985
59026  -27.197  -7.908  -33.277 0.4285714328
59027  -27.894  -7.334  -33.210 0.4285714328
59892  -26.532  -6.855  -34.421 0.4285714328
59893  -27.277  -6.381  -34.117 0.4285714328
60732  -26.750  -6.091  -34.857 0.4285714328
61640  -27.755  -4.952  -34.797 0.4285714328
61654  -26.620  -5.018  -36.070 0.5714285970
61655  -27.368  -4.631  -35.579 0.5714285970
61656  -28.082  -4.204  -35.077 0.2857142985
62589  -27.700  -3.886  -35.882 0.7142857313
63446  -28.443  -2.449  -36.558 0.7142857313
63447  -29.110  -2.002  -36.044 0.4285714328
62605  -28.072  -3.176  -36.231 0.7142857313
63428  -28.754  -2.720  -35.732 0.5714285970
64264  -29.623  -1.274  -36.347 0.5714285970
64263  -28.835  -1.719  -36.883 0.5714285970
64275  -29.205  -0.999  -37.261 0.5714285970
63459  -28.159  -2.198  -37.442 0.5714285970
64265  -30.282  -0.761  -36.252 0.4285714328
65092  -29.506  -0.272  -37.659 0.5714285970
65962  -30.410  0.940  -37.601 0.5714285970
65104  -28.367  -0.396  -38.838 0.7142857313
65961  -29.757  0.467  -38.012 0.7142857313
66905  -29.942  1.226  -38.327 0.7142857313
66891  -31.112  1.408  -37.228 0.5714285970
65105  -29.103  0.009  -38.437 0.5714285970
65115  -27.607  -0.801  -39.210 0.5714285970
65975  -29.309  0.764  -38.729 0.8571428657
66890  -30.556  1.738  -37.926 0.7142857313
67814  -31.212  2.314  -37.552 0.5714285970
65974  -28.605  0.367  -39.128 0.7142857313
65116  -27.819  0.002  -39.512 0.5714285970
109410  -30.539  2.525  -38.216 0.7142857313
125285  -29.448  1.495  -38.985 0.7142857313
113213  -30.023  1.979  -38.621 0.7142857313
68743  -30.445  3.374  -38.456 0.5714285970
68744  -31.105  3.663  -37.891 0.5714285970
129148  -28.984  1.746  -39.512 0.5714285970
66904  -29.455  2.211  -39.252 0.7142857313
69589  -30.616  4.235  -38.332 0.7142857313
68756  -29.342  3.777  -39.490 0.7142857313
130190  -29.842  3.383  -39.039 0.7142857313
116825  -29.974  4.029  -38.913 0.7142857313
70427  -30.052  5.507  -38.580 0.7142857313
113719  -30.701  5.132  -38.110 0.5714285970
69600  -29.400  4.591  -39.325 0.7142857313
67843  -28.695  2.414  -39.863 0.5714285970
70428  -30.365  6.146  -38.162 0.5714285970
71220  -31.070  6.570  -37.569 0.5714285970
71236  -30.357  7.108  -38.007 0.7142857313
71235  -29.712  6.896  -38.579 0.7142857313
70438  -29.487  5.364  -39.072 0.8571428657
120359  -29.606  6.107  -38.813 0.7142857313
72972  -29.339  8.382  -38.768 0.8571428657
72158  -30.325  7.820  -37.959 0.5714285970
71245  -29.091  6.759  -39.203 0.8571428657
120373  -28.995  5.971  -39.405 0.8571428657
73808  -28.864  9.136  -39.064 0.8571428657
73789  -29.049  9.897  -38.820 0.8571428657
74549  -28.652  10.595  -39.064 0.8571428657
72174  -29.196  7.582  -39.004 0.8571428657
73807  -28.454  9.904  -39.340 0.8571428657
73806  -27.818  9.998  -39.804 1.0000000000
72991  -28.674  8.310  -39.366 0.8571428657
74569  -28.096  10.665  -39.517 1.0000000000
114842  -28.203  9.135  -39.642 1.0000000000
75341  -27.846  11.440  -39.664 1.0000000000
76109  -27.101  12.428  -40.382 0.7142857313
74568  -27.545  10.825  -39.954 1.0000000000
76096  -27.607  12.264  -39.869 1.0000000000
78672  -26.811  15.378  -40.453 1.0000000000
80277  -26.193  16.822  -40.808 0.8571428657
79478  -26.490  16.125  -40.618 1.0000000000
82428  -27.504  20.244  -41.079 0.8571428657
81020  -26.735  18.651  -41.050 0.8571428657
81008  -27.253  18.372  -40.715 1.0000000000
114605  -26.446  21.349  -41.792 0.8571428657
117807  -27.055  20.861  -41.415 0.8571428657
83960  -26.555  22.236  -41.860 0.7142857313
122305  -25.398  20.376  -41.971 0.5714285970
83971  -24.978  22.193  -42.769 0.7142857313
83972  -25.703  22.625  -42.445 0.5714285970
83959  -24.320  22.003  -42.132 0.5714285970
83203  -25.092  20.981  -42.178 0.5714285970
111706  -23.832  22.467  -41.552 0.4285714328
84655  -23.623  23.448  -43.145 0.4285714328
85376  -23.575  24.126  -43.481 0.4285714328
111973  -23.405  23.836  -40.809 0.2857142985
84640  -23.474  23.681  -39.705 0.2857142985
84643  -23.451  23.091  -40.714 0.2857142985
85362  -23.719  24.397  -39.244 0.2857142985
72157  -29.803  7.695  -38.431 0.8571428657
73790  -29.597  9.198  -38.448 0.8571428657
74550  -29.272  10.618  -38.556 0.8571428657
121388  -27.287  13.091  -40.115 0.8571428657
85351  -24.962  24.949  -38.048 0.1428571492
113289  -25.912  -8.998  -33.527 0.2857142985
58230  -26.368  -7.714  -33.924 0.2857142985
59037  -27.136  -7.111  -33.706 0.4285714328
59877  -28.071  -5.977  -33.764 0.4285714328
60746  -27.047  -5.364  -35.250 0.4285714328
60734  -28.118  -5.316  -34.227 0.4285714328
60745  -26.270  -5.736  -35.643 0.5714285970
62590  -28.428  -3.463  -35.410 0.4285714328
62603  -26.746  -3.960  -37.089 0.2857142985
62604  -27.377  -3.624  -36.745 0.7142857313
65083  -30.593  -0.169  -36.576 0.4285714328
64286  -27.815  -1.894  -38.290 0.7142857313
64287  -28.128  -1.152  -38.545 0.7142857313
65082  -29.878  -0.528  -36.869 0.7142857313
65093  -30.179  0.177  -37.265 0.5714285970
65954  -30.897  0.581  -36.892 0.4285714328
69574  -31.278  4.430  -37.776 0.5714285970
65984  -28.080  0.786  -39.794 0.5714285970
67815  -31.527  3.093  -37.498 0.5714285970
67844  -29.379  2.973  -39.453 0.7142857313
67831  -29.971  2.743  -38.849 0.7142857313
72973  -29.967  8.394  -38.217 0.5714285970
72173  -28.515  7.418  -39.592 1.0000000000
75342  -28.345  11.212  -39.288 1.0000000000
72989  -27.502  9.247  -40.213 1.0000000000
75355  -26.860  11.764  -40.601 0.8571428657
121718  -26.354  13.395  -40.769 0.7142857313
76921  -26.950  13.902  -40.370 1.0000000000
76910  -27.486  13.798  -39.847 1.0000000000
77766  -26.503  14.722  -40.633 0.7142857313
77756  -27.164  14.597  -40.200 1.0000000000
76935  -26.016  13.940  -40.946 0.7142857313
79479  -27.228  16.083  -40.192 0.8571428657
81700  -27.084  19.436  -41.149 0.8571428657
80279  -27.684  17.804  -40.344 1.0000000000
80278  -26.969  16.886  -40.463 1.0000000000
83969  -23.902  22.718  -42.689 0.7142857313
83212  -24.800  21.717  -42.411 0.7142857313
129555  -24.504  22.660  -43.066 0.7142857313
114882  -23.934  21.460  -41.132 0.4285714328
85371  -23.254  24.148  -42.842 0.4285714328
84657  -24.773  22.971  -43.131 0.4285714328
85361  -23.461  24.605  -40.251 0.2857142985
85368  -23.292  24.331  -41.563 0.4285714328
62616  -27.005  -3.391  -37.674 0.4285714328
63458  -27.434  -2.605  -37.978 0.4285714328
84646  -23.530  23.396  -41.986 0.4285714328
57340  -27.600  -9.681  -32.652 0.4285714328
57360  -25.906  -9.693  -33.167 0.2857142985
58217  -27.351  -8.742  -32.959 0.4285714328
120188  -25.946  -8.381  -33.838 0.2857142985
59904  -25.899  -6.550  -35.224 0.2857142985
60733  -27.494  -5.669  -34.481 0.4285714328
61669  -27.015  -4.323  -36.422 0.2857142985
63445  -27.758  -2.923  -37.115 0.5714285970
64274  -28.508  -1.455  -37.746 0.5714285970
65091  -28.822  -0.720  -38.082 0.5714285970
113292  -27.485  -1.505  -38.910 0.7142857313
65985  -28.815  1.109  -39.368 0.5714285970
67832  -30.956  2.999  -37.900 0.5714285970
66918  -28.335  1.585  -39.921 0.7142857313
69588  -30.053  4.804  -38.729 0.7142857313
68755  -28.685  3.344  -39.971 0.8571428657
71244  -28.441  6.535  -39.771 0.8571428657
75356  -27.360  11.629  -40.177 1.0000000000
121716  -26.785  13.231  -40.506 0.8571428657
82427  -26.714  20.049  -41.471 0.8571428657
119799  -26.364  20.619  -41.731 0.8571428657
83204  -25.709  20.914  -42.056 0.7142857313
83214  -25.726  21.763  -42.264 0.7142857313
83213  -25.224  21.499  -42.379 0.5714285970
83970  -24.436  22.468  -42.798 0.5714285970
85350  -24.263  24.665  -38.595 0.1428571492
59891  -25.794  -7.309  -34.650 0.2857142985
84656  -24.070  22.993  -43.281 0.5714285970
87380  -23.005  27.365  -43.240 0.2857142985
118550  -23.003  28.293  -41.841 0.1428571492
86073  -23.335  25.513  -43.531 0.2857142985
86740  -23.452  27.078  -43.954 0.2857142985
87371  -22.942  27.556  -42.121 0.1428571492
115903  -23.298  25.084  -41.177 0.1428571492
86070  -23.061  25.689  -42.892 0.2857142985
86067  -23.207  25.911  -41.545 0.1428571492
114037  -24.416  26.263  -43.823 0.2857142985
86082  -23.689  26.040  -43.869 0.2857142985
86085  -27.882  25.049  -43.567 0.2857142985
86075  -26.282  25.699  -43.242 0.2857142985
87355  -23.289  27.831  -41.092 0.1428571492
85372  -27.239  24.049  -42.041 0.2857142985
86083  -24.248  25.467  -43.706 0.2857142985
84650  -29.217  23.282  -41.455 0.1428571492
121554  -26.847  24.730  -42.552 0.2857142985
124157  -25.976  24.819  -42.802 0.2857142985
86714  -23.222  26.959  -41.283 0.1428571492
86074  -25.130  25.163  -43.289 0.2857142985
85383  -23.575  25.031  -43.685 0.2857142985
83974  -31.278  22.355  -42.688 0.1428571492
83973  -30.591  22.949  -42.189 0.1428571492
85373  -28.099  24.005  -41.883 0.4285714328
84658  -25.696  23.417  -42.614 0.2857142985
82418  -29.869  20.012  -40.364 0.2857142985
83206  -28.008  22.071  -41.111 0.4285714328
84647  -26.676  23.268  -41.966 0.2857142985
85377  -24.091  23.598  -43.470 0.2857142985
81685  -31.320  19.243  -40.091 0.1428571492
83955  -29.639  21.939  -40.777 0.2857142985
83961  -27.477  22.620  -41.480 0.4285714328
124286  -28.735  21.017  -40.664 0.5714285970
83205  -27.278  21.726  -41.432 0.7142857313
112722  -30.964  18.018  -39.350 0.1428571492
81691  -30.530  19.594  -40.223 0.1428571492
112077  -29.283  19.653  -40.352 0.4285714328
114122  -30.438  16.466  -38.524 0.2857142985
80262  -29.866  17.096  -38.948 0.7142857313
79480  -27.844  16.871  -39.934 0.8571428657
80268  -28.606  17.650  -39.786 0.8571428657
81690  -28.616  19.631  -40.512 0.5714285970
78653  -31.018  15.776  -38.115 0.2857142985
81010  -28.969  19.008  -40.253 0.7142857313
81019  -26.077  18.323  -41.210 0.5714285970
81009  -28.048  18.808  -40.522 0.8571428657
109559  -31.605  15.037  -37.793 0.1428571492
79469  -29.477  16.256  -38.787 0.7142857313
77732  -32.115  14.138  -37.621 0.1428571492
73013  -25.945  8.278  -41.296 0.5714285970
73819  -27.236  10.171  -40.335 0.8571428657
74582  -27.075  11.016  -40.443 0.8571428657
73830  -26.098  10.070  -41.181 0.4285714328
115818  -26.632  11.185  -40.768 0.5714285970
78663  -27.483  15.302  -39.915 0.8571428657
76911  -28.223  13.766  -39.301 0.8571428657
79467  -27.999  16.041  -39.617 0.8571428657
76902  -31.155  13.483  -37.486 0.2857142985
77758  -28.615  14.578  -38.978 0.8571428657
111966  -28.708  15.962  -39.158 0.8571428657
76886  -32.064  13.368  -37.511 0.4285714328
77745  -29.585  14.683  -38.278 0.7142857313
78665  -29.080  15.422  -38.754 0.7142857313
72193  -24.960  7.287  -41.220 0.2857142985
73818  -26.720  9.463  -40.785 0.5714285970
113873  -25.984  9.143  -41.272 0.5714285970
117876  -27.869  12.975  -39.566 0.8571428657
77757  -27.833  14.539  -39.603 0.8571428657
120315  -30.168  13.218  -37.645 0.4285714328
116070  -29.393  13.069  -38.233 0.8571428657
76066  -31.626  12.785  -37.456 0.4285714328
68765  -26.324  3.319  -40.499 0.7142857313
69608  -26.246  4.717  -40.622 0.4285714328
68766  -27.848  3.680  -40.374 0.7142857313
70445  -27.291  5.372  -40.524 0.8571428657
70444  -26.434  5.514  -40.683 0.5714285970
71263  -25.698  6.914  -41.092 0.5714285970
71254  -25.077  6.428  -40.927 0.4285714328
71257  -27.747  6.108  -40.300 0.8571428657
71255  -26.355  6.377  -40.798 0.5714285970
72195  -26.007  7.592  -41.209 0.5714285970
72990  -27.866  8.194  -40.042 0.7142857313
72185  -26.503  7.961  -40.954 0.5714285970
76081  -29.070  12.199  -38.536 0.7142857313
76097  -28.562  12.969  -38.888 0.8571428657
74531  -31.625  10.639  -37.382 0.2857142985
75308  -31.056  11.261  -37.434 0.4285714328
75326  -30.440  11.801  -37.577 0.5714285970
66917  -27.450  1.379  -40.243 0.4285714328
109713  -27.120  2.106  -40.430 0.4285714328
70437  -28.847  5.222  -39.663 0.7142857313
70446  -28.108  5.239  -40.189 0.7142857313
120360  -28.439  5.818  -39.889 0.7142857313
119101  -27.821  7.103  -40.183 0.8571428657
73791  -30.267  9.721  -37.848 0.7142857313
73770  -31.189  9.851  -37.424 0.2857142985
120213  -29.625  9.987  -38.354 0.5714285970
65983  -27.274  0.524  -40.008 0.4285714328
66916  -26.139  1.202  -40.000 0.5714285970
66927  -27.815  2.203  -40.291 0.5714285970
67854  -27.217  2.936  -40.517 0.5714285970
69599  -28.591  4.351  -40.000 0.7142857313
72139  -30.996  7.559  -37.517 0.4285714328
121158  -30.879  9.087  -37.535 0.4285714328
117250  -31.843  2.581  -37.119 0.4285714328
68733  -31.797  3.824  -37.447 0.4285714328
71221  -31.835  6.414  -37.338 0.4285714328
70416  -31.118  5.760  -37.661 0.4285714328
115088  -31.597  7.046  -37.374 0.4285714328
61641  -28.594  -4.674  -34.401 0.1428571492
119769  -31.405  5.115  -37.640 0.4285714328
119232  -31.881  5.641  -37.378 0.4285714328
62575  -28.866  -3.829  -34.736 0.1428571492
62591  -29.192  -3.083  -35.050 0.1428571492
66881  -32.962  1.893  -36.144 0.2857142985
124765  -33.493  3.390  -36.249 0.2857142985
68720  -32.865  3.242  -36.625 0.2857142985
65955  -31.726  0.949  -36.514 0.4285714328
110847  -33.227  3.957  -36.580 0.2857142985
67816  -32.182  3.175  -37.073 0.2857142985
69558  -32.895  4.656  -36.850 0.2857142985
125641  -32.068  4.697  -37.333 0.4285714328
61642  -29.460  -4.263  -34.302 0.1428571492
62576  -29.683  -3.547  -34.610 0.1428571492
63414  -30.064  -2.815  -34.849 0.2857142985
63430  -30.255  -2.109  -35.274 0.2857142985
65075  -32.479  -0.347  -35.437 0.2857142985
66869  -33.016  1.168  -35.807 0.2857142985
65944  -32.400  0.865  -36.046 0.2857142985
65084  -31.343  0.093  -36.249 0.2857142985
66880  -32.407  1.521  -36.363 0.2857142985
123819  -30.341  -3.395  -34.542 0.1428571492
64233  -31.783  -1.855  -34.969 0.2857142985
117084  -30.821  -2.996  -34.625 0.2857142985
64250  -31.340  -1.209  -35.424 0.2857142985
63431  -30.998  -1.922  -35.179 0.2857142985
63429  -29.510  -2.392  -35.404 0.2857142985
65074  -31.715  -0.466  -35.667 0.2857142985
58218  -28.051  -8.177  -32.862 0.2857142985
59878  -28.966  -6.053  -33.407 0.1428571492
115391  -27.742  -6.676  -33.580 0.2857142985
60719  -29.567  -5.459  -33.620 0.1428571492
56496  -27.180  -10.509  -32.449 0.2857142985
55629  -26.842  -11.204  -32.151 0.2857142985
55628  -25.962  -11.334  -32.280 0.2857142985
112408  -28.455  -6.710  -33.291 0.2857142985
55630  -27.734  -11.089  -32.165 0.1428571492
54716  -25.532  -12.042  -31.980 0.1428571492
63415  -31.356  -2.507  -34.771 0.2857142985
64251  -32.156  -1.110  -35.219 0.2857142985
65943  -32.058  0.273  -35.882 0.2857142985
67790  -33.364  2.611  -36.097 0.2857142985
114334  -32.516  3.915  -37.022 0.2857142985
70399  -33.380  5.392  -36.698 0.2857142985
118847  -26.857  4.829  -40.623 0.7142857313
70417  -32.638  5.379  -37.059 0.4285714328
72186  -27.147  7.614  -40.567 0.5714285970
72954  -30.629  8.368  -37.698 0.4285714328
120294  -31.647  9.247  -37.364 0.2857142985
74530  -30.692  10.505  -37.560 0.5714285970
80287  -26.617  17.733  -40.796 0.7142857313
76082  -29.842  12.390  -37.811 0.7142857313
82426  -25.951  19.944  -41.843 0.4285714328
75327  -31.324  12.044  -37.428 0.2857142985
79468  -28.837  16.797  -39.348 0.8571428657
115497  -27.379  18.968  -40.842 0.8571428657
78652  -29.993  15.641  -38.285 0.5714285970
85378  -25.118  24.068  -43.145 0.2857142985
81684  -29.763  19.234  -40.108 0.4285714328
122031  -29.873  20.734  -40.474 0.4285714328
87964  -23.868  28.155  -40.298 0.1428571492
84659  -28.919  23.831  -41.965 0.2857142985
83964  -30.040  22.989  -41.451 0.1428571492
107916  -25.158  26.099  -43.606 0.2857142985
115004  -27.933  -10.445  -32.408 0.1428571492
56516  -25.926  -10.260  -32.852 0.2857142985
58192  -28.939  -8.664  -32.657 0.1428571492
61625  -29.298  -4.888  -33.993 0.1428571492
126667  -30.766  -4.243  -34.074 0.1428571492
62578  -31.528  -3.216  -34.455 0.1428571492
64248  -29.770  -1.793  -35.712 0.2857142985
66870  -33.557  1.786  -35.707 0.2857142985
67852  -25.734  2.807  -40.235 0.2857142985
69559  -33.674  4.638  -36.412 0.2857142985
69609  -26.864  4.012  -40.602 0.7142857313
69610  -27.599  4.579  -40.440 0.5714285970
70442  -25.144  5.260  -40.575 0.4285714328
70443  -25.749  5.313  -40.669 0.5714285970
129167  -33.015  5.774  -36.932 0.4285714328
117645  -24.854  8.004  -41.352 0.2857142985
71222  -32.629  6.176  -37.117 0.2857142985
129222  -26.959  6.007  -40.627 0.7142857313
73012  -25.205  8.702  -41.408 0.2857142985
72141  -32.369  7.080  -37.216 0.1428571492
114573  -32.397  7.984  -37.299 0.4285714328
72955  -31.524  8.397  -37.387 0.4285714328
72956  -32.502  8.940  -37.325 0.1428571492
76080  -28.310  12.048  -39.279 0.8571428657
74551  -29.948  10.544  -38.010 0.5714285970
76083  -30.720  12.621  -37.494 0.5714285970
76900  -29.778  13.841  -37.979 0.7142857313
76887  -32.771  13.504  -37.713 0.2857142985
77733  -32.978  14.104  -37.917 0.1428571492
77746  -30.560  15.015  -37.851 0.4285714328
78654  -32.113  15.764  -38.321 0.1428571492
81000  -29.428  18.365  -39.782 0.5714285970
80263  -30.911  17.295  -38.888 0.1428571492
81002  -31.534  18.474  -39.667 0.1428571492
80271  -31.706  17.704  -39.291 0.1428571492
84648  -27.755  23.414  -41.641 0.2857142985
83963  -29.419  22.608  -41.010 0.2857142985
83199  -30.278  21.460  -40.698 0.2857142985
83200  -31.154  21.217  -40.891 0.1428571492
83208  -31.503  21.626  -41.495 0.1428571492
83965  -31.179  22.303  -41.844 0.1428571492
114448  -28.574  24.469  -43.247 0.2857142985
85386  -29.118  24.105  -43.738 0.1428571492
84664  -29.624  23.660  -43.477 0.1428571492
122737  -29.269  -9.425  -32.540 0.1428571492
60720  -30.456  -5.497  -33.497 0.1428571492
74532  -32.592  10.794  -37.429 0.2857142985
116093  -30.544  22.668  -44.146 0.1428571492
85385  -28.423  24.670  -44.112 0.2857142985
56495  -25.535  -10.797  -32.718 0.2857142985
57341  -28.567  -9.482  -32.581 0.1428571492
59028  -28.880  -7.532  -32.872 0.1428571492
67855  -28.066  2.901  -40.291 0.5714285970
75324  -28.826  11.335  -38.796 0.7142857313
81699  -26.347  19.206  -41.455 0.5714285970
83197  -27.956  21.179  -40.963 0.7142857313
85384  -24.122  24.528  -43.600 0.2857142985
121358  -30.254  8.952  -37.923 0.4285714328
60718  -28.747  -5.376  -33.858 0.1428571492
63470  -27.026  -2.177  -38.762 0.5714285970
65073  -30.954  -0.623  -35.947 0.2857142985
73002  -27.057  8.519  -40.618 0.5714285970
78664  -28.276  15.291  -39.371 0.8571428657
116112  -23.250  24.872  -43.318 0.2857142985
116103  -23.144  24.979  -42.308 0.2857142985
86732  -23.185  26.365  -43.426 0.2857142985
87990  -22.887  28.245  -42.819 0.1428571492
86726  -22.988  26.651  -42.490 0.2857142985
86741  -24.196  26.915  -44.022 0.2857142985
86077  -28.029  24.695  -42.878 0.2857142985
85379  -26.303  24.094  -42.464 0.2857142985
85380  -27.683  24.469  -42.408 0.2857142985
83962  -28.465  22.807  -41.220 0.2857142985
84660  -29.246  23.928  -42.814 0.1428571492
84661  -30.036  23.403  -42.881 0.1428571492
83978  -30.656  22.841  -43.201 0.1428571492
127195  -30.623  22.578  -41.498 0.1428571492
84665  -30.089  23.230  -43.747 0.1428571492
85381  -28.453  24.274  -42.478 0.1428571492
82419  -30.636  20.497  -40.516 0.1428571492
83954  -28.810  21.876  -40.817 0.4285714328
81692  -31.893  19.756  -40.498 0.1428571492
81001  -30.522  18.707  -39.741 0.1428571492
83207  -30.869  21.977  -41.164 0.2857142985
83198  -29.423  21.249  -40.602 0.4285714328
82417  -29.163  20.380  -40.497 0.5714285970
81689  -27.833  19.581  -40.783 0.7142857313
80270  -30.185  17.861  -39.320 0.4285714328
80269  -29.399  17.578  -39.411 0.7142857313
124376  -28.550  18.333  -40.141 0.7142857313
77747  -31.019  14.343  -37.589 0.4285714328
73001  -26.441  8.660  -41.009 0.5714285970
74593  -26.203  10.939  -41.125 0.4285714328
76912  -28.962  13.814  -38.581 0.8571428657
123109  -26.111  4.058  -40.548 0.4285714328
111145  -26.441  7.173  -40.892 0.5714285970
112259  -25.768  6.043  -40.829 0.4285714328
117665  -24.896  5.819  -40.654 0.2857142985
71256  -27.071  6.727  -40.585 0.7142857313
119512  -30.323  11.097  -37.702 0.5714285970
75325  -29.657  11.418  -38.133 0.7142857313
66926  -26.645  1.670  -40.300 0.5714285970
73771  -32.222  9.917  -37.351 0.2857142985
72140  -31.770  7.612  -37.351 0.4285714328
64249  -30.441  -1.347  -35.686 0.2857142985
67802  -32.487  2.413  -36.629 0.2857142985
66879  -31.797  1.874  -36.892 0.2857142985
61626  -30.113  -4.719  -33.897 0.1428571492
61643  -30.221  -3.976  -34.304 0.1428571492
117727  -30.710  -2.457  -34.918 0.2857142985
116746  -32.766  0.390  -35.617 0.2857142985
62577  -30.884  -3.652  -34.350 0.1428571492
55613  -27.354  -11.863  -31.729 0.1428571492
55631  -28.715  -10.838  -32.281 0.1428571492
87356  -23.765  27.344  -40.311 0.1428571492
129767  -28.386  -10.108  -32.481 0.1428571492
86715  -23.648  26.463  -40.362 0.1428571492
80286  -25.857  17.422  -40.990 0.5714285970
78680  -25.641  15.717  -41.045 0.4285714328
79486  -25.450  16.332  -41.072 0.4285714328
117926  -25.717  16.735  -40.946 0.5714285970
121315  -25.941  13.175  -41.064 0.4285714328
77765  -26.116  14.497  -40.861 0.4285714328
77778  -25.656  14.565  -41.129 0.4285714328
120262  -25.905  15.076  -40.961 0.5714285970
78671  -26.179  15.534  -40.788 0.5714285970
79487  -25.898  16.194  -40.885 0.5714285970
75368  -26.325  11.714  -40.991 0.5714285970
118088  -34.774  3.869  -35.609 0.1428571492
68721  -33.922  3.958  -36.061 0.1428571492
68709  -36.593  3.682  -35.362 0.1428571492
128034  -36.500  4.460  -35.611 0.1428571492
69544  -35.732  4.191  -35.519 0.1428571492
69545  -37.271  4.270  -35.763 0.1428571492
60754  -25.815  -5.291  -36.373 0.2857142985
66871  -34.247  1.509  -35.298 0.1428571492
128815  -34.829  2.446  -35.286 0.1428571492
67791  -34.230  2.358  -35.511 0.1428571492
67792  -35.453  2.521  -35.083 0.1428571492
68710  -37.429  3.407  -35.566 0.1428571492
67793  -36.322  2.869  -35.035 0.1428571492
68745  -38.589  3.343  -38.518 0.1428571492
69562  -38.168  4.027  -36.908 0.1428571492
69576  -38.341  4.158  -37.795 0.1428571492
60744  -25.424  -5.909  -35.847 0.2857142985
65076  -33.231  -0.209  -35.195 0.1428571492
65930  -34.000  -0.009  -34.913 0.1428571492
65945  -33.471  0.539  -35.362 0.1428571492
110096  -33.688  1.143  -35.470 0.1428571492
66855  -35.657  1.758  -34.766 0.1428571492
66854  -35.002  1.108  -34.761 0.1428571492
67774  -36.962  2.276  -34.858 0.1428571492
67794  -37.503  2.597  -35.391 0.1428571492
67817  -38.447  2.709  -37.669 0.1428571492
68723  -38.220  3.250  -36.778 0.1428571492
59903  -24.929  -6.521  -35.483 0.2857142985
59046  -25.250  -7.037  -35.081 0.2857142985
64234  -32.601  -1.775  -34.759 0.1428571492
65060  -33.785  -0.832  -34.740 0.1428571492
65931  -34.780  0.237  -34.691 0.1428571492
66856  -36.598  1.543  -34.675 0.1428571492
119531  -37.499  1.739  -35.230 0.1428571492
67803  -38.234  2.420  -36.688 0.1428571492
67795  -37.947  2.107  -35.900 0.1428571492
68757  -38.955  3.430  -39.817 0.1428571492
63416  -32.197  -2.619  -34.575 0.1428571492
64235  -33.461  -1.654  -34.610 0.1428571492
63417  -33.132  -2.510  -34.407 0.1428571492
64237  -35.630  -1.353  -34.306 0.1428571492
64236  -34.530  -1.629  -34.392 0.1428571492
125241  -37.172  -0.136  -34.793 0.1428571492
65061  -34.804  -0.613  -34.533 0.1428571492
65934  -37.406  0.448  -35.048 0.1428571492
65932  -35.721  0.282  -34.483 0.1428571492
127343  -37.580  1.012  -35.343 0.1428571492
65947  -38.193  1.596  -36.572 0.1428571492
67833  -38.710  2.483  -38.818 0.1428571492
63419  -35.602  -2.285  -34.110 0.1428571492
63418  -34.626  -2.432  -34.156 0.1428571492
108936  -33.930  -2.229  -34.376 0.1428571492
65064  -37.475  -0.290  -35.330 0.1428571492
64239  -37.179  -0.957  -34.848 0.1428571492
123146  -37.787  0.425  -35.841 0.1428571492
123728  -38.097  0.875  -36.475 0.1428571492
66892  -38.397  1.849  -37.438 0.1428571492
62582  -36.110  -3.166  -34.021 0.1428571492
63404  -35.088  -3.173  -33.855 0.1428571492
62581  -34.001  -2.879  -34.052 0.1428571492
63432  -37.071  -2.420  -35.101 0.1428571492
63420  -36.548  -2.524  -34.476 0.1428571492
64253  -37.493  -1.099  -35.675 0.1428571492
64252  -37.235  -1.664  -35.155 0.1428571492
65956  -38.301  1.028  -37.310 0.1428571492
65085  -38.028  0.092  -36.971 0.1428571492
123576  -36.287  -1.830  -34.344 0.1428571492
65063  -36.616  -0.347  -34.507 0.1428571492
116200  -35.938  1.072  -34.550 0.1428571492
67845  -38.973  2.813  -39.600 0.1428571492
124994  -37.018  3.005  -35.134 0.1428571492
68707  -34.066  3.206  -35.773 0.1428571492
69543  -35.139  4.620  -35.708 0.1428571492
107895  -38.550  2.031  -38.237 0.1428571492
67846  -39.574  2.639  -40.876 0.1428571492
68758  -39.489  3.441  -41.085 0.1428571492
68734  -38.365  3.513  -37.497 0.1428571492
69590  -38.506  4.188  -38.827 0.1428571492
69561  -37.736  4.524  -36.364 0.1428571492
70401  -34.958  5.245  -35.957 0.1428571492
81018  -25.417  17.994  -41.169 0.4285714328
81698  -25.731  19.002  -41.527 0.4285714328
85397  -28.796  24.109  -45.418 0.1428571492
86093  -27.475  25.700  -44.631 0.1428571492
65059  -32.949  -0.989  -35.007 0.1428571492
62579  -32.271  -3.412  -34.234 0.1428571492
71201  -33.452  6.183  -36.799 0.1428571492
71223  -33.205  6.868  -36.996 0.1428571492
69560  -34.434  4.611  -35.981 0.1428571492
68708  -35.589  3.366  -35.298 0.1428571492
107765  -34.795  2.972  -35.392 0.1428571492
70382  -36.859  4.983  -35.879 0.1428571492
68722  -37.884  3.769  -36.156 0.1428571492
66872  -34.889  1.951  -35.129 0.1428571492
68711  -37.942  2.943  -36.021 0.1428571492
67773  -36.210  2.220  -34.795 0.1428571492
65946  -34.185  0.748  -35.108 0.1428571492
129319  -37.115  1.687  -34.821 0.1428571492
127396  -35.255  -0.165  -34.514 0.1428571492
66857  -37.217  1.170  -34.850 0.1428571492
65933  -36.753  0.571  -34.585 0.1428571492
66873  -37.900  1.293  -35.848 0.1428571492
127615  -32.685  -2.996  -34.340 0.1428571492
65062  -35.786  -0.567  -34.399 0.1428571492
117392  -36.470  -1.156  -34.455 0.1428571492
65077  -37.709  -0.351  -36.045 0.1428571492
64238  -36.866  -1.779  -34.687 0.1428571492
54714  -23.797  -12.257  -32.368 0.1428571492
55627  -25.087  -11.479  -32.485 0.1428571492
55625  -23.403  -11.528  -32.575 0.1428571492
55626  -24.249  -11.603  -32.641 0.1428571492
56494  -24.642  -10.846  -32.931 0.1428571492
56515  -25.271  -10.197  -33.129 0.1428571492
57359  -25.112  -9.444  -33.574 0.1428571492
57358  -24.176  -9.449  -33.567 0.1428571492
58228  -24.798  -8.181  -34.255 0.1428571492
58215  -25.325  -8.636  -33.906 0.1428571492
58229  -25.551  -7.980  -34.247 0.1428571492
58213  -23.668  -8.729  -33.665 0.1428571492
124301  -24.167  -8.288  -34.047 0.1428571492
59036  -25.019  -7.598  -34.722 0.1428571492
59889  -23.496  -6.811  -34.570 0.1428571492
59902  -23.991  -6.326  -35.244 0.1428571492
60743  -24.471  -5.827  -35.792 0.1428571492
60753  -24.932  -5.348  -36.364 0.2857142985
61668  -26.201  -4.552  -36.917 0.1428571492
61682  -26.275  -3.868  -37.594 0.2857142985
128837  -26.440  -0.674  -39.478 0.4285714328
74592  -25.527  10.695  -41.370 0.2857142985
76122  -25.346  12.052  -41.426 0.2857142985
76123  -25.891  12.315  -41.210 0.2857142985
78678  -23.860  15.458  -41.492 0.2857142985
121923  -24.445  16.046  -41.380 0.2857142985
79485  -24.969  16.531  -41.217 0.2857142985
118543  -25.381  17.025  -41.029 0.4285714328
61653  -24.020  -5.125  -36.094 0.1428571492
61667  -25.311  -4.763  -36.868 0.2857142985
56513  -23.834  -9.971  -33.271 0.1428571492
59025  -23.229  -7.460  -33.982 0.1428571492
61680  -24.742  -4.160  -37.100 0.2857142985
61681  -25.539  -4.120  -37.381 0.2857142985
62614  -24.924  -3.517  -37.527 0.2857142985
62626  -26.356  -3.248  -38.095 0.2857142985
64285  -26.210  -1.820  -38.918 0.4285714328
64296  -25.889  -0.929  -39.252 0.2857142985
73829  -25.326  9.762  -41.385 0.2857142985
74591  -24.584  10.537  -41.461 0.2857142985
75367  -25.760  11.514  -41.323 0.2857142985
76121  -24.688  12.183  -41.534 0.2857142985
120083  -25.256  12.880  -41.374 0.2857142985
76934  -25.464  13.828  -41.247 0.2857142985
77776  -24.195  14.746  -41.564 0.2857142985
77774  -22.809  14.025  -41.343 0.2857142985
115976  -25.125  15.876  -41.292 0.2857142985
62615  -25.685  -3.478  -37.861 0.2857142985
112941  -24.207  11.483  -41.522 0.2857142985
110437  -23.788  10.137  -41.346 0.2857142985
76120  -23.811  12.427  -41.535 0.2857142985
76931  -23.217  13.238  -41.452 0.2857142985
125112  -24.515  12.914  -41.526 0.2857142985
76933  -24.797  13.653  -41.487 0.2857142985
120293  -23.660  14.053  -41.554 0.2857142985
78679  -25.357  15.225  -41.254 0.2857142985
75354  -22.770  11.391  -41.083 0.2857142985
76119  -22.771  12.299  -41.244 0.2857142985
64297  -26.817  -1.236  -39.284 0.4285714328
65114  -26.957  -0.321  -39.713 0.4285714328
63457  -26.849  -2.858  -38.278 0.4285714328
114584  -24.707  15.347  -41.455 0.2857142985
118207  -24.372  14.124  -41.565 0.2857142985
59890  -24.467  -7.016  -34.970 0.1428571492
54715  -24.640  -12.220  -32.238 0.1428571492
56493  -23.919  -10.554  -33.108 0.1428571492
58214  -24.559  -8.808  -33.876 0.1428571492
58227  -24.115  -7.650  -34.406 0.1428571492
61666  -24.461  -4.668  -36.610 0.2857142985
63469  -26.324  -2.583  -38.505 0.4285714328
76107  -22.081  12.612  -40.826 0.2857142985
65982  -26.508  0.457  -39.917 0.2857142985
67853  -26.481  2.453  -40.404 0.2857142985
109409  -25.444  28.760  -46.158 0.1428571492
123570  -26.406  26.947  -44.909 0.1428571492
86084  -27.074  25.842  -43.787 0.1428571492
87396  -25.219  29.711  -46.272 0.1428571492
86744  -26.235  26.603  -44.147 0.1428571492
86742  -24.868  26.931  -44.056 0.1428571492
88000  -23.300  28.934  -44.360 0.1428571492
66925  -25.896  1.964  -40.144 0.2857142985
67842  -25.184  2.294  -39.806 0.2857142985
86099  -26.270  27.811  -46.647 0.1428571492
86076  -27.344  25.061  -42.997 0.1428571492
87387  -24.900  27.810  -44.854 0.1428571492
124209  -23.792  28.536  -44.910 0.1428571492
108633  -24.396  27.651  -44.562 0.1428571492
87385  -23.378  27.898  -44.224 0.1428571492
125531  -23.083  28.136  -43.703 0.1428571492
86743  -25.580  26.831  -44.095 0.1428571492
86751  -25.350  28.030  -45.255 0.1428571492
87395  -24.995  29.123  -45.651 0.1428571492
86092  -26.423  27.300  -45.778 0.1428571492
88011  -24.923  29.808  -45.623 0.1428571492
74579  -22.510  10.675  -40.689 0.1428571492
114981  -23.815  10.879  -41.428 0.1428571492
74590  -23.208  10.757  -41.203 0.1428571492
76919  -22.387  13.267  -41.112 0.1428571492
76908  -20.459  13.375  -39.182 0.1428571492
119750  -21.298  13.999  -40.269 0.1428571492
73828  -24.482  9.489  -41.398 0.1428571492
76918  -21.700  13.304  -40.610 0.1428571492
77763  -21.185  14.905  -40.172 0.1428571492
78670  -21.986  15.200  -40.817 0.1428571492
78669  -21.318  15.807  -40.168 0.2857142985
69607  -24.883  4.739  -40.376 0.1428571492
115718  -23.746  7.667  -40.709 0.1428571492
73011  -24.371  8.608  -41.305 0.1428571492
73817  -23.101  9.174  -40.734 0.1428571492
118405  -32.074  12.297  -37.444 0.1428571492
115289  -21.831  10.969  -40.183 0.1428571492
124546  -22.559  14.713  -41.223 0.1428571492
79484  -23.422  16.283  -41.259 0.1428571492
116270  -22.174  16.204  -40.747 0.1428571492
80284  -24.214  17.515  -41.012 0.2857142985
82415  -23.465  20.509  -40.424 0.2857142985
81683  -22.719  20.021  -39.635 0.2857142985
83943  -23.683  22.794  -37.988 0.1428571492
80285  -24.889  17.283  -41.111 0.2857142985
79477  -23.475  17.110  -40.934 0.2857142985
112171  -24.744  18.092  -41.173 0.2857142985
114721  -25.332  19.697  -41.727 0.2857142985
112336  -24.381  18.864  -41.133 0.2857142985
81688  -23.229  19.639  -40.306 0.2857142985
82425  -24.912  20.363  -41.859 0.2857142985
81696  -23.935  19.647  -40.916 0.2857142985
83202  -24.605  21.143  -41.908 0.2857142985
82412  -22.821  20.887  -39.405 0.2857142985
116819  -23.887  25.169  -39.361 0.1428571492
86050  -24.610  25.573  -38.602 0.1428571492
81687  -22.573  19.206  -39.900 0.1428571492
111196  -22.056  18.847  -39.668 0.1428571492
79475  -21.253  16.673  -39.928 0.2857142985
83953  -23.484  22.278  -40.460 0.1428571492
83196  -23.255  21.522  -40.028 0.2857142985
83942  -23.243  22.251  -38.493 0.1428571492
77754  -20.171  15.192  -38.912 0.2857142985
82407  -22.564  21.094  -38.524 0.1428571492
83932  -23.580  22.691  -36.863 0.1428571492
83191  -22.730  21.621  -38.014 0.1428571492
77726  -20.188  14.820  -37.280 0.1428571492
76068  -33.152  12.877  -37.809 0.1428571492
120161  -33.002  10.262  -37.459 0.1428571492
73805  -22.467  9.201  -40.143 0.1428571492
75310  -32.791  12.236  -37.570 0.1428571492
74567  -21.300  10.735  -39.445 0.1428571492
75339  -20.764  11.615  -39.214 0.1428571492
75340  -21.411  11.670  -39.908 0.1428571492
76094  -20.351  12.463  -38.861 0.1428571492
77764  -21.959  14.192  -40.868 0.1428571492
78677  -22.868  15.445  -41.293 0.1428571492
78668  -20.829  15.585  -39.688 0.2857142985
81007  -23.405  17.902  -40.667 0.1428571492
81017  -24.088  18.200  -40.934 0.2857142985
81006  -22.425  18.378  -40.170 0.1428571492
81016  -23.441  18.820  -40.588 0.1428571492
83190  -22.186  20.897  -37.592 0.1428571492
82411  -22.391  20.423  -38.695 0.2857142985
109644  -23.370  22.885  -39.834 0.1428571492
75309  -32.088  11.544  -37.402 0.1428571492
84630  -23.951  23.684  -38.546 0.1428571492
84629  -23.507  22.932  -38.994 0.1428571492
72184  -24.397  7.054  -40.869 0.1428571492
71253  -24.384  6.292  -40.560 0.1428571492
73772  -33.005  9.654  -37.418 0.1428571492
119192  -24.291  16.760  -41.183 0.1428571492
74580  -23.136  9.970  -41.005 0.1428571492
75353  -22.111  11.727  -40.642 0.1428571492
76106  -21.530  12.509  -40.293 0.1428571492
74578  -21.985  10.084  -40.007 0.1428571492
76095  -20.907  12.479  -39.605 0.1428571492
76909  -21.073  13.321  -39.948 0.1428571492
77755  -20.645  14.328  -39.549 0.1428571492
73827  -23.734  9.291  -41.186 0.1428571492
73000  -23.035  8.314  -40.327 0.1428571492
125642  -22.698  16.854  -40.820 0.2857142985
82424  -24.293  20.447  -41.324 0.2857142985
84624  -24.245  23.321  -37.406 0.1428571492
81697  -25.099  18.860  -41.422 0.2857142985
117006  -24.683  19.637  -41.457 0.2857142985
83950  -23.257  22.281  -39.464 0.1428571492
86059  -24.095  26.048  -39.445 0.1428571492
83194  -22.942  21.647  -39.001 0.2857142985
80276  -22.559  17.538  -40.518 0.1428571492
116532  -23.087  22.182  -37.494 0.1428571492
62588  -22.961  -3.910  -35.899 0.1428571492
62602  -24.155  -3.476  -37.061 0.1428571492
63427  -22.773  -3.062  -36.169 0.1428571492
64262  -23.011  -1.617  -36.936 0.1428571492
63444  -24.316  -2.751  -37.495 0.1428571492
64272  -23.304  -0.987  -37.480 0.1428571492
63455  -23.753  -1.867  -37.481 0.1428571492
63456  -25.129  -2.850  -37.957 0.1428571492
65090  -23.688  -0.313  -38.060 0.1428571492
122848  -24.387  -0.754  -38.422 0.1428571492
64284  -25.476  -1.434  -38.790 0.1428571492
65103  -25.029  -0.780  -38.829 0.1428571492
65089  -22.854  -0.225  -37.398 0.1428571492
65973  -25.286  -0.100  -39.234 0.1428571492
66915  -25.364  1.446  -39.687 0.1428571492
68754  -24.973  3.197  -39.931 0.1428571492
68764  -25.603  3.662  -40.361 0.1428571492
79465  -20.739  16.284  -39.438 0.1428571492
62625  -25.804  -2.916  -38.225 0.1428571492
63443  -23.432  -2.635  -36.864 0.1428571492
123775  -26.114  -0.176  -39.591 0.1428571492
125173  -24.105  -4.063  -36.720 0.1428571492
63468  -25.484  -2.184  -38.432 0.1428571492
65981  -25.676  0.599  -39.619 0.1428571492
62601  -23.512  -3.595  -36.501 0.1428571492
63442  -22.583  -2.124  -36.364 0.1428571492
64273  -24.056  -1.221  -37.999 0.1428571492
63467  -24.571  -2.048  -37.984 0.1428571492
65960  -23.134  0.440  -37.801 0.1428571492
64283  -24.810  -1.412  -38.434 0.1428571492
65102  -24.474  -0.085  -38.704 0.1428571492
65081  -22.157  -0.170  -36.809 0.1428571492
61651  -22.376  -4.268  -35.280 0.1428571492
56514  -24.503  -10.085  -33.285 0.1428571492
65993  -26.811  1.017  -40.194 0.5714285970
72192  -24.341  7.820  -41.128 0.2857142985
72194  -25.436  7.762  -41.323 0.5714285970
73010  -23.706  8.464  -40.954 0.1428571492
74581  -26.658  10.472  -40.763 0.8571428657
75365  -23.404  11.531  -41.381 0.2857142985
75366  -25.025  11.401  -41.483 0.2857142985
76067  -32.460  12.858  -37.555 0.1428571492
76108  -26.487  12.579  -40.782 0.2857142985
76901  -30.461  13.861  -37.632 0.4285714328
76920  -26.455  13.970  -40.658 0.7142857313
76932  -24.057  13.409  -41.585 0.2857142985
77762  -20.412  15.248  -39.520 0.1428571492
77775  -23.320  14.742  -41.472 0.1428571492
77777  -24.978  14.545  -41.445 0.2857142985
79461  -31.484  16.502  -38.549 0.2857142985
82416  -28.311  20.345  -40.717 0.7142857313
83956  -30.184  22.332  -40.997 0.1428571492
84649  -28.502  23.496  -41.582 0.2857142985
84651  -29.749  23.496  -42.073 0.1428571492
112789  -31.175  19.909  -40.424 0.1428571492
115044  -22.622  9.821  -40.549 0.1428571492
116339  -21.470  9.908  -39.326 0.1428571492
116419  -25.348  5.776  -40.728 0.4285714328
121044  -30.266  14.372  -37.792 0.7142857313
126413  -23.643  -8.048  -33.932 0.1428571492
127767  -31.472  6.080  -37.492 0.4285714328
128681  -23.787  23.529  -43.415 0.2857142985
128765  -23.187  27.595  -43.811 0.1428571492
