#!ascii label  , from subject sub-v2s7x29676_ses-1 vox2ras=TkReg
1699
29255  42.877  -39.491  -35.818 0.6000000238
29927  43.940  -38.238  -36.730 0.5000000000
31454  42.327  -36.716  -34.708 0.6999999881
30625  41.734  -37.140  -34.226 0.6000000238
29916  41.674  -38.084  -34.227 0.6000000238
30618  41.208  -37.530  -33.660 0.6000000238
29920  43.250  -37.889  -35.911 0.6999999881
115805  42.640  -37.945  -35.292 0.6000000238
29915  42.270  -38.423  -34.869 0.5000000000
113261  41.829  -38.848  -34.487 0.5000000000
29241  41.345  -38.845  -33.927 0.5000000000
29909  41.121  -38.232  -33.641 0.6000000238
30619  40.775  -37.056  -33.169 0.6000000238
31460  43.429  -36.887  -35.864 0.5000000000
29254  43.337  -38.850  -36.236 0.5000000000
29248  42.293  -39.364  -35.035 0.6000000238
30608  40.273  -37.287  -32.681 0.6000000238
29261  45.081  -39.302  -37.578 0.5000000000
29931  45.902  -38.803  -37.820 0.5000000000
32277  41.349  -35.165  -33.306 0.6000000238
33133  40.781  -34.966  -32.716 0.6999999881
32282  42.950  -35.310  -34.841 0.6000000238
32283  42.423  -35.885  -34.546 0.6999999881
32284  41.990  -35.417  -33.952 0.6000000238
32276  41.368  -35.951  -33.534 0.6000000238
31449  40.916  -36.380  -33.203 0.6000000238
31461  42.966  -36.248  -35.231 0.6000000238
30630  42.777  -37.186  -35.317 0.6999999881
31437  40.362  -36.461  -32.677 0.6000000238
30639  44.002  -37.372  -36.601 0.5000000000
117182  43.606  -36.163  -35.803 0.5000000000
30609  39.773  -37.025  -32.236 0.6000000238
30638  44.683  -37.824  -37.224 0.5000000000
30600  39.231  -37.496  -31.744 0.6000000238
30637  45.201  -37.014  -37.350 0.5000000000
29888  39.063  -38.358  -31.657 0.6000000238
30591  37.953  -37.344  -30.791 0.6999999881
111731  38.502  -37.831  -31.237 0.6000000238
30592  37.162  -37.549  -30.653 0.6999999881
29882  37.666  -38.080  -30.818 0.6000000238
29890  37.252  -38.859  -30.916 0.6000000238
29224  36.040  -39.498  -31.748 0.6000000238
29891  36.427  -38.796  -31.244 0.6000000238
29922  35.727  -39.232  -35.912 0.5000000000
30641  36.518  -38.408  -37.071 0.6999999881
126809  35.621  -39.038  -36.473 0.6000000238
30645  36.574  -38.040  -37.376 0.8000000119
29928  34.788  -39.154  -36.385 0.6999999881
34072  41.449  -33.571  -32.759 0.6000000238
33123  40.704  -34.104  -32.343 0.6999999881
33140  42.518  -34.713  -34.229 0.6999999881
32275  41.878  -34.581  -33.594 0.6000000238
33124  40.265  -34.856  -32.212 0.6999999881
32292  43.464  -35.621  -35.456 0.6000000238
33139  43.160  -34.547  -34.694 0.6000000238
126995  39.628  -35.289  -31.757 0.8000000119
33155  44.686  -34.628  -36.124 0.5000000000
33148  43.746  -34.798  -35.364 0.5000000000
31438  39.720  -36.204  -32.068 0.6000000238
32298  45.274  -35.163  -36.776 0.5000000000
32291  44.206  -35.551  -36.109 0.5000000000
31430  38.988  -36.148  -31.393 0.8000000119
31429  39.315  -36.778  -31.752 0.6000000238
30644  46.051  -38.033  -37.850 0.5000000000
32243  38.311  -35.870  -30.833 0.8000000119
32244  37.389  -36.014  -30.523 0.8000000119
30601  38.708  -37.028  -31.315 0.6999999881
30593  36.407  -37.217  -30.803 0.6999999881
127101  36.593  -36.469  -30.630 0.6999999881
30603  35.572  -37.297  -31.939 0.6999999881
31431  35.859  -37.069  -31.215 0.6999999881
29883  36.733  -38.103  -30.831 0.6999999881
31439  35.495  -36.552  -32.737 0.6000000238
29892  35.869  -38.678  -31.712 0.6000000238
30602  35.958  -37.925  -31.306 0.6000000238
31450  35.616  -37.198  -34.096 0.6999999881
30610  35.523  -38.481  -33.377 0.6999999881
120713  35.595  -38.145  -32.244 0.6000000238
30626  36.164  -38.034  -35.659 0.6999999881
30620  35.585  -38.157  -34.346 0.6000000238
30632  36.740  -38.255  -36.794 0.8000000119
118658  36.224  -38.665  -36.409 0.8000000119
117776  35.815  -38.692  -35.474 0.6000000238
31469  37.503  -37.584  -37.608 0.8999999762
30633  33.628  -37.863  -35.960 0.6999999881
31475  37.301  -37.643  -37.706 0.8000000119
119630  34.373  -38.455  -36.416 0.6999999881
35054  40.988  -33.140  -32.124 0.6000000238
35037  40.551  -32.703  -31.473 0.6999999881
34083  41.808  -33.934  -33.279 0.6000000238
35038  39.830  -33.036  -31.025 0.6000000238
35071  43.376  -32.443  -33.888 0.4000000060
34089  42.989  -33.919  -34.276 0.6000000238
34071  42.115  -33.263  -33.236 0.6000000238
34061  40.282  -33.529  -31.655 0.6999999881
34088  43.521  -33.173  -34.415 0.6000000238
34062  39.524  -33.812  -31.177 0.8000000119
34096  45.165  -33.170  -35.876 0.4000000060
33147  44.432  -33.943  -35.568 0.5000000000
33138  43.656  -33.939  -34.875 0.6000000238
33113  39.233  -34.586  -31.216 0.8000000119
127453  45.620  -34.469  -36.787 0.5000000000
33114  38.520  -34.728  -30.695 0.8000000119
32297  45.974  -35.569  -37.345 0.4000000060
33100  37.036  -35.121  -30.363 0.8000000119
31466  46.251  -36.301  -37.621 0.5000000000
32246  35.902  -35.482  -30.874 0.8000000119
33125  35.423  -34.789  -32.268 0.8000000119
31423  35.697  -35.865  -31.273 0.6999999881
32245  36.427  -35.744  -30.607 0.8000000119
32278  35.593  -36.070  -33.793 0.8000000119
32265  35.469  -35.752  -31.985 0.6999999881
33142  35.857  -34.501  -34.338 0.8999999762
126830  35.467  -35.653  -32.787 0.6999999881
32286  35.946  -35.963  -34.679 0.8999999762
114914  35.506  -37.597  -33.080 0.6999999881
31456  35.995  -36.902  -35.106 0.6000000238
32299  37.625  -36.935  -36.920 0.8999999762
31462  36.998  -37.634  -36.609 0.8999999762
31471  34.154  -36.474  -36.674 0.8000000119
31463  33.461  -36.881  -36.083 0.8000000119
120954  35.181  -36.643  -37.207 0.8000000119
31476  36.363  -37.381  -37.604 0.8000000119
31470  35.271  -37.484  -37.143 0.6999999881
35036  41.226  -32.332  -31.853 0.6999999881
35019  40.130  -32.271  -30.816 0.6000000238
35053  41.757  -32.625  -32.565 0.6000000238
35020  39.322  -32.580  -30.305 0.6999999881
35985  42.927  -31.489  -32.957 0.4000000060
35063  42.626  -32.379  -33.211 0.5000000000
33098  38.698  -34.080  -30.621 0.6999999881
35990  44.730  -31.360  -34.631 0.5000000000
34087  44.274  -33.192  -35.102 0.6000000238
35077  46.092  -32.265  -36.274 0.4000000060
35078  44.933  -32.553  -35.422 0.4000000060
34046  36.383  -33.532  -30.174 0.8000000119
33099  37.687  -34.394  -30.248 0.8000000119
34095  46.340  -33.129  -36.786 0.4000000060
33101  36.239  -34.922  -30.568 0.8000000119
124877  36.695  -34.296  -30.235 0.8000000119
112452  37.956  -35.258  -30.514 0.8000000119
33154  46.670  -34.828  -37.402 0.3000000119
34073  35.457  -33.870  -32.551 0.8000000119
34063  35.468  -33.769  -31.600 0.8000000119
33102  35.793  -34.741  -30.865 0.8000000119
34084  35.587  -33.476  -33.216 0.8000000119
33115  35.553  -34.527  -31.363 0.8000000119
34090  36.123  -33.799  -34.553 0.8999999762
108048  35.680  -35.210  -34.021 0.8999999762
34098  36.764  -33.792  -35.289 0.8999999762
32285  36.186  -35.355  -34.971 0.8999999762
33150  37.350  -34.822  -36.001 0.8999999762
113524  37.017  -35.688  -35.962 0.8999999762
32300  34.845  -35.645  -37.026 0.8000000119
31464  33.098  -36.285  -35.506 0.8000000119
33158  38.054  -36.119  -37.012 0.8999999762
31468  38.227  -36.986  -37.866 0.8999999762
32307  35.921  -36.493  -37.589 0.8000000119
32305  37.958  -37.269  -38.092 0.8000000119
123513  41.428  -31.595  -31.625 0.6000000238
35954  40.801  -31.922  -31.261 0.6000000238
35925  39.911  -31.081  -29.834 0.6000000238
35953  41.709  -30.891  -31.452 0.6000000238
35968  43.254  -30.680  -32.812 0.4000000060
114871  42.264  -31.799  -32.542 0.4000000060
127681  41.721  -31.926  -32.132 0.5000000000
115033  43.266  -31.835  -33.467 0.4000000060
35021  38.350  -32.811  -29.815 0.6999999881
35983  44.320  -30.861  -33.962 0.5000000000
35991  43.883  -31.673  -33.969 0.4000000060
34027  37.370  -32.913  -29.681 0.6999999881
36833  45.065  -30.613  -34.598 0.5000000000
35022  36.212  -32.732  -30.120 0.8000000119
34045  37.113  -33.639  -29.909 0.8000000119
109831  35.461  -32.200  -31.978 0.8000000119
34047  35.747  -33.359  -30.653 0.8000000119
35065  35.696  -32.674  -33.284 0.8000000119
35072  36.414  -33.031  -34.633 0.8999999762
34091  35.719  -33.846  -33.874 0.8999999762
35080  37.077  -32.957  -35.330 0.8999999762
34097  37.591  -33.922  -36.000 0.8999999762
33149  38.307  -35.098  -36.873 1.0000000000
114847  39.096  -35.201  -37.643 1.0000000000
33166  36.417  -35.875  -37.849 0.8000000119
33156  39.494  -35.391  -38.495 1.0000000000
112796  38.437  -36.675  -38.217 0.8000000119
33165  37.951  -35.911  -38.474 0.8000000119
36786  40.699  -30.749  -30.322 0.6000000238
36785  41.478  -30.355  -30.773 0.6000000238
36771  39.333  -30.590  -29.036 0.6999999881
36809  42.894  -30.275  -32.226 0.4000000060
35969  42.581  -31.028  -32.410 0.4000000060
36795  42.299  -30.631  -31.838 0.4000000060
35984  43.580  -31.131  -33.408 0.4000000060
35008  37.649  -32.196  -29.420 0.6999999881
36823  44.861  -30.058  -34.129 0.5000000000
37689  44.122  -29.452  -33.029 0.4000000060
35023  35.731  -32.370  -30.625 0.8000000119
35929  36.619  -31.177  -29.568 0.8000000119
35971  35.610  -31.445  -32.139 0.8000000119
35039  35.478  -32.749  -31.373 0.8000000119
126329  35.873  -32.009  -33.423 0.8000000119
35986  35.602  -32.071  -32.730 0.8000000119
35064  36.120  -32.445  -33.989 0.8999999762
35079  37.879  -33.074  -35.990 0.8999999762
35999  37.517  -32.028  -35.383 0.8999999762
35086  38.729  -33.283  -36.703 1.0000000000
34103  39.602  -34.489  -37.793 1.0000000000
33168  38.711  -35.183  -38.861 0.8000000119
32301  33.685  -35.343  -36.459 0.8000000119
35091  40.378  -33.975  -38.462 1.0000000000
33163  39.707  -35.155  -38.845 0.8000000119
33164  39.016  -35.868  -38.535 0.8000000119
37656  41.567  -29.656  -30.323 0.6000000238
35939  41.097  -31.176  -31.022 0.6000000238
36770  40.224  -30.335  -29.491 0.6000000238
36772  38.340  -30.717  -28.830 0.6999999881
37667  43.185  -29.496  -32.021 0.4000000060
37668  42.562  -29.916  -31.620 0.5000000000
129564  42.037  -30.288  -31.327 0.5000000000
35927  37.985  -31.479  -29.124 0.8000000119
111578  37.379  -30.749  -29.020 0.8000000119
37680  43.556  -29.856  -32.635 0.4000000060
35928  37.227  -31.572  -29.308 0.8000000119
37679  44.530  -28.814  -33.170 0.4000000060
38566  43.884  -28.905  -32.501 0.4000000060
125062  35.752  -31.612  -30.675 0.8000000119
35942  36.123  -31.869  -30.076 0.8000000119
35955  35.543  -31.872  -31.316 0.8000000119
35970  35.955  -31.276  -33.134 0.8000000119
36000  36.705  -32.195  -34.674 0.8999999762
36834  36.975  -30.389  -34.140 0.8000000119
36005  38.231  -32.415  -36.065 1.0000000000
35998  38.377  -31.495  -35.892 1.0000000000
112750  38.981  -32.453  -36.674 1.0000000000
35090  41.017  -33.161  -38.832 1.0000000000
34114  39.377  -34.445  -39.176 0.8999999762
33167  35.150  -34.579  -37.204 0.8000000119
34111  36.393  -33.503  -37.775 0.8999999762
34113  40.356  -34.503  -39.123 1.0000000000
35097  40.152  -33.686  -39.368 1.0000000000
34110  37.695  -33.683  -38.540 1.0000000000
36010  41.395  -32.151  -38.828 1.0000000000
36851  41.650  -31.238  -38.937 1.0000000000
36015  41.426  -31.945  -39.275 1.0000000000
36019  41.394  -31.567  -39.501 1.0000000000
109515  41.984  -30.237  -39.225 1.0000000000
36858  41.673  -30.715  -39.627 1.0000000000
37642  40.534  -29.580  -29.187 0.6999999881
37643  39.711  -29.858  -28.755 0.6999999881
37629  39.288  -29.367  -28.345 0.6999999881
37641  41.291  -29.264  -29.656 0.6000000238
36755  38.729  -29.915  -28.528 0.6999999881
37655  42.127  -29.590  -30.918 0.6000000238
38549  42.808  -29.120  -31.401 0.5000000000
37631  37.784  -29.311  -28.535 0.8000000119
39481  43.807  -28.039  -32.008 0.4000000060
36773  36.802  -30.382  -29.295 0.8000000119
36787  35.985  -31.013  -30.312 0.8000000119
36796  36.019  -30.236  -30.787 0.8000000119
110287  36.005  -30.471  -32.383 0.8000000119
108215  36.034  -30.106  -31.582 0.8000000119
36835  36.510  -30.986  -33.854 0.6999999881
36825  36.440  -30.433  -33.365 0.8000000119
36841  37.587  -30.428  -34.760 0.8999999762
37699  37.528  -29.721  -34.302 0.8000000119
129052  37.699  -31.095  -35.214 0.8999999762
37705  38.111  -29.768  -34.889 1.0000000000
36840  38.214  -30.519  -35.374 1.0000000000
36845  38.928  -30.670  -36.090 1.0000000000
37703  39.105  -29.187  -35.651 1.0000000000
36004  39.409  -31.656  -36.754 1.0000000000
110984  39.730  -29.219  -36.363 1.0000000000
36844  39.859  -30.866  -36.913 1.0000000000
37720  41.230  -30.268  -38.108 1.0000000000
35098  38.498  -33.034  -38.849 1.0000000000
110928  41.487  -29.319  -38.262 1.0000000000
36017  40.514  -32.581  -39.404 1.0000000000
36859  40.848  -31.546  -39.562 1.0000000000
114856  40.467  -30.532  -39.525 1.0000000000
38607  42.571  -29.228  -40.006 1.0000000000
36860  41.588  -30.648  -39.837 1.0000000000
37628  40.043  -29.133  -28.485 0.6999999881
37630  38.533  -29.094  -28.242 0.6999999881
38522  41.655  -28.404  -29.501 0.5000000000
38523  40.871  -28.817  -28.908 0.6999999881
127867  38.199  -29.585  -28.463 0.6999999881
38534  41.912  -28.998  -30.199 0.6000000238
39455  42.691  -27.853  -30.536 0.5000000000
38521  42.218  -28.332  -30.150 0.5000000000
37644  36.687  -29.834  -29.409 0.8000000119
37658  36.485  -29.440  -29.927 0.8000000119
120985  36.281  -29.685  -30.504 0.6999999881
37669  36.264  -29.511  -31.241 0.8000000119
124411  36.428  -29.459  -32.194 0.8000000119
37690  36.962  -29.742  -33.649 0.6999999881
108226  36.493  -29.826  -32.950 0.6999999881
37698  38.022  -29.041  -34.446 0.8999999762
38592  37.893  -28.332  -34.008 0.8000000119
39489  38.300  -27.028  -33.943 0.8000000119
40422  38.376  -26.130  -33.847 0.8000000119
111271  38.543  -29.107  -35.051 0.8999999762
39496  38.224  -27.705  -34.134 0.8000000119
39495  38.608  -27.355  -34.542 0.8000000119
38591  38.458  -28.257  -34.659 0.8999999762
40432  39.019  -26.806  -34.943 0.8999999762
40428  38.647  -26.642  -34.376 0.8000000119
39502  39.018  -27.723  -35.247 0.8999999762
38596  39.382  -28.464  -35.789 1.0000000000
37711  40.266  -30.100  -37.042 1.0000000000
36852  40.911  -31.124  -37.911 1.0000000000
38601  40.779  -28.410  -37.350 1.0000000000
38605  41.819  -28.231  -38.498 1.0000000000
109829  39.489  -30.646  -39.025 1.0000000000
39506  40.908  -27.637  -37.422 1.0000000000
39511  42.774  -28.409  -39.862 1.0000000000
37726  40.788  -29.829  -39.735 1.0000000000
116839  42.638  -27.413  -39.377 1.0000000000
39517  42.187  -27.829  -40.440 1.0000000000
38510  41.167  -28.098  -28.755 0.6999999881
38511  40.333  -28.227  -28.211 0.6999999881
38512  39.446  -27.903  -27.770 0.6999999881
38513  38.675  -28.249  -27.917 0.6999999881
39443  41.720  -27.519  -29.123 0.6000000238
38514  37.902  -28.443  -28.322 0.6999999881
39442  42.260  -27.670  -29.843 0.5000000000
38524  37.308  -28.921  -28.783 0.6999999881
110649  36.986  -28.438  -29.255 0.8000000119
124818  36.651  -28.675  -29.932 0.6999999881
38550  36.611  -28.700  -31.572 0.6999999881
38535  36.471  -28.997  -30.673 0.6999999881
38568  36.948  -28.550  -32.495 0.6999999881
107947  37.483  -29.061  -33.816 0.6999999881
38582  37.421  -28.420  -33.317 0.6999999881
40423  37.927  -26.726  -33.341 0.8000000119
41220  37.694  -25.475  -32.549 0.8000000119
42140  37.912  -24.643  -32.931 0.8000000119
118159  37.924  -26.010  -33.193 0.8000000119
42139  38.306  -24.545  -33.629 0.8000000119
120134  39.401  -27.037  -35.538 1.0000000000
40427  38.942  -25.888  -34.665 0.8999999762
41224  38.565  -25.222  -34.090 0.8000000119
40431  39.456  -26.230  -35.463 1.0000000000
41223  38.991  -24.978  -34.674 0.8000000119
38602  40.007  -28.436  -36.506 1.0000000000
39501  39.618  -27.671  -35.976 1.0000000000
40440  41.484  -26.940  -37.988 1.0000000000
38608  40.176  -28.794  -39.404 1.0000000000
37724  39.414  -29.620  -38.829 1.0000000000
40439  42.563  -26.292  -39.138 1.0000000000
40444  43.133  -26.750  -40.087 1.0000000000
40447  42.963  -27.019  -40.368 1.0000000000
38611  41.455  -28.801  -40.170 1.0000000000
40443  43.050  -26.215  -40.352 1.0000000000
40352  40.753  -26.736  -27.869 0.6999999881
39432  40.208  -27.329  -27.778 0.6999999881
115230  38.585  -26.975  -27.741 0.6000000238
39433  38.236  -27.638  -27.995 0.6000000238
39434  37.658  -27.609  -28.465 0.6000000238
39444  37.176  -27.573  -29.223 0.6999999881
39456  37.021  -27.261  -30.168 0.6999999881
39445  36.859  -27.991  -29.852 0.6999999881
39466  37.140  -27.054  -31.171 0.6999999881
39467  37.050  -27.740  -31.960 0.6999999881
115855  37.484  -25.227  -31.692 0.8000000119
38567  37.367  -27.889  -32.839 0.6999999881
40417  37.620  -26.398  -32.626 0.8000000119
43092  37.742  -23.869  -32.551 0.8000000119
124284  38.061  -23.987  -33.222 0.8000000119
42145  38.690  -24.377  -34.300 0.8000000119
41227  39.496  -25.150  -35.400 0.8000000119
42144  39.265  -24.173  -35.001 0.8000000119
40435  40.646  -26.233  -37.015 1.0000000000
41231  40.034  -25.722  -36.193 1.0000000000
42147  39.755  -24.250  -35.752 0.6999999881
41230  40.764  -25.180  -37.090 1.0000000000
42150  40.183  -24.696  -36.302 0.8999999762
41235  41.564  -25.735  -38.002 1.0000000000
42154  41.804  -24.589  -38.034 1.0000000000
38609  38.973  -28.565  -38.308 1.0000000000
41234  42.619  -25.135  -39.048 1.0000000000
42156  42.899  -24.702  -39.790 1.0000000000
39518  40.670  -27.836  -39.815 1.0000000000
39515  39.461  -27.808  -38.793 1.0000000000
40448  42.328  -26.704  -40.565 1.0000000000
39420  39.364  -27.114  -27.611 0.6999999881
40377  37.393  -26.062  -29.176 0.6000000238
127799  37.326  -26.123  -29.733 0.6999999881
120618  37.269  -26.305  -30.427 0.6999999881
112342  37.337  -26.896  -32.035 0.6999999881
114614  37.393  -25.397  -30.848 0.8000000119
42135  37.582  -24.585  -32.106 0.6999999881
43987  37.661  -23.042  -32.181 0.6999999881
43986  38.002  -22.331  -32.717 0.6999999881
43994  38.404  -22.585  -33.575 0.6999999881
44003  38.800  -22.880  -34.333 0.6999999881
43108  39.768  -23.429  -35.720 0.8000000119
43103  39.294  -23.177  -34.983 0.6999999881
43112  40.386  -23.667  -36.454 0.8999999762
120814  41.025  -24.060  -37.227 1.0000000000
43111  41.657  -22.779  -37.262 1.0000000000
39516  38.706  -27.741  -37.887 1.0000000000
42153  42.676  -23.978  -38.900 1.0000000000
40449  40.917  -26.742  -40.173 1.0000000000
41240  42.356  -25.044  -40.523 1.0000000000
109488  39.100  -26.338  -27.512 0.6000000238
40353  38.309  -26.204  -27.797 0.6000000238
40364  37.945  -26.882  -28.116 0.6000000238
42109  37.880  -24.777  -27.960 0.6000000238
40365  37.721  -25.990  -28.390 0.6000000238
41178  37.711  -25.219  -28.307 0.6000000238
41187  37.447  -25.338  -28.925 0.6000000238
114678  37.363  -25.507  -29.824 0.6000000238
117237  37.409  -23.888  -30.755 0.6999999881
43983  37.498  -22.939  -31.311 0.6999999881
44824  37.688  -22.235  -31.779 0.6999999881
44823  38.056  -21.465  -32.251 0.6999999881
44828  38.514  -21.507  -33.291 0.6999999881
44835  38.861  -21.956  -34.172 0.6999999881
112016  46.220  -16.460  -31.229 0.3000000119
44002  39.327  -22.267  -34.904 0.6999999881
49511  47.699  -16.888  -31.785 0.3000000119
44009  39.846  -22.506  -35.677 0.8000000119
111766  34.034  -29.669  -36.292 0.8999999762
36846  36.066  -29.790  -36.752 1.0000000000
38606  38.138  -28.511  -37.449 1.0000000000
37713  37.320  -28.852  -36.915 1.0000000000
43115  42.567  -23.053  -38.583 1.0000000000
42159  41.837  -24.066  -40.356 1.0000000000
42158  42.661  -24.416  -40.149 1.0000000000
41241  41.688  -25.804  -40.508 1.0000000000
40445  39.826  -27.091  -39.298 1.0000000000
42160  40.848  -24.727  -40.206 1.0000000000
112811  39.211  -24.965  -27.438 0.6000000238
42108  38.436  -24.691  -27.612 0.6000000238
115071  38.526  -23.873  -27.547 0.6000000238
119754  37.919  -24.003  -27.906 0.6000000238
43071  37.791  -23.266  -28.109 0.6000000238
115998  37.573  -22.936  -28.695 0.6999999881
43080  37.443  -23.366  -29.383 0.6999999881
116368  37.436  -24.070  -29.192 0.6000000238
43976  37.478  -22.590  -29.491 0.6999999881
112287  41.105  -17.881  -25.763 0.3000000119
48549  40.777  -17.484  -26.343 0.3000000119
43084  37.424  -23.065  -30.377 0.6999999881
110199  37.528  -22.244  -30.893 0.6999999881
45644  38.147  -20.696  -31.655 0.6999999881
49504  45.414  -16.344  -30.915 0.3000000119
49513  46.040  -17.162  -31.264 0.4000000060
49512  46.842  -17.062  -31.502 0.4000000060
48594  47.537  -17.743  -31.991 0.4000000060
37717  32.865  -29.564  -36.266 0.6999999881
37718  32.026  -29.543  -36.174 0.6999999881
49545  50.061  -16.711  -34.121 0.3000000119
49510  48.511  -16.818  -32.102 0.3000000119
44834  39.449  -21.373  -34.777 0.6999999881
38604  35.198  -29.144  -36.089 0.8999999762
48613  50.505  -17.366  -33.865 0.3000000119
49522  48.468  -17.612  -32.294 0.3000000119
44015  40.563  -22.687  -36.425 0.8000000119
109204  36.047  -29.301  -36.434 0.8999999762
48614  49.981  -17.918  -33.657 0.3000000119
47590  49.741  -18.135  -33.302 0.3000000119
44014  41.677  -21.886  -36.888 0.8000000119
44019  42.128  -21.950  -37.527 1.0000000000
40442  38.553  -27.006  -37.513 1.0000000000
44021  42.523  -23.036  -39.016 1.0000000000
119626  39.544  -26.173  -39.173 1.0000000000
40446  39.076  -26.974  -38.384 1.0000000000
43121  42.297  -23.609  -39.874 1.0000000000
130202  40.449  -25.692  -40.001 1.0000000000
120231  40.493  -23.715  -39.967 1.0000000000
43119  39.416  -23.172  -39.497 1.0000000000
44803  37.954  -21.860  -28.081 0.6999999881
43973  37.621  -22.191  -28.745 0.6999999881
125124  40.616  -19.310  -26.111 0.3000000119
47535  40.269  -18.702  -26.436 0.4000000060
44808  37.731  -21.406  -28.800 0.6999999881
44811  37.559  -21.834  -29.553 0.6999999881
44816  37.610  -21.580  -30.385 0.6999999881
47550  40.120  -17.994  -26.869 0.4000000060
44820  37.749  -21.470  -31.279 0.6999999881
49465  40.578  -17.159  -27.064 0.3000000119
48558  40.046  -17.631  -27.718 0.5000000000
115844  38.321  -20.028  -31.142 0.6999999881
46568  38.640  -19.957  -31.949 0.6999999881
49482  40.607  -16.919  -27.935 0.5000000000
45650  38.535  -20.647  -32.600 0.6999999881
49497  42.471  -16.406  -29.493 0.4000000060
48580  42.120  -17.056  -29.959 0.6000000238
48588  43.502  -17.398  -30.784 0.5000000000
45649  39.114  -19.863  -32.792 0.6999999881
49496  43.239  -16.190  -29.779 0.3000000119
45654  39.028  -20.533  -33.500 0.6999999881
49531  46.262  -16.140  -33.688 0.4000000060
48597  44.916  -17.832  -31.489 0.4000000060
44827  39.042  -21.146  -34.059 0.6999999881
38599  32.104  -28.348  -35.922 0.6999999881
108835  47.107  -15.974  -33.883 0.4000000060
48595  46.638  -17.807  -31.751 0.4000000060
36843  30.803  -29.875  -35.611 0.6000000238
49546  48.832  -16.639  -34.134 0.3000000119
48627  48.568  -17.720  -34.047 0.3000000119
49547  47.789  -16.877  -34.076 0.4000000060
48606  48.267  -18.279  -32.630 0.4000000060
47580  46.237  -18.368  -32.250 0.4000000060
44844  39.966  -21.647  -35.566 0.6999999881
46589  40.269  -19.611  -34.280 0.6999999881
37706  34.304  -29.204  -36.079 0.6999999881
48628  47.637  -17.835  -34.015 0.4000000060
47592  48.196  -18.632  -32.980 0.4000000060
115564  46.538  -18.587  -32.958 0.4000000060
44843  40.791  -21.214  -36.021 0.8000000119
48626  49.634  -17.638  -34.017 0.3000000119
47605  49.141  -18.253  -33.648 0.3000000119
47622  47.651  -18.280  -33.745 0.4000000060
44849  41.405  -21.570  -36.778 0.8000000119
39513  37.719  -28.157  -36.859 1.0000000000
44018  42.496  -22.476  -38.088 1.0000000000
41237  39.636  -25.106  -39.453 1.0000000000
44026  40.351  -22.977  -39.714 1.0000000000
43122  41.331  -23.422  -40.025 1.0000000000
44025  41.593  -22.921  -39.532 1.0000000000
42157  39.560  -24.094  -39.606 1.0000000000
41238  38.884  -24.601  -38.774 1.0000000000
43120  38.692  -23.584  -38.989 1.0000000000
44802  38.536  -21.631  -27.561 0.6000000238
45623  38.906  -20.628  -27.310 0.6000000238
44807  38.126  -21.030  -28.049 0.6000000238
45624  38.379  -20.173  -28.159 0.6999999881
46544  39.352  -19.678  -27.127 0.5000000000
45630  37.929  -20.578  -28.893 0.6999999881
47536  39.675  -18.861  -26.998 0.5000000000
47551  39.588  -18.388  -27.629 0.4000000060
45635  37.719  -21.040  -29.681 0.6999999881
123946  37.880  -20.695  -30.638 0.6999999881
47561  39.177  -18.720  -28.348 0.6000000238
46558  38.423  -19.535  -29.897 0.6999999881
48572  39.668  -18.093  -28.408 0.6000000238
45640  38.191  -19.975  -30.441 0.6999999881
48570  40.900  -17.027  -28.892 0.6000000238
48582  40.522  -17.624  -29.452 0.6000000238
126115  38.754  -19.498  -31.390 0.6999999881
108873  39.309  -19.241  -31.988 0.6999999881
48589  42.604  -17.514  -30.643 0.6000000238
47575  41.241  -18.149  -31.018 0.6000000238
50349  44.858  -16.017  -33.527 0.4000000060
48587  44.369  -17.267  -30.929 0.4000000060
48600  42.138  -18.049  -31.226 0.5000000000
47586  40.703  -18.488  -31.590 0.6000000238
108598  39.840  -19.257  -32.911 0.6999999881
48598  44.031  -17.966  -31.521 0.5000000000
46581  39.650  -19.777  -33.639 0.6999999881
49548  46.900  -17.062  -33.954 0.4000000060
49532  45.099  -17.050  -33.652 0.5000000000
47581  45.366  -18.331  -32.102 0.4000000060
125476  39.645  -20.433  -34.455 0.6999999881
124824  35.292  -28.683  -35.656 0.8999999762
37707  33.180  -28.902  -36.057 0.6999999881
47621  48.268  -18.247  -33.838 0.4000000060
47608  46.174  -18.372  -33.424 0.4000000060
45663  40.526  -21.080  -35.824 0.6999999881
115413  40.394  -20.143  -35.040 0.6999999881
48615  46.722  -18.021  -33.798 0.4000000060
39510  36.860  -28.204  -36.105 0.8999999762
109202  41.696  -21.718  -37.251 0.8999999762
39509  37.469  -27.726  -36.380 0.8999999762
126057  38.997  -25.455  -38.589 1.0000000000
39508  38.071  -27.289  -36.824 1.0000000000
44853  41.951  -22.366  -38.668 1.0000000000
40441  38.806  -26.162  -38.001 1.0000000000
44022  40.674  -22.281  -39.296 1.0000000000
41232  38.551  -25.203  -37.696 1.0000000000
40437  38.338  -26.201  -36.976 1.0000000000
44023  39.354  -22.357  -39.313 1.0000000000
45676  37.362  -20.507  -37.968 0.8999999762
44024  38.288  -21.805  -38.658 1.0000000000
124733  38.580  -22.538  -38.958 1.0000000000
43117  38.077  -23.099  -38.051 1.0000000000
42155  38.400  -24.127  -37.992 1.0000000000
44020  37.832  -22.142  -38.239 1.0000000000
44016  37.539  -22.474  -37.517 1.0000000000
110613  37.628  -23.171  -36.984 0.8999999762
44850  37.221  -21.722  -37.593 1.0000000000
46545  38.847  -19.797  -27.656 0.6000000238
46552  38.722  -19.406  -28.315 0.6999999881
110858  38.288  -19.775  -29.030 0.6999999881
115918  39.361  -18.449  -28.969 0.6999999881
46562  38.940  -18.963  -30.195 0.6999999881
48583  39.850  -18.025  -29.193 0.6000000238
47571  39.423  -18.515  -29.681 0.6000000238
46567  39.104  -19.001  -31.059 0.6999999881
47570  40.099  -18.146  -29.988 0.6999999881
47576  40.391  -18.315  -30.793 0.6000000238
47587  39.841  -18.694  -31.380 0.6000000238
47598  40.204  -18.822  -32.221 0.6000000238
115705  43.411  -14.776  -33.589 0.3000000119
48591  40.866  -17.847  -30.255 0.6000000238
47597  41.015  -18.641  -32.313 0.6000000238
50350  43.976  -15.583  -33.523 0.4000000060
50351  43.034  -15.526  -33.671 0.4000000060
48599  43.053  -17.948  -31.398 0.6000000238
47585  41.594  -18.411  -31.837 0.6000000238
47584  42.543  -18.380  -32.043 0.5000000000
46573  40.731  -18.903  -33.004 0.6000000238
121387  44.164  -18.364  -32.252 0.4000000060
46580  40.328  -19.291  -33.600 0.6000000238
49533  44.264  -16.684  -33.605 0.5000000000
109613  45.239  -18.281  -33.388 0.4000000060
47593  45.733  -18.515  -32.888 0.4000000060
120061  41.168  -19.094  -33.801 0.6000000238
46588  40.613  -19.447  -34.489 0.6000000238
48616  45.491  -17.959  -33.674 0.4000000060
122955  44.734  -18.086  -33.525 0.4000000060
126359  36.071  -28.643  -35.958 0.8999999762
45670  40.867  -21.334  -36.519 0.8999999762
39504  36.495  -27.777  -35.537 0.8999999762
39503  37.172  -27.303  -35.808 0.8999999762
40433  37.318  -26.233  -35.664 0.8999999762
40438  37.718  -26.753  -36.294 0.8999999762
44857  41.235  -21.726  -38.471 1.0000000000
130101  38.709  -22.084  -39.035 1.0000000000
112109  38.206  -25.304  -36.806 1.0000000000
43113  38.044  -23.789  -37.293 0.8999999762
45671  36.167  -20.571  -37.145 1.0000000000
127292  36.381  -21.710  -36.548 1.0000000000
44010  36.954  -22.320  -36.642 0.8999999762
45672  35.635  -20.412  -36.492 1.0000000000
44852  35.903  -21.185  -36.452 0.8999999762
47562  38.843  -19.007  -29.205 0.6999999881
125187  43.714  -14.087  -33.575 0.3000000119
51177  42.658  -14.902  -33.824 0.3000000119
50367  41.999  -15.251  -34.174 0.3000000119
49550  42.431  -16.172  -33.987 0.5000000000
47596  42.949  -18.522  -32.786 0.5000000000
47595  43.814  -18.493  -32.939 0.5000000000
47611  43.155  -18.474  -33.247 0.5000000000
47612  42.608  -18.587  -33.290 0.5000000000
49534  43.393  -16.377  -33.669 0.5000000000
47609  44.386  -18.271  -33.367 0.5000000000
46578  42.746  -18.460  -33.583 0.5000000000
48618  43.716  -17.220  -33.708 0.5000000000
47623  43.948  -18.093  -33.596 0.5000000000
48617  44.415  -17.746  -33.675 0.5000000000
111848  40.334  -20.172  -35.240 0.6999999881
48631  42.679  -17.901  -34.064 0.5000000000
48630  43.510  -17.859  -33.810 0.5000000000
46600  40.175  -20.585  -35.570 0.6000000238
45673  41.400  -21.428  -37.648 0.8999999762
44854  42.139  -21.924  -37.749 0.8999999762
45674  40.086  -20.859  -37.625 0.8999999762
46618  37.206  -19.714  -37.729 0.8999999762
116523  37.809  -20.237  -37.999 0.8999999762
45679  39.295  -21.196  -38.420 0.8999999762
44858  39.896  -21.743  -38.914 1.0000000000
42152  37.800  -24.859  -36.298 0.8999999762
41233  37.793  -25.744  -36.252 0.8999999762
43114  37.766  -24.011  -36.512 0.8999999762
45677  36.633  -20.055  -37.571 0.8000000119
111675  35.935  -19.656  -37.039 0.6999999881
42148  37.374  -24.317  -35.744 0.8999999762
44017  36.135  -21.985  -36.024 0.8999999762
43109  37.277  -23.383  -36.052 0.8999999762
51191  42.858  -13.938  -33.832 0.3000000119
51192  42.178  -14.461  -34.134 0.3000000119
51193  41.473  -14.504  -34.543 0.4000000060
52009  40.924  -13.592  -34.992 0.3000000119
51199  40.672  -14.559  -35.129 0.4000000060
50374  41.201  -15.330  -34.670 0.4000000060
130191  41.889  -18.662  -32.889 0.6000000238
117576  41.641  -15.931  -34.345 0.4000000060
46579  42.080  -18.741  -33.650 0.5000000000
113337  42.316  -17.125  -34.136 0.5000000000
113176  41.536  -18.978  -33.990 0.5000000000
47625  42.096  -18.445  -34.143 0.5000000000
46598  41.302  -18.948  -34.389 0.5000000000
114903  41.505  -18.509  -34.516 0.5000000000
48639  41.034  -18.056  -34.923 0.5000000000
47632  40.350  -18.634  -35.297 0.6000000238
46610  40.132  -19.655  -35.356 0.6000000238
48650  39.595  -18.042  -35.850 0.6999999881
47641  39.769  -19.269  -35.734 0.6999999881
123115  40.975  -21.031  -37.065 0.6999999881
46612  39.458  -19.741  -36.444 0.6999999881
46616  39.100  -20.051  -37.230 0.8000000119
46615  40.070  -20.458  -36.901 0.8000000119
41228  37.365  -25.250  -35.640 0.8999999762
46617  37.972  -19.590  -37.518 0.8999999762
110390  36.598  -19.224  -37.382 0.6999999881
43110  36.809  -23.769  -35.263 0.8999999762
44011  36.570  -22.848  -35.624 0.8999999762
45665  35.203  -20.497  -35.674 1.0000000000
52016  39.878  -13.054  -35.278 0.3000000119
119742  40.076  -13.840  -35.397 0.4000000060
52887  39.034  -12.805  -35.203 0.3000000119
52017  39.184  -13.578  -35.627 0.3000000119
49557  40.979  -16.238  -34.772 0.4000000060
50375  40.411  -15.435  -35.260 0.4000000060
51200  39.618  -14.532  -35.734 0.4000000060
124888  41.111  -17.146  -34.741 0.4000000060
50376  39.495  -15.482  -35.904 0.4000000060
127322  40.651  -16.803  -35.040 0.4000000060
49558  40.144  -16.399  -35.431 0.4000000060
48640  40.383  -17.445  -35.259 0.5000000000
48651  38.629  -18.086  -36.440 0.6000000238
47642  38.501  -19.061  -36.789 0.8000000119
46613  37.219  -18.958  -37.357 0.6999999881
124532  36.236  -18.885  -37.014 0.6999999881
120161  35.458  -21.517  -35.646 0.8999999762
44004  35.763  -22.404  -35.056 0.8999999762
46603  34.791  -20.311  -34.785 0.8999999762
45666  34.628  -20.791  -34.848 0.8000000119
44846  34.884  -21.128  -35.199 0.8000000119
46591  34.376  -19.906  -34.156 0.6999999881
118740  33.748  -19.513  -33.800 0.8000000119
116599  38.767  -12.543  -34.552 0.3000000119
52011  38.652  -13.096  -35.108 0.3000000119
51201  38.543  -14.136  -36.043 0.3000000119
51194  38.204  -13.906  -35.424 0.4000000060
115120  38.759  -14.778  -36.217 0.4000000060
51202  38.104  -14.178  -35.949 0.4000000060
51209  38.019  -14.719  -36.274 0.5000000000
49565  38.317  -16.242  -36.476 0.5000000000
50385  37.920  -15.486  -36.458 0.5000000000
48641  38.915  -17.133  -36.293 0.5000000000
48652  38.139  -17.170  -36.615 0.5000000000
124204  37.942  -18.198  -36.814 0.6000000238
47646  37.731  -18.793  -37.102 0.6999999881
47643  37.352  -18.231  -36.826 0.6999999881
47645  36.523  -18.450  -36.522 0.6999999881
47633  36.357  -18.531  -35.528 0.6999999881
46601  35.877  -19.141  -36.284 0.6999999881
47626  36.189  -18.595  -34.341 0.6999999881
46602  35.397  -19.829  -35.519 0.8000000119
46582  35.520  -19.062  -34.001 0.6999999881
52880  38.926  -12.431  -34.821 0.3000000119
52861  38.824  -12.100  -33.548 0.3000000119
110504  38.529  -12.931  -33.651 0.4000000060
51994  38.453  -13.293  -34.637 0.3000000119
51203  37.845  -14.573  -35.999 0.4000000060
51195  37.849  -14.697  -35.138 0.3000000119
50377  37.634  -15.284  -35.770 0.5000000000
49566  37.706  -16.219  -36.343 0.6000000238
50368  37.612  -15.701  -34.591 0.3000000119
49552  37.456  -16.155  -35.551 0.5000000000
118988  37.394  -16.558  -34.649 0.4000000060
129018  37.810  -17.756  -36.756 0.6999999881
48642  37.389  -16.856  -36.092 0.6999999881
48633  37.229  -17.100  -35.299 0.6000000238
48654  37.080  -17.932  -36.451 0.6999999881
47644  36.769  -18.550  -37.028 0.6999999881
48643  36.886  -17.882  -35.823 0.6999999881
48634  36.793  -17.944  -34.790 0.6000000238
51981  38.256  -13.506  -32.716 0.3000000119
51178  38.164  -14.114  -34.364 0.3000000119
51179  37.901  -14.984  -33.866 0.3000000119
51167  38.071  -14.359  -33.024 0.3000000119
111808  37.731  -15.163  -32.818 0.3000000119
51168  37.546  -14.844  -31.915 0.3000000119
50352  37.583  -15.793  -33.241 0.3000000119
50343  37.330  -15.705  -32.243 0.4000000060
49535  37.393  -16.556  -33.627 0.5000000000
49523  37.178  -16.444  -32.607 0.5000000000
48619  37.133  -17.294  -34.088 0.6000000238
48620  36.508  -17.986  -33.508 0.6000000238
115595  38.605  -11.374  -31.945 0.4000000060
53740  38.234  -12.218  -31.517 0.3000000119
52845  38.447  -12.683  -32.539 0.3000000119
51971  37.959  -13.272  -31.616 0.3000000119
51982  37.897  -14.042  -32.054 0.3000000119
51972  37.443  -14.097  -31.296 0.3000000119
51158  37.053  -14.710  -31.160 0.3000000119
51159  36.484  -14.784  -30.995 0.3000000119
50344  36.877  -16.194  -31.948 0.4000000060
50336  36.046  -15.527  -31.250 0.4000000060
48608  36.274  -17.541  -32.552 0.6000000238
49514  36.314  -16.254  -31.671 0.4000000060
49515  35.486  -16.248  -31.646 0.4000000060
49525  35.952  -16.999  -31.929 0.5000000000
47615  33.386  -18.670  -33.490 0.6999999881
46592  33.039  -19.969  -34.167 0.8000000119
53729  38.144  -11.346  -31.035 0.4000000060
53730  37.660  -12.030  -30.694 0.3000000119
52838  37.148  -12.688  -30.505 0.3000000119
51964  36.663  -13.366  -30.529 0.3000000119
51153  36.223  -14.019  -30.712 0.4000000060
50337  35.336  -15.408  -31.394 0.4000000060
112844  35.260  -16.972  -32.030 0.4000000060
48609  35.493  -17.582  -32.359 0.5000000000
49526  34.584  -16.512  -32.081 0.4000000060
47599  35.797  -18.227  -32.863 0.6000000238
123908  34.612  -17.327  -32.409 0.4000000060
47614  34.266  -18.731  -33.260 0.6999999881
48621  33.708  -17.816  -32.972 0.4000000060
110096  33.156  -16.960  -33.088 0.4000000060
48635  32.666  -17.505  -33.496 0.5000000000
128169  33.094  -18.103  -33.390 0.6000000238
46584  32.798  -19.256  -33.937 0.6999999881
47616  32.597  -18.411  -33.744 0.6999999881
55528  38.456  -9.849  -30.993 0.3000000119
110290  37.483  -11.237  -30.533 0.3000000119
53731  36.968  -11.930  -30.334 0.3000000119
52839  36.431  -12.587  -30.376 0.3000000119
51965  35.968  -13.273  -30.508 0.3000000119
119329  35.631  -13.834  -30.823 0.4000000060
51161  34.726  -14.773  -31.521 0.3000000119
51169  34.074  -13.876  -31.914 0.3000000119
49516  34.619  -15.666  -31.792 0.3000000119
50345  33.905  -14.943  -32.220 0.3000000119
49527  33.802  -16.792  -32.614 0.4000000060
112948  33.814  -15.897  -32.404 0.3000000119
50353  33.101  -15.173  -33.025 0.3000000119
49537  33.137  -16.174  -33.005 0.3000000119
49538  32.545  -16.533  -33.489 0.3000000119
50354  32.502  -15.708  -33.518 0.4000000060
125426  31.850  -17.861  -34.089 0.5000000000
54644  37.276  -10.459  -30.410 0.3000000119
54645  36.724  -11.093  -30.332 0.3000000119
53732  36.173  -11.748  -30.358 0.3000000119
52846  35.707  -12.468  -30.555 0.3000000119
51973  35.311  -13.184  -30.898 0.3000000119
51983  33.999  -12.958  -32.041 0.3000000119
51170  33.350  -14.170  -32.788 0.3000000119
120110  32.412  -15.031  -33.626 0.3000000119
117893  32.027  -16.067  -33.900 0.4000000060
49553  31.841  -16.846  -34.043 0.5000000000
49554  31.100  -16.660  -34.593 0.5000000000
48636  31.321  -17.354  -34.466 0.5000000000
55518  36.935  -9.671  -30.330 0.3000000119
55519  36.066  -9.860  -30.441 0.3000000119
126919  35.891  -10.784  -30.458 0.3000000119
53741  35.411  -11.606  -30.722 0.3000000119
52847  34.979  -12.369  -31.080 0.3000000119
51974  34.588  -13.104  -31.479 0.3000000119
51984  33.552  -13.252  -32.628 0.3000000119
51995  33.016  -13.442  -33.375 0.3000000119
50369  31.876  -15.336  -34.063 0.4000000060
118029  31.479  -16.012  -34.348 0.4000000060
117675  30.789  -15.938  -34.788 0.4000000060
50371  30.443  -15.245  -35.036 0.4000000060
48637  30.724  -17.305  -34.862 0.5000000000
49555  30.404  -16.575  -35.027 0.4000000060
56429  37.626  -8.425  -30.420 0.3000000119
123038  36.998  -8.924  -30.332 0.3000000119
54656  35.075  -10.744  -31.015 0.3000000119
53742  34.691  -11.517  -31.387 0.3000000119
52852  34.318  -12.280  -31.779 0.3000000119
52862  33.265  -12.758  -33.217 0.3000000119
119888  32.604  -14.282  -33.591 0.3000000119
51996  32.409  -13.422  -34.052 0.3000000119
51180  32.054  -14.658  -33.982 0.3000000119
51196  31.539  -14.638  -34.435 0.4000000060
50370  31.181  -15.293  -34.601 0.3000000119
56430  36.600  -8.246  -30.397 0.3000000119
120503  36.287  -9.047  -30.429 0.3000000119
56431  35.812  -8.372  -30.635 0.3000000119
120798  35.454  -10.085  -30.767 0.3000000119
55530  34.832  -9.841  -31.378 0.3000000119
54657  34.458  -10.652  -31.770 0.3000000119
55541  34.312  -9.803  -32.238 0.3000000119
53748  34.112  -11.439  -32.190 0.3000000119
120650  33.699  -12.291  -32.607 0.3000000119
54667  34.003  -10.600  -32.613 0.3000000119
130243  36.035  -7.897  -30.535 0.3000000119
55529  35.461  -9.220  -30.835 0.3000000119
56444  35.199  -8.351  -31.196 0.3000000119
121008  34.834  -9.015  -31.532 0.3000000119
127960  34.586  -9.412  -31.821 0.3000000119
53749  33.651  -11.339  -33.052 0.3000000119
53759  33.271  -12.056  -33.549 0.3000000119
52863  32.830  -12.718  -33.867 0.3000000119
57387  35.561  -7.517  -30.904 0.3000000119
57388  35.043  -7.146  -31.554 0.3000000119
57399  34.633  -7.446  -32.276 0.3000000119
120458  34.965  -7.738  -31.535 0.4000000060
56457  34.320  -8.326  -32.891 0.3000000119
55548  34.132  -9.239  -32.966 0.3000000119
54668  33.681  -10.508  -33.480 0.3000000119
113643  34.566  -6.776  -32.821 0.4000000060
57408  34.365  -7.410  -33.333 0.4000000060
59124  34.973  -5.785  -32.191 0.3000000119
34109  40.228  -34.795  -38.883 0.8999999762
46614  35.562  -19.879  -36.312 0.6999999881
46590  35.094  -19.671  -34.488 0.8000000119
47613  35.202  -18.730  -33.278 0.6999999881
31455  41.858  -36.304  -34.108 0.6000000238
31448  41.306  -36.730  -33.650 0.6000000238
32264  40.254  -35.580  -32.420 0.6000000238
115302  45.055  -35.993  -36.958 0.5000000000
34082  42.349  -33.933  -33.729 0.6000000238
32293  36.622  -36.429  -35.708 0.8999999762
110306  42.809  -33.185  -33.793 0.5000000000
118375  46.580  -33.898  -37.198 0.4000000060
34044  38.023  -33.564  -29.991 0.6999999881
109894  35.509  -35.200  -33.221 0.8999999762
35941  39.618  -31.828  -30.096 0.6999999881
35070  44.248  -32.332  -34.634 0.5000000000
35069  45.306  -31.789  -35.386 0.5000000000
35009  36.758  -32.219  -29.632 0.8000000119
34102  47.473  -33.269  -37.363 0.4000000060
119151  35.672  -34.124  -30.909 0.8000000119
35007  38.660  -32.077  -29.597 0.6999999881
36824  44.025  -30.216  -33.346 0.4000000060
35993  36.337  -31.676  -33.952 0.8000000119
118144  37.416  -34.635  -38.423 0.8000000119
37657  40.992  -30.010  -29.973 0.6000000238
37688  44.706  -29.389  -33.638 0.4000000060
119020  36.350  -30.262  -29.916 0.8000000119
35084  40.050  -32.803  -37.615 1.0000000000
38548  43.371  -28.770  -31.826 0.5000000000
38533  42.492  -28.686  -30.735 0.5000000000
35096  40.893  -33.348  -39.176 1.0000000000
37712  39.400  -29.952  -36.212 1.0000000000
36011  40.543  -31.983  -37.796 1.0000000000
38610  42.317  -29.024  -40.268 1.0000000000
39514  42.783  -28.208  -40.085 1.0000000000
39490  37.819  -27.604  -33.507 0.8000000119
127181  38.417  -23.616  -33.815 0.8000000119
40436  39.926  -26.785  -36.235 1.0000000000
39507  40.272  -27.650  -36.663 1.0000000000
42130  37.443  -24.576  -31.235 0.6999999881
43116  42.327  -23.370  -38.026 1.0000000000
43118  42.680  -23.762  -39.440 1.0000000000
42117  37.563  -24.555  -28.585 0.6000000238
117238  37.398  -23.970  -29.918 0.6999999881
49480  42.027  -15.999  -28.745 0.4000000060
37715  35.477  -29.652  -36.476 1.0000000000
110642  37.201  -28.433  -36.526 1.0000000000
49506  43.803  -16.707  -30.372 0.4000000060
49481  41.323  -16.387  -28.321 0.4000000060
49507  42.995  -16.887  -30.137 0.5000000000
49498  41.670  -16.667  -29.215 0.5000000000
48629  45.995  -17.181  -33.790 0.4000000060
47582  44.664  -18.289  -31.960 0.5000000000
44845  35.352  -20.926  -35.970 0.8000000119
49549  43.005  -17.140  -33.842 0.5000000000
46587  42.128  -18.638  -33.926 0.5000000000
47631  40.865  -18.951  -34.895 0.5000000000
46611  40.228  -20.371  -36.230 0.6999999881
128675  39.660  -17.054  -35.735 0.5000000000
113123  39.179  -18.838  -36.210 0.5000000000
50384  38.558  -15.441  -36.357 0.5000000000
47634  35.761  -19.178  -34.996 0.6999999881
126807  35.905  -18.579  -33.536 0.6999999881
47600  34.852  -18.151  -32.734 0.6000000238
120258  34.967  -13.926  -31.219 0.3000000119
29901  35.634  -38.955  -32.511 0.5000000000
29233  35.653  -39.707  -32.693 0.5000000000
27821  36.120  -41.890  -32.389 0.5000000000
28548  35.640  -40.482  -32.850 0.5000000000
27806  37.405  -41.380  -31.643 0.5000000000
116353  36.502  -40.353  -31.651 0.5000000000
28536  35.901  -40.184  -32.146 0.5000000000
27805  38.080  -41.159  -31.559 0.5000000000
28533  39.203  -40.012  -31.859 0.4000000060
28534  38.385  -40.285  -31.451 0.5000000000
29232  39.829  -39.544  -32.443 0.4000000060
29221  38.835  -39.323  -31.559 0.5000000000
29910  40.738  -38.778  -33.339 0.5000000000
114356  39.527  -38.875  -32.129 0.5000000000
35081  32.302  -32.469  -35.148 0.6999999881
34074  32.561  -33.062  -32.542 0.6999999881
35088  33.087  -32.869  -36.190 0.8000000119
34105  34.393  -33.662  -36.755 0.8000000119
34107  32.949  -33.793  -36.041 0.8000000119
34112  35.326  -33.544  -37.263 0.8999999762
35074  32.409  -32.484  -34.150 0.6999999881
35095  34.602  -32.743  -36.802 0.8999999762
119525  33.805  -32.102  -36.434 0.8999999762
35094  35.493  -32.537  -37.277 0.8999999762
35092  37.280  -32.384  -38.199 0.8999999762
36001  32.377  -31.174  -35.921 0.6000000238
114531  32.576  -32.220  -35.744 0.8000000119
36014  35.683  -31.560  -37.248 0.8999999762
36013  36.598  -31.377  -37.604 0.8999999762
36854  38.122  -30.951  -38.340 0.8999999762
118305  39.438  -31.461  -39.099 0.8999999762
130392  40.865  -23.738  -27.507 0.5000000000
110173  40.179  -24.646  -27.451 0.5000000000
41167  39.607  -25.612  -27.449 0.5000000000
40351  40.996  -25.870  -27.880 0.6000000238
129539  40.359  -25.558  -27.553 0.5000000000
39419  40.086  -26.408  -27.551 0.5000000000
115224  41.266  -26.514  -28.254 0.6000000238
36002  31.648  -30.730  -35.558 0.6000000238
124276  33.200  -31.198  -36.299 0.8999999762
36856  35.867  -30.786  -37.146 0.8999999762
36009  32.942  -31.946  -36.159 0.8999999762
110035  37.164  -30.834  -37.712 0.8999999762
129587  38.744  -30.722  -38.607 0.8999999762
117413  39.672  -22.746  -27.172 0.5000000000
43069  39.055  -23.315  -27.328 0.5000000000
43970  40.535  -22.573  -27.074 0.5000000000
42107  39.215  -24.187  -27.396 0.5000000000
43067  41.162  -23.007  -27.335 0.5000000000
43068  40.067  -23.478  -27.281 0.5000000000
36848  34.401  -30.344  -36.494 0.8999999762
36849  33.547  -30.368  -36.371 0.6999999881
36006  35.092  -30.767  -36.803 0.8999999762
36855  36.439  -30.321  -37.213 0.8999999762
37722  37.335  -30.124  -37.560 0.8999999762
36853  38.356  -30.024  -38.186 0.8999999762
43966  39.925  -21.940  -26.884 0.5000000000
43070  38.264  -23.122  -27.670 0.5000000000
44794  40.626  -21.287  -26.523 0.5000000000
43965  41.013  -21.957  -26.727 0.5000000000
36847  35.659  -30.188  -36.808 0.8999999762
37714  36.754  -29.525  -36.929 0.8999999762
109641  37.644  -29.361  -37.438 0.8999999762
44801  39.184  -21.528  -27.126 0.5000000000
44795  39.744  -21.043  -26.763 0.5000000000
45616  39.735  -20.224  -26.710 0.5000000000
113130  33.008  -28.322  -35.591 0.6000000238
38583  33.067  -27.998  -34.629 0.6000000238
38598  34.253  -28.738  -35.711 0.8000000119
38594  34.041  -28.235  -34.918 0.6999999881
39500  33.957  -27.870  -34.112 0.6999999881
39493  33.371  -27.644  -33.446 0.6999999881
39483  33.148  -27.117  -32.561 0.6999999881
38593  34.983  -28.311  -35.043 0.8000000119
39505  35.787  -28.107  -35.292 0.8000000119
39499  34.681  -27.751  -34.338 0.6999999881
39492  34.299  -27.331  -33.615 0.6999999881
40426  33.920  -26.888  -32.929 0.6999999881
41222  34.733  -25.800  -33.243 0.6999999881
41216  34.335  -25.318  -32.889 0.6999999881
40429  36.308  -26.219  -34.619 0.8000000119
41226  35.779  -25.752  -34.083 0.8000000119
40434  36.736  -26.773  -35.246 0.8000000119
126729  34.800  -25.176  -33.219 0.6999999881
41221  35.256  -25.424  -33.562 0.6999999881
112303  35.726  -24.861  -33.959 0.8000000119
41229  36.821  -25.706  -35.111 0.8000000119
120207  35.439  -24.030  -33.820 0.6999999881
43106  35.656  -23.279  -34.342 0.8000000119
43995  34.150  -22.520  -33.877 0.6000000238
42149  36.845  -24.721  -35.089 0.8000000119
42146  36.224  -24.142  -34.481 0.8000000119
43107  34.941  -22.558  -34.277 0.6000000238
44005  33.517  -21.999  -34.060 0.6000000238
44836  32.927  -21.427  -34.240 0.6000000238
44847  33.767  -21.466  -34.352 0.6000000238
124062  32.804  -21.005  -34.412 0.6000000238
43105  36.285  -23.277  -34.876 0.8000000119
108190  32.283  -21.048  -34.534 0.6000000238
44012  34.976  -21.782  -34.861 0.6999999881
44848  33.326  -21.001  -34.413 0.6000000238
46593  32.264  -19.809  -34.498 0.6000000238
45656  32.719  -20.574  -34.389 0.6000000238
47627  31.857  -18.878  -34.406 0.6000000238
111784  34.124  -21.077  -34.591 0.6999999881
130192  33.803  -20.478  -34.293 0.6999999881
29242  40.969  -39.599  -33.603 0.4000000060
29899  40.178  -38.733  -32.709 0.5000000000
29900  39.793  -37.954  -32.352 0.5000000000
29222  37.817  -39.599  -31.124 0.5000000000
29223  36.863  -39.645  -31.219 0.5000000000
36018  39.039  -32.250  -39.046 0.8999999762
45615  40.449  -20.015  -26.272 0.3000000119
39497  36.154  -27.243  -34.876 0.8000000119
27807  36.768  -41.209  -31.755 0.5000000000
120724  32.642  -33.125  -35.640 0.8000000119
41166  40.903  -25.054  -27.710 0.5000000000
40430  35.696  -26.668  -34.256 0.8000000119
40424  35.217  -26.229  -33.665 0.6999999881
41225  36.320  -25.216  -34.520 0.8000000119
43099  34.697  -23.982  -33.334 0.6999999881
126424  34.940  -23.322  -33.786 0.6999999881
127105  43.621  -27.415  -31.537 0.4000000060
40403  43.777  -26.548  -31.417 0.4000000060
39454  43.238  -27.206  -30.957 0.4000000060
40375  42.311  -26.794  -29.585 0.5000000000
40389  44.068  -25.443  -31.145 0.4000000060
40376  41.757  -26.655  -28.857 0.5000000000
41186  42.942  -24.895  -29.886 0.5000000000
41198  43.503  -25.165  -30.484 0.4000000060
41199  42.858  -25.951  -30.103 0.4000000060
118034  44.127  -24.774  -30.533 0.4000000060
40390  43.359  -26.191  -30.762 0.4000000060
41197  44.769  -24.955  -30.807 0.4000000060
41165  41.676  -24.759  -28.375 0.5000000000
40362  42.333  -25.811  -29.388 0.5000000000
42123  43.994  -24.099  -29.333 0.4000000060
41184  44.570  -24.594  -29.983 0.4000000060
40349  45.325  -26.453  -27.862 0.4000000060
128903  45.081  -25.253  -28.832 0.4000000060
123377  45.275  -24.980  -29.456 0.4000000060
39418  45.612  -27.192  -27.204 0.4000000060
40361  45.554  -25.816  -28.707 0.4000000060
40363  41.732  -25.752  -28.640 0.5000000000
41177  42.369  -24.804  -29.170 0.5000000000
42124  43.138  -24.023  -29.419 0.4000000060
108116  47.284  -23.870  -24.253 0.3000000119
123993  46.423  -24.754  -24.187 0.3000000119
130073  44.451  -24.811  -28.363 0.4000000060
41136  46.969  -25.607  -24.091 0.3000000119
40318  46.613  -26.609  -24.343 0.3000000119
40319  45.511  -26.643  -24.713 0.3000000119
39394  44.854  -26.920  -25.681 0.3000000119
40341  44.483  -26.570  -26.266 0.4000000060
40350  44.743  -25.619  -28.071 0.4000000060
41176  44.635  -24.632  -29.051 0.4000000060
39382  46.107  -27.329  -24.807 0.3000000119
39393  45.475  -27.342  -25.390 0.3000000119
39406  45.194  -27.226  -26.286 0.4000000060
42116  41.987  -23.867  -28.424 0.4000000060
42115  42.489  -23.982  -28.884 0.4000000060
42114  43.605  -23.671  -28.802 0.4000000060
126740  43.011  -23.583  -28.880 0.4000000060
109761  46.820  -23.116  -24.538 0.3000000119
43038  45.264  -23.656  -24.347 0.3000000119
41138  45.368  -25.121  -24.399 0.3000000119
41139  44.575  -25.430  -24.727 0.3000000119
41148  44.075  -25.758  -25.345 0.4000000060
117448  44.158  -25.925  -26.970 0.4000000060
115868  44.131  -24.949  -27.752 0.4000000060
41137  45.989  -25.804  -24.288 0.3000000119
123160  45.208  -25.880  -24.560 0.3000000119
40331  44.431  -26.417  -25.554 0.3000000119
42106  41.251  -24.232  -27.799 0.4000000060
43932  44.274  -22.543  -24.414 0.3000000119
43054  43.292  -23.423  -25.294 0.3000000119
42092  43.459  -24.277  -25.526 0.4000000060
109048  43.124  -23.439  -26.201 0.4000000060
43061  43.213  -23.255  -27.391 0.4000000060
43065  43.220  -23.306  -28.297 0.4000000060
43931  45.064  -22.823  -24.338 0.3000000119
43039  44.385  -23.466  -24.457 0.3000000119
42083  43.749  -24.034  -24.831 0.3000000119
42100  43.428  -24.215  -26.509 0.4000000060
42105  43.709  -23.939  -27.780 0.4000000060
42082  44.592  -24.466  -24.514 0.3000000119
41149  43.865  -24.939  -25.051 0.3000000119
41157  43.630  -25.173  -25.833 0.4000000060
41164  43.719  -25.152  -26.746 0.4000000060
42081  45.556  -24.355  -24.330 0.3000000119
43964  41.873  -22.054  -26.714 0.4000000060
43969  41.545  -22.430  -27.116 0.4000000060
43074  41.865  -23.334  -27.923 0.4000000060
43952  42.634  -22.149  -25.692 0.3000000119
43963  42.407  -22.296  -26.488 0.4000000060
43066  42.683  -22.946  -27.794 0.4000000060
43951  43.105  -22.653  -25.170 0.4000000060
43055  42.834  -22.786  -25.917 0.4000000060
43073  42.583  -23.449  -28.470 0.4000000060
42142  34.481  -24.660  -33.042 0.6000000238
129518  33.977  -24.811  -32.675 0.6000000238
43996  33.332  -22.662  -33.559 0.5000000000
43100  34.156  -23.244  -33.424 0.5000000000
44006  32.769  -22.058  -33.905 0.5000000000
112426  32.079  -21.627  -34.220 0.5000000000
45657  31.808  -20.458  -34.767 0.5000000000
46594  31.414  -19.687  -34.913 0.5000000000
119440  31.100  -18.133  -34.739 0.4000000060
53772  33.086  -11.130  -35.001 0.3000000119
54680  33.235  -10.411  -35.573 0.3000000119
54681  32.733  -10.974  -35.964 0.3000000119
56466  34.008  -8.811  -33.609 0.3000000119
55549  33.761  -9.606  -33.836 0.3000000119
54673  33.466  -10.430  -34.469 0.3000000119
55558  33.568  -9.640  -34.996 0.3000000119
55560  33.406  -9.695  -36.154 0.3000000119
54684  32.871  -10.376  -36.762 0.3000000119
56478  34.072  -8.115  -33.932 0.3000000119
56479  33.800  -8.835  -34.461 0.3000000119
118221  33.708  -8.902  -35.552 0.3000000119
57430  33.891  -8.202  -36.098 0.3000000119
56485  33.604  -9.013  -36.723 0.3000000119
55563  33.172  -9.677  -37.262 0.3000000119
55567  32.374  -9.715  -38.221 0.3000000119
58279  34.452  -6.499  -33.719 0.3000000119
57420  34.224  -7.338  -34.372 0.3000000119
57421  33.916  -8.093  -34.968 0.3000000119
57429  34.191  -7.400  -35.483 0.3000000119
57435  34.189  -7.565  -36.656 0.3000000119
57436  33.788  -8.356  -37.325 0.3000000119
56488  33.308  -9.072  -37.831 0.3000000119
112893  34.735  -5.126  -34.048 0.3000000119
60044  34.714  -5.091  -34.863 0.3000000119
58290  34.425  -6.598  -34.892 0.3000000119
58305  34.429  -6.722  -35.993 0.3000000119
58313  34.484  -6.947  -37.172 0.3000000119
58317  34.330  -7.120  -38.341 0.3000000119
60057  34.794  -5.215  -35.824 0.3000000119
60070  35.012  -4.680  -36.192 0.3000000119
59192  34.820  -6.266  -37.671 0.3000000119
112282  34.939  -4.290  -35.339 0.3000000119
114915  35.196  -3.967  -36.198 0.3000000119
122179  35.369  -3.766  -37.077 0.3000000119
60069  35.228  -4.594  -36.899 0.3000000119
60904  35.337  -3.103  -36.323 0.3000000119
107373  35.409  -2.246  -36.400 0.3000000119
39465  44.185  -27.079  -32.041 0.4000000060
40402  44.474  -26.124  -31.779 0.4000000060
41196  45.525  -24.933  -30.349 0.4000000060
41208  44.799  -25.419  -31.436 0.4000000060
40348  46.006  -26.736  -28.168 0.4000000060
40374  46.027  -25.295  -29.600 0.4000000060
42080  47.487  -24.773  -23.995 0.3000000119
126398  47.422  -26.171  -24.065 0.3000000119
38458  46.393  -27.995  -25.360 0.3000000119
39405  45.838  -27.844  -26.037 0.3000000119
122669  45.668  -27.564  -26.536 0.3000000119
122786  46.494  -22.398  -24.580 0.3000000119
43930  45.917  -23.024  -24.409 0.3000000119
44793  41.475  -21.470  -26.350 0.4000000060
43953  42.128  -21.743  -26.131 0.4000000060
43933  43.526  -22.265  -24.681 0.3000000119
45601  41.194  -20.623  -26.066 0.4000000060
40419  33.468  -26.276  -32.427 0.6000000238
59147  34.667  -5.603  -33.496 0.3000000119
60043  34.848  -4.302  -34.140 0.3000000119
60872  35.018  -3.451  -34.626 0.3000000119
60892  35.172  -3.358  -35.499 0.3000000119
122328  35.185  -2.780  -34.934 0.3000000119
43929  47.365  -22.503  -24.757 0.3000000119
38532  43.159  -28.174  -31.261 0.4000000060
42113  44.118  -24.219  -28.582 0.4000000060
43037  46.204  -23.789  -24.330 0.3000000119
43968  42.290  -22.534  -27.174 0.4000000060
59158  34.553  -5.788  -34.392 0.3000000119
57438  34.085  -7.730  -37.884 0.3000000119
113497  34.681  -6.056  -36.441 0.3000000119
59191  35.245  -5.345  -37.635 0.3000000119
107372  35.337  -1.667  -35.690 0.3000000119
110121  33.335  -38.154  -35.110 0.6000000238
30627  33.203  -37.386  -34.586 0.6999999881
127916  33.199  -37.442  -33.927 0.6999999881
35083  47.569  -32.456  -37.190 0.3000000119
35076  47.392  -31.548  -36.762 0.3000000119
32266  32.758  -35.768  -33.389 0.6999999881
127359  32.911  -36.427  -33.495 0.6999999881
110659  33.094  -37.070  -33.190 0.6999999881
38565  44.733  -27.813  -32.886 0.3000000119
40416  44.930  -26.621  -32.507 0.3000000119
31457  33.039  -36.621  -34.768 0.6999999881
40415  45.760  -26.260  -32.718 0.3000000119
41195  46.538  -25.235  -31.157 0.3000000119
40400  46.127  -25.670  -32.006 0.3000000119
40401  45.240  -25.807  -31.992 0.3000000119
41183  47.175  -25.252  -30.515 0.3000000119
111633  46.375  -25.122  -30.359 0.3000000119
127540  46.007  -25.090  -30.756 0.3000000119
118482  46.358  -31.381  -36.130 0.3000000119
37687  45.604  -29.265  -34.461 0.4000000060
32279  32.697  -35.395  -34.106 0.6999999881
38581  45.417  -28.492  -33.872 0.3000000119
114454  32.856  -36.165  -34.143 0.6999999881
39480  45.616  -26.980  -33.275 0.3000000119
111860  47.092  -25.661  -32.000 0.3000000119
41207  45.563  -25.222  -31.220 0.3000000119
40388  48.081  -25.345  -30.761 0.3000000119
35989  45.901  -30.779  -35.511 0.4000000060
33143  32.612  -34.569  -34.024 0.6999999881
38590  46.350  -28.600  -34.799 0.3000000119
112111  46.329  -26.626  -33.398 0.3000000119
127773  45.738  -27.649  -33.766 0.3000000119
32294  32.888  -35.332  -35.596 0.6999999881
40414  46.700  -26.175  -32.852 0.3000000119
32287  32.834  -35.813  -34.859 0.6999999881
40360  46.406  -26.150  -28.978 0.3000000119
40372  47.697  -25.653  -29.867 0.3000000119
40373  46.845  -25.549  -29.739 0.3000000119
123563  32.710  -34.623  -35.384 0.6999999881
38580  46.564  -27.934  -34.587 0.3000000119
33160  33.291  -34.510  -36.257 0.6999999881
39479  47.301  -26.750  -33.776 0.3000000119
33159  34.083  -34.546  -36.643 0.6999999881
39441  47.250  -26.337  -29.160 0.3000000119
38579  47.704  -27.751  -34.926 0.3000000119
45600  42.093  -20.607  -25.500 0.3000000119
29924  33.355  -39.017  -35.156 0.5000000000
29893  33.266  -38.566  -31.511 0.6999999881
125026  33.282  -38.605  -33.738 0.6000000238
29902  33.274  -38.436  -32.676 0.6000000238
29918  33.286  -38.785  -34.523 0.6000000238
126163  32.725  -36.206  -30.520 0.6999999881
128067  32.703  -35.354  -32.623 0.6999999881
35997  47.246  -30.718  -36.433 0.3000000119
33126  32.643  -34.613  -32.319 0.6999999881
36832  47.235  -29.873  -36.102 0.4000000060
33135  32.624  -33.979  -33.083 0.6999999881
37697  46.822  -29.106  -35.484 0.4000000060
36822  45.864  -29.947  -35.029 0.4000000060
34092  32.472  -33.343  -34.759 0.6999999881
38589  47.610  -28.431  -35.404 0.3000000119
129738  48.333  -28.288  -35.102 0.3000000119
34099  32.683  -33.952  -35.498 0.6999999881
113476  33.283  -38.034  -34.219 0.6000000238
39487  47.804  -27.352  -34.480 0.3000000119
37696  47.961  -29.212  -36.030 0.3000000119
28558  35.299  -40.853  -33.917 0.5000000000
29256  35.231  -39.701  -36.010 0.5000000000
28567  34.328  -40.784  -35.475 0.5000000000
29911  35.512  -39.263  -33.532 0.4000000060
27023  31.386  -42.081  -26.013 0.4000000060
26258  29.160  -44.017  -27.274 0.5000000000
119778  35.337  -39.740  -35.320 0.4000000060
129923  35.418  -39.663  -34.391 0.5000000000
28574  34.489  -40.185  -35.792 0.5000000000
24808  27.993  -45.403  -28.870 0.4000000060
24053  27.425  -46.816  -29.640 0.4000000060
27024  30.350  -42.459  -26.314 0.5000000000
29258  33.557  -39.650  -35.455 0.4000000060
122882  27.259  -46.148  -30.038 0.4000000060
24063  27.006  -46.844  -30.383 0.4000000060
25502  28.254  -44.654  -28.505 0.4000000060
27025  29.555  -42.434  -26.996 0.5000000000
27032  29.099  -43.111  -27.456 0.4000000060
27760  31.646  -41.255  -26.306 0.5000000000
28512  33.116  -39.856  -28.317 0.4000000060
127988  33.218  -39.266  -34.124 0.5000000000
29225  33.338  -39.352  -31.148 0.4000000060
29216  33.308  -39.303  -30.065 0.4000000060
29234  33.316  -39.441  -32.362 0.4000000060
24064  26.609  -46.862  -31.249 0.4000000060
24091  24.492  -46.943  -33.483 0.4000000060
111667  28.026  -43.995  -28.787 0.4000000060
25535  26.261  -44.759  -33.403 0.4000000060
128562  29.057  -42.375  -27.575 0.5000000000
26259  28.555  -43.768  -28.089 0.4000000060
25528  26.479  -44.278  -32.406 0.4000000060
27762  29.967  -41.650  -26.727 0.5000000000
27798  26.754  -41.787  -30.842 0.4000000060
27060  26.587  -42.594  -31.429 0.4000000060
28492  31.124  -40.669  -26.511 0.5000000000
29191  31.933  -39.339  -27.094 0.5000000000
112674  26.944  -40.992  -30.669 0.4000000060
28529  26.972  -40.307  -31.023 0.4000000060
28490  32.284  -40.202  -26.955 0.5000000000
29201  32.824  -39.027  -28.272 0.6000000238
29210  33.231  -39.458  -29.125 0.6000000238
23224  24.623  -47.496  -33.450 0.4000000060
113027  25.779  -46.104  -33.597 0.4000000060
24072  26.799  -46.183  -30.892 0.4000000060
24832  26.263  -45.498  -33.246 0.4000000060
27033  28.594  -42.744  -28.056 0.5000000000
26269  28.019  -43.097  -28.766 0.4000000060
111531  29.696  -41.089  -27.096 0.5000000000
27053  27.264  -42.204  -29.909 0.4000000060
26287  26.525  -43.403  -31.874 0.4000000060
28501  30.673  -40.043  -26.814 0.5000000000
29856  32.242  -38.728  -27.613 0.5000000000
29878  27.732  -39.042  -30.157 0.4000000060
29876  33.026  -38.567  -29.171 0.6000000238
29884  33.200  -38.574  -30.374 0.6000000238
24089  26.121  -46.011  -33.353 0.4000000060
26280  27.563  -43.762  -29.456 0.4000000060
24824  26.477  -45.327  -32.428 0.4000000060
25527  26.692  -44.899  -31.412 0.4000000060
26281  27.188  -43.117  -30.043 0.4000000060
28502  29.762  -40.278  -27.244 0.5000000000
27791  27.570  -41.416  -29.506 0.4000000060
27792  27.181  -41.392  -30.146 0.4000000060
29192  31.131  -39.286  -26.999 0.5000000000
29212  27.960  -39.758  -29.497 0.4000000060
30604  33.154  -37.736  -31.739 0.6000000238
110860  33.095  -37.830  -30.698 0.6000000238
123141  32.695  -37.808  -28.859 0.6000000238
118665  26.334  -46.849  -32.071 0.4000000060
24823  26.675  -45.610  -31.419 0.4000000060
25521  27.072  -43.920  -30.297 0.4000000060
26286  26.751  -43.289  -30.841 0.4000000060
28503  29.148  -40.998  -27.621 0.5000000000
27043  28.222  -42.258  -28.537 0.5000000000
27782  28.094  -41.398  -28.736 0.5000000000
116545  28.595  -40.955  -28.183 0.5000000000
28522  28.296  -40.448  -28.735 0.5000000000
29193  30.261  -39.405  -27.235 0.5000000000
29202  29.529  -39.552  -27.660 0.5000000000
29859  29.803  -38.818  -27.696 0.5000000000
130349  27.836  -40.713  -29.281 0.4000000060
29857  31.528  -38.601  -27.368 0.6000000238
29869  28.728  -38.487  -28.861 0.5000000000
113490  28.187  -38.755  -29.567 0.4000000060
110085  33.018  -36.973  -32.060 0.6000000238
30594  32.861  -37.259  -30.027 0.6000000238
30564  31.858  -37.930  -27.756 0.6000000238
29858  30.680  -38.612  -27.376 0.5000000000
29203  29.006  -39.182  -28.308 0.5000000000
30585  32.606  -37.097  -29.146 0.6000000238
30575  31.473  -37.066  -28.049 0.6000000238
29868  30.105  -37.947  -27.836 0.5000000000
109236  32.691  -36.583  -29.891 0.6000000238
31433  32.812  -36.201  -31.391 0.6000000238
34048  32.172  -33.648  -30.254 0.5000000000
33103  32.437  -34.293  -30.564 0.6000000238
33086  31.630  -34.490  -29.353 0.5000000000
126661  32.567  -34.900  -30.898 0.6000000238
32231  32.133  -35.064  -29.468 0.6000000238
113199  30.933  -35.761  -28.477 0.5000000000
32217  30.093  -35.829  -28.727 0.5000000000
30574  32.089  -36.638  -28.554 0.6000000238
30576  30.571  -37.210  -27.969 0.5000000000
129808  29.955  -37.386  -28.159 0.5000000000
30577  29.290  -37.677  -28.567 0.5000000000
30586  28.972  -37.070  -29.185 0.5000000000
115103  32.467  -32.937  -31.569 0.5000000000
34085  32.551  -33.169  -33.600 0.6000000238
118532  32.618  -33.751  -31.963 0.6000000238
31400  31.486  -36.195  -28.449 0.6000000238
31401  30.757  -36.437  -28.267 0.5000000000
108922  32.633  -35.551  -30.731 0.6000000238
32214  32.151  -35.668  -29.149 0.6000000238
28568  33.273  -40.907  -35.191 0.4000000060
29244  33.096  -40.019  -34.079 0.4000000060
29257  34.252  -39.692  -35.946 0.4000000060
31413  32.379  -36.274  -29.167 0.6000000238
29250  35.185  -40.295  -34.723 0.5000000000
27094  33.000  -42.278  -34.889 0.5000000000
28566  34.649  -41.066  -34.963 0.5000000000
27851  33.800  -40.928  -35.448 0.5000000000
27761  30.787  -41.469  -26.364 0.5000000000
24809  27.534  -45.396  -29.609 0.4000000060
118251  26.273  -43.931  -33.391 0.4000000060
27810  26.503  -41.812  -32.067 0.4000000060
24817  27.017  -45.373  -30.530 0.4000000060
119532  27.550  -42.885  -29.427 0.4000000060
24079  26.226  -46.487  -32.783 0.4000000060
31399  31.985  -36.002  -28.759 0.6000000238
24843  25.742  -45.431  -33.709 0.3000000119
25546  25.564  -44.723  -33.685 0.3000000119
28540  26.520  -40.996  -32.602 0.3000000119
26302  26.255  -43.031  -33.382 0.3000000119
27082  26.359  -41.925  -33.101 0.3000000119
27095  26.128  -42.412  -33.426 0.3000000119
23197  26.695  -47.627  -30.638 0.4000000060
23206  26.278  -47.438  -31.647 0.4000000060
24052  27.708  -46.152  -29.253 0.4000000060
24073  26.501  -46.188  -31.952 0.4000000060
24080  25.867  -46.670  -33.308 0.4000000060
24090  25.261  -46.920  -33.521 0.4000000060
24842  26.063  -45.390  -33.622 0.4000000060
25511  27.792  -44.646  -29.176 0.4000000060
25512  27.343  -44.623  -29.920 0.4000000060
25522  26.682  -44.079  -31.198 0.4000000060
25545  26.083  -43.803  -33.679 0.3000000119
26248  29.676  -43.288  -26.729 0.5000000000
26292  26.428  -43.449  -32.889 0.4000000060
26315  26.094  -43.086  -33.591 0.3000000119
26316  25.899  -43.474  -33.719 0.3000000119
27052  27.758  -42.214  -29.118 0.5000000000
27059  26.869  -42.600  -30.555 0.4000000060
27069  26.457  -42.697  -32.617 0.3000000119
27096  25.864  -42.643  -33.553 0.3000000119
27772  29.355  -41.729  -27.339 0.5000000000
27773  28.694  -41.787  -27.985 0.5000000000
27804  38.895  -40.847  -31.862 0.4000000060
27809  26.668  -40.988  -31.557 0.4000000060
27844  33.269  -41.667  -35.137 0.5000000000
28491  31.793  -40.593  -26.544 0.5000000000
28523  27.390  -40.589  -30.047 0.4000000060
28535  37.371  -40.549  -31.399 0.5000000000
28546  39.653  -40.451  -32.395 0.4000000060
28547  36.059  -40.921  -32.184 0.5000000000
28573  34.898  -40.273  -35.510 0.5000000000
28575  33.755  -40.299  -35.548 0.4000000060
29181  31.507  -39.993  -26.758 0.5000000000
29190  32.572  -39.551  -27.570 0.6000000238
29211  28.502  -39.740  -28.720 0.5000000000
29217  27.398  -39.663  -30.512 0.4000000060
29231  40.418  -39.331  -33.008 0.5000000000
29243  35.461  -40.017  -33.651 0.5000000000
29251  33.178  -39.660  -34.784 0.4000000060
29263  34.931  -39.632  -36.208 0.4000000060
29867  32.499  -38.216  -28.259 0.6000000238
29889  38.222  -38.685  -31.133 0.6000000238
29912  33.249  -39.263  -33.388 0.5000000000
29917  35.548  -39.047  -34.612 0.6000000238
29921  42.754  -38.665  -35.541 0.6000000238
29923  33.820  -38.888  -35.885 0.5000000000
29926  44.836  -38.530  -37.405 0.5000000000
30565  31.070  -37.845  -27.613 0.5000000000
30611  33.193  -37.626  -32.618 0.6999999881
30621  33.259  -37.870  -33.411 0.6000000238
30624  42.249  -37.590  -34.760 0.6999999881
30631  37.066  -38.115  -37.352 0.6999999881
30634  33.262  -37.187  -35.352 0.6999999881
30640  37.126  -37.983  -37.565 0.8999999762
30642  35.439  -38.437  -36.856 0.8000000119
30643  34.294  -37.622  -36.593 0.6999999881
31402  29.818  -36.804  -28.489 0.5000000000
31420  38.154  -36.566  -30.828 0.8000000119
31421  37.240  -36.890  -30.585 0.6999999881
31422  35.989  -36.352  -30.910 0.8000000119
31432  35.623  -36.489  -31.597 0.6999999881
31440  32.848  -36.176  -32.550 0.6999999881
31451  33.047  -36.862  -34.052 0.6999999881
31467  44.149  -36.487  -36.447 0.5000000000
31472  33.264  -35.903  -36.124 0.8000000119
32215  31.530  -35.353  -28.859 0.5000000000
32247  32.441  -34.965  -30.181 0.6000000238
32255  38.815  -35.311  -31.079 0.8000000119
32256  35.593  -35.199  -31.383 0.8000000119
32257  32.675  -35.316  -31.694 0.6999999881
32302  33.113  -35.125  -36.105 0.6999999881
32304  47.084  -35.681  -37.680 0.5000000000
32306  37.140  -37.097  -38.050 0.8000000119
33085  32.174  -34.351  -29.854 0.6000000238
33112  39.958  -34.359  -31.748 0.6999999881
33116  32.592  -34.405  -31.398 0.6000000238
33122  41.332  -34.384  -32.994 0.6000000238
33134  35.540  -34.394  -33.341 0.8999999762
33141  36.470  -34.604  -35.187 0.8999999762
33146  45.379  -33.868  -36.370 0.5000000000
33151  32.671  -35.009  -34.837 0.6999999881
33153  47.830  -34.047  -37.503 0.4000000060
33157  38.864  -36.131  -37.999 0.8000000119
33161  32.893  -34.560  -35.878 0.6999999881
34028  36.721  -33.007  -29.853 0.8000000119
34043  39.008  -33.339  -30.470 0.6999999881
34064  32.480  -33.613  -31.032 0.5000000000
34104  38.518  -34.159  -36.774 1.0000000000
34106  33.541  -33.727  -36.386 0.8000000119
34108  40.657  -34.139  -39.151 1.0000000000
35055  35.473  -32.962  -32.383 0.8000000119
35073  35.885  -33.190  -33.926 0.8999999762
35085  39.543  -33.399  -37.400 1.0000000000
35087  33.852  -33.012  -36.503 0.8999999762
35089  41.290  -32.631  -39.205 1.0000000000
35093  36.468  -32.448  -37.731 0.8999999762
35926  38.980  -31.340  -29.335 0.6999999881
35940  40.409  -31.512  -30.592 0.6000000238
35952  41.992  -31.313  -32.006 0.4000000060
35992  37.010  -31.218  -34.608 0.8999999762
36007  34.807  -31.773  -36.830 0.8999999762
36008  34.163  -31.089  -36.529 0.8999999762
36012  37.667  -31.736  -38.291 0.8999999762
36016  41.263  -32.374  -39.370 1.0000000000
36756  37.871  -30.021  -28.640 0.8000000119
36757  37.169  -29.791  -28.916 0.8000000119
36797  35.720  -30.938  -31.288 0.8000000119
36850  32.591  -30.329  -36.215 0.6999999881
36857  42.156  -30.169  -40.107 1.0000000000
37691  36.932  -29.158  -33.076 0.6999999881
37704  38.704  -29.847  -35.513 1.0000000000
37708  32.010  -28.839  -36.134 0.6999999881
37710  40.554  -29.282  -37.194 1.0000000000
37716  34.823  -29.534  -36.280 0.8999999762
37719  42.355  -29.343  -39.519 1.0000000000
37721  38.438  -29.177  -37.960 1.0000000000
37723  42.361  -29.942  -39.933 1.0000000000
37725  41.886  -29.760  -40.225 1.0000000000
38499  38.820  -27.594  -27.731 0.6000000238
38525  36.823  -29.199  -29.296 0.8000000119
38578  48.457  -27.848  -34.786 0.3000000119
38595  31.649  -27.805  -35.491 0.6000000238
38597  38.868  -28.543  -35.277 0.8999999762
38603  36.683  -28.870  -36.488 1.0000000000
39431  41.076  -27.342  -28.313 0.6999999881
39457  36.762  -28.040  -30.766 0.6999999881
39482  37.523  -27.202  -32.751 0.8000000119
39488  46.666  -27.216  -34.121 0.3000000119
39491  35.040  -27.037  -33.892 0.6999999881
39498  35.450  -27.578  -34.600 0.8000000119
39512  38.257  -27.757  -37.250 1.0000000000
40320  44.718  -26.216  -24.936 0.3000000119
40330  44.940  -26.764  -25.198 0.3000000119
40340  44.853  -26.577  -27.110 0.4000000060
40391  42.772  -26.956  -30.309 0.5000000000
40404  37.401  -26.106  -31.641 0.6999999881
40418  34.162  -26.060  -32.837 0.6999999881
40425  34.574  -26.570  -33.340 0.6999999881
41156  43.907  -25.952  -26.103 0.4000000060
41168  38.742  -25.554  -27.544 0.6000000238
41169  38.070  -25.402  -27.868 0.6000000238
41185  43.721  -24.424  -30.005 0.4000000060
41217  33.722  -25.444  -32.494 0.6000000238
41219  38.144  -25.345  -33.387 0.8000000119
41236  43.123  -25.754  -39.957 1.0000000000
41239  42.961  -25.405  -40.328 1.0000000000
42125  37.406  -24.693  -29.458 0.6000000238
42128  37.398  -24.672  -30.328 0.6000000238
42141  35.100  -24.685  -33.447 0.6999999881
42151  38.204  -24.542  -37.049 0.8999999762
43040  43.657  -23.114  -24.721 0.3000000119
43062  42.802  -22.745  -26.937 0.4000000060
43075  37.582  -23.705  -28.604 0.6000000238
43086  37.497  -23.743  -31.604 0.6999999881
43091  37.990  -23.232  -33.048 0.8000000119
43104  38.853  -23.658  -34.486 0.8000000119
43934  42.960  -22.020  -25.072 0.3000000119
43971  38.941  -22.383  -27.316 0.5000000000
43972  37.850  -22.609  -28.082 0.6999999881
43981  37.492  -22.254  -30.158 0.6999999881
44008  40.723  -21.820  -36.281 0.8000000119
44013  34.286  -21.952  -34.368 0.6000000238
44779  41.908  -21.161  -25.925 0.4000000060
44851  36.889  -20.882  -37.676 1.0000000000
44855  38.208  -21.071  -38.330 0.8999999762
44856  37.625  -21.323  -38.152 1.0000000000
44859  38.843  -21.757  -38.888 1.0000000000
45634  37.995  -20.238  -29.769 0.6999999881
45664  40.133  -20.890  -35.384 0.6999999881
45675  38.694  -20.471  -37.954 0.8999999762
45678  40.463  -21.320  -38.267 0.8999999762
46532  39.965  -19.445  -26.578 0.4000000060
46551  39.176  -19.137  -27.636 0.4000000060
46563  38.592  -19.469  -30.702 0.6999999881
46583  34.693  -19.314  -33.732 0.8000000119
46599  40.194  -19.755  -34.736 0.6999999881
47526  40.855  -18.613  -25.905 0.3000000119
47577  39.605  -18.590  -30.522 0.6999999881
47583  43.446  -18.366  -32.151 0.5000000000
47591  48.948  -18.522  -33.164 0.3000000119
47594  44.781  -18.465  -32.746 0.4000000060
47606  48.285  -18.518  -33.504 0.4000000060
47607  47.258  -18.570  -33.400 0.4000000060
47610  43.536  -18.303  -33.454 0.5000000000
47624  42.943  -18.225  -33.758 0.5000000000
48540  40.583  -18.113  -26.229 0.3000000119
48571  40.223  -17.516  -28.605 0.6000000238
48581  41.288  -17.296  -29.722 0.5000000000
48586  45.211  -17.161  -31.090 0.4000000060
48590  41.708  -17.653  -30.473 0.6000000238
48596  45.764  -17.813  -31.581 0.4000000060
48603  50.441  -17.611  -33.449 0.3000000119
48605  49.221  -18.207  -32.878 0.3000000119
48607  47.272  -18.410  -32.497 0.4000000060
48632  41.800  -17.733  -34.397 0.5000000000
48653  37.527  -17.368  -36.435 0.6999999881
49505  44.589  -16.538  -30.635 0.3000000119
49524  36.598  -16.818  -32.201 0.4000000060
49536  36.967  -17.214  -32.978 0.6000000238
49551  41.701  -16.700  -34.366 0.4000000060
49559  39.223  -16.283  -36.101 0.5000000000
49560  37.574  -15.844  -36.096 0.5000000000
50335  36.816  -15.486  -31.474 0.4000000060
50386  37.751  -15.258  -36.218 0.5000000000
51152  36.891  -14.108  -30.809 0.3000000119
51160  35.651  -14.660  -31.029 0.4000000060
51963  37.333  -13.413  -30.818 0.3000000119
52018  38.528  -13.665  -35.531 0.3000000119
55542  33.937  -9.932  -33.011 0.3000000119
55566  32.858  -9.569  -37.994 0.3000000119
56445  34.673  -8.301  -31.913 0.3000000119
58258  34.870  -6.504  -32.021 0.3000000119
59174  34.589  -5.895  -35.397 0.3000000119
59186  34.961  -5.360  -36.749 0.3000000119
107367  35.299  -2.514  -35.599 0.3000000119
108252  37.468  -26.798  -28.770 0.6000000238
109875  32.501  -35.742  -29.824 0.6000000238
110475  26.065  -44.621  -33.768 0.3000000119
110517  34.954  -29.996  -36.517 0.8999999762
110605  31.061  -29.041  -36.017 0.6000000238
110951  28.937  -40.156  -28.030 0.5000000000
110963  25.165  -46.218  -33.589 0.4000000060
112308  36.012  -34.157  -30.534 0.8000000119
112392  36.566  -10.371  -30.361 0.3000000119
112617  37.799  -36.821  -38.266 0.8000000119
112981  39.388  -28.706  -28.044 0.6999999881
113981  26.343  -45.918  -32.835 0.4000000060
115085  32.081  -31.549  -35.343 0.6000000238
115794  28.455  -37.801  -29.571 0.5000000000
116432  32.931  -37.844  -29.671 0.6000000238
116742  34.427  -21.458  -34.645 0.6999999881
116864  40.586  -37.934  -33.095 0.6000000238
117260  41.984  -22.757  -27.569 0.4000000060
117521  40.581  -27.038  -36.986 1.0000000000
117838  32.668  -34.933  -33.238 0.6999999881
118444  30.081  -15.861  -35.217 0.4000000060
118904  38.332  -13.631  -33.685 0.3000000119
119278  32.576  -33.845  -34.047 0.6999999881
119488  34.470  -9.011  -32.225 0.3000000119
119657  32.567  -34.240  -34.813 0.6999999881
119701  37.260  -26.679  -29.567 0.6999999881
119752  36.370  -34.621  -37.814 0.8000000119
120240  37.381  -28.213  -28.757 0.6999999881
120447  37.523  -9.201  -30.424 0.3000000119
120934  41.005  -19.836  -25.905 0.3000000119
121223  40.824  -35.741  -32.982 0.6000000238
121709  36.533  -21.392  -37.071 1.0000000000
121859  32.905  -36.969  -30.886 0.6000000238
122743  42.806  -26.037  -40.600 1.0000000000
122759  37.435  -23.394  -31.015 0.6999999881
122769  33.375  -39.911  -29.865 0.4000000060
122774  42.558  -22.522  -37.944 1.0000000000
122964  32.608  -22.509  -33.541 0.5000000000
123769  29.348  -38.405  -28.226 0.5000000000
123846  26.945  -44.594  -30.626 0.4000000060
123879  37.704  -12.727  -30.944 0.3000000119
124609  45.543  -16.335  -33.611 0.4000000060
124683  39.377  -39.431  -31.983 0.5000000000
124938  32.244  -37.423  -28.339 0.6000000238
125413  38.277  -22.330  -27.705 0.6000000238
125555  26.165  -44.288  -33.656 0.4000000060
125753  43.026  -27.576  -40.110 1.0000000000
126173  30.321  -40.844  -26.726 0.5000000000
127651  34.557  -22.908  -33.822 0.6000000238
128489  36.975  -37.916  -37.642 0.8000000119
128942  28.431  -39.175  -28.987 0.5000000000
128989  40.340  -20.640  -26.451 0.5000000000
129116  48.709  -18.517  -32.945 0.3000000119
129124  36.964  -38.159  -37.406 0.6999999881
129155  42.334  -29.726  -40.117 1.0000000000
129559  40.615  -34.075  -39.249 1.0000000000
130043  42.522  -15.451  -33.890 0.4000000060
130076  41.082  -29.306  -39.968 1.0000000000
130383  42.467  -35.329  -34.399 0.6999999881
