#!ascii label  , from subject sub-v2s7x29676_ses-1 vox2ras=TkReg
266
19013  51.468  -51.909  -12.022 0.0000000000
15255  39.649  -57.308  -18.613 0.0000000000
15203  47.902  -58.150  -12.863 0.0000000000
16697  44.103  -55.648  -14.431 0.0000000000
12758  44.446  -61.643  -16.239 0.0000000000
13590  46.754  -59.588  -15.114 0.0000000000
11981  43.519  -62.432  -15.156 0.0000000000
15987  41.294  -56.514  -15.752 0.0000000000
18211  41.227  -53.456  -14.841 0.0000000000
17428  50.189  -54.786  -12.298 0.0000000000
121076  47.378  -56.758  -15.132 0.0000000000
15237  44.851  -58.202  -16.291 0.0000000000
13616  42.406  -59.546  -17.481 0.0000000000
12024  42.359  -62.724  -19.002 0.0000000000
19837  47.802  -50.751  -11.363 0.0000000000
18146  50.396  -52.894  -9.102 0.0000000000
16656  48.346  -55.620  -9.849 0.0000000000
19055  44.484  -52.819  -15.476 0.0000000000
13578  43.485  -60.434  -14.253 0.0000000000
16001  39.836  -56.836  -17.286 0.0000000000
16709  38.868  -55.283  -15.478 0.0000000000
15957  49.015  -57.057  -12.744 0.0000000000
15219  48.657  -57.405  -14.234 0.0000000000
12744  45.512  -60.739  -15.417 0.0000000000
14415  46.292  -59.290  -15.762 0.0000000000
109965  44.406  -59.268  -16.654 0.0000000000
108317  43.259  -58.173  -16.592 0.0000000000
113854  43.295  -60.444  -17.296 0.0000000000
118929  41.559  -61.214  -19.500 0.0000000000
17381  48.471  -54.617  -7.647 0.0000000000
17415  49.088  -55.094  -9.200 0.0000000000
16634  47.557  -55.487  -8.485 0.0000000000
17440  45.193  -54.295  -13.828 0.0000000000
18199  43.667  -53.605  -14.283 0.0000000000
19076  39.557  -52.286  -16.142 0.0000000000
19094  41.868  -52.259  -17.121 0.0000000000
14381  46.226  -58.640  -13.183 0.0000000000
14394  47.414  -59.096  -14.036 0.0000000000
13563  45.674  -59.997  -14.093 0.0000000000
12735  44.936  -61.409  -14.858 0.0000000000
11183  44.033  -62.564  -15.493 0.0000000000
15976  42.620  -56.153  -14.927 0.0000000000
18201  41.934  -53.825  -14.410 0.0000000000
16701  40.418  -55.095  -14.688 0.0000000000
18214  38.448  -53.648  -15.326 0.0000000000
112443  39.593  -56.828  -19.870 0.0000000000
115258  50.836  -53.003  -12.123 0.0000000000
16687  46.916  -55.182  -14.075 0.0000000000
16696  45.189  -55.863  -14.522 0.0000000000
14413  47.555  -58.285  -15.163 0.0000000000
15983  46.077  -57.543  -15.761 0.0000000000
15985  44.104  -57.059  -15.568 0.0000000000
15993  42.787  -57.246  -16.068 0.0000000000
15240  41.508  -57.590  -16.882 0.0000000000
14430  40.647  -58.163  -18.045 0.0000000000
11997  43.429  -62.442  -17.153 0.0000000000
12778  42.072  -61.074  -18.336 0.0000000000
13624  40.736  -59.457  -18.913 0.0000000000
14443  40.364  -58.973  -19.609 0.0000000000
19836  49.326  -50.229  -11.581 0.0000000000
19815  50.462  -50.712  -10.924 0.0000000000
19777  49.086  -51.561  -8.996 0.0000000000
18168  51.154  -52.531  -10.532 0.0000000000
17413  50.512  -54.302  -10.284 0.0000000000
16655  49.299  -55.560  -10.285 0.0000000000
15948  48.167  -56.838  -11.554 0.0000000000
16673  46.023  -55.870  -10.668 0.0000000000
15960  46.067  -57.147  -12.095 0.0000000000
19057  42.656  -52.898  -15.542 0.0000000000
119963  51.947  -50.905  -12.215 0.0000000000
19851  51.920  -51.080  -12.805 0.0000000000
19023  51.422  -51.707  -12.789 0.0000000000
15247  40.132  -57.444  -17.880 0.0000000000
16002  39.020  -56.368  -17.309 0.0000000000
15958  48.459  -57.426  -12.426 0.0000000000
15202  48.676  -57.677  -13.242 0.0000000000
12757  44.913  -61.360  -15.686 0.0000000000
12756  45.327  -60.514  -15.988 0.0000000000
13604  44.492  -60.507  -16.627 0.0000000000
13615  43.550  -59.492  -16.990 0.0000000000
12766  43.853  -61.495  -16.897 0.0000000000
12037  42.145  -61.970  -20.567 0.0000000000
16615  48.210  -55.145  -7.887 0.0000000000
16689  44.644  -54.931  -14.022 0.0000000000
18188  44.946  -53.806  -13.950 0.0000000000
17441  44.243  -54.071  -13.908 0.0000000000
115251  40.695  -51.609  -17.434 0.0000000000
14395  45.844  -59.298  -13.605 0.0000000000
14396  44.681  -59.246  -13.575 0.0000000000
11974  43.218  -61.356  -14.634 0.0000000000
12736  44.165  -61.268  -14.588 0.0000000000
11973  44.242  -61.941  -14.971 0.0000000000
11972  44.580  -61.869  -15.087 0.0000000000
16706  41.669  -55.998  -15.034 0.0000000000
16700  41.185  -55.227  -14.624 0.0000000000
16707  40.645  -55.802  -15.157 0.0000000000
17456  38.540  -54.533  -15.258 0.0000000000
17457  37.897  -54.272  -15.607 0.0000000000
19061  38.025  -52.886  -15.821 0.0000000000
18176  50.173  -53.837  -12.535 0.0000000000
17436  49.479  -54.659  -13.078 0.0000000000
16695  46.494  -56.109  -14.739 0.0000000000
13576  46.880  -59.567  -14.431 0.0000000000
14408  47.856  -58.580  -14.388 0.0000000000
15236  45.650  -58.612  -16.194 0.0000000000
15227  46.285  -58.322  -15.910 0.0000000000
15228  45.451  -57.905  -16.065 0.0000000000
15984  45.109  -57.268  -15.711 0.0000000000
15229  44.538  -57.648  -16.017 0.0000000000
15986  43.154  -56.833  -15.560 0.0000000000
15230  43.626  -57.427  -15.973 0.0000000000
14428  42.872  -58.780  -16.965 0.0000000000
14423  42.270  -58.164  -16.947 0.0000000000
122691  42.038  -58.723  -17.338 0.0000000000
14429  41.401  -58.230  -17.435 0.0000000000
13617  41.245  -58.993  -18.041 0.0000000000
8750  41.250  -65.923  -19.865 0.0000000000
10385  42.482  -64.306  -19.347 0.0000000000
9550  42.195  -65.203  -18.677 0.0000000000
11224  42.742  -63.749  -18.049 0.0000000000
12009  42.695  -62.339  -18.110 0.0000000000
12789  41.212  -60.686  -19.848 0.0000000000
12779  41.452  -60.796  -18.986 0.0000000000
13629  40.953  -60.149  -19.298 0.0000000000
13637  40.645  -59.277  -20.423 0.0000000000
20648  47.627  -50.418  -12.031 0.0000000000
19835  51.236  -50.352  -11.803 0.0000000000
117272  48.897  -50.719  -10.909 0.0000000000
18973  49.710  -52.370  -8.719 0.0000000000
109930  50.351  -52.296  -9.199 0.0000000000
18996  50.233  -51.662  -9.486 0.0000000000
18995  50.791  -52.341  -9.668 0.0000000000
18169  50.992  -53.597  -10.891 0.0000000000
17396  50.237  -53.862  -9.270 0.0000000000
16671  48.692  -56.196  -10.893 0.0000000000
16672  47.357  -55.979  -10.555 0.0000000000
15934  44.126  -56.203  -10.540 0.0000000000
15951  44.351  -56.277  -11.223 0.0000000000
15950  45.441  -56.333  -11.358 0.0000000000
18210  42.241  -53.338  -14.843 0.0000000000
115790  41.730  -52.932  -15.534 0.0000000000
19093  42.744  -52.400  -17.233 0.0000000000
115886  40.275  -56.761  -16.698 0.0000000000
15988  40.312  -56.371  -15.962 0.0000000000
16679  49.406  -56.318  -12.246 0.0000000000
16678  49.701  -55.640  -12.725 0.0000000000
16685  49.330  -56.387  -13.136 0.0000000000
15971  48.080  -56.953  -14.930 0.0000000000
13591  46.104  -60.148  -15.280 0.0000000000
13602  45.786  -59.979  -15.806 0.0000000000
14420  45.673  -59.291  -16.152 0.0000000000
14421  45.058  -58.888  -16.424 0.0000000000
14422  44.223  -58.503  -16.483 0.0000000000
11240  42.253  -62.702  -19.975 0.0000000000
108944  41.611  -61.268  -20.255 0.0000000000
18147  49.764  -53.420  -8.500 0.0000000000
17397  49.531  -54.372  -8.710 0.0000000000
17398  48.848  -54.813  -8.245 0.0000000000
16633  48.263  -55.279  -8.813 0.0000000000
16657  47.343  -55.545  -9.528 0.0000000000
18197  45.288  -53.452  -14.217 0.0000000000
19042  44.016  -53.090  -14.738 0.0000000000
19059  39.886  -52.849  -15.533 0.0000000000
19074  41.352  -52.549  -16.336 0.0000000000
19900  41.019  -52.113  -16.970 0.0000000000
19914  41.462  -51.795  -17.657 0.0000000000
15204  46.729  -58.081  -12.689 0.0000000000
14380  47.228  -58.726  -13.360 0.0000000000
123275  46.354  -59.755  -14.119 0.0000000000
13577  46.232  -60.185  -14.677 0.0000000000
115060  45.446  -60.683  -14.542 0.0000000000
129611  45.621  -60.853  -14.995 0.0000000000
12745  45.024  -61.411  -15.150 0.0000000000
11979  44.473  -61.946  -15.273 0.0000000000
16698  43.086  -55.464  -14.412 0.0000000000
17447  42.624  -54.486  -14.180 0.0000000000
16699  42.105  -55.334  -14.490 0.0000000000
17448  41.622  -54.534  -14.382 0.0000000000
18202  40.518  -53.880  -14.596 0.0000000000
16708  39.748  -55.345  -15.040 0.0000000000
17450  39.912  -54.492  -14.647 0.0000000000
18212  40.253  -53.378  -14.973 0.0000000000
19060  38.946  -52.840  -15.590 0.0000000000
19077  38.580  -52.209  -16.161 0.0000000000
15261  39.713  -57.440  -19.362 0.0000000000
19014  50.430  -52.789  -12.798 0.0000000000
16688  45.718  -55.094  -14.074 0.0000000000
15221  47.525  -57.432  -15.301 0.0000000000
14414  46.963  -58.788  -15.467 0.0000000000
15226  46.920  -57.889  -15.637 0.0000000000
15972  46.739  -57.077  -15.434 0.0000000000
15973  45.724  -56.756  -15.274 0.0000000000
15974  44.627  -56.541  -15.062 0.0000000000
15975  43.599  -56.343  -14.950 0.0000000000
113704  42.241  -56.681  -15.623 0.0000000000
15994  41.890  -57.133  -16.220 0.0000000000
128994  43.237  -57.673  -16.297 0.0000000000
15239  42.500  -57.658  -16.520 0.0000000000
15995  40.996  -56.941  -16.453 0.0000000000
15241  40.594  -57.242  -17.096 0.0000000000
108351  40.827  -57.753  -17.434 0.0000000000
15254  40.056  -57.899  -18.671 0.0000000000
11197  43.757  -63.085  -15.975 0.0000000000
9562  41.920  -65.582  -19.031 0.0000000000
11211  43.168  -63.488  -17.209 0.0000000000
12767  42.897  -61.392  -17.598 0.0000000000
120542  42.374  -60.504  -17.780 0.0000000000
12010  41.923  -61.594  -18.932 0.0000000000
13623  41.515  -60.090  -18.386 0.0000000000
14436  40.439  -58.648  -18.760 0.0000000000
15260  40.068  -58.189  -19.522 0.0000000000
20669  51.049  -49.559  -12.576 0.0000000000
129665  48.745  -49.913  -12.246 0.0000000000
20647  50.511  -49.781  -12.143 0.0000000000
109504  51.529  -50.948  -11.441 0.0000000000
19778  47.905  -51.586  -8.781 0.0000000000
19799  49.374  -51.065  -10.031 0.0000000000
19798  50.550  -51.177  -10.278 0.0000000000
19814  51.142  -51.105  -10.776 0.0000000000
19005  51.366  -51.710  -11.101 0.0000000000
18174  51.139  -52.731  -11.436 0.0000000000
17423  50.480  -54.629  -11.340 0.0000000000
17414  49.834  -54.804  -9.702 0.0000000000
16654  49.978  -55.243  -10.777 0.0000000000
16669  49.937  -55.549  -11.795 0.0000000000
16670  49.404  -55.996  -11.326 0.0000000000
15947  48.919  -56.732  -11.861 0.0000000000
15959  47.825  -57.469  -12.124 0.0000000000
15949  46.857  -56.687  -11.512 0.0000000000
121877  47.162  -57.601  -12.240 0.0000000000
112131  43.376  -54.058  -14.024 0.0000000000
19043  43.149  -53.226  -14.798 0.0000000000
19056  43.559  -52.848  -15.517 0.0000000000
116566  42.243  -52.603  -16.402 0.0000000000
19073  43.136  -52.656  -16.433 0.0000000000
8749  41.760  -65.742  -19.714 0.0000000000
11198  43.156  -63.678  -16.015 0.0000000000
11980  44.096  -62.341  -15.248 0.0000000000
12025  41.891  -61.869  -19.656 0.0000000000
13603  45.208  -59.730  -16.317 0.0000000000
13630  40.612  -59.596  -19.713 0.0000000000
14409  47.337  -59.059  -14.801 0.0000000000
15238  43.968  -57.928  -16.273 0.0000000000
15989  39.476  -55.899  -15.772 0.0000000000
17380  49.079  -54.035  -7.986 0.0000000000
17446  43.644  -54.729  -14.038 0.0000000000
17449  40.794  -54.509  -14.512 0.0000000000
17451  39.162  -54.097  -14.849 0.0000000000
17455  39.212  -54.752  -14.960 0.0000000000
18163  50.840  -53.264  -9.893 0.0000000000
18175  50.738  -53.823  -11.824 0.0000000000
18198  44.489  -53.508  -14.252 0.0000000000
18200  42.819  -53.715  -14.339 0.0000000000
18203  39.820  -53.818  -14.723 0.0000000000
18213  39.393  -53.415  -15.085 0.0000000000
18215  37.624  -53.615  -15.865 0.0000000000
19058  40.799  -52.931  -15.539 0.0000000000
19075  40.468  -52.435  -16.231 0.0000000000
19901  40.179  -51.894  -16.806 0.0000000000
110808  50.981  -51.672  -10.287 0.0000000000
112936  42.544  -63.786  -18.779 0.0000000000
117077  46.745  -59.293  -13.764 0.0000000000
125788  41.200  -53.970  -14.442 0.0000000000
129555  39.869  -56.780  -20.355 0.0000000000
129839  43.666  -58.797  -16.722 0.0000000000
130467  40.029  -55.876  -15.449 0.0000000000
