#!ascii label  , from subject sub-v2s7x29679_ses-1 vox2ras=TkReg
1138
96718  -58.427  31.553  7.887 0.0000000000
103543  -48.308  42.580  -0.810 0.0000000000
102924  -49.147  43.193  7.749 0.0000000000
98056  -54.786  33.310  -2.177 0.0000000000
100758  -50.735  37.329  -7.582 0.0000000000
99401  -51.316  35.859  -3.343 0.0000000000
96162  -48.169  29.917  -7.033 0.0000000000
98741  -46.954  34.185  -1.286 0.0000000000
92633  -50.757  25.734  12.718 0.0000000000
96702  -53.845  31.596  10.790 0.0000000000
106106  -49.074  48.848  3.653 0.0000000000
105631  -50.995  46.640  -1.101 0.0000000000
104137  -52.606  43.670  -8.452 0.0000000000
100634  -55.293  38.373  8.391 0.0000000000
101856  -46.501  39.450  2.308 0.0000000000
101861  -54.195  39.454  2.648 0.0000000000
99349  -55.040  35.444  4.933 0.0000000000
98019  -50.604  33.360  3.658 0.0000000000
97385  -45.565  32.648  4.899 0.0000000000
96097  -56.763  30.770  6.863 0.0000000000
99472  -50.455  34.752  -11.027 0.0000000000
98126  -49.919  32.418  -9.871 0.0000000000
97463  -47.279  31.480  -9.077 0.0000000000
96800  -43.950  30.271  -5.655 0.0000000000
94108  -52.190  27.881  10.336 0.0000000000
96070  -50.960  30.766  10.450 0.0000000000
108034  -48.111  50.986  6.086 0.0000000000
104637  -50.294  43.869  -4.520 0.0000000000
99998  -52.572  36.399  8.207 0.0000000000
129755  -51.677  39.893  6.507 0.0000000000
104570  -46.722  44.494  1.744 0.0000000000
102435  -46.455  40.494  -0.091 0.0000000000
99416  -54.982  34.459  -4.419 0.0000000000
100706  -52.597  37.119  -0.200 0.0000000000
100056  -56.161  37.347  -0.499 0.0000000000
100669  -56.074  38.058  3.441 0.0000000000
99379  -56.264  34.972  1.532 0.0000000000
133008  -53.662  34.327  4.157 0.0000000000
98712  -52.561  33.526  0.828 0.0000000000
98674  -46.209  34.208  2.251 0.0000000000
102477  -48.899  40.109  -4.240 0.0000000000
101341  -48.215  38.357  -2.312 0.0000000000
99437  -49.701  35.502  -5.676 0.0000000000
98107  -51.807  31.803  -6.787 0.0000000000
97420  -51.504  32.028  -4.576 0.0000000000
98053  -50.052  33.377  -1.727 0.0000000000
97417  -47.128  32.516  -4.074 0.0000000000
98064  -44.144  33.277  -2.463 0.0000000000
92644  -54.956  25.694  12.595 0.0000000000
117316  -55.166  28.225  10.367 0.0000000000
96705  -56.975  31.628  10.814 0.0000000000
107074  -51.418  49.737  6.823 0.0000000000
106098  -50.079  47.626  5.112 0.0000000000
105107  -50.800  46.659  3.079 0.0000000000
104076  -51.750  44.002  -0.744 0.0000000000
103575  -50.292  42.882  -3.365 0.0000000000
101956  -52.623  39.789  -7.931 0.0000000000
126194  -50.395  38.683  -10.201 0.0000000000
103637  -51.727  42.766  -9.684 0.0000000000
97949  -52.313  33.473  11.433 0.0000000000
139617  -55.453  34.212  11.472 0.0000000000
98604  -57.126  35.492  10.424 0.0000000000
131381  -48.211  42.033  5.139 0.0000000000
100690  -49.441  37.798  0.378 0.0000000000
137160  -50.368  39.102  2.966 0.0000000000
102957  -52.056  42.738  5.471 0.0000000000
102369  -54.810  41.788  6.096 0.0000000000
100652  -56.608  38.194  7.270 0.0000000000
97976  -56.943  34.398  7.474 0.0000000000
97985  -54.067  33.648  6.572 0.0000000000
97363  -51.877  32.308  6.230 0.0000000000
96749  -49.549  31.592  5.951 0.0000000000
98693  -49.291  33.612  1.321 0.0000000000
127690  -48.259  33.274  4.068 0.0000000000
96747  -46.810  30.933  5.643 0.0000000000
95435  -58.644  29.643  8.962 0.0000000000
95448  -58.359  29.891  6.821 0.0000000000
96098  -57.914  30.584  6.769 0.0000000000
123822  -49.051  35.752  -10.078 0.0000000000
98129  -49.196  32.970  -10.601 0.0000000000
98801  -47.260  33.637  -8.619 0.0000000000
98119  -45.158  32.247  -7.275 0.0000000000
102363  -50.380  41.282  6.942 0.0000000000
104066  -47.677  43.460  0.349 0.0000000000
98074  -55.752  33.534  -3.694 0.0000000000
99396  -56.262  35.469  -2.488 0.0000000000
98730  -56.373  34.390  -1.777 0.0000000000
99380  -56.744  35.897  0.694 0.0000000000
98714  -55.532  33.923  0.027 0.0000000000
117925  -54.809  33.878  0.950 0.0000000000
98033  -53.534  33.478  0.015 0.0000000000
101362  -50.272  39.044  -6.265 0.0000000000
119206  -49.129  37.826  -5.125 0.0000000000
100120  -49.803  36.540  -6.910 0.0000000000
128029  -49.551  30.599  -8.874 0.0000000000
98117  -50.058  32.455  -7.432 0.0000000000
96817  -50.630  30.734  -7.396 0.0000000000
97435  -53.292  31.646  -6.224 0.0000000000
96790  -50.052  31.504  -5.335 0.0000000000
97432  -49.166  32.063  -4.506 0.0000000000
124956  -47.819  31.317  -5.307 0.0000000000
97414  -43.758  31.456  -3.735 0.0000000000
95423  -53.130  29.582  9.953 0.0000000000
94110  -54.188  27.661  10.523 0.0000000000
123449  -54.881  30.055  10.232 0.0000000000
95426  -56.830  29.768  10.346 0.0000000000
96704  -55.864  31.703  10.928 0.0000000000
107087  -47.664  49.568  4.871 0.0000000000
107083  -50.576  49.526  5.341 0.0000000000
106103  -50.808  48.570  4.096 0.0000000000
105106  -49.387  46.602  3.828 0.0000000000
106113  -51.686  48.557  4.038 0.0000000000
106138  -49.749  47.559  0.051 0.0000000000
105618  -52.254  47.037  1.009 0.0000000000
105125  -52.132  45.548  -0.915 0.0000000000
140094  -51.513  43.211  -2.151 0.0000000000
104614  -51.785  44.333  -2.208 0.0000000000
124517  -51.461  43.789  -6.684 0.0000000000
133433  -51.186  42.340  -5.963 0.0000000000
103616  -52.654  41.958  -7.794 0.0000000000
121112  -52.389  38.967  -10.038 0.0000000000
103099  -52.485  41.088  -9.735 0.0000000000
122659  -51.446  41.073  -10.041 0.0000000000
103639  -52.581  42.835  -9.304 0.0000000000
99321  -47.904  35.421  9.144 0.0000000000
131751  -47.995  34.649  10.667 0.0000000000
98598  -49.602  34.657  10.469 0.0000000000
138827  -50.830  33.569  11.508 0.0000000000
121632  -50.839  35.009  9.674 0.0000000000
99999  -53.850  36.754  8.475 0.0000000000
99326  -53.214  35.864  8.931 0.0000000000
99309  -55.794  36.610  9.781 0.0000000000
121434  -56.519  34.600  11.364 0.0000000000
99310  -56.518  36.798  9.726 0.0000000000
102395  -45.104  40.518  3.213 0.0000000000
102377  -46.094  40.957  4.180 0.0000000000
102397  -47.371  40.363  3.703 0.0000000000
100087  -49.771  36.843  -2.911 0.0000000000
100702  -48.755  37.815  -1.019 0.0000000000
100717  -50.245  37.145  -1.200 0.0000000000
126690  -53.788  37.993  0.940 0.0000000000
130807  -51.557  38.046  1.758 0.0000000000
101291  -52.048  38.834  2.801 0.0000000000
102400  -50.825  40.437  3.992 0.0000000000
102402  -52.882  40.643  4.004 0.0000000000
102959  -53.897  42.688  5.730 0.0000000000
102404  -54.572  40.499  3.865 0.0000000000
100037  -56.133  36.960  4.462 0.0000000000
100658  -56.073  38.181  5.043 0.0000000000
100031  -56.301  37.096  5.579 0.0000000000
99335  -57.029  35.907  7.689 0.0000000000
99343  -56.085  35.283  6.616 0.0000000000
97987  -56.071  34.180  7.277 0.0000000000
98637  -54.368  34.764  5.422 0.0000000000
98663  -52.243  33.688  3.113 0.0000000000
98010  -52.240  33.492  4.988 0.0000000000
98009  -51.516  33.295  4.720 0.0000000000
133622  -50.389  32.014  5.974 0.0000000000
97390  -50.208  32.881  4.882 0.0000000000
98742  -48.447  33.711  -1.550 0.0000000000
118499  -50.013  33.530  -0.273 0.0000000000
98725  -48.011  33.905  -0.270 0.0000000000
98014  -45.819  33.657  3.793 0.0000000000
98661  -47.279  33.719  3.228 0.0000000000
98004  -46.975  33.076  4.482 0.0000000000
97375  -47.075  31.902  5.418 0.0000000000
97374  -46.283  31.653  5.445 0.0000000000
96123  -45.422  30.315  5.501 0.0000000000
115992  -57.003  27.076  10.073 0.0000000000
96111  -54.794  30.386  6.657 0.0000000000
99456  -51.493  35.439  -9.765 0.0000000000
128402  -50.662  35.384  -8.723 0.0000000000
98131  -50.293  33.663  -10.747 0.0000000000
96839  -48.747  31.038  -9.890 0.0000000000
96177  -47.814  29.719  -8.606 0.0000000000
96161  -46.554  29.847  -6.926 0.0000000000
96824  -45.147  30.535  -7.554 0.0000000000
93393  -51.927  26.587  11.292 0.0000000000
94107  -51.146  27.959  10.356 0.0000000000
96072  -52.642  30.670  10.232 0.0000000000
107086  -46.243  49.626  4.609 0.0000000000
105146  -49.846  45.015  -3.387 0.0000000000
105181  -50.956  45.763  -6.569 0.0000000000
105199  -52.241  45.331  -7.814 0.0000000000
99996  -50.699  36.170  8.097 0.0000000000
100649  -51.735  38.064  6.666 0.0000000000
100651  -53.788  38.772  7.107 0.0000000000
101313  -46.994  38.965  1.144 0.0000000000
99415  -53.696  34.774  -4.431 0.0000000000
100076  -51.878  36.461  -1.705 0.0000000000
100091  -54.086  35.914  -2.720 0.0000000000
100066  -54.758  36.825  -1.172 0.0000000000
100682  -54.981  38.342  0.531 0.0000000000
101294  -55.089  39.489  2.334 0.0000000000
137376  -56.322  38.105  0.683 0.0000000000
122641  -56.423  36.581  2.418 0.0000000000
127098  -55.774  35.684  3.604 0.0000000000
98651  -54.320  34.825  4.575 0.0000000000
98681  -54.701  34.547  2.819 0.0000000000
98679  -53.024  33.779  2.351 0.0000000000
118481  -52.140  33.609  2.257 0.0000000000
116630  -46.934  34.281  0.896 0.0000000000
131907  -47.759  43.582  7.844 0.0000000000
103564  -49.274  42.182  -2.048 0.0000000000
102454  -47.647  40.279  -2.089 0.0000000000
101907  -48.447  39.331  -3.746 0.0000000000
121452  -49.103  37.172  -3.977 0.0000000000
99412  -50.094  36.025  -4.247 0.0000000000
99443  -49.666  34.519  -7.161 0.0000000000
99438  -50.221  34.725  -5.647 0.0000000000
99429  -51.874  34.599  -4.862 0.0000000000
118698  -54.180  33.013  -5.685 0.0000000000
98088  -54.411  32.493  -5.113 0.0000000000
98072  -53.882  32.694  -3.725 0.0000000000
98071  -52.723  33.095  -2.408 0.0000000000
98070  -50.813  32.954  -2.702 0.0000000000
130651  -49.338  32.995  -3.044 0.0000000000
98067  -47.046  33.689  -2.725 0.0000000000
96787  -45.543  30.710  -5.250 0.0000000000
98081  -45.545  33.015  -3.341 0.0000000000
126421  -53.045  26.577  11.366 0.0000000000
93402  -54.972  26.894  11.154 0.0000000000
93403  -56.286  26.619  11.193 0.0000000000
116246  -57.094  28.267  10.252 0.0000000000
95427  -57.732  29.737  10.175 0.0000000000
96713  -58.253  31.182  9.840 0.0000000000
106612  -48.718  48.557  7.175 0.0000000000
107077  -51.133  49.083  5.740 0.0000000000
139873  -48.568  47.366  5.457 0.0000000000
122719  -47.670  45.801  3.301 0.0000000000
105110  -48.040  45.499  2.602 0.0000000000
104583  -49.284  44.558  0.967 0.0000000000
106118  -49.158  48.474  2.618 0.0000000000
106114  -52.072  48.525  3.486 0.0000000000
105115  -51.827  46.145  1.329 0.0000000000
104075  -50.365  43.604  -0.400 0.0000000000
103565  -50.136  42.457  -2.421 0.0000000000
127207  -49.954  42.185  -4.001 0.0000000000
101928  -51.118  39.980  -6.482 0.0000000000
104109  -50.380  42.690  -4.750 0.0000000000
102493  -51.587  40.920  -6.451 0.0000000000
101408  -52.319  38.286  -8.387 0.0000000000
100790  -52.367  37.491  -9.726 0.0000000000
100805  -50.595  36.761  -10.931 0.0000000000
101407  -49.540  38.752  -9.241 0.0000000000
102516  -49.896  40.280  -8.956 0.0000000000
105215  -52.527  45.376  -9.085 0.0000000000
97325  -51.791  32.862  11.493 0.0000000000
97327  -53.652  32.901  11.582 0.0000000000
98601  -52.327  34.792  9.936 0.0000000000
97950  -53.931  33.653  11.512 0.0000000000
97328  -54.729  32.971  11.659 0.0000000000
97945  -56.540  33.107  11.655 0.0000000000
97333  -57.619  32.648  10.664 0.0000000000
133818  -58.192  32.406  9.129 0.0000000000
102936  -48.667  43.251  6.133 0.0000000000
101331  -47.642  38.831  -1.125 0.0000000000
101315  -48.179  38.291  0.246 0.0000000000
139022  -48.199  38.577  1.553 0.0000000000
100705  -51.528  37.158  -0.222 0.0000000000
121237  -49.758  38.313  1.724 0.0000000000
101858  -48.560  39.102  2.579 0.0000000000
102399  -49.805  40.241  3.847 0.0000000000
102955  -50.041  42.455  5.274 0.0000000000
103486  -51.131  43.441  6.882 0.0000000000
102364  -52.251  42.645  6.894 0.0000000000
125720  -53.633  41.712  6.614 0.0000000000
101817  -55.517  39.726  7.370 0.0000000000
132203  -55.459  39.809  4.752 0.0000000000
132533  -55.788  39.776  6.416 0.0000000000
101237  -56.378  38.437  8.541 0.0000000000
99327  -57.180  36.535  8.871 0.0000000000
98618  -57.492  34.383  7.926 0.0000000000
97357  -57.979  32.972  7.798 0.0000000000
97355  -56.654  32.499  7.395 0.0000000000
97354  -55.405  32.330  7.319 0.0000000000
97353  -54.250  32.016  7.153 0.0000000000
98650  -53.589  34.316  5.024 0.0000000000
97984  -53.181  33.336  6.233 0.0000000000
96737  -52.442  31.649  6.604 0.0000000000
96108  -51.335  30.561  6.393 0.0000000000
96106  -49.974  30.891  6.205 0.0000000000
98040  -51.774  33.454  -0.389 0.0000000000
118943  -51.339  33.516  0.634 0.0000000000
98677  -50.323  33.552  2.050 0.0000000000
117566  -47.934  33.839  1.754 0.0000000000
134956  -48.626  33.606  2.787 0.0000000000
98018  -49.750  33.371  3.515 0.0000000000
97388  -48.340  32.750  4.878 0.0000000000
138843  -48.277  30.978  5.896 0.0000000000
96089  -58.700  30.231  8.396 0.0000000000
95442  -58.712  29.635  8.204 0.0000000000
96099  -58.459  30.724  7.526 0.0000000000
99453  -48.454  35.640  -9.490 0.0000000000
99459  -48.267  34.736  -9.608 0.0000000000
98802  -47.579  34.640  -8.776 0.0000000000
102362  -49.706  42.465  7.510 0.0000000000
104073  -47.750  42.823  -0.256 0.0000000000
103530  -46.900  42.661  0.071 0.0000000000
98057  -55.610  33.394  -2.814 0.0000000000
126818  -56.200  33.854  -2.804 0.0000000000
98043  -55.539  33.646  -1.739 0.0000000000
131774  -56.327  34.566  -0.596 0.0000000000
137031  -55.907  33.919  -0.890 0.0000000000
98729  -54.901  33.637  -0.525 0.0000000000
98042  -54.158  33.432  -1.142 0.0000000000
101373  -50.431  38.437  -6.679 0.0000000000
100750  -50.139  37.627  -6.783 0.0000000000
96170  -49.452  29.937  -7.732 0.0000000000
96826  -50.114  30.384  -7.937 0.0000000000
96816  -50.412  30.394  -7.249 0.0000000000
96806  -51.050  30.927  -6.758 0.0000000000
96805  -50.174  30.802  -6.268 0.0000000000
96789  -48.986  31.492  -5.310 0.0000000000
96804  -48.691  30.697  -6.084 0.0000000000
92634  -51.878  25.573  12.848 0.0000000000
124657  -53.508  30.649  10.277 0.0000000000
95424  -54.114  29.784  10.092 0.0000000000
96073  -54.402  30.754  10.409 0.0000000000
96074  -55.331  30.799  10.508 0.0000000000
96703  -54.819  31.686  10.906 0.0000000000
106626  -47.622  49.184  4.389 0.0000000000
106627  -50.084  49.362  4.537 0.0000000000
106634  -49.559  48.918  3.861 0.0000000000
106107  -50.316  48.575  4.078 0.0000000000
105630  -49.394  46.712  -1.591 0.0000000000
105621  -50.276  47.234  -0.614 0.0000000000
105622  -51.634  47.168  -0.210 0.0000000000
105124  -51.580  45.812  -1.417 0.0000000000
105135  -52.019  44.914  -1.659 0.0000000000
104136  -52.156  43.674  -7.484 0.0000000000
104126  -52.392  42.746  -7.617 0.0000000000
103081  -52.902  41.264  -8.988 0.0000000000
103627  -52.845  42.206  -8.777 0.0000000000
123131  -52.461  42.044  -9.577 0.0000000000
104153  -52.791  43.211  -8.984 0.0000000000
99993  -48.010  36.016  8.410 0.0000000000
99322  -48.746  35.517  8.989 0.0000000000
99303  -48.599  34.986  9.893 0.0000000000
99304  -49.481  35.144  9.582 0.0000000000
98599  -50.257  34.810  10.051 0.0000000000
100615  -54.219  37.676  8.013 0.0000000000
100000  -54.866  36.726  9.098 0.0000000000
100616  -55.007  37.534  8.698 0.0000000000
100001  -55.780  37.509  9.258 0.0000000000
101855  -45.789  39.721  2.208 0.0000000000
101843  -45.908  40.014  2.892 0.0000000000
102396  -46.479  40.395  3.595 0.0000000000
101844  -46.911  39.828  2.998 0.0000000000
100101  -50.328  36.265  -3.477 0.0000000000
100074  -49.988  36.973  -2.066 0.0000000000
100088  -50.604  36.463  -2.667 0.0000000000
101306  -53.431  38.375  1.731 0.0000000000
101292  -53.170  38.898  2.563 0.0000000000
101849  -52.107  39.573  3.458 0.0000000000
124625  -53.354  39.718  3.279 0.0000000000
102403  -53.954  40.676  3.867 0.0000000000
101850  -54.478  39.948  3.177 0.0000000000
99357  -55.806  35.962  4.296 0.0000000000
99350  -55.912  36.101  5.297 0.0000000000
132376  -56.059  35.781  6.131 0.0000000000
98638  -55.313  35.263  5.889 0.0000000000
98020  -51.427  33.465  3.839 0.0000000000
98021  -52.213  33.642  4.142 0.0000000000
98008  -50.753  33.165  4.442 0.0000000000
116522  -47.795  33.934  -1.052 0.0000000000
131909  -48.571  33.731  -0.765 0.0000000000
98724  -47.225  34.188  -0.469 0.0000000000
121643  -45.260  33.269  4.374 0.0000000000
98003  -46.129  33.156  4.438 0.0000000000
97386  -46.458  32.483  5.039 0.0000000000
97373  -45.797  32.075  5.255 0.0000000000
135951  -45.640  31.526  5.445 0.0000000000
127551  -45.050  31.963  5.312 0.0000000000
94119  -57.678  27.675  9.340 0.0000000000
96112  -56.021  30.168  6.470 0.0000000000
96096  -55.538  30.915  6.981 0.0000000000
99463  -51.556  35.668  -10.436 0.0000000000
99462  -51.148  34.809  -10.523 0.0000000000
98815  -50.660  34.371  -10.851 0.0000000000
98125  -47.644  32.567  -9.378 0.0000000000
97467  -49.016  31.920  -10.318 0.0000000000
97466  -48.246  31.621  -9.795 0.0000000000
96834  -48.519  30.302  -9.495 0.0000000000
96186  -46.923  30.521  -8.764 0.0000000000
96176  -46.647  29.942  -8.358 0.0000000000
96825  -45.912  30.474  -8.165 0.0000000000
125078  -44.472  32.081  -6.912 0.0000000000
134344  -50.258  27.998  10.408 0.0000000000
95422  -52.153  29.752  9.957 0.0000000000
96071  -51.811  30.769  10.312 0.0000000000
122895  -45.977  50.261  4.820 0.0000000000
105167  -50.275  45.871  -5.889 0.0000000000
105665  -50.701  46.847  -6.502 0.0000000000
106174  -50.234  47.561  -6.102 0.0000000000
101254  -51.203  38.798  6.524 0.0000000000
101255  -52.233  39.040  6.528 0.0000000000
100650  -52.772  38.366  6.781 0.0000000000
101256  -53.388  39.425  6.703 0.0000000000
105105  -46.268  45.312  2.979 0.0000000000
129571  -46.298  39.945  0.411 0.0000000000
99403  -53.877  35.379  -3.576 0.0000000000
99404  -55.234  35.155  -3.613 0.0000000000
100080  -56.392  35.989  -1.720 0.0000000000
100079  -55.711  36.260  -1.926 0.0000000000
100067  -55.992  36.838  -1.215 0.0000000000
100708  -55.256  37.411  -0.569 0.0000000000
100695  -55.642  38.016  0.021 0.0000000000
100683  -55.807  38.572  0.785 0.0000000000
100696  -56.262  37.834  0.202 0.0000000000
99372  -56.590  36.036  1.811 0.0000000000
99365  -56.143  35.729  2.840 0.0000000000
99371  -55.741  34.955  2.403 0.0000000000
99364  -55.305  35.117  3.253 0.0000000000
98698  -55.074  34.317  1.810 0.0000000000
116141  -53.645  33.617  0.931 0.0000000000
98697  -53.868  33.829  1.701 0.0000000000
98696  -52.825  33.620  1.609 0.0000000000
98695  -51.831  33.551  1.532 0.0000000000
103019  -48.993  41.765  -2.735 0.0000000000
123807  -48.445  40.954  -3.043 0.0000000000
102464  -48.490  40.323  -3.534 0.0000000000
100744  -49.309  37.063  -5.468 0.0000000000
126420  -49.178  37.063  -4.698 0.0000000000
100109  -49.479  36.347  -5.113 0.0000000000
129574  -49.530  36.533  -4.427 0.0000000000
99427  -49.866  35.732  -4.963 0.0000000000
98803  -49.936  33.248  -9.060 0.0000000000
99454  -49.953  34.348  -8.427 0.0000000000
98798  -49.690  33.510  -7.777 0.0000000000
132164  -50.933  31.873  -7.071 0.0000000000
98786  -50.306  32.965  -6.813 0.0000000000
98787  -50.802  33.333  -6.318 0.0000000000
135013  -51.301  33.876  -5.745 0.0000000000
98776  -52.861  33.405  -5.820 0.0000000000
98108  -52.692  32.319  -6.463 0.0000000000
97434  -52.306  31.316  -5.830 0.0000000000
97422  -53.848  31.965  -5.749 0.0000000000
97421  -52.849  31.751  -5.253 0.0000000000
98087  -53.232  32.297  -4.505 0.0000000000
129762  -52.193  32.803  -3.098 0.0000000000
98086  -51.732  32.486  -3.885 0.0000000000
97418  -48.266  32.632  -3.821 0.0000000000
97419  -49.314  32.588  -3.715 0.0000000000
125923  -47.816  33.527  -2.653 0.0000000000
96801  -44.812  30.022  -5.920 0.0000000000
96802  -45.946  30.144  -6.063 0.0000000000
96786  -44.417  30.388  -5.132 0.0000000000
98080  -44.488  32.645  -3.177 0.0000000000
97415  -44.910  32.037  -3.817 0.0000000000
93400  -52.327  27.089  10.811 0.0000000000
94109  -53.091  27.370  10.648 0.0000000000
94111  -55.424  27.450  10.740 0.0000000000
94112  -56.405  27.672  10.502 0.0000000000
94763  -56.247  28.816  10.283 0.0000000000
96075  -56.370  30.741  10.531 0.0000000000
96076  -57.360  30.596  10.396 0.0000000000
96083  -58.089  30.432  10.087 0.0000000000
128622  -57.717  31.152  10.365 0.0000000000
107519  -52.189  50.813  7.692 0.0000000000
107066  -51.570  49.990  8.011 0.0000000000
107065  -50.401  49.432  7.720 0.0000000000
107064  -49.480  48.952  7.402 0.0000000000
107073  -50.810  49.274  6.446 0.0000000000
130027  -48.966  51.181  6.468 0.0000000000
137835  -50.888  48.117  5.158 0.0000000000
106621  -51.202  48.747  5.417 0.0000000000
106093  -49.584  47.878  5.712 0.0000000000
106101  -48.869  47.122  4.984 0.0000000000
105608  -48.128  46.553  4.381 0.0000000000
105603  -49.175  46.989  4.616 0.0000000000
116252  -49.589  46.257  3.227 0.0000000000
105111  -49.116  45.524  2.306 0.0000000000
104572  -48.823  44.843  1.515 0.0000000000
105114  -50.221  45.556  1.774 0.0000000000
136105  -51.007  48.660  2.795 0.0000000000
125225  -51.644  48.477  2.444 0.0000000000
105119  -52.162  46.202  0.353 0.0000000000
104585  -51.778  45.386  0.508 0.0000000000
104584  -50.699  44.965  0.882 0.0000000000
104594  -51.217  44.489  0.096 0.0000000000
103554  -50.005  42.613  -1.669 0.0000000000
104083  -51.016  43.106  -1.182 0.0000000000
104093  -50.998  43.255  -2.634 0.0000000000
103566  -50.734  42.841  -2.662 0.0000000000
103039  -50.240  41.649  -4.835 0.0000000000
102479  -50.364  40.979  -5.292 0.0000000000
103040  -50.904  41.187  -5.762 0.0000000000
104636  -50.098  44.387  -3.945 0.0000000000
104625  -50.536  43.590  -3.637 0.0000000000
103055  -52.444  41.167  -7.269 0.0000000000
103048  -51.873  41.232  -6.650 0.0000000000
102501  -52.139  40.684  -7.012 0.0000000000
101929  -51.821  40.390  -6.821 0.0000000000
101392  -52.448  39.093  -8.098 0.0000000000
100774  -52.472  37.795  -9.000 0.0000000000
101409  -52.538  38.613  -8.633 0.0000000000
101977  -51.830  39.304  -10.511 0.0000000000
100807  -51.629  37.624  -10.724 0.0000000000
101430  -50.508  37.591  -10.641 0.0000000000
100789  -49.902  37.015  -10.407 0.0000000000
101421  -49.714  37.895  -9.841 0.0000000000
103097  -51.393  41.873  -9.746 0.0000000000
102517  -50.699  40.946  -9.584 0.0000000000
103080  -50.531  41.779  -9.026 0.0000000000
126678  -50.076  41.112  -8.796 0.0000000000
103626  -50.926  42.589  -9.248 0.0000000000
105200  -52.513  45.537  -8.508 0.0000000000
97323  -50.337  32.801  12.092 0.0000000000
97948  -51.653  33.353  11.465 0.0000000000
97941  -51.411  33.140  11.582 0.0000000000
126324  -52.143  33.135  11.557 0.0000000000
97326  -52.626  32.873  11.498 0.0000000000
97942  -53.113  33.234  11.629 0.0000000000
99997  -51.541  36.269  8.092 0.0000000000
99306  -51.557  35.267  9.292 0.0000000000
99325  -52.058  35.800  8.689 0.0000000000
98602  -54.294  34.886  10.308 0.0000000000
98588  -53.508  34.247  10.819 0.0000000000
118360  -54.832  34.326  11.092 0.0000000000
97943  -54.251  33.301  11.707 0.0000000000
97951  -54.948  33.765  11.626 0.0000000000
97329  -55.727  33.011  11.753 0.0000000000
97952  -55.894  34.060  11.689 0.0000000000
98590  -57.121  34.732  11.076 0.0000000000
97954  -57.528  33.672  10.674 0.0000000000
126844  -57.950  32.869  9.690 0.0000000000
97962  -57.807  33.663  9.249 0.0000000000
102953  -47.340  41.797  5.027 0.0000000000
133228  -47.732  42.908  5.885 0.0000000000
101898  -47.779  39.504  -2.350 0.0000000000
101892  -47.510  39.522  -1.635 0.0000000000
101340  -47.814  38.863  -1.920 0.0000000000
100703  -49.594  37.528  -0.510 0.0000000000
101323  -48.135  38.275  -0.610 0.0000000000
100689  -48.800  37.918  -0.150 0.0000000000
101314  -47.606  38.639  0.708 0.0000000000
101316  -48.801  38.074  0.539 0.0000000000
100064  -52.201  36.785  -0.924 0.0000000000
100063  -51.178  36.927  -1.009 0.0000000000
121427  -51.294  38.470  2.328 0.0000000000
101304  -50.701  38.148  1.735 0.0000000000
101290  -50.307  38.678  2.448 0.0000000000
135988  -49.402  38.727  2.311 0.0000000000
101859  -49.666  39.251  3.011 0.0000000000
101846  -48.856  39.802  3.429 0.0000000000
101847  -50.474  39.564  3.432 0.0000000000
102382  -51.402  41.575  4.575 0.0000000000
102381  -50.404  41.402  4.496 0.0000000000
102956  -51.021  42.555  5.365 0.0000000000
102938  -50.654  43.381  6.345 0.0000000000
102939  -51.634  43.353  6.339 0.0000000000
102926  -51.508  43.190  7.061 0.0000000000
102940  -52.475  43.227  6.296 0.0000000000
102943  -54.446  42.376  5.998 0.0000000000
102929  -54.066  42.398  6.385 0.0000000000
102365  -54.332  41.675  6.554 0.0000000000
101823  -54.096  40.680  6.712 0.0000000000
101824  -54.911  40.736  6.933 0.0000000000
101281  -55.545  39.183  2.846 0.0000000000
101839  -55.253  39.868  3.868 0.0000000000
101275  -55.666  39.051  4.168 0.0000000000
100659  -56.395  38.079  6.275 0.0000000000
101268  -56.150  39.012  6.284 0.0000000000
101258  -56.372  38.828  7.081 0.0000000000
133271  -55.984  39.535  7.323 0.0000000000
133658  -56.635  38.304  8.075 0.0000000000
100636  -56.722  37.878  8.519 0.0000000000
129027  -56.815  37.574  7.628 0.0000000000
98628  -56.682  35.194  7.217 0.0000000000
98617  -57.132  35.020  7.675 0.0000000000
97969  -57.892  33.634  8.119 0.0000000000
97977  -57.540  33.548  7.735 0.0000000000
97356  -57.662  32.567  7.558 0.0000000000
124767  -56.895  33.474  7.466 0.0000000000
97986  -55.024  33.963  6.976 0.0000000000
97975  -55.763  33.279  7.338 0.0000000000
97366  -54.619  33.024  7.131 0.0000000000
97365  -53.626  32.751  6.795 0.0000000000
136881  -52.322  33.292  5.507 0.0000000000
97996  -52.886  33.660  5.456 0.0000000000
97380  -52.426  33.043  5.958 0.0000000000
97364  -52.760  32.518  6.481 0.0000000000
96736  -51.638  31.387  6.445 0.0000000000
97362  -51.182  31.879  6.201 0.0000000000
96127  -49.296  30.110  5.969 0.0000000000
119204  -49.030  30.952  6.049 0.0000000000
119133  -51.330  33.282  -1.850 0.0000000000
98054  -52.179  33.340  -1.335 0.0000000000
139984  -51.294  33.418  -0.928 0.0000000000
98710  -49.329  33.632  0.459 0.0000000000
98711  -50.331  33.540  0.366 0.0000000000
98694  -50.168  33.574  1.176 0.0000000000
121891  -50.973  33.538  1.538 0.0000000000
98676  -49.610  33.577  1.830 0.0000000000
98691  -46.401  34.348  1.431 0.0000000000
98692  -47.123  34.101  1.715 0.0000000000
98016  -47.495  33.423  3.936 0.0000000000
121559  -47.900  33.757  2.531 0.0000000000
98662  -48.073  33.563  3.336 0.0000000000
98017  -48.882  33.446  3.431 0.0000000000
98006  -49.098  33.142  4.213 0.0000000000
96748  -47.702  31.395  5.681 0.0000000000
96125  -47.620  30.397  5.712 0.0000000000
94772  -58.398  28.935  9.252 0.0000000000
94773  -58.646  29.188  8.487 0.0000000000
95463  -58.118  29.037  6.208 0.0000000000
99461  -49.814  35.385  -10.815 0.0000000000
98813  -49.619  33.848  -10.824 0.0000000000
98807  -48.827  33.985  -10.382 0.0000000000
135481  -48.126  33.590  -9.727 0.0000000000
98124  -46.824  32.493  -8.469 0.0000000000
97462  -46.310  31.316  -8.393 0.0000000000
98120  -45.999  32.369  -7.762 0.0000000000
101821  -50.725  39.789  6.572 0.0000000000
135028  -51.206  40.804  6.672 0.0000000000
104581  -47.182  43.959  1.008 0.0000000000
104065  -46.771  43.320  0.568 0.0000000000
103003  -46.768  41.267  -0.502 0.0000000000
98764  -55.858  34.225  -3.979 0.0000000000
98755  -56.299  34.127  -3.396 0.0000000000
138869  -56.552  35.168  -2.078 0.0000000000
99389  -56.574  35.382  -1.286 0.0000000000
100057  -56.618  36.886  -0.125 0.0000000000
99384  -56.705  35.629  -0.306 0.0000000000
132902  -56.162  34.556  0.637 0.0000000000
98713  -54.468  33.654  0.320 0.0000000000
101915  -49.346  39.450  -5.094 0.0000000000
101914  -48.846  39.307  -4.434 0.0000000000
101361  -49.467  38.770  -5.521 0.0000000000
100749  -49.555  37.091  -6.188 0.0000000000
100115  -49.469  36.297  -5.884 0.0000000000
97464  -49.578  31.492  -9.238 0.0000000000
98121  -49.776  32.372  -8.481 0.0000000000
97449  -50.055  31.139  -7.992 0.0000000000
97450  -51.150  31.221  -7.103 0.0000000000
97441  -52.846  31.519  -6.517 0.0000000000
97440  -51.896  31.426  -6.446 0.0000000000
96791  -51.322  31.005  -6.033 0.0000000000
97433  -50.556  31.888  -4.725 0.0000000000
140198  -47.210  31.774  -4.726 0.0000000000
96785  -43.486  30.442  -4.866 0.0000000000
92643  -53.660  25.827  12.338 0.0000000000
138738  -53.173  28.756  10.001 0.0000000000
117560  -53.162  28.151  10.200 0.0000000000
94761  -53.943  28.702  10.109 0.0000000000
94762  -54.974  29.189  10.196 0.0000000000
95425  -55.749  29.872  10.298 0.0000000000
108003  -51.748  51.676  7.002 0.0000000000
107082  -48.720  49.807  5.240 0.0000000000
107546  -48.871  50.168  5.623 0.0000000000
106628  -51.965  48.948  4.868 0.0000000000
106102  -50.370  47.638  4.668 0.0000000000
105604  -49.983  47.355  4.485 0.0000000000
106112  -50.526  47.989  4.310 0.0000000000
105610  -50.921  47.315  3.902 0.0000000000
116418  -48.635  47.598  0.230 0.0000000000
106128  -51.797  48.129  1.497 0.0000000000
106139  -51.106  47.708  0.438 0.0000000000
105623  -52.206  46.829  0.131 0.0000000000
104595  -52.111  45.225  -0.332 0.0000000000
104084  -51.987  43.524  -1.678 0.0000000000
104605  -52.133  44.579  -1.261 0.0000000000
128456  -51.692  43.660  -2.269 0.0000000000
104648  -50.325  44.332  -5.319 0.0000000000
104108  -50.524  43.321  -5.195 0.0000000000
104118  -51.078  43.077  -5.984 0.0000000000
103602  -52.181  41.864  -6.977 0.0000000000
102518  -52.863  40.469  -8.329 0.0000000000
127350  -52.690  39.076  -9.054 0.0000000000
102530  -52.788  40.458  -9.187 0.0000000000
101978  -52.224  39.832  -10.211 0.0000000000
102539  -51.595  39.867  -10.431 0.0000000000
101969  -50.659  39.551  -10.130 0.0000000000
103098  -52.019  41.560  -10.116 0.0000000000
134333  -52.038  42.265  -9.935 0.0000000000
103638  -52.244  42.860  -9.632 0.0000000000
99992  -47.062  36.260  8.251 0.0000000000
126177  -47.308  35.746  8.736 0.0000000000
99302  -47.707  35.036  9.773 0.0000000000
98585  -50.506  34.241  10.879 0.0000000000
124894  -50.958  34.493  10.404 0.0000000000
98586  -51.486  33.932  11.090 0.0000000000
138517  -54.084  36.239  8.952 0.0000000000
99308  -54.438  35.777  9.556 0.0000000000
98603  -55.383  35.390  10.419 0.0000000000
98589  -55.960  34.856  11.172 0.0000000000
99292  -56.332  35.890  10.401 0.0000000000
99311  -56.762  36.146  10.168 0.0000000000
128460  -45.745  40.519  3.556 0.0000000000
102378  -46.933  40.996  4.274 0.0000000000
102379  -47.801  41.098  4.357 0.0000000000
100724  -48.635  37.810  -2.760 0.0000000000
100715  -48.697  37.815  -1.912 0.0000000000
100725  -49.242  37.353  -2.393 0.0000000000
100716  -49.393  37.416  -1.507 0.0000000000
100693  -53.096  37.464  0.476 0.0000000000
100692  -51.932  37.392  0.550 0.0000000000
100681  -52.435  37.792  1.321 0.0000000000
101305  -52.280  38.319  2.128 0.0000000000
101860  -51.087  39.070  3.024 0.0000000000
101848  -51.225  39.751  3.616 0.0000000000
102401  -51.784  40.552  4.035 0.0000000000
102383  -52.469  41.765  4.629 0.0000000000
102958  -53.049  42.745  5.579 0.0000000000
102384  -53.646  41.832  4.718 0.0000000000
121519  -54.365  41.956  5.162 0.0000000000
102385  -54.790  41.607  5.504 0.0000000000
122024  -56.602  37.274  6.622 0.0000000000
100023  -56.780  36.614  7.119 0.0000000000
100032  -56.381  36.403  6.206 0.0000000000
99344  -56.528  35.828  6.786 0.0000000000
135222  -56.283  34.811  7.108 0.0000000000
98627  -55.535  34.709  6.695 0.0000000000
98626  -54.597  34.463  6.256 0.0000000000
98664  -53.010  33.903  3.703 0.0000000000
98649  -52.917  33.881  4.563 0.0000000000
97379  -51.754  32.973  5.552 0.0000000000
120122  -51.201  32.411  5.881 0.0000000000
97995  -50.839  32.774  5.278 0.0000000000
97378  -50.103  32.528  5.371 0.0000000000
97377  -49.638  32.166  5.627 0.0000000000
98052  -49.136  33.500  -1.988 0.0000000000
98744  -49.808  33.509  -0.916 0.0000000000
98743  -49.208  33.572  -1.226 0.0000000000
139515  -48.700  33.734  -0.109 0.0000000000
98709  -48.300  33.823  0.430 0.0000000000
98660  -46.425  33.890  3.130 0.0000000000
98675  -47.078  33.945  2.498 0.0000000000
98015  -46.690  33.543  3.864 0.0000000000
97387  -47.392  32.593  4.982 0.0000000000
96746  -45.922  30.929  5.595 0.0000000000
96124  -46.223  30.231  5.547 0.0000000000
130720  -45.161  31.064  5.537 0.0000000000
93404  -56.671  26.425  10.864 0.0000000000
100133  -51.508  36.277  -8.926 0.0000000000
100126  -50.570  36.366  -8.002 0.0000000000
99455  -50.843  34.567  -9.684 0.0000000000
98804  -50.459  33.804  -9.654 0.0000000000
98808  -50.312  33.281  -10.329 0.0000000000
98134  -49.938  33.251  -10.762 0.0000000000
97471  -49.531  32.451  -10.403 0.0000000000
119016  -49.547  31.983  -10.113 0.0000000000
96840  -49.122  30.691  -9.649 0.0000000000
96188  -48.409  29.838  -9.113 0.0000000000
126675  -48.325  29.628  -7.983 0.0000000000
96169  -47.171  29.685  -7.839 0.0000000000
96168  -45.957  29.867  -7.559 0.0000000000
96159  -44.545  30.174  -6.436 0.0000000000
97457  -45.430  31.269  -7.798 0.0000000000
96814  -44.471  30.599  -6.937 0.0000000000
92641  -51.256  26.183  11.900 0.0000000000
118163  -51.159  26.733  11.185 0.0000000000
93399  -51.535  27.212  10.747 0.0000000000
117621  -50.728  28.853  10.130 0.0000000000
94759  -51.648  28.832  10.029 0.0000000000
94760  -52.560  28.777  9.991 0.0000000000
135297  -53.050  31.418  10.667 0.0000000000
107545  -47.400  50.630  5.606 0.0000000000
107081  -46.832  50.099  5.144 0.0000000000
106633  -47.157  48.787  3.777 0.0000000000
105639  -50.159  46.033  -2.024 0.0000000000
104647  -49.933  44.773  -4.774 0.0000000000
104659  -50.537  44.960  -5.982 0.0000000000
104660  -51.190  44.773  -6.630 0.0000000000
104676  -51.877  44.614  -7.350 0.0000000000
104677  -52.445  44.605  -8.119 0.0000000000
105182  -51.675  45.541  -7.234 0.0000000000
105680  -51.522  46.504  -7.156 0.0000000000
100632  -51.322  37.283  6.985 0.0000000000
100016  -51.931  36.817  7.532 0.0000000000
100017  -53.046  37.121  7.724 0.0000000000
121060  -53.442  37.937  7.329 0.0000000000
101241  -54.576  38.621  7.721 0.0000000000
102418  -45.449  40.109  1.707 0.0000000000
101287  -47.104  39.037  1.804 0.0000000000
99402  -52.506  35.533  -3.368 0.0000000000
100089  -51.607  36.181  -2.544 0.0000000000
100090  -52.757  36.022  -2.578 0.0000000000
100077  -53.021  36.380  -1.739 0.0000000000
100065  -53.368  36.767  -0.997 0.0000000000
99395  -55.431  35.738  -2.746 0.0000000000
100078  -54.339  36.349  -1.871 0.0000000000
100707  -53.831  37.218  -0.364 0.0000000000
100694  -54.398  37.740  0.160 0.0000000000
101307  -54.713  38.682  1.182 0.0000000000
101293  -54.400  39.042  1.968 0.0000000000
132926  -55.290  39.052  1.532 0.0000000000
101295  -55.751  38.926  1.731 0.0000000000
135528  -56.086  38.527  2.209 0.0000000000
100051  -56.644  37.293  0.804 0.0000000000
100046  -56.556  37.167  1.727 0.0000000000
100674  -56.349  37.568  2.370 0.0000000000
100041  -56.231  36.616  3.346 0.0000000000
99356  -55.049  35.324  4.094 0.0000000000
98666  -54.446  34.735  3.704 0.0000000000
98665  -53.806  34.243  3.301 0.0000000000
98680  -53.939  34.065  2.491 0.0000000000
119547  -53.201  33.914  2.988 0.0000000000
139734  -51.723  33.568  2.670 0.0000000000
98027  -51.281  33.513  3.059 0.0000000000
117096  -46.679  34.392  0.137 0.0000000000
117649  -45.852  34.587  -0.015 0.0000000000
98707  -46.134  34.498  0.773 0.0000000000
98690  -45.567  34.470  1.537 0.0000000000
98659  -45.456  34.079  3.038 0.0000000000
97384  -44.709  32.774  4.875 0.0000000000
103553  -48.851  42.354  -1.471 0.0000000000
103552  -47.934  41.902  -1.319 0.0000000000
103018  -48.101  41.037  -2.442 0.0000000000
101899  -48.066  39.430  -3.040 0.0000000000
101348  -48.288  38.538  -3.145 0.0000000000
101353  -48.616  38.507  -3.979 0.0000000000
100733  -48.713  37.803  -3.556 0.0000000000
100100  -49.599  36.706  -3.701 0.0000000000
99413  -50.995  35.524  -4.118 0.0000000000
99448  -49.862  35.463  -7.546 0.0000000000
123141  -49.591  35.453  -6.493 0.0000000000
98793  -49.768  33.670  -7.021 0.0000000000
133612  -49.858  34.364  -6.393 0.0000000000
99428  -50.713  35.048  -4.948 0.0000000000
99414  -52.240  35.100  -4.176 0.0000000000
98762  -53.343  34.168  -5.165 0.0000000000
129230  -54.628  33.754  -5.137 0.0000000000
98096  -53.689  32.166  -6.194 0.0000000000
134815  -54.311  32.479  -5.699 0.0000000000
98097  -54.825  32.904  -5.247 0.0000000000
98089  -55.091  32.906  -4.475 0.0000000000
98073  -54.907  33.002  -3.229 0.0000000000
139739  -53.774  32.948  -2.808 0.0000000000
98055  -53.557  33.253  -1.945 0.0000000000
98085  -50.346  32.623  -3.532 0.0000000000
98069  -49.737  33.154  -2.560 0.0000000000
98068  -48.409  33.549  -2.288 0.0000000000
98754  -47.590  33.884  -1.963 0.0000000000
98753  -46.592  34.072  -2.082 0.0000000000
96803  -47.291  30.463  -6.104 0.0000000000
96788  -46.683  31.042  -5.322 0.0000000000
97431  -46.320  31.690  -4.599 0.0000000000
97430  -45.263  31.392  -4.481 0.0000000000
97416  -45.966  32.413  -3.978 0.0000000000
92642  -52.438  25.992  12.106 0.0000000000
93394  -54.313  26.348  11.688 0.0000000000
93401  -53.873  26.950  10.984 0.0000000000
136050  -56.668  26.403  11.094 0.0000000000
125383  -56.740  26.920  10.618 0.0000000000
94113  -57.250  27.623  10.146 0.0000000000
94771  -57.801  28.364  9.791 0.0000000000
94764  -57.352  28.984  10.198 0.0000000000
94765  -57.998  29.106  9.884 0.0000000000
95434  -58.313  29.676  9.700 0.0000000000
96084  -58.514  30.349  9.362 0.0000000000
130865  -58.561  31.087  8.691 0.0000000000
107534  -51.375  49.752  6.216 0.0000000000
125185  -50.229  49.868  5.771 0.0000000000
107078  -50.968  49.307  6.064 0.0000000000
106613  -50.325  48.792  6.245 0.0000000000
106617  -49.748  48.428  6.226 0.0000000000
106097  -47.456  47.425  5.974 0.0000000000
106100  -47.257  47.004  5.399 0.0000000000
105602  -47.512  46.684  4.803 0.0000000000
105099  -47.100  45.920  3.796 0.0000000000
105100  -48.959  46.679  4.186 0.0000000000
104571  -47.909  44.718  1.647 0.0000000000
104582  -48.162  44.221  0.954 0.0000000000
135695  -48.652  43.899  0.479 0.0000000000
106111  -49.537  48.644  3.536 0.0000000000
130565  -50.696  49.104  3.837 0.0000000000
105611  -51.712  47.901  3.932 0.0000000000
106119  -52.194  48.100  2.453 0.0000000000
128543  -51.631  46.626  2.360 0.0000000000
104067  -49.779  44.100  0.319 0.0000000000
104074  -48.796  43.316  -0.175 0.0000000000
103544  -49.525  42.885  -0.921 0.0000000000
103030  -49.047  41.351  -3.529 0.0000000000
103555  -51.199  42.840  -1.975 0.0000000000
103020  -49.843  42.114  -3.255 0.0000000000
102478  -49.639  40.824  -4.688 0.0000000000
102491  -49.891  40.311  -5.268 0.0000000000
101374  -51.224  39.118  -6.937 0.0000000000
104624  -50.928  44.117  -2.945 0.0000000000
130925  -50.976  43.466  -2.853 0.0000000000
104101  -50.403  43.177  -3.554 0.0000000000
138956  -50.769  42.579  -5.459 0.0000000000
103591  -50.809  42.033  -5.462 0.0000000000
103041  -50.526  41.812  -5.205 0.0000000000
136410  -51.324  40.682  -6.306 0.0000000000
101942  -51.925  39.738  -7.178 0.0000000000
100759  -51.752  37.872  -8.026 0.0000000000
100773  -52.139  37.236  -8.840 0.0000000000
100134  -52.049  36.344  -9.725 0.0000000000
99474  -51.397  36.132  -10.914 0.0000000000
101433  -52.238  37.998  -10.227 0.0000000000
100163  -51.736  36.812  -10.653 0.0000000000
100162  -50.882  36.102  -11.163 0.0000000000
100146  -50.242  36.161  -10.865 0.0000000000
101968  -50.040  39.483  -9.508 0.0000000000
101962  -49.406  39.507  -8.713 0.0000000000
104693  -52.654  44.639  -8.827 0.0000000000
104170  -52.446  43.633  -9.347 0.0000000000
104169  -52.027  43.558  -9.664 0.0000000000
96699  -50.773  31.570  11.114 0.0000000000
97940  -50.809  33.162  11.782 0.0000000000
96691  -51.350  32.330  11.403 0.0000000000
96700  -51.570  31.629  10.914 0.0000000000
96701  -52.375  31.590  10.778 0.0000000000
96693  -53.109  32.252  11.212 0.0000000000
99324  -50.563  35.599  8.834 0.0000000000
98600  -51.597  34.583  10.231 0.0000000000
98587  -52.428  34.137  10.870 0.0000000000
126087  -53.260  35.011  9.815 0.0000000000
137424  -52.858  34.533  10.368 0.0000000000
133473  -53.034  33.653  11.410 0.0000000000
96694  -54.208  32.437  11.336 0.0000000000
96695  -55.294  32.466  11.400 0.0000000000
97331  -56.287  32.473  11.385 0.0000000000
97953  -56.742  33.871  11.591 0.0000000000
124544  -57.149  33.149  11.340 0.0000000000
97332  -57.072  32.491  11.183 0.0000000000
96706  -57.685  31.842  10.549 0.0000000000
97339  -58.134  32.037  9.758 0.0000000000
97340  -58.373  31.961  8.655 0.0000000000
139165  -47.273  43.412  6.600 0.0000000000
103483  -48.074  43.745  7.086 0.0000000000
103476  -49.395  43.466  7.397 0.0000000000
103004  -47.276  41.224  -1.087 0.0000000000
101883  -47.190  39.520  -0.864 0.0000000000
101332  -48.163  38.292  -1.486 0.0000000000
101875  -47.457  38.805  -0.172 0.0000000000
101882  -46.759  39.580  -0.054 0.0000000000
134489  -47.041  39.023  0.490 0.0000000000
101301  -47.696  38.700  1.385 0.0000000000
101288  -47.943  38.786  1.947 0.0000000000
100075  -50.873  36.669  -1.825 0.0000000000
136344  -50.124  37.551  0.202 0.0000000000
100680  -51.253  37.721  1.162 0.0000000000
100691  -50.907  37.467  0.414 0.0000000000
100679  -50.180  37.814  0.989 0.0000000000
101303  -49.215  38.108  1.098 0.0000000000
101289  -48.770  38.519  1.769 0.0000000000
101857  -47.458  39.265  2.446 0.0000000000
101845  -47.888  39.737  3.171 0.0000000000
102398  -48.261  40.408  3.843 0.0000000000
134733  -48.639  41.228  4.442 0.0000000000
102380  -49.479  41.313  4.467 0.0000000000
102954  -49.099  42.277  5.211 0.0000000000
102937  -49.646  43.338  6.269 0.0000000000
103485  -50.111  43.544  7.063 0.0000000000
133940  -49.927  43.261  7.413 0.0000000000
102925  -50.608  42.843  7.330 0.0000000000
123732  -51.363  42.165  7.069 0.0000000000
124011  -52.031  41.260  6.640 0.0000000000
102941  -53.221  42.982  6.255 0.0000000000
130773  -52.872  41.888  6.678 0.0000000000
101822  -52.847  40.444  6.514 0.0000000000
101257  -54.752  39.723  7.299 0.0000000000
101242  -55.569  39.136  8.002 0.0000000000
101851  -55.018  39.918  3.239 0.0000000000
101838  -54.912  40.411  4.008 0.0000000000
102386  -55.114  40.641  4.881 0.0000000000
101830  -55.485  40.223  5.732 0.0000000000
101825  -55.343  40.444  6.777 0.0000000000
101243  -56.054  39.134  8.092 0.0000000000
100635  -56.036  38.639  8.594 0.0000000000
100617  -56.265  38.000  9.015 0.0000000000
116392  -56.820  36.866  9.585 0.0000000000
99328  -57.182  36.080  9.681 0.0000000000
100018  -57.037  36.999  8.143 0.0000000000
99336  -57.387  35.381  8.529 0.0000000000
135040  -57.413  35.230  9.520 0.0000000000
98610  -57.614  34.471  8.790 0.0000000000
97346  -58.151  32.831  8.475 0.0000000000
96728  -58.194  32.264  7.806 0.0000000000
96727  -58.084  31.546  7.398 0.0000000000
96726  -57.400  31.569  7.237 0.0000000000
96725  -56.173  31.594  7.229 0.0000000000
96724  -55.136  31.583  7.215 0.0000000000
96095  -54.485  31.145  7.023 0.0000000000
98636  -53.706  34.101  5.845 0.0000000000
96738  -53.258  31.903  6.847 0.0000000000
118830  -53.057  31.100  6.779 0.0000000000
96109  -52.267  30.638  6.550 0.0000000000
96107  -50.637  30.486  6.286 0.0000000000
98041  -52.861  33.424  -0.744 0.0000000000
98032  -52.373  33.483  0.098 0.0000000000
98728  -50.860  33.481  -0.240 0.0000000000
98678  -51.242  33.545  2.279 0.0000000000
98026  -50.450  33.490  2.861 0.0000000000
98708  -47.484  34.111  0.296 0.0000000000
137399  -47.513  33.914  2.120 0.0000000000
116136  -48.774  33.641  1.995 0.0000000000
98025  -49.490  33.535  2.635 0.0000000000
98007  -49.966  33.119  4.286 0.0000000000
97389  -49.425  32.701  5.030 0.0000000000
97376  -48.717  31.894  5.658 0.0000000000
127711  -47.839  32.144  5.367 0.0000000000
94780  -58.489  28.618  8.360 0.0000000000
96160  -45.350  29.897  -6.747 0.0000000000
96167  -45.086  30.039  -7.233 0.0000000000
96175  -45.660  30.119  -7.809 0.0000000000
96178  -48.863  29.742  -8.575 0.0000000000
96179  -49.589  30.030  -8.479 0.0000000000
96187  -47.660  30.018  -9.104 0.0000000000
96692  -52.130  32.354  11.261 0.0000000000
96735  -50.847  31.211  6.335 0.0000000000
96815  -49.511  30.257  -6.846 0.0000000000
96833  -47.898  30.694  -9.464 0.0000000000
96835  -49.126  30.031  -9.172 0.0000000000
97324  -51.084  32.819  11.645 0.0000000000
97429  -44.238  31.017  -4.347 0.0000000000
97456  -44.715  31.298  -7.235 0.0000000000
97468  -49.234  31.521  -10.073 0.0000000000
97944  -55.278  33.422  11.748 0.0000000000
98005  -47.688  33.049  4.486 0.0000000000
98084  -48.508  33.158  -3.038 0.0000000000
98128  -48.521  32.469  -10.110 0.0000000000
98130  -49.954  32.874  -10.529 0.0000000000
98726  -49.271  33.612  -0.456 0.0000000000
98727  -50.534  33.447  -0.970 0.0000000000
98745  -56.451  34.587  -2.720 0.0000000000
98763  -55.322  33.499  -4.597 0.0000000000
98809  -50.687  34.044  -10.516 0.0000000000
98814  -50.254  33.997  -10.916 0.0000000000
99293  -56.683  35.331  10.861 0.0000000000
99307  -52.438  35.333  9.296 0.0000000000
99405  -56.122  34.905  -3.294 0.0000000000
99452  -47.859  35.509  -8.743 0.0000000000
99460  -49.085  34.837  -10.422 0.0000000000
99471  -49.892  34.502  -10.972 0.0000000000
99473  -51.032  35.245  -10.996 0.0000000000
99983  -56.298  37.377  9.418 0.0000000000
99984  -56.547  37.459  9.281 0.0000000000
100002  -56.827  37.411  9.041 0.0000000000
100068  -56.486  36.451  -0.938 0.0000000000
100132  -48.706  36.456  -9.419 0.0000000000
100135  -52.311  37.096  -9.451 0.0000000000
100145  -49.426  36.351  -10.214 0.0000000000
100147  -51.841  36.302  -10.386 0.0000000000
100148  -52.207  36.808  -10.069 0.0000000000
100618  -56.533  37.906  8.953 0.0000000000
100633  -52.346  37.509  7.052 0.0000000000
100704  -50.575  37.291  -0.365 0.0000000000
100734  -49.135  37.285  -3.218 0.0000000000
100740  -48.884  37.760  -4.320 0.0000000000
100772  -51.386  37.037  -8.296 0.0000000000
100806  -51.110  37.019  -11.075 0.0000000000
100808  -52.116  37.305  -10.335 0.0000000000
101244  -56.361  38.873  7.897 0.0000000000
101302  -48.346  38.357  1.062 0.0000000000
101354  -48.954  38.568  -4.743 0.0000000000
101372  -49.592  37.994  -6.050 0.0000000000
101391  -51.047  38.270  -7.319 0.0000000000
101422  -52.513  38.286  -9.401 0.0000000000
101431  -51.047  38.130  -10.788 0.0000000000
101432  -51.701  38.548  -10.618 0.0000000000
101869  -46.268  39.424  1.587 0.0000000000
101874  -46.509  39.399  0.772 0.0000000000
101927  -50.087  39.728  -5.770 0.0000000000
101943  -52.300  40.114  -7.360 0.0000000000
101955  -52.329  39.575  -7.669 0.0000000000
101963  -52.778  39.769  -8.658 0.0000000000
101970  -52.606  39.756  -9.524 0.0000000000
101976  -51.140  39.211  -10.535 0.0000000000
102366  -54.781  41.352  6.478 0.0000000000
102370  -55.121  41.133  5.998 0.0000000000
102446  -47.296  40.333  -1.382 0.0000000000
102455  -47.988  40.229  -2.781 0.0000000000
102465  -49.104  40.882  -4.073 0.0000000000
102492  -50.678  40.558  -5.831 0.0000000000
102509  -52.575  40.511  -7.590 0.0000000000
102527  -50.489  40.109  -9.741 0.0000000000
102528  -51.114  40.216  -10.201 0.0000000000
102529  -51.932  40.631  -10.287 0.0000000000
102540  -52.462  40.379  -9.868 0.0000000000
102927  -52.300  43.125  6.754 0.0000000000
102928  -53.217  42.718  6.528 0.0000000000
102942  -53.828  42.741  6.230 0.0000000000
103011  -47.710  41.131  -1.750 0.0000000000
103012  -48.443  41.730  -1.957 0.0000000000
103021  -50.143  42.621  -3.427 0.0000000000
103031  -49.692  41.602  -4.130 0.0000000000
103032  -50.069  42.333  -4.246 0.0000000000
103047  -51.180  41.432  -6.034 0.0000000000
103067  -52.826  41.224  -8.064 0.0000000000
103475  -47.167  43.734  7.469 0.0000000000
103477  -51.963  43.281  6.696 0.0000000000
103478  -52.596  43.115  6.530 0.0000000000
103484  -49.128  43.727  7.061 0.0000000000
103576  -50.183  42.469  -4.451 0.0000000000
103592  -51.516  41.822  -6.277 0.0000000000
103601  -51.715  42.713  -6.699 0.0000000000
104649  -50.759  43.995  -6.008 0.0000000000
104710  -52.488  44.550  -9.196 0.0000000000
105109  -46.814  45.134  2.531 0.0000000000
105112  -52.215  47.274  2.033 0.0000000000
105134  -50.886  45.091  -2.389 0.0000000000
105612  -52.035  47.610  3.085 0.0000000000
105617  -52.025  47.528  0.726 0.0000000000
105632  -51.996  46.437  -0.631 0.0000000000
106092  -47.881  47.867  6.532 0.0000000000
106120  -52.239  47.713  1.553 0.0000000000
106616  -47.975  48.223  7.050 0.0000000000
106620  -50.945  49.370  4.842 0.0000000000
106622  -50.970  47.971  4.860 0.0000000000
106625  -46.107  49.149  4.178 0.0000000000
107525  -52.014  50.493  6.878 0.0000000000
119653  -54.671  41.094  4.603 0.0000000000
120800  -55.800  38.115  8.889 0.0000000000
121478  -52.156  44.181  -1.859 0.0000000000
121543  -58.643  29.950  7.630 0.0000000000
121609  -43.598  30.804  -4.284 0.0000000000
123849  -56.292  38.178  1.338 0.0000000000
125756  -52.694  42.747  -8.377 0.0000000000
126115  -49.362  31.170  -9.704 0.0000000000
126237  -52.206  46.121  -0.288 0.0000000000
126422  -50.390  43.190  -4.265 0.0000000000
126484  -55.781  39.318  5.376 0.0000000000
128482  -49.003  33.307  -2.567 0.0000000000
129878  -49.283  39.998  -4.751 0.0000000000
130156  -47.977  38.907  -2.563 0.0000000000
130162  -57.500  34.589  10.026 0.0000000000
130661  -50.564  35.479  -11.059 0.0000000000
131711  -50.653  43.350  7.163 0.0000000000
132332  -51.258  35.828  8.586 0.0000000000
133838  -54.280  41.228  4.428 0.0000000000
134878  -50.116  45.135  -5.401 0.0000000000
135555  -56.069  33.496  11.815 0.0000000000
135623  -52.705  43.972  -9.053 0.0000000000
135978  -53.317  31.814  -6.510 0.0000000000
136005  -49.001  40.536  3.989 0.0000000000
136355  -48.079  32.021  -4.565 0.0000000000
136387  -51.997  38.907  -7.686 0.0000000000
136603  -52.613  39.245  -8.383 0.0000000000
136773  -54.494  41.994  6.318 0.0000000000
136889  -53.828  42.263  6.525 0.0000000000
137433  -51.606  34.276  -5.315 0.0000000000
138192  -52.619  39.184  3.051 0.0000000000
139951  -58.372  31.544  9.268 0.0000000000
