#!ascii label  , from subject sub-v2s7x29679_ses-1 vox2ras=TkReg
591
13062  -47.921  -61.254  -22.148 0.0000000000
16759  -36.230  -57.549  -21.572 0.0000000000
16712  -44.034  -57.624  -14.968 0.0000000000
14986  -42.790  -59.249  -23.680 0.0000000000
19552  -41.118  -54.015  -17.995 0.0000000000
13923  -49.223  -60.193  -13.127 0.0000000000
19420  -50.612  -54.516  -10.462 0.0000000000
21056  -54.780  -51.545  -10.524 0.0000000000
20284  -45.031  -53.942  -13.650 0.0000000000
17614  -41.986  -56.671  -16.152 0.0000000000
118272  -44.676  -53.556  -16.182 0.0000000000
16664  -48.446  -56.917  -9.553 0.0000000000
19392  -53.800  -55.426  -9.044 0.0000000000
23641  -50.886  -49.638  -12.779 0.0000000000
122735  -54.005  -49.549  -13.139 0.0000000000
12222  -46.719  -62.888  -26.602 0.0000000000
15871  -39.548  -58.902  -22.677 0.0000000000
12180  -39.474  -62.102  -23.241 0.0000000000
13074  -36.191  -61.321  -22.112 0.0000000000
14927  -45.828  -59.588  -18.510 0.0000000000
13077  -45.494  -60.786  -23.117 0.0000000000
16742  -41.679  -57.113  -20.610 0.0000000000
18623  -39.834  -54.698  -21.454 0.0000000000
15780  -46.150  -58.751  -13.475 0.0000000000
18500  -45.875  -55.383  -11.163 0.0000000000
19472  -48.565  -54.575  -12.913 0.0000000000
19411  -57.891  -54.198  -9.552 0.0000000000
20254  -56.382  -54.057  -12.997 0.0000000000
135729  -53.144  -52.706  -13.797 0.0000000000
20319  -53.455  -52.956  -15.527 0.0000000000
121386  -42.285  -62.558  -25.107 0.0000000000
22874  -37.737  -50.287  -23.575 0.0000000000
131342  -36.712  -54.510  -24.403 0.0000000000
16823  -38.306  -57.298  -26.449 0.0000000000
19500  -47.781  -54.280  -15.216 0.0000000000
20315  -45.253  -53.508  -15.267 0.0000000000
13114  -47.755  -61.886  -24.528 0.0000000000
15853  -37.584  -58.357  -21.480 0.0000000000
128874  -37.808  -60.592  -22.071 0.0000000000
14954  -36.030  -59.088  -21.685 0.0000000000
14033  -34.932  -60.696  -22.812 0.0000000000
130978  -35.481  -58.197  -22.521 0.0000000000
15820  -45.076  -58.770  -16.615 0.0000000000
15807  -43.597  -58.247  -16.653 0.0000000000
18554  -40.937  -55.626  -17.232 0.0000000000
16731  -41.207  -57.228  -18.512 0.0000000000
17624  -40.682  -55.710  -19.084 0.0000000000
136045  -41.044  -55.141  -21.959 0.0000000000
19593  -40.356  -54.175  -20.303 0.0000000000
14896  -47.217  -59.688  -15.275 0.0000000000
14874  -47.677  -59.366  -12.819 0.0000000000
18479  -48.826  -55.277  -9.378 0.0000000000
16670  -46.834  -57.009  -10.542 0.0000000000
19417  -47.550  -54.850  -10.100 0.0000000000
131758  -46.830  -54.545  -11.584 0.0000000000
19437  -49.283  -54.460  -11.301 0.0000000000
21058  -57.172  -52.969  -10.924 0.0000000000
20250  -57.637  -54.022  -11.583 0.0000000000
131835  -56.705  -51.913  -12.247 0.0000000000
122063  -54.568  -49.689  -14.249 0.0000000000
121566  -54.938  -51.216  -13.800 0.0000000000
21105  -54.077  -51.129  -14.994 0.0000000000
20297  -52.328  -53.378  -14.260 0.0000000000
14057  -43.750  -60.206  -23.850 0.0000000000
13111  -43.738  -61.020  -25.039 0.0000000000
13110  -42.861  -61.109  -24.849 0.0000000000
10527  -39.863  -64.257  -24.089 0.0000000000
24720  -38.948  -48.747  -24.750 0.0000000000
129400  -36.986  -52.850  -24.200 0.0000000000
129564  -38.223  -54.854  -26.178 0.0000000000
18515  -43.688  -55.622  -13.668 0.0000000000
16710  -42.742  -57.165  -15.747 0.0000000000
19478  -43.377  -54.583  -14.421 0.0000000000
19516  -42.442  -54.717  -15.738 0.0000000000
19535  -43.121  -53.927  -16.778 0.0000000000
15772  -48.405  -58.637  -11.473 0.0000000000
17548  -50.180  -56.000  -8.796 0.0000000000
19407  -52.041  -54.861  -9.728 0.0000000000
135970  -52.168  -50.381  -11.692 0.0000000000
118338  -55.118  -50.594  -12.217 0.0000000000
130204  -53.167  -49.903  -12.423 0.0000000000
23655  -52.627  -49.002  -13.821 0.0000000000
23684  -53.112  -48.676  -15.462 0.0000000000
14984  -41.213  -59.298  -23.750 0.0000000000
116187  -41.343  -60.789  -23.976 0.0000000000
136405  -39.114  -60.716  -22.742 0.0000000000
12171  -37.740  -62.055  -22.572 0.0000000000
11360  -36.295  -62.881  -22.609 0.0000000000
12168  -34.715  -62.000  -23.130 0.0000000000
14093  -35.568  -60.913  -25.086 0.0000000000
14095  -37.010  -60.177  -26.051 0.0000000000
14004  -46.674  -60.273  -19.841 0.0000000000
13078  -46.505  -61.104  -22.936 0.0000000000
14021  -44.365  -60.528  -21.054 0.0000000000
137489  -43.061  -59.597  -21.547 0.0000000000
15817  -42.659  -58.358  -17.791 0.0000000000
15842  -42.286  -58.489  -20.704 0.0000000000
15874  -42.634  -58.173  -23.040 0.0000000000
16779  -41.166  -56.921  -23.237 0.0000000000
122031  -39.778  -56.568  -22.441 0.0000000000
120909  -38.105  -55.834  -21.157 0.0000000000
132755  -47.293  -59.606  -17.785 0.0000000000
14908  -46.458  -59.240  -16.522 0.0000000000
15786  -45.176  -58.243  -14.353 0.0000000000
15771  -47.258  -58.324  -11.595 0.0000000000
16682  -45.486  -57.537  -12.226 0.0000000000
16681  -44.822  -57.084  -12.653 0.0000000000
19452  -45.236  -54.753  -12.188 0.0000000000
19471  -47.623  -54.388  -13.386 0.0000000000
19483  -49.440  -54.914  -14.301 0.0000000000
132916  -55.550  -55.465  -9.629 0.0000000000
19409  -54.684  -55.246  -10.219 0.0000000000
122145  -53.079  -54.552  -11.442 0.0000000000
117003  -55.978  -51.777  -13.417 0.0000000000
20253  -54.837  -53.639  -13.056 0.0000000000
19439  -52.060  -54.338  -11.787 0.0000000000
19475  -50.962  -54.364  -13.368 0.0000000000
19485  -50.933  -54.809  -14.236 0.0000000000
13112  -45.826  -60.990  -24.948 0.0000000000
12207  -43.913  -62.464  -25.973 0.0000000000
138959  -41.120  -62.461  -24.070 0.0000000000
10538  -41.164  -64.477  -25.153 0.0000000000
124344  -40.126  -52.813  -19.865 0.0000000000
119949  -37.839  -53.818  -20.693 0.0000000000
18621  -36.594  -55.283  -21.293 0.0000000000
20414  -36.417  -53.729  -23.037 0.0000000000
18655  -35.855  -55.498  -22.881 0.0000000000
127447  -36.365  -57.000  -24.582 0.0000000000
15903  -36.917  -58.454  -25.662 0.0000000000
19501  -48.575  -54.621  -15.474 0.0000000000
20317  -47.150  -53.866  -15.813 0.0000000000
13097  -48.086  -61.903  -23.641 0.0000000000
13079  -47.542  -61.415  -22.902 0.0000000000
16760  -37.105  -57.580  -21.294 0.0000000000
14955  -37.059  -59.307  -21.525 0.0000000000
129678  -36.591  -58.364  -21.478 0.0000000000
14953  -35.519  -59.007  -22.298 0.0000000000
16758  -35.663  -57.385  -22.167 0.0000000000
128190  -44.367  -58.092  -15.603 0.0000000000
15819  -44.355  -58.753  -17.122 0.0000000000
16719  -43.623  -57.806  -15.819 0.0000000000
133959  -40.858  -54.938  -17.472 0.0000000000
18553  -40.652  -55.539  -18.047 0.0000000000
18571  -40.585  -55.011  -18.834 0.0000000000
18586  -40.659  -54.902  -19.860 0.0000000000
19572  -40.575  -54.278  -19.255 0.0000000000
13932  -48.812  -60.560  -13.822 0.0000000000
13931  -47.932  -60.190  -14.036 0.0000000000
14883  -48.235  -59.943  -13.318 0.0000000000
19405  -49.214  -54.750  -9.662 0.0000000000
18478  -47.952  -55.352  -9.594 0.0000000000
19419  -49.679  -54.497  -10.373 0.0000000000
118204  -48.011  -54.598  -10.368 0.0000000000
132872  -50.158  -54.454  -11.094 0.0000000000
21043  -53.490  -51.581  -9.751 0.0000000000
21044  -54.549  -51.805  -9.569 0.0000000000
21045  -55.824  -52.275  -9.613 0.0000000000
123612  -55.874  -52.033  -10.493 0.0000000000
139684  -56.845  -52.288  -11.600 0.0000000000
21057  -56.034  -51.685  -11.259 0.0000000000
22768  -54.271  -49.575  -15.367 0.0000000000
21912  -54.425  -50.040  -14.981 0.0000000000
21926  -54.280  -50.748  -15.791 0.0000000000
14987  -43.308  -59.699  -23.417 0.0000000000
14075  -43.377  -60.503  -24.516 0.0000000000
14056  -42.972  -59.863  -24.148 0.0000000000
21219  -37.637  -51.861  -25.325 0.0000000000
19652  -37.919  -54.163  -25.861 0.0000000000
19662  -38.414  -54.133  -26.482 0.0000000000
123793  -44.022  -54.803  -13.341 0.0000000000
19468  -43.588  -54.874  -13.872 0.0000000000
19479  -43.910  -54.321  -13.891 0.0000000000
20314  -44.251  -53.603  -15.340 0.0000000000
20313  -43.582  -53.868  -15.378 0.0000000000
20328  -43.785  -53.734  -16.070 0.0000000000
135189  -42.500  -54.277  -16.355 0.0000000000
121821  -44.106  -53.740  -16.924 0.0000000000
19390  -51.415  -55.091  -9.059 0.0000000000
19391  -52.445  -55.211  -8.995 0.0000000000
22707  -51.186  -50.401  -11.736 0.0000000000
22722  -51.756  -49.883  -12.414 0.0000000000
23667  -53.258  -48.843  -14.529 0.0000000000
11399  -45.582  -63.904  -27.068 0.0000000000
14972  -40.356  -59.066  -23.271 0.0000000000
14037  -40.334  -59.864  -23.344 0.0000000000
14971  -39.516  -59.884  -22.795 0.0000000000
117012  -37.194  -61.194  -22.120 0.0000000000
13075  -38.336  -61.210  -22.500 0.0000000000
119982  -36.744  -62.082  -22.386 0.0000000000
12170  -35.817  -62.087  -22.429 0.0000000000
11359  -35.431  -62.807  -22.749 0.0000000000
14996  -35.342  -59.130  -23.750 0.0000000000
14072  -35.040  -60.659  -24.265 0.0000000000
120247  -35.418  -59.800  -24.312 0.0000000000
14094  -36.264  -60.415  -25.491 0.0000000000
14073  -36.025  -59.727  -25.052 0.0000000000
13990  -46.386  -59.817  -19.046 0.0000000000
14009  -46.016  -60.670  -20.451 0.0000000000
126849  -43.551  -60.109  -21.309 0.0000000000
14943  -43.095  -59.703  -20.725 0.0000000000
17611  -42.405  -56.283  -15.514 0.0000000000
16725  -42.846  -58.033  -17.003 0.0000000000
16724  -42.092  -57.709  -17.324 0.0000000000
15822  -41.723  -58.050  -19.122 0.0000000000
15841  -42.089  -57.624  -21.199 0.0000000000
15856  -42.512  -58.084  -22.008 0.0000000000
135320  -42.238  -57.200  -22.225 0.0000000000
16780  -41.919  -57.000  -23.194 0.0000000000
130601  -40.478  -55.102  -22.041 0.0000000000
17666  -41.015  -55.600  -22.515 0.0000000000
117275  -39.377  -55.429  -21.635 0.0000000000
17664  -38.876  -56.459  -21.735 0.0000000000
18622  -38.610  -54.952  -21.030 0.0000000000
14888  -46.575  -59.276  -14.710 0.0000000000
116478  -47.002  -59.466  -16.084 0.0000000000
138844  -46.124  -58.978  -14.944 0.0000000000
15798  -45.608  -58.649  -15.193 0.0000000000
15787  -45.958  -58.790  -14.294 0.0000000000
15765  -48.006  -58.039  -10.842 0.0000000000
15764  -47.228  -57.671  -10.828 0.0000000000
137496  -46.052  -55.939  -10.797 0.0000000000
17580  -46.174  -56.696  -10.885 0.0000000000
16675  -45.797  -57.151  -11.477 0.0000000000
16690  -45.243  -57.823  -12.908 0.0000000000
17587  -45.182  -56.626  -11.907 0.0000000000
17586  -44.640  -56.083  -12.398 0.0000000000
18509  -45.211  -55.547  -11.770 0.0000000000
117622  -47.852  -54.476  -12.476 0.0000000000
120811  -47.028  -54.361  -12.354 0.0000000000
132091  -48.094  -54.519  -14.050 0.0000000000
131968  -48.611  -54.642  -13.784 0.0000000000
19394  -57.542  -55.096  -9.499 0.0000000000
20255  -57.258  -54.116  -12.565 0.0000000000
19424  -57.178  -54.898  -11.635 0.0000000000
19423  -55.705  -55.111  -11.538 0.0000000000
19422  -54.001  -54.989  -11.019 0.0000000000
19441  -54.924  -54.548  -12.260 0.0000000000
22723  -54.685  -49.989  -12.830 0.0000000000
21061  -56.209  -51.308  -12.756 0.0000000000
21883  -55.649  -50.695  -13.239 0.0000000000
134801  -53.756  -52.000  -14.008 0.0000000000
20268  -54.464  -52.391  -13.627 0.0000000000
20252  -53.017  -53.385  -13.174 0.0000000000
19440  -53.315  -54.100  -12.407 0.0000000000
19459  -52.222  -54.040  -12.568 0.0000000000
19458  -51.201  -54.260  -12.406 0.0000000000
20267  -51.778  -53.782  -13.098 0.0000000000
20318  -52.515  -53.644  -14.915 0.0000000000
19486  -51.719  -54.342  -14.514 0.0000000000
19504  -51.285  -55.194  -14.988 0.0000000000
135001  -45.869  -61.014  -22.075 0.0000000000
13095  -46.171  -60.970  -23.996 0.0000000000
12192  -43.144  -61.889  -25.380 0.0000000000
12193  -44.189  -61.590  -25.577 0.0000000000
11386  -43.844  -63.308  -26.266 0.0000000000
11385  -42.989  -63.073  -25.744 0.0000000000
116175  -40.216  -62.005  -23.565 0.0000000000
12182  -41.069  -61.810  -23.951 0.0000000000
12181  -40.608  -62.600  -23.839 0.0000000000
10536  -39.924  -65.096  -24.526 0.0000000000
10528  -40.697  -63.909  -24.471 0.0000000000
20371  -40.833  -52.932  -19.211 0.0000000000
21147  -40.709  -52.079  -19.532 0.0000000000
20382  -37.809  -52.969  -20.768 0.0000000000
19607  -37.051  -54.424  -20.960 0.0000000000
20397  -37.085  -53.462  -21.033 0.0000000000
20431  -36.630  -53.654  -23.859 0.0000000000
21196  -36.666  -52.906  -23.170 0.0000000000
19625  -36.315  -54.392  -23.399 0.0000000000
121476  -35.994  -54.918  -22.891 0.0000000000
18678  -36.213  -55.276  -23.687 0.0000000000
17704  -35.843  -56.101  -23.319 0.0000000000
17725  -36.355  -56.163  -24.318 0.0000000000
17741  -38.068  -56.402  -26.088 0.0000000000
16814  -37.500  -57.008  -25.740 0.0000000000
16822  -37.478  -57.851  -26.023 0.0000000000
19480  -46.736  -54.065  -14.021 0.0000000000
20293  -45.192  -53.696  -14.307 0.0000000000
20294  -46.050  -53.701  -14.624 0.0000000000
20316  -46.283  -53.602  -15.553 0.0000000000
20330  -46.525  -53.627  -16.457 0.0000000000
23653  -50.686  -49.148  -13.443 0.0000000000
24558  -50.105  -48.616  -13.975 0.0000000000
12196  -47.462  -61.940  -25.347 0.0000000000
134067  -38.892  -58.772  -22.143 0.0000000000
14970  -38.764  -59.484  -22.227 0.0000000000
14956  -38.129  -59.030  -21.768 0.0000000000
14019  -37.115  -60.290  -21.745 0.0000000000
125917  -36.492  -60.664  -21.873 0.0000000000
134973  -35.278  -60.591  -22.447 0.0000000000
14017  -35.676  -59.696  -21.969 0.0000000000
14983  -35.185  -59.186  -22.956 0.0000000000
14920  -45.145  -59.050  -17.264 0.0000000000
14919  -44.749  -59.193  -17.808 0.0000000000
15825  -44.016  -58.998  -17.785 0.0000000000
15824  -43.327  -58.939  -18.168 0.0000000000
17613  -41.394  -56.049  -16.594 0.0000000000
16723  -41.478  -57.329  -17.656 0.0000000000
17618  -41.013  -56.500  -17.560 0.0000000000
17625  -41.007  -56.538  -19.303 0.0000000000
17637  -41.348  -56.600  -20.152 0.0000000000
17647  -41.548  -56.172  -21.138 0.0000000000
17636  -41.082  -55.673  -20.363 0.0000000000
18605  -40.848  -54.804  -21.105 0.0000000000
19608  -40.218  -54.334  -21.093 0.0000000000
14889  -47.224  -59.709  -14.350 0.0000000000
14873  -46.766  -59.017  -12.993 0.0000000000
17562  -48.502  -55.995  -9.280 0.0000000000
16671  -47.681  -57.241  -10.165 0.0000000000
17561  -47.729  -56.265  -9.657 0.0000000000
18488  -47.093  -55.545  -10.032 0.0000000000
18487  -46.433  -55.395  -10.635 0.0000000000
19434  -46.416  -54.825  -11.168 0.0000000000
19435  -47.318  -54.626  -10.859 0.0000000000
19436  -48.230  -54.473  -11.052 0.0000000000
19456  -49.390  -54.532  -12.402 0.0000000000
21046  -56.998  -52.891  -9.514 0.0000000000
20243  -57.763  -53.750  -10.329 0.0000000000
19410  -57.725  -54.646  -10.618 0.0000000000
21062  -57.321  -53.021  -12.370 0.0000000000
20270  -57.056  -53.370  -13.031 0.0000000000
22740  -54.678  -49.748  -13.635 0.0000000000
122059  -55.085  -50.360  -13.598 0.0000000000
21902  -54.686  -50.428  -14.289 0.0000000000
21097  -53.877  -51.628  -14.393 0.0000000000
21096  -52.997  -52.595  -14.177 0.0000000000
20286  -52.357  -53.320  -13.718 0.0000000000
21104  -53.211  -52.416  -14.799 0.0000000000
14058  -44.565  -60.472  -23.444 0.0000000000
13094  -45.162  -60.670  -24.221 0.0000000000
14076  -44.222  -60.531  -24.430 0.0000000000
129430  -42.366  -61.790  -24.867 0.0000000000
11368  -39.437  -63.492  -23.625 0.0000000000
130722  -37.927  -50.110  -24.828 0.0000000000
22895  -37.639  -50.543  -24.317 0.0000000000
122687  -37.407  -51.055  -23.654 0.0000000000
118117  -37.280  -52.179  -24.559 0.0000000000
124602  -37.381  -52.788  -25.045 0.0000000000
20432  -37.072  -53.596  -24.731 0.0000000000
18679  -36.678  -55.369  -24.532 0.0000000000
18696  -37.767  -55.566  -25.729 0.0000000000
18712  -38.589  -55.686  -26.541 0.0000000000
17601  -43.708  -56.488  -13.969 0.0000000000
16711  -43.361  -57.245  -15.217 0.0000000000
17600  -43.265  -56.102  -14.381 0.0000000000
18536  -42.789  -55.758  -14.931 0.0000000000
20291  -43.820  -53.925  -14.621 0.0000000000
18522  -42.815  -54.994  -14.960 0.0000000000
18535  -42.337  -55.496  -15.530 0.0000000000
18542  -41.821  -55.331  -16.155 0.0000000000
19515  -41.866  -54.660  -16.509 0.0000000000
19533  -41.354  -54.434  -17.274 0.0000000000
14864  -49.016  -59.207  -11.980 0.0000000000
16665  -49.281  -57.263  -9.491 0.0000000000
16654  -49.698  -56.677  -9.012 0.0000000000
135983  -49.022  -56.552  -9.218 0.0000000000
17563  -49.305  -55.883  -9.024 0.0000000000
132962  -50.608  -54.995  -9.185 0.0000000000
125751  -51.052  -54.715  -9.720 0.0000000000
21870  -52.382  -50.898  -10.882 0.0000000000
130531  -53.849  -51.055  -10.883 0.0000000000
21872  -55.595  -51.170  -11.616 0.0000000000
21871  -53.549  -50.415  -11.754 0.0000000000
136674  -51.715  -49.359  -13.214 0.0000000000
22738  -52.886  -49.428  -13.101 0.0000000000
22739  -53.960  -49.213  -13.949 0.0000000000
23668  -54.000  -49.065  -14.944 0.0000000000
23685  -53.925  -49.212  -15.848 0.0000000000
14985  -42.233  -59.306  -23.932 0.0000000000
131854  -41.564  -59.959  -23.966 0.0000000000
14054  -40.795  -60.308  -23.652 0.0000000000
14053  -39.899  -60.708  -23.189 0.0000000000
13092  -39.857  -61.496  -23.299 0.0000000000
12172  -38.678  -62.080  -22.895 0.0000000000
126536  -36.823  -63.629  -22.984 0.0000000000
13072  -34.791  -61.419  -22.938 0.0000000000
13107  -34.633  -61.471  -24.039 0.0000000000
13108  -35.043  -61.376  -24.684 0.0000000000
118464  -36.154  -61.172  -25.649 0.0000000000
14109  -36.791  -60.966  -26.089 0.0000000000
14010  -47.007  -60.670  -20.614 0.0000000000
13061  -46.876  -61.202  -22.079 0.0000000000
13052  -46.368  -60.965  -21.275 0.0000000000
13060  -45.383  -60.810  -21.194 0.0000000000
14008  -45.110  -60.511  -20.332 0.0000000000
13059  -44.784  -60.640  -22.205 0.0000000000
14020  -43.978  -60.341  -21.936 0.0000000000
14958  -43.354  -59.765  -22.386 0.0000000000
14973  -42.954  -58.986  -23.165 0.0000000000
16718  -43.001  -57.761  -16.335 0.0000000000
16732  -41.863  -57.956  -18.171 0.0000000000
15823  -42.478  -58.698  -18.750 0.0000000000
124410  -42.663  -59.080  -21.226 0.0000000000
14957  -42.858  -58.956  -22.276 0.0000000000
15887  -42.458  -58.573  -23.549 0.0000000000
15886  -41.911  -58.397  -23.754 0.0000000000
15873  -41.597  -57.643  -23.519 0.0000000000
15872  -40.456  -57.994  -23.203 0.0000000000
17683  -41.475  -56.305  -22.832 0.0000000000
17682  -40.707  -56.259  -22.839 0.0000000000
15855  -39.410  -58.081  -22.481 0.0000000000
16762  -39.102  -57.340  -22.141 0.0000000000
16761  -38.115  -57.486  -21.493 0.0000000000
121642  -36.638  -56.832  -21.339 0.0000000000
14005  -47.783  -60.306  -19.937 0.0000000000
116449  -47.219  -59.998  -19.301 0.0000000000
118412  -46.510  -59.533  -18.192 0.0000000000
14909  -47.290  -59.557  -16.870 0.0000000000
14907  -45.789  -59.086  -16.973 0.0000000000
15809  -45.733  -58.877  -16.143 0.0000000000
125778  -45.008  -58.463  -15.840 0.0000000000
15785  -44.555  -57.788  -14.419 0.0000000000
14863  -48.010  -59.032  -12.123 0.0000000000
15776  -47.253  -58.869  -12.366 0.0000000000
15770  -46.670  -58.518  -12.306 0.0000000000
16676  -46.539  -57.516  -11.153 0.0000000000
16683  -46.234  -57.951  -11.873 0.0000000000
15775  -45.965  -58.316  -12.733 0.0000000000
15779  -45.501  -58.297  -13.539 0.0000000000
16702  -44.728  -57.638  -13.577 0.0000000000
16701  -44.075  -57.213  -14.104 0.0000000000
17596  -44.188  -56.535  -13.265 0.0000000000
18516  -44.236  -55.452  -12.886 0.0000000000
132227  -45.346  -54.248  -12.942 0.0000000000
19453  -46.084  -54.488  -12.086 0.0000000000
19470  -46.411  -54.172  -13.058 0.0000000000
19481  -47.613  -54.329  -14.376 0.0000000000
19482  -48.466  -54.656  -14.606 0.0000000000
126193  -57.016  -55.216  -10.370 0.0000000000
138715  -56.197  -55.280  -10.780 0.0000000000
19408  -53.188  -55.070  -9.809 0.0000000000
127642  -52.746  -54.787  -10.514 0.0000000000
19421  -51.757  -54.577  -10.693 0.0000000000
21075  -56.937  -52.344  -13.081 0.0000000000
20269  -56.180  -53.003  -13.302 0.0000000000
126853  -50.994  -54.432  -11.391 0.0000000000
19438  -50.220  -54.448  -11.920 0.0000000000
19457  -50.239  -54.481  -12.882 0.0000000000
20296  -51.606  -54.011  -13.828 0.0000000000
19474  -50.215  -54.759  -13.769 0.0000000000
19484  -50.237  -55.088  -14.435 0.0000000000
123474  -49.956  -55.317  -15.055 0.0000000000
13096  -47.202  -61.398  -23.825 0.0000000000
13113  -46.895  -61.335  -24.784 0.0000000000
12195  -46.487  -61.557  -25.550 0.0000000000
12194  -44.767  -60.975  -25.113 0.0000000000
13128  -45.462  -61.432  -25.618 0.0000000000
11388  -45.726  -62.911  -26.696 0.0000000000
11387  -44.678  -63.058  -26.549 0.0000000000
13109  -42.018  -61.218  -24.393 0.0000000000
12191  -41.652  -62.276  -24.472 0.0000000000
11369  -40.268  -63.369  -23.923 0.0000000000
11375  -41.394  -63.641  -24.896 0.0000000000
11376  -42.082  -63.378  -25.284 0.0000000000
20331  -47.333  -53.840  -16.672 0.0000000000
130656  -44.391  -53.701  -17.619 0.0000000000
20341  -42.675  -53.686  -17.566 0.0000000000
20340  -41.785  -53.763  -17.733 0.0000000000
20351  -40.799  -53.706  -18.758 0.0000000000
20385  -40.436  -53.526  -19.584 0.0000000000
137922  -40.080  -53.546  -20.142 0.0000000000
19592  -39.947  -53.811  -20.616 0.0000000000
21161  -39.377  -52.430  -20.189 0.0000000000
20384  -39.381  -53.235  -20.349 0.0000000000
19591  -39.045  -54.083  -20.738 0.0000000000
19590  -37.946  -54.518  -20.779 0.0000000000
128001  -37.024  -56.030  -21.114 0.0000000000
17662  -36.162  -56.131  -21.657 0.0000000000
21998  -37.223  -51.491  -22.885 0.0000000000
21197  -36.904  -52.176  -22.804 0.0000000000
20396  -36.730  -53.178  -21.646 0.0000000000
19617  -36.209  -54.298  -22.392 0.0000000000
18639  -35.981  -55.235  -22.098 0.0000000000
17681  -35.774  -56.635  -22.090 0.0000000000
17703  -35.611  -56.758  -22.773 0.0000000000
16806  -35.651  -57.788  -23.702 0.0000000000
16807  -36.078  -57.672  -24.401 0.0000000000
16813  -36.753  -57.559  -25.251 0.0000000000
15896  -36.291  -58.369  -24.911 0.0000000000
15009  -37.162  -59.303  -26.012 0.0000000000
9655  -39.220  -64.979  -24.045 0.0000000000
12190  -41.075  -63.060  -24.291 0.0000000000
12208  -44.932  -62.043  -26.124 0.0000000000
12209  -46.048  -62.072  -26.202 0.0000000000
12210  -47.051  -62.250  -26.046 0.0000000000
13053  -47.355  -60.963  -21.409 0.0000000000
13073  -35.334  -61.240  -22.443 0.0000000000
13076  -39.229  -61.400  -22.959 0.0000000000
13091  -34.650  -61.622  -23.422 0.0000000000
13093  -40.514  -61.197  -23.600 0.0000000000
14018  -36.307  -59.943  -21.697 0.0000000000
14034  -35.245  -59.949  -22.531 0.0000000000
14035  -35.719  -60.499  -22.044 0.0000000000
14038  -43.958  -60.231  -22.882 0.0000000000
14051  -34.738  -60.975  -23.429 0.0000000000
14052  -34.961  -60.031  -23.389 0.0000000000
14055  -42.185  -60.234  -24.200 0.0000000000
14074  -42.697  -60.555  -24.461 0.0000000000
14875  -48.616  -59.588  -12.630 0.0000000000
14881  -46.635  -59.245  -13.875 0.0000000000
14882  -47.380  -59.601  -13.557 0.0000000000
14895  -46.384  -59.163  -15.567 0.0000000000
14921  -46.523  -59.356  -17.372 0.0000000000
14926  -44.131  -59.381  -18.460 0.0000000000
14969  -37.903  -59.866  -21.858 0.0000000000
15008  -36.467  -59.105  -25.327 0.0000000000
15797  -44.802  -58.141  -15.079 0.0000000000
15808  -44.342  -58.369  -16.278 0.0000000000
15818  -43.471  -58.576  -17.417 0.0000000000
15838  -41.824  -57.954  -20.111 0.0000000000
15839  -42.213  -58.641  -19.718 0.0000000000
15852  -35.821  -58.255  -21.870 0.0000000000
15854  -38.542  -58.210  -21.852 0.0000000000
15884  -35.374  -58.398  -23.254 0.0000000000
15885  -41.161  -58.424  -23.618 0.0000000000
15895  -35.701  -58.385  -24.126 0.0000000000
16672  -48.801  -57.752  -10.227 0.0000000000
16700  -43.530  -56.905  -14.584 0.0000000000
16716  -41.600  -57.011  -16.895 0.0000000000
16717  -42.324  -57.423  -16.538 0.0000000000
16748  -41.928  -56.690  -21.761 0.0000000000
16778  -40.084  -57.153  -22.823 0.0000000000
16796  -35.458  -57.550  -23.021 0.0000000000
16797  -35.825  -56.984  -23.741 0.0000000000
17573  -46.551  -56.173  -10.432 0.0000000000
17612  -42.984  -56.586  -15.041 0.0000000000
17617  -40.792  -56.355  -18.449 0.0000000000
17661  -36.006  -56.892  -21.716 0.0000000000
17663  -37.595  -56.733  -21.246 0.0000000000
17665  -40.127  -55.794  -22.328 0.0000000000
17667  -41.506  -55.879  -22.227 0.0000000000
18465  -50.804  -55.498  -8.848 0.0000000000
18480  -49.831  -55.258  -9.152 0.0000000000
18508  -44.733  -55.267  -12.344 0.0000000000
18523  -43.233  -55.293  -14.345 0.0000000000
18541  -41.252  -55.133  -16.788 0.0000000000
18604  -37.498  -55.206  -20.950 0.0000000000
18606  -41.265  -55.429  -21.495 0.0000000000
18624  -40.586  -54.752  -21.638 0.0000000000
18638  -35.794  -56.049  -22.429 0.0000000000
18695  -37.188  -55.059  -25.110 0.0000000000
19404  -48.338  -54.787  -9.801 0.0000000000
19406  -50.126  -54.697  -9.655 0.0000000000
19416  -46.921  -54.948  -10.505 0.0000000000
19418  -48.767  -54.523  -10.353 0.0000000000
19433  -45.707  -54.886  -11.608 0.0000000000
19442  -56.522  -54.678  -12.380 0.0000000000
19451  -44.626  -54.706  -12.776 0.0000000000
19454  -47.593  -54.485  -11.687 0.0000000000
19455  -48.495  -54.485  -11.980 0.0000000000
19469  -44.545  -54.282  -13.416 0.0000000000
19473  -49.417  -54.684  -13.359 0.0000000000
19499  -43.162  -54.355  -15.130 0.0000000000
19517  -43.062  -54.085  -15.885 0.0000000000
19534  -42.169  -54.129  -17.008 0.0000000000
19551  -40.737  -54.560  -18.227 0.0000000000
19606  -36.549  -53.888  -21.573 0.0000000000
20285  -45.782  -53.917  -13.745 0.0000000000
20292  -44.465  -53.896  -14.040 0.0000000000
20295  -46.945  -53.952  -14.933 0.0000000000
20329  -45.643  -53.509  -16.283 0.0000000000
20342  -43.624  -53.665  -17.563 0.0000000000
20404  -36.478  -53.426  -22.319 0.0000000000
21183  -36.738  -52.654  -22.193 0.0000000000
22014  -37.420  -51.396  -24.460 0.0000000000
22751  -54.370  -49.455  -14.662 0.0000000000
22875  -38.226  -49.714  -23.415 0.0000000000
23812  -38.406  -49.376  -24.957 0.0000000000
116276  -35.637  -60.281  -24.858 0.0000000000
116338  -48.306  -60.960  -21.539 0.0000000000
116389  -48.110  -54.072  -16.920 0.0000000000
117602  -50.635  -55.287  -14.818 0.0000000000
118942  -36.595  -59.743  -25.593 0.0000000000
120539  -47.635  -59.851  -16.093 0.0000000000
121741  -48.839  -58.341  -10.924 0.0000000000
122287  -36.389  -54.620  -21.597 0.0000000000
122971  -44.579  -53.641  -14.682 0.0000000000
123369  -45.679  -59.328  -17.801 0.0000000000
125283  -45.630  -56.211  -11.267 0.0000000000
125597  -37.087  -52.001  -23.692 0.0000000000
129003  -39.841  -62.745  -23.548 0.0000000000
130239  -54.287  -50.110  -15.780 0.0000000000
131936  -47.257  -59.754  -18.601 0.0000000000
132989  -42.194  -57.764  -23.412 0.0000000000
135116  -42.334  -57.342  -22.944 0.0000000000
136197  -41.683  -62.990  -24.793 0.0000000000
137364  -35.358  -58.690  -22.735 0.0000000000
137436  -44.815  -61.456  -25.627 0.0000000000
138552  -47.119  -56.480  -10.093 0.0000000000
138716  -40.949  -54.487  -17.688 0.0000000000
139437  -41.906  -55.967  -15.931 0.0000000000
