#!ascii label  , from subject sub-v2s7x29660_ses-1 vox2ras=TkReg
461
80203  -30.244  2.995  -33.895 0.0000000000
84650  -27.819  6.981  -36.897 0.0000000000
95828  -28.227  20.628  -36.469 0.0000000000
134464  -30.370  17.513  -37.174 0.0000000000
145193  -30.858  12.710  -34.774 0.0000000000
135263  -35.009  7.692  -36.661 0.0000000000
146589  -27.516  22.872  -36.141 0.0000000000
91558  -30.417  15.470  -36.329 0.0000000000
88944  -28.467  12.248  -37.719 0.0000000000
81920  -29.069  4.703  -35.090 0.0000000000
139107  -31.128  8.009  -34.293 0.0000000000
82850  -31.981  5.131  -34.906 0.0000000000
76431  -24.716  -1.430  -31.636 0.0000000000
80225  -27.339  2.313  -35.550 0.0000000000
103693  -25.149  30.844  -40.136 0.0000000000
136937  -28.228  27.517  -37.141 0.0000000000
99290  -30.708  24.387  -37.706 0.0000000000
150354  -30.324  22.678  -40.951 0.0000000000
133580  -30.647  21.164  -42.433 0.0000000000
94994  -29.882  19.453  -37.309 0.0000000000
94208  -31.554  18.548  -41.653 0.0000000000
142476  -32.470  16.530  -39.734 0.0000000000
91573  -33.541  14.404  -37.495 0.0000000000
88925  -34.433  12.808  -35.423 0.0000000000
145051  -29.314  10.354  -35.593 0.0000000000
87182  -33.222  10.349  -33.802 0.0000000000
89835  -27.197  12.938  -38.921 0.0000000000
88127  -26.173  11.563  -39.536 0.0000000000
81029  -30.022  3.593  -34.444 0.0000000000
82848  -30.346  5.439  -34.570 0.0000000000
81907  -31.590  4.185  -34.517 0.0000000000
72431  -25.192  -5.322  -28.678 0.0000000000
74463  -24.745  -4.046  -29.530 0.0000000000
74481  -25.040  -3.137  -29.846 0.0000000000
81042  -26.953  3.117  -35.915 0.0000000000
80223  -25.342  2.597  -35.460 0.0000000000
100755  -28.696  26.239  -36.605 0.0000000000
97571  -28.097  22.163  -36.265 0.0000000000
153853  -30.145  22.848  -37.378 0.0000000000
96719  -29.910  21.550  -37.415 0.0000000000
96763  -30.331  21.907  -42.265 0.0000000000
95869  -30.884  20.990  -39.297 0.0000000000
93316  -28.988  17.862  -37.226 0.0000000000
95009  -31.455  19.604  -38.991 0.0000000000
158360  -32.063  18.135  -39.377 0.0000000000
93342  -31.864  17.584  -41.098 0.0000000000
93328  -32.244  17.388  -38.347 0.0000000000
89807  -30.514  13.684  -35.485 0.0000000000
132759  -32.405  15.172  -36.082 0.0000000000
156618  -31.993  14.412  -35.290 0.0000000000
90693  -33.521  13.703  -35.778 0.0000000000
88913  -32.812  12.777  -34.491 0.0000000000
84677  -27.070  7.974  -37.863 0.0000000000
86365  -28.470  9.386  -37.165 0.0000000000
141203  -28.644  8.909  -36.539 0.0000000000
138383  -33.444  7.696  -34.568 0.0000000000
85514  -32.097  9.166  -33.905 0.0000000000
85527  -34.972  8.921  -34.814 0.0000000000
86341  -35.795  9.742  -35.245 0.0000000000
85536  -35.747  8.740  -36.001 0.0000000000
76433  -26.034  -1.000  -31.035 0.0000000000
77445  -25.510  -0.514  -32.702 0.0000000000
143164  -26.228  -0.254  -32.444 0.0000000000
78473  -27.462  0.623  -33.683 0.0000000000
91583  -27.408  15.083  -38.102 0.0000000000
91571  -30.159  16.165  -36.778 0.0000000000
90709  -28.345  14.434  -37.822 0.0000000000
89820  -29.110  13.738  -36.831 0.0000000000
88921  -29.467  12.117  -35.843 0.0000000000
83746  -28.456  6.389  -35.673 0.0000000000
85534  -29.103  8.022  -35.283 0.0000000000
83735  -29.799  6.359  -34.640 0.0000000000
83737  -31.661  6.233  -34.582 0.0000000000
84641  -33.474  6.114  -35.805 0.0000000000
76421  -25.618  -1.651  -30.582 0.0000000000
146817  -27.017  5.693  -37.081 0.0000000000
81935  -27.664  4.802  -36.173 0.0000000000
81044  -28.548  3.563  -35.417 0.0000000000
80213  -28.883  2.276  -34.680 0.0000000000
104449  -25.263  32.859  -40.888 0.0000000000
102986  -24.696  29.618  -39.879 0.0000000000
102235  -26.773  29.000  -38.671 0.0000000000
101477  -30.361  26.876  -37.031 0.0000000000
100041  -31.139  25.665  -37.650 0.0000000000
99317  -30.995  24.723  -39.943 0.0000000000
98457  -28.759  23.807  -36.248 0.0000000000
98494  -30.623  23.694  -38.565 0.0000000000
98537  -29.912  23.675  -42.078 0.0000000000
98536  -29.620  23.217  -42.731 0.0000000000
96771  -29.390  21.802  -44.088 0.0000000000
95057  -29.663  19.581  -44.348 0.0000000000
145586  -28.665  19.865  -36.672 0.0000000000
95870  -31.309  20.316  -39.590 0.0000000000
95893  -31.395  19.766  -41.643 0.0000000000
137676  -30.072  18.670  -44.088 0.0000000000
93359  -30.518  16.331  -43.860 0.0000000000
157274  -32.282  14.343  -41.961 0.0000000000
92406  -31.743  16.737  -36.871 0.0000000000
91585  -33.057  14.822  -38.998 0.0000000000
87228  -27.210  10.860  -38.642 0.0000000000
87212  -28.736  10.677  -36.771 0.0000000000
88096  -30.170  11.507  -34.957 0.0000000000
85522  -30.351  8.633  -34.506 0.0000000000
87192  -30.880  10.459  -34.226 0.0000000000
88069  -32.104  11.294  -33.825 0.0000000000
143912  -34.008  11.838  -34.441 0.0000000000
88087  -35.541  11.757  -35.205 0.0000000000
79377  -27.007  0.946  -34.952 0.0000000000
79379  -28.491  1.631  -34.272 0.0000000000
79368  -29.284  1.957  -33.116 0.0000000000
81906  -30.815  3.953  -34.406 0.0000000000
81030  -30.595  3.482  -34.147 0.0000000000
81031  -31.307  3.766  -34.231 0.0000000000
81016  -31.017  3.305  -33.696 0.0000000000
155758  -24.775  -4.844  -29.079 0.0000000000
73457  -25.529  -4.487  -28.922 0.0000000000
96711  -27.755  21.370  -36.323 0.0000000000
96713  -29.350  21.505  -36.827 0.0000000000
96725  -30.513  21.608  -39.027 0.0000000000
95842  -29.683  20.801  -37.219 0.0000000000
156014  -28.210  16.463  -37.583 0.0000000000
93315  -28.400  17.098  -37.404 0.0000000000
93317  -29.907  18.124  -37.255 0.0000000000
94175  -31.148  18.955  -37.742 0.0000000000
93327  -31.676  18.101  -37.832 0.0000000000
94177  -31.999  18.191  -38.712 0.0000000000
134506  -31.343  17.490  -37.216 0.0000000000
90692  -31.331  14.195  -35.303 0.0000000000
89791  -31.145  13.483  -34.971 0.0000000000
88924  -32.629  13.418  -34.824 0.0000000000
88923  -31.810  13.028  -34.534 0.0000000000
84662  -27.605  7.649  -37.417 0.0000000000
85553  -28.240  8.435  -37.150 0.0000000000
84663  -28.144  7.623  -36.822 0.0000000000
84635  -33.812  7.271  -35.181 0.0000000000
85526  -34.083  8.292  -34.525 0.0000000000
85535  -34.620  7.946  -35.451 0.0000000000
85545  -35.723  8.240  -37.990 0.0000000000
77428  -26.456  -0.402  -31.535 0.0000000000
140870  -26.822  14.488  -38.573 0.0000000000
91584  -28.051  15.007  -37.955 0.0000000000
154426  -27.645  14.271  -38.302 0.0000000000
88954  -28.113  12.236  -38.319 0.0000000000
147266  -28.343  12.949  -37.965 0.0000000000
146806  -28.699  12.948  -37.247 0.0000000000
88935  -29.214  12.803  -36.428 0.0000000000
88945  -28.719  12.169  -36.990 0.0000000000
82862  -28.732  5.587  -35.296 0.0000000000
83747  -29.042  6.401  -35.042 0.0000000000
82847  -29.462  5.509  -34.812 0.0000000000
82849  -31.232  5.379  -34.618 0.0000000000
83738  -32.305  5.734  -34.955 0.0000000000
147482  -32.435  6.633  -34.680 0.0000000000
83739  -32.861  5.847  -35.347 0.0000000000
82863  -33.445  5.210  -35.846 0.0000000000
82851  -32.784  4.930  -35.331 0.0000000000
71399  -24.272  -5.600  -28.839 0.0000000000
71386  -23.742  -6.493  -28.581 0.0000000000
75452  -25.298  -2.367  -30.170 0.0000000000
75453  -26.075  -2.071  -29.929 0.0000000000
153262  -27.144  5.149  -36.673 0.0000000000
81043  -27.933  3.114  -35.674 0.0000000000
80227  -28.745  2.939  -35.165 0.0000000000
80226  -28.169  2.275  -35.239 0.0000000000
105225  -23.858  32.828  -41.303 0.0000000000
105214  -24.454  34.105  -41.160 0.0000000000
145783  -24.903  31.870  -40.713 0.0000000000
132255  -25.805  31.696  -40.121 0.0000000000
101493  -27.068  28.242  -38.175 0.0000000000
102234  -26.071  28.417  -38.721 0.0000000000
102976  -27.431  29.598  -38.735 0.0000000000
102236  -27.711  28.878  -38.193 0.0000000000
102226  -28.638  28.789  -37.712 0.0000000000
101482  -28.992  27.908  -37.183 0.0000000000
100033  -30.157  25.338  -36.754 0.0000000000
100757  -30.202  26.004  -36.825 0.0000000000
99277  -30.847  25.094  -37.496 0.0000000000
99305  -31.203  25.077  -39.100 0.0000000000
157843  -30.919  24.480  -38.547 0.0000000000
98456  -27.856  23.684  -36.143 0.0000000000
146852  -30.462  22.902  -39.061 0.0000000000
97579  -30.360  22.889  -38.162 0.0000000000
98517  -30.389  23.263  -40.524 0.0000000000
98507  -30.565  23.501  -39.604 0.0000000000
98527  -30.122  23.193  -41.389 0.0000000000
142402  -29.911  23.001  -42.015 0.0000000000
96755  -30.685  21.645  -41.607 0.0000000000
96762  -30.009  21.645  -43.190 0.0000000000
95907  -29.516  20.835  -44.234 0.0000000000
95908  -30.328  20.526  -43.376 0.0000000000
94162  -28.645  18.409  -36.956 0.0000000000
94161  -27.759  18.259  -36.830 0.0000000000
94993  -29.083  19.202  -36.947 0.0000000000
95843  -30.210  20.299  -37.598 0.0000000000
142041  -30.776  20.182  -38.083 0.0000000000
94200  -31.779  18.650  -40.522 0.0000000000
95034  -31.613  19.396  -40.886 0.0000000000
95048  -31.167  19.097  -42.550 0.0000000000
95047  -30.557  19.451  -43.382 0.0000000000
94215  -30.686  18.386  -43.368 0.0000000000
94224  -30.085  17.491  -44.238 0.0000000000
94225  -30.726  17.384  -43.385 0.0000000000
93343  -32.248  16.743  -40.526 0.0000000000
93349  -31.850  16.214  -41.593 0.0000000000
92451  -31.936  14.981  -42.051 0.0000000000
92452  -32.206  15.332  -41.286 0.0000000000
91559  -31.162  16.215  -36.437 0.0000000000
147937  -32.795  15.251  -36.855 0.0000000000
91572  -33.043  15.113  -37.828 0.0000000000
91595  -32.887  14.557  -40.085 0.0000000000
91586  -33.653  14.070  -38.708 0.0000000000
89794  -34.301  13.269  -35.896 0.0000000000
88926  -35.256  12.715  -35.578 0.0000000000
86381  -25.704  10.510  -39.354 0.0000000000
86357  -28.831  9.891  -36.269 0.0000000000
154001  -28.561  10.142  -37.149 0.0000000000
88105  -29.137  11.116  -36.035 0.0000000000
87203  -29.680  10.932  -35.288 0.0000000000
145055  -30.469  7.777  -34.477 0.0000000000
146269  -29.770  7.937  -34.732 0.0000000000
86331  -32.678  9.754  -33.773 0.0000000000
85513  -31.405  9.760  -34.009 0.0000000000
86330  -32.022  9.939  -33.786 0.0000000000
145452  -31.361  11.070  -34.029 0.0000000000
88070  -32.904  11.033  -33.831 0.0000000000
88085  -33.060  11.868  -34.088 0.0000000000
88086  -33.831  11.065  -34.070 0.0000000000
87204  -36.648  10.700  -35.828 0.0000000000
87195  -35.570  10.514  -34.964 0.0000000000
88088  -36.209  11.319  -35.499 0.0000000000
78474  -28.128  1.056  -33.079 0.0000000000
152572  -28.114  1.173  -33.842 0.0000000000
79367  -28.672  1.550  -33.506 0.0000000000
155317  -27.578  13.493  -38.535 0.0000000000
88962  -26.695  12.247  -39.296 0.0000000000
88128  -26.912  11.535  -39.014 0.0000000000
81905  -29.984  4.450  -34.631 0.0000000000
143392  -30.979  4.601  -34.583 0.0000000000
153965  -31.666  4.655  -34.717 0.0000000000
81908  -32.281  4.417  -34.829 0.0000000000
81893  -31.975  3.955  -34.385 0.0000000000
72410  -24.975  -5.920  -28.467 0.0000000000
74464  -25.576  -3.612  -29.315 0.0000000000
81053  -26.500  3.896  -36.226 0.0000000000
147392  -25.130  3.511  -35.806 0.0000000000
81041  -26.004  3.260  -35.893 0.0000000000
80224  -26.391  2.404  -35.621 0.0000000000
103692  -24.017  31.393  -41.056 0.0000000000
101481  -27.358  27.460  -37.501 0.0000000000
101475  -28.842  27.055  -36.848 0.0000000000
101474  -28.002  26.871  -36.855 0.0000000000
100031  -28.478  25.362  -36.422 0.0000000000
99271  -29.876  24.738  -36.615 0.0000000000
145393  -28.426  22.979  -36.220 0.0000000000
97572  -28.965  22.255  -36.476 0.0000000000
97582  -30.139  22.214  -37.781 0.0000000000
97591  -30.450  22.284  -39.488 0.0000000000
97625  -30.252  22.435  -41.645 0.0000000000
97614  -30.555  22.057  -40.873 0.0000000000
96734  -30.698  21.685  -39.974 0.0000000000
96748  -31.016  21.300  -40.798 0.0000000000
94163  -29.473  18.651  -37.185 0.0000000000
95008  -31.182  19.631  -38.189 0.0000000000
94187  -31.798  18.745  -39.400 0.0000000000
93334  -32.044  17.936  -40.070 0.0000000000
94188  -32.297  17.459  -39.377 0.0000000000
90701  -30.648  14.635  -35.781 0.0000000000
138963  -31.446  15.503  -35.962 0.0000000000
89808  -31.769  14.830  -35.544 0.0000000000
89809  -32.725  14.363  -35.671 0.0000000000
91561  -33.226  14.507  -36.549 0.0000000000
89778  -33.473  13.231  -35.163 0.0000000000
88914  -33.751  12.496  -34.729 0.0000000000
86375  -27.419  9.439  -38.160 0.0000000000
85552  -27.565  8.541  -37.752 0.0000000000
86349  -29.332  9.603  -35.372 0.0000000000
84633  -32.700  7.661  -34.369 0.0000000000
139261  -31.932  8.259  -34.143 0.0000000000
85525  -33.276  8.326  -34.201 0.0000000000
143144  -33.667  8.845  -34.044 0.0000000000
86339  -34.271  9.220  -34.190 0.0000000000
87193  -34.111  10.108  -34.043 0.0000000000
86350  -36.837  9.869  -36.333 0.0000000000
86351  -37.701  9.714  -37.476 0.0000000000
85537  -36.615  9.130  -37.190 0.0000000000
76432  -25.286  -1.265  -31.330 0.0000000000
76444  -25.048  -0.964  -32.095 0.0000000000
77427  -25.727  -0.695  -31.841 0.0000000000
77462  -26.058  -0.203  -33.371 0.0000000000
78472  -26.635  0.166  -33.946 0.0000000000
78458  -26.799  0.164  -33.038 0.0000000000
78459  -27.533  0.569  -32.620 0.0000000000
91568  -28.017  15.817  -37.777 0.0000000000
92417  -28.806  16.392  -37.455 0.0000000000
92418  -29.784  16.749  -37.130 0.0000000000
91570  -29.360  16.014  -37.218 0.0000000000
91569  -28.707  15.366  -37.532 0.0000000000
90710  -28.969  14.543  -37.238 0.0000000000
89826  -28.102  13.637  -38.158 0.0000000000
89819  -28.581  13.717  -37.566 0.0000000000
90700  -29.681  14.610  -36.500 0.0000000000
89806  -29.774  13.754  -36.067 0.0000000000
88936  -29.886  12.948  -35.686 0.0000000000
144182  -30.490  13.027  -35.222 0.0000000000
83757  -27.943  6.346  -36.363 0.0000000000
84651  -28.278  7.098  -36.225 0.0000000000
84639  -28.764  7.205  -35.489 0.0000000000
84640  -29.372  7.203  -34.884 0.0000000000
84630  -30.161  7.137  -34.553 0.0000000000
83736  -30.701  6.297  -34.495 0.0000000000
84632  -31.836  7.322  -34.341 0.0000000000
84634  -33.137  6.884  -34.897 0.0000000000
84642  -34.257  6.647  -36.490 0.0000000000
83748  -34.025  5.574  -36.461 0.0000000000
81909  -33.017  4.446  -35.071 0.0000000000
75470  -24.268  -1.733  -31.621 0.0000000000
75451  -24.688  -2.702  -30.384 0.0000000000
75462  -24.724  -1.990  -30.948 0.0000000000
148878  -26.407  -1.360  -30.303 0.0000000000
83756  -27.435  6.317  -36.974 0.0000000000
82876  -27.542  5.653  -36.524 0.0000000000
82861  -28.120  5.604  -35.918 0.0000000000
81919  -28.390  4.816  -35.597 0.0000000000
81054  -27.365  3.893  -36.100 0.0000000000
81055  -28.104  4.038  -35.760 0.0000000000
152651  -28.676  4.153  -35.393 0.0000000000
81045  -29.238  3.719  -35.003 0.0000000000
80214  -29.427  3.029  -34.622 0.0000000000
141116  -29.576  2.676  -34.174 0.0000000000
146560  -23.763  34.991  -40.811 0.0000000000
131400  -24.243  30.390  -40.592 0.0000000000
139452  -24.963  30.187  -39.946 0.0000000000
102974  -25.761  29.260  -39.103 0.0000000000
102987  -25.563  30.036  -39.512 0.0000000000
103694  -26.163  30.673  -39.522 0.0000000000
103685  -27.120  30.431  -39.198 0.0000000000
100756  -29.537  26.489  -36.752 0.0000000000
100765  -30.879  26.220  -37.238 0.0000000000
100046  -31.449  25.861  -38.443 0.0000000000
99318  -31.270  25.497  -40.131 0.0000000000
100069  -30.804  24.847  -40.744 0.0000000000
100079  -30.486  25.060  -41.669 0.0000000000
99270  -28.183  24.503  -36.258 0.0000000000
98458  -30.252  24.108  -36.947 0.0000000000
98476  -29.968  23.301  -36.876 0.0000000000
98477  -30.381  23.528  -37.548 0.0000000000
140939  -30.638  24.098  -40.255 0.0000000000
99326  -30.317  24.083  -41.271 0.0000000000
99337  -29.991  24.521  -42.277 0.0000000000
99336  -29.509  24.070  -42.925 0.0000000000
136478  -28.403  23.244  -44.776 0.0000000000
97624  -29.925  22.485  -42.502 0.0000000000
97633  -29.509  22.542  -43.421 0.0000000000
94976  -27.782  19.850  -36.466 0.0000000000
95829  -29.037  20.671  -36.746 0.0000000000
95853  -30.568  20.878  -38.389 0.0000000000
95892  -31.136  20.789  -41.611 0.0000000000
95023  -31.593  19.536  -39.978 0.0000000000
95899  -30.962  20.187  -42.509 0.0000000000
93354  -31.076  16.580  -42.989 0.0000000000
91617  -31.734  14.599  -43.425 0.0000000000
92419  -30.800  16.871  -36.866 0.0000000000
93319  -32.077  17.096  -37.550 0.0000000000
92437  -32.516  16.747  -38.979 0.0000000000
91560  -32.094  15.971  -36.461 0.0000000000
92430  -32.601  16.202  -38.231 0.0000000000
148102  -32.681  15.757  -39.394 0.0000000000
90711  -33.855  13.961  -37.202 0.0000000000
87238  -26.348  10.831  -39.170 0.0000000000
88119  -27.712  11.547  -38.511 0.0000000000
86376  -28.165  9.976  -37.804 0.0000000000
87229  -27.964  10.829  -38.166 0.0000000000
88111  -28.533  11.642  -37.452 0.0000000000
144226  -29.043  11.922  -36.419 0.0000000000
88911  -30.616  12.024  -34.724 0.0000000000
85533  -28.573  8.023  -36.165 0.0000000000
85521  -29.493  8.773  -34.987 0.0000000000
86337  -29.921  9.485  -34.746 0.0000000000
85523  -31.241  8.908  -34.165 0.0000000000
86338  -30.660  9.559  -34.350 0.0000000000
142450  -30.271  10.100  -34.595 0.0000000000
87191  -30.228  10.776  -34.714 0.0000000000
88083  -30.813  11.394  -34.398 0.0000000000
88912  -31.244  12.191  -34.387 0.0000000000
133506  -32.062  12.193  -34.100 0.0000000000
88915  -34.754  12.216  -35.021 0.0000000000
87194  -34.752  10.660  -34.408 0.0000000000
138410  -34.683  11.431  -34.605 0.0000000000
79386  -25.865  1.678  -35.299 0.0000000000
79387  -26.758  1.597  -35.325 0.0000000000
78486  -27.080  0.584  -34.406 0.0000000000
79378  -27.743  1.126  -34.505 0.0000000000
79388  -27.578  1.606  -35.138 0.0000000000
79389  -28.206  1.752  -34.818 0.0000000000
79380  -29.167  2.051  -33.964 0.0000000000
80202  -29.778  2.474  -33.576 0.0000000000
77444  -24.839  -0.692  -32.796 0.0000000000
78492  -26.227  0.949  -35.047 0.0000000000
80215  -29.971  3.181  -34.219 0.0000000000
81052  -25.651  4.030  -36.213 0.0000000000
82852  -33.441  4.739  -35.596 0.0000000000
84631  -30.998  7.132  -34.383 0.0000000000
85515  -32.978  9.002  -33.891 0.0000000000
85524  -32.598  8.487  -34.079 0.0000000000
85544  -28.967  8.875  -35.748 0.0000000000
86332  -33.498  9.538  -33.878 0.0000000000
86340  -34.953  9.829  -34.472 0.0000000000
86364  -28.042  9.137  -37.647 0.0000000000
87180  -31.668  10.509  -33.871 0.0000000000
87181  -32.403  10.489  -33.754 0.0000000000
87190  -29.735  10.221  -35.010 0.0000000000
87220  -28.459  10.872  -37.507 0.0000000000
88084  -31.497  11.644  -34.107 0.0000000000
88112  -28.751  11.399  -36.855 0.0000000000
88120  -28.285  11.555  -38.017 0.0000000000
88922  -30.149  12.274  -35.240 0.0000000000
88953  -27.472  12.233  -38.794 0.0000000000
89792  -32.078  13.908  -35.009 0.0000000000
89793  -32.903  13.798  -35.239 0.0000000000
89825  -27.849  12.909  -38.471 0.0000000000
90702  -33.639  13.919  -36.415 0.0000000000
91605  -32.654  14.206  -41.210 0.0000000000
91610  -32.128  14.331  -42.593 0.0000000000
92420  -32.394  16.136  -37.211 0.0000000000
92429  -27.115  15.808  -37.825 0.0000000000
92447  -32.514  15.571  -40.374 0.0000000000
93318  -30.909  18.246  -37.378 0.0000000000
93348  -31.509  17.099  -42.081 0.0000000000
94164  -30.363  18.894  -37.439 0.0000000000
94176  -31.549  18.909  -38.386 0.0000000000
94216  -31.203  17.929  -42.662 0.0000000000
94977  -29.485  20.018  -37.023 0.0000000000
94995  -30.641  19.605  -37.708 0.0000000000
95852  -30.150  21.004  -37.756 0.0000000000
95854  -31.081  20.296  -38.722 0.0000000000
95884  -31.113  20.964  -40.057 0.0000000000
95885  -31.395  20.334  -40.638 0.0000000000
96712  -28.603  21.430  -36.491 0.0000000000
96724  -30.277  21.570  -38.188 0.0000000000
97570  -27.227  22.059  -36.195 0.0000000000
97578  -29.742  22.376  -36.925 0.0000000000
97583  -30.340  22.227  -38.653 0.0000000000
97604  -30.460  22.473  -40.278 0.0000000000
99276  -30.479  24.856  -37.022 0.0000000000
99291  -31.131  25.061  -38.114 0.0000000000
99304  -30.826  24.248  -39.345 0.0000000000
100032  -29.450  25.545  -36.567 0.0000000000
100040  -30.650  25.528  -37.105 0.0000000000
100766  -31.413  26.382  -37.809 0.0000000000
101476  -29.570  27.220  -36.938 0.0000000000
102225  -27.981  28.167  -37.589 0.0000000000
102975  -26.477  29.805  -39.056 0.0000000000
136844  -29.075  24.647  -36.373 0.0000000000
140576  -27.585  10.235  -38.308 0.0000000000
140826  -29.582  23.943  -36.517 0.0000000000
141332  -29.294  23.097  -36.473 0.0000000000
145076  -29.335  17.299  -37.275 0.0000000000
145083  -29.499  15.377  -36.935 0.0000000000
145480  -35.323  11.093  -34.863 0.0000000000
146469  -30.441  22.868  -39.809 0.0000000000
157097  -29.688  11.592  -35.465 0.0000000000
