#!ascii label  , from subject sub-v2s7x29660_ses-1 vox2ras=TkReg
1156
130590  33.845  -21.265  25.371 0.0000000000
71787  50.513  -3.719  15.321 0.0000000000
149727  37.276  -8.845  19.962 0.0000000000
46699  16.980  -30.653  40.036 0.0000000000
136676  27.114  -17.296  30.341 0.0000000000
71735  39.056  -5.005  19.772 0.0000000000
52582  20.608  -24.640  33.145 0.0000000000
46745  19.950  -30.323  37.123 0.0000000000
54468  24.344  -23.078  30.668 0.0000000000
71783  54.781  -3.744  15.493 0.0000000000
60377  32.672  -16.498  26.170 0.0000000000
62261  33.846  -14.167  23.871 0.0000000000
58433  37.210  -18.483  28.021 0.0000000000
74455  53.795  -1.335  16.833 0.0000000000
77083  53.584  1.472  16.601 0.0000000000
73636  46.049  -2.924  16.990 0.0000000000
69767  48.018  -6.911  18.180 0.0000000000
69796  42.642  -5.874  17.653 0.0000000000
66880  42.535  -9.240  20.425 0.0000000000
52648  33.254  -24.345  29.970 0.0000000000
43204  16.684  -35.072  44.377 0.0000000000
143433  15.122  -33.363  47.740 0.0000000000
45699  16.051  -31.073  51.238 0.0000000000
56497  29.611  -20.195  25.995 0.0000000000
53579  28.728  -23.077  30.207 0.0000000000
67763  32.077  -8.526  23.173 0.0000000000
65949  36.928  -9.915  24.483 0.0000000000
79961  48.628  4.856  13.018 0.0000000000
145318  52.345  -3.885  15.258 0.0000000000
70793  52.257  -5.949  17.233 0.0000000000
132870  33.676  -18.804  25.482 0.0000000000
59450  34.964  -17.511  25.273 0.0000000000
56495  35.604  -20.036  26.100 0.0000000000
135226  49.853  -2.402  16.031 0.0000000000
73612  51.906  -2.219  16.812 0.0000000000
132820  51.822  -2.085  15.494 0.0000000000
74476  53.959  -1.576  14.988 0.0000000000
43144  13.903  -34.497  52.957 0.0000000000
71756  43.877  -3.931  17.143 0.0000000000
72722  41.344  -3.163  18.432 0.0000000000
69753  37.765  -6.562  19.392 0.0000000000
68823  39.637  -7.114  18.629 0.0000000000
66883  39.735  -9.646  20.192 0.0000000000
65068  39.613  -11.276  22.024 0.0000000000
46734  18.394  -31.078  38.309 0.0000000000
45765  19.801  -32.096  40.053 0.0000000000
44050  18.136  -33.241  40.661 0.0000000000
43214  18.284  -34.797  43.393 0.0000000000
44041  16.738  -33.291  42.081 0.0000000000
45728  15.830  -31.901  45.940 0.0000000000
44826  15.203  -32.550  49.661 0.0000000000
58436  28.515  -18.607  27.610 0.0000000000
54524  28.531  -22.032  27.630 0.0000000000
56467  27.034  -20.243  28.628 0.0000000000
51648  24.041  -25.005  33.071 0.0000000000
138940  25.693  -23.153  33.340 0.0000000000
62235  37.429  -14.664  25.953 0.0000000000
64096  35.615  -12.445  24.427 0.0000000000
71733  41.025  -4.278  20.233 0.0000000000
70737  37.867  -5.545  21.993 0.0000000000
70765  35.846  -5.799  21.019 0.0000000000
50614  21.917  -26.784  33.078 0.0000000000
134581  21.670  -28.359  35.814 0.0000000000
49668  19.858  -27.561  34.480 0.0000000000
49653  18.558  -27.549  36.615 0.0000000000
49633  17.825  -27.118  38.833 0.0000000000
57434  24.540  -19.517  29.731 0.0000000000
56435  22.915  -20.259  31.404 0.0000000000
52611  22.160  -24.313  31.251 0.0000000000
63146  32.536  -13.828  27.603 0.0000000000
64083  31.366  -12.602  24.983 0.0000000000
60398  32.876  -15.960  24.741 0.0000000000
60384  36.242  -16.383  25.726 0.0000000000
132981  50.422  0.580  17.623 0.0000000000
133216  54.226  0.341  16.564 0.0000000000
75367  55.237  -0.475  15.152 0.0000000000
72742  47.739  -3.346  16.010 0.0000000000
147812  49.527  -5.516  16.383 0.0000000000
133367  46.989  -4.830  16.250 0.0000000000
145969  45.485  -6.741  18.076 0.0000000000
68795  44.651  -7.743  19.182 0.0000000000
70783  40.338  -4.860  18.077 0.0000000000
68797  42.877  -7.791  18.927 0.0000000000
53644  33.276  -23.290  26.793 0.0000000000
54501  35.989  -22.104  28.503 0.0000000000
73599  48.299  -2.880  17.792 0.0000000000
133213  16.523  -30.159  42.070 0.0000000000
44850  15.891  -32.501  44.427 0.0000000000
153338  15.541  -33.769  45.658 0.0000000000
134998  14.883  -35.409  47.659 0.0000000000
43162  14.621  -34.468  48.967 0.0000000000
43992  14.646  -33.515  51.302 0.0000000000
44809  15.250  -32.469  53.082 0.0000000000
46569  16.439  -30.245  55.744 0.0000000000
56513  31.450  -20.764  25.354 0.0000000000
54521  30.845  -22.995  26.531 0.0000000000
52630  30.659  -24.307  30.160 0.0000000000
55441  25.964  -21.595  31.314 0.0000000000
67798  34.498  -8.640  21.267 0.0000000000
65051  32.074  -11.144  23.170 0.0000000000
65977  34.331  -10.180  22.753 0.0000000000
65993  36.634  -9.752  22.131 0.0000000000
57413  37.798  -20.041  30.622 0.0000000000
80926  50.730  4.907  10.875 0.0000000000
77100  48.854  1.191  15.493 0.0000000000
77133  49.651  1.872  12.600 0.0000000000
71786  51.383  -3.668  15.262 0.0000000000
70810  52.085  -5.383  16.513 0.0000000000
70811  51.273  -5.293  16.301 0.0000000000
130194  33.481  -19.735  25.423 0.0000000000
57491  34.338  -19.552  25.401 0.0000000000
142177  35.366  -20.846  26.059 0.0000000000
72757  50.072  -3.085  15.357 0.0000000000
73648  51.298  -2.390  15.478 0.0000000000
142870  50.909  -2.879  15.222 0.0000000000
72756  51.949  -2.649  15.031 0.0000000000
43979  14.219  -33.527  54.143 0.0000000000
73586  42.780  -2.888  18.754 0.0000000000
72689  42.199  -3.700  19.921 0.0000000000
67836  37.064  -8.118  19.714 0.0000000000
67834  38.451  -8.130  19.320 0.0000000000
66884  38.754  -9.684  20.250 0.0000000000
66004  39.456  -10.323  20.742 0.0000000000
152156  38.574  -10.275  20.890 0.0000000000
46721  17.384  -30.616  39.139 0.0000000000
44883  17.841  -32.008  39.463 0.0000000000
131006  17.541  -32.334  40.117 0.0000000000
151620  17.489  -33.491  41.369 0.0000000000
45757  16.559  -31.864  41.379 0.0000000000
58413  28.234  -17.681  29.166 0.0000000000
58437  27.788  -18.416  28.076 0.0000000000
57447  26.543  -18.876  28.787 0.0000000000
51624  23.713  -25.701  34.420 0.0000000000
64994  32.384  -11.137  27.058 0.0000000000
63154  38.282  -13.624  26.465 0.0000000000
70753  36.372  -5.523  21.529 0.0000000000
70739  36.253  -5.358  22.388 0.0000000000
50622  21.270  -26.023  32.634 0.0000000000
49674  21.240  -27.229  33.461 0.0000000000
50616  20.159  -26.196  33.642 0.0000000000
50591  19.041  -25.993  36.041 0.0000000000
51599  18.777  -26.010  36.881 0.0000000000
49645  18.233  -27.488  37.446 0.0000000000
58389  23.724  -18.771  31.498 0.0000000000
54458  21.573  -22.926  32.643 0.0000000000
143405  21.957  -22.369  32.078 0.0000000000
52596  21.567  -24.643  31.812 0.0000000000
51650  22.538  -25.787  32.131 0.0000000000
61306  32.171  -15.294  25.936 0.0000000000
132403  32.491  -16.032  25.458 0.0000000000
59440  36.044  -17.819  26.162 0.0000000000
151531  35.258  -16.986  25.284 0.0000000000
132800  36.465  -17.041  26.286 0.0000000000
60374  37.467  -16.157  26.810 0.0000000000
59429  37.748  -17.114  27.843 0.0000000000
73611  52.948  -1.951  16.836 0.0000000000
76187  54.096  0.249  17.352 0.0000000000
74454  54.071  -0.605  16.211 0.0000000000
72754  54.098  -3.057  14.941 0.0000000000
74475  54.780  -1.401  14.919 0.0000000000
73644  55.320  -2.081  14.923 0.0000000000
153248  46.543  -3.090  16.760 0.0000000000
71773  47.270  -3.928  15.944 0.0000000000
71774  46.425  -3.991  16.299 0.0000000000
71757  43.208  -4.594  17.261 0.0000000000
131669  44.799  -5.493  17.197 0.0000000000
69794  44.263  -6.118  17.607 0.0000000000
68817  45.086  -7.256  18.620 0.0000000000
69771  43.809  -6.675  18.074 0.0000000000
71734  39.657  -4.684  20.037 0.0000000000
71747  40.215  -3.964  18.885 0.0000000000
70772  39.196  -5.034  19.129 0.0000000000
67832  40.640  -8.376  19.247 0.0000000000
68799  41.043  -7.644  18.716 0.0000000000
67830  42.418  -8.322  19.404 0.0000000000
67829  43.258  -8.283  19.523 0.0000000000
53608  33.745  -23.793  28.617 0.0000000000
53592  35.088  -23.429  29.410 0.0000000000
147417  45.859  -2.729  18.249 0.0000000000
73616  47.447  -2.811  17.445 0.0000000000
73634  48.355  -2.880  16.171 0.0000000000
47667  20.913  -29.445  36.666 0.0000000000
138341  20.961  -29.821  38.030 0.0000000000
43203  17.579  -35.071  44.024 0.0000000000
42368  18.093  -35.461  44.595 0.0000000000
42369  17.310  -35.612  44.756 0.0000000000
42370  16.419  -35.534  45.184 0.0000000000
47567  16.553  -29.585  43.594 0.0000000000
142890  16.188  -31.116  43.420 0.0000000000
149574  16.165  -31.039  44.177 0.0000000000
45729  15.726  -31.878  46.884 0.0000000000
44838  15.518  -32.722  46.364 0.0000000000
44013  15.267  -33.564  46.801 0.0000000000
136612  15.179  -35.303  46.863 0.0000000000
43176  15.016  -34.411  47.398 0.0000000000
43169  14.602  -35.421  48.508 0.0000000000
44001  14.878  -33.565  48.959 0.0000000000
45707  15.650  -31.725  50.798 0.0000000000
44822  15.270  -32.404  50.425 0.0000000000
44817  15.329  -32.352  51.235 0.0000000000
44811  15.277  -32.451  52.113 0.0000000000
45695  15.781  -31.768  52.652 0.0000000000
57458  30.724  -19.210  26.986 0.0000000000
57457  31.532  -19.384  26.778 0.0000000000
56496  30.559  -20.287  25.675 0.0000000000
54545  31.393  -22.457  25.864 0.0000000000
54546  29.699  -21.780  26.194 0.0000000000
54505  28.540  -22.542  28.628 0.0000000000
53612  29.122  -23.080  28.568 0.0000000000
53578  29.403  -23.560  29.890 0.0000000000
55464  24.322  -20.828  29.797 0.0000000000
55463  25.253  -20.730  29.921 0.0000000000
54479  25.186  -21.766  30.644 0.0000000000
53535  27.189  -22.723  33.723 0.0000000000
69790  48.595  -6.504  17.583 0.0000000000
69788  50.552  -6.485  17.628 0.0000000000
68813  49.680  -7.166  18.659 0.0000000000
133571  33.017  -7.257  23.007 0.0000000000
68745  33.957  -7.038  21.741 0.0000000000
67778  33.218  -8.523  22.114 0.0000000000
62263  32.333  -14.077  23.904 0.0000000000
133811  31.784  -12.625  23.729 0.0000000000
64111  33.173  -12.648  23.435 0.0000000000
65035  36.383  -10.732  24.846 0.0000000000
65048  35.168  -10.890  24.017 0.0000000000
65961  35.931  -9.799  23.485 0.0000000000
65975  35.964  -9.622  22.586 0.0000000000
65960  37.239  -9.732  23.506 0.0000000000
65974  38.167  -10.247  23.016 0.0000000000
56452  36.859  -20.994  29.344 0.0000000000
80923  49.604  4.956  11.912 0.0000000000
77072  52.838  1.181  17.141 0.0000000000
138100  49.718  1.143  16.121 0.0000000000
77085  51.375  1.615  16.441 0.0000000000
78025  51.285  2.448  14.346 0.0000000000
154817  51.857  2.434  13.520 0.0000000000
53540  20.761  -23.907  33.566 0.0000000000
51625  20.043  -25.184  33.869 0.0000000000
71784  53.903  -3.941  15.370 0.0000000000
70807  55.081  -4.945  16.833 0.0000000000
70809  53.460  -5.373  16.807 0.0000000000
59442  32.977  -17.475  25.860 0.0000000000
59451  33.548  -17.374  25.232 0.0000000000
58451  34.207  -18.031  25.303 0.0000000000
58443  35.652  -18.538  25.965 0.0000000000
57472  36.445  -19.186  26.974 0.0000000000
73596  51.441  -2.823  17.781 0.0000000000
152919  51.095  -2.368  16.805 0.0000000000
73630  52.193  -1.855  15.916 0.0000000000
74467  53.086  -1.589  15.849 0.0000000000
74466  53.727  -1.200  15.596 0.0000000000
154905  52.713  -2.439  14.935 0.0000000000
72755  53.070  -3.178  15.005 0.0000000000
43146  14.036  -34.700  52.066 0.0000000000
73602  44.744  -2.711  18.210 0.0000000000
72731  45.028  -3.311  17.161 0.0000000000
73620  43.444  -2.882  17.866 0.0000000000
72733  42.962  -3.671  17.406 0.0000000000
71758  42.355  -4.228  17.422 0.0000000000
70774  37.848  -5.780  19.787 0.0000000000
70785  38.792  -5.703  18.945 0.0000000000
68801  38.401  -7.292  19.062 0.0000000000
67833  39.779  -8.427  19.299 0.0000000000
66881  41.389  -9.469  20.277 0.0000000000
66002  41.268  -10.084  20.822 0.0000000000
65066  41.225  -11.059  21.895 0.0000000000
136823  33.605  -24.818  32.534 0.0000000000
46757  18.890  -30.382  37.220 0.0000000000
45796  19.584  -31.073  38.319 0.0000000000
45797  18.997  -31.279  38.276 0.0000000000
44874  19.386  -32.724  40.456 0.0000000000
134015  19.195  -33.626  41.620 0.0000000000
43228  17.323  -34.262  42.567 0.0000000000
43216  16.703  -34.220  43.166 0.0000000000
143791  16.224  -30.576  45.388 0.0000000000
45723  16.012  -31.137  47.336 0.0000000000
45724  15.679  -31.770  47.757 0.0000000000
145975  15.136  -32.841  48.978 0.0000000000
45718  15.652  -31.670  48.520 0.0000000000
147489  16.185  -30.396  49.820 0.0000000000
46585  16.272  -30.385  50.762 0.0000000000
57459  29.234  -18.794  27.155 0.0000000000
56498  28.822  -20.141  26.433 0.0000000000
56480  28.129  -20.133  27.061 0.0000000000
55475  27.463  -21.010  28.484 0.0000000000
55461  27.528  -21.529  29.321 0.0000000000
52609  24.142  -24.289  31.656 0.0000000000
53563  24.665  -23.334  31.472 0.0000000000
53538  24.873  -23.892  33.019 0.0000000000
68815  47.467  -7.283  18.825 0.0000000000
67749  31.663  -8.787  24.513 0.0000000000
62251  35.818  -14.404  24.700 0.0000000000
63191  34.886  -12.989  24.034 0.0000000000
63168  36.843  -13.537  25.264 0.0000000000
154744  37.477  -12.166  25.767 0.0000000000
79955  48.035  4.723  14.472 0.0000000000
44800  15.068  -31.988  56.123 0.0000000000
70749  40.632  -5.545  21.719 0.0000000000
151629  39.221  -5.472  21.237 0.0000000000
130507  37.999  -5.510  21.141 0.0000000000
70763  37.440  -5.633  20.450 0.0000000000
144270  36.329  -6.576  20.060 0.0000000000
68779  36.235  -7.696  20.004 0.0000000000
50602  22.935  -26.687  35.263 0.0000000000
50590  22.840  -26.838  36.143 0.0000000000
49665  22.051  -27.574  34.445 0.0000000000
48624  20.982  -28.445  34.652 0.0000000000
143769  19.885  -28.917  35.238 0.0000000000
129828  19.548  -26.624  34.658 0.0000000000
49659  19.375  -27.820  35.182 0.0000000000
48601  18.836  -28.996  36.222 0.0000000000
150169  18.539  -29.300  36.832 0.0000000000
48579  17.661  -28.992  38.324 0.0000000000
48564  17.309  -28.887  39.250 0.0000000000
59405  25.892  -17.747  29.766 0.0000000000
58403  24.400  -18.445  30.275 0.0000000000
57420  23.615  -19.654  30.270 0.0000000000
54481  23.477  -22.046  30.070 0.0000000000
56424  22.615  -20.981  31.949 0.0000000000
55453  22.685  -22.078  30.580 0.0000000000
53581  23.044  -23.463  30.475 0.0000000000
52610  23.436  -24.734  31.377 0.0000000000
50619  23.027  -26.161  33.233 0.0000000000
64069  32.550  -12.967  27.659 0.0000000000
133727  32.002  -11.906  26.548 0.0000000000
63157  31.911  -13.359  26.243 0.0000000000
61316  31.966  -14.801  24.673 0.0000000000
61336  33.742  -15.071  24.138 0.0000000000
60397  33.536  -16.631  24.824 0.0000000000
141100  34.223  -15.731  24.428 0.0000000000
61325  35.444  -15.119  24.696 0.0000000000
61313  36.567  -15.033  25.377 0.0000000000
61291  38.387  -15.796  27.585 0.0000000000
76190  51.219  0.460  18.203 0.0000000000
76188  53.375  0.520  17.711 0.0000000000
76201  54.094  0.844  16.588 0.0000000000
74465  54.359  -0.859  15.297 0.0000000000
75359  54.501  0.060  15.805 0.0000000000
71789  48.893  -3.961  15.510 0.0000000000
71771  49.396  -4.768  15.742 0.0000000000
71772  48.452  -4.635  15.801 0.0000000000
70814  47.907  -5.202  16.210 0.0000000000
69791  47.699  -6.406  17.463 0.0000000000
70816  45.200  -4.713  16.793 0.0000000000
70799  46.411  -5.591  16.836 0.0000000000
69768  47.175  -6.814  18.108 0.0000000000
68816  46.701  -7.152  18.595 0.0000000000
68793  46.563  -7.550  19.285 0.0000000000
72691  41.002  -3.713  19.609 0.0000000000
71760  40.818  -4.031  17.919 0.0000000000
70803  41.860  -5.460  17.615 0.0000000000
69775  39.975  -6.446  18.379 0.0000000000
138989  40.903  -6.659  18.232 0.0000000000
69772  42.941  -6.595  18.030 0.0000000000
68796  43.750  -7.774  19.076 0.0000000000
140185  33.974  -22.506  25.891 0.0000000000
55502  35.090  -21.704  26.138 0.0000000000
54503  35.061  -22.934  27.824 0.0000000000
134274  36.469  -22.443  30.789 0.0000000000
73614  48.961  -2.700  17.150 0.0000000000
73651  48.993  -2.894  15.817 0.0000000000
48552  17.087  -28.832  40.304 0.0000000000
48536  17.048  -28.320  41.408 0.0000000000
47618  16.683  -30.173  41.078 0.0000000000
45749  16.347  -31.542  42.141 0.0000000000
44856  16.089  -32.850  43.467 0.0000000000
137136  15.987  -33.419  44.176 0.0000000000
44843  15.799  -32.339  45.176 0.0000000000
44844  15.764  -33.122  44.956 0.0000000000
43192  16.008  -34.637  44.898 0.0000000000
149340  15.493  -35.304  46.237 0.0000000000
42341  15.203  -36.097  47.184 0.0000000000
42313  14.178  -35.238  50.630 0.0000000000
144066  14.971  -33.159  49.468 0.0000000000
43997  14.640  -33.721  50.498 0.0000000000
43152  14.282  -34.426  51.091 0.0000000000
43993  14.373  -33.927  51.807 0.0000000000
43982  14.720  -33.181  52.865 0.0000000000
44806  15.317  -32.363  54.119 0.0000000000
45694  16.277  -31.112  53.185 0.0000000000
45691  16.345  -31.100  54.219 0.0000000000
45687  15.684  -31.517  55.651 0.0000000000
57493  32.648  -19.880  25.507 0.0000000000
129811  31.951  -19.488  26.024 0.0000000000
55518  32.971  -21.381  25.314 0.0000000000
54544  32.204  -22.654  25.882 0.0000000000
53627  32.595  -23.589  27.329 0.0000000000
135969  31.950  -24.032  28.378 0.0000000000
53630  29.454  -22.766  27.317 0.0000000000
53610  30.497  -23.639  27.996 0.0000000000
134471  32.058  -24.441  29.828 0.0000000000
57432  26.111  -19.554  29.192 0.0000000000
132526  26.837  -21.079  29.861 0.0000000000
55448  27.306  -21.647  30.292 0.0000000000
54456  25.669  -22.351  32.017 0.0000000000
54466  27.274  -22.254  32.283 0.0000000000
53561  28.571  -23.201  31.768 0.0000000000
140329  50.881  -5.876  16.951 0.0000000000
70741  34.875  -5.721  22.686 0.0000000000
68761  34.997  -7.263  20.639 0.0000000000
67817  35.829  -8.530  20.487 0.0000000000
142304  31.503  -10.957  25.340 0.0000000000
65951  31.264  -10.489  24.064 0.0000000000
65965  31.956  -10.287  23.026 0.0000000000
65049  34.394  -11.429  23.601 0.0000000000
65963  33.731  -10.864  23.085 0.0000000000
66847  33.268  -9.336  22.279 0.0000000000
66866  34.606  -9.356  21.747 0.0000000000
66844  36.104  -9.530  21.640 0.0000000000
66864  37.045  -9.830  21.285 0.0000000000
65992  38.260  -10.579  22.098 0.0000000000
136488  35.751  -21.291  26.779 0.0000000000
57440  36.843  -19.844  28.225 0.0000000000
57439  37.399  -19.391  28.993 0.0000000000
57399  38.764  -19.085  31.655 0.0000000000
136553  38.377  -18.127  29.727 0.0000000000
81936  51.716  6.201  10.869 0.0000000000
78018  47.323  2.182  15.492 0.0000000000
78038  47.642  2.486  13.969 0.0000000000
78016  51.390  2.484  15.135 0.0000000000
77110  49.443  1.652  13.894 0.0000000000
78052  48.536  2.715  12.689 0.0000000000
78057  49.731  2.766  11.652 0.0000000000
79030  51.286  3.298  10.461 0.0000000000
71769  50.910  -4.545  15.632 0.0000000000
56510  34.110  -20.415  25.362 0.0000000000
55516  34.653  -21.089  25.608 0.0000000000
145940  14.720  -32.880  54.569 0.0000000000
67835  37.798  -8.522  19.641 0.0000000000
66900  37.881  -9.273  20.066 0.0000000000
66885  37.877  -9.870  20.684 0.0000000000
155524  17.404  -31.303  39.451 0.0000000000
45766  17.195  -31.658  40.030 0.0000000000
44876  17.015  -32.152  40.661 0.0000000000
46700  16.716  -31.254  40.755 0.0000000000
59403  27.518  -17.523  29.462 0.0000000000
59418  27.714  -17.846  28.753 0.0000000000
59419  27.080  -17.753  29.041 0.0000000000
50601  23.416  -26.191  35.707 0.0000000000
51611  23.834  -25.698  35.240 0.0000000000
51652  21.060  -25.179  32.445 0.0000000000
50615  20.826  -26.517  33.170 0.0000000000
51639  20.583  -25.634  33.076 0.0000000000
53552  20.911  -23.994  32.904 0.0000000000
53551  21.287  -23.751  32.265 0.0000000000
52597  21.028  -24.408  32.494 0.0000000000
152158  32.415  -15.890  26.073 0.0000000000
59431  36.663  -17.748  26.814 0.0000000000
59439  37.189  -16.916  27.011 0.0000000000
59415  37.679  -17.866  28.340 0.0000000000
132890  54.309  -0.847  17.348 0.0000000000
75351  54.271  -0.247  17.130 0.0000000000
72753  55.029  -2.916  15.064 0.0000000000
72752  55.933  -2.767  15.341 0.0000000000
142203  14.081  -36.152  50.753 0.0000000000
72743  46.886  -3.437  16.385 0.0000000000
72744  45.864  -3.383  16.751 0.0000000000
70801  43.138  -5.411  17.433 0.0000000000
129854  43.862  -5.302  17.289 0.0000000000
69795  43.443  -6.036  17.647 0.0000000000
71741  39.680  -4.503  19.325 0.0000000000
67814  41.977  -8.972  19.937 0.0000000000
67831  41.537  -8.347  19.297 0.0000000000
53594  33.047  -24.198  29.175 0.0000000000
52647  34.109  -24.211  30.178 0.0000000000
52626  34.268  -24.358  31.124 0.0000000000
131904  45.964  -2.788  17.544 0.0000000000
73600  46.668  -2.804  18.139 0.0000000000
73617  46.635  -2.860  17.161 0.0000000000
47668  20.157  -29.856  36.425 0.0000000000
47652  20.516  -29.964  37.205 0.0000000000
133412  16.878  -34.730  43.728 0.0000000000
42360  17.146  -36.049  45.447 0.0000000000
46657  16.341  -30.376  43.889 0.0000000000
44833  15.400  -32.608  47.299 0.0000000000
44008  14.892  -33.960  48.268 0.0000000000
149869  15.055  -33.237  48.439 0.0000000000
45700  15.713  -31.725  51.702 0.0000000000
134269  16.162  -31.093  52.191 0.0000000000
137220  29.870  -19.002  26.788 0.0000000000
57476  30.136  -19.491  26.147 0.0000000000
129429  31.011  -19.543  26.050 0.0000000000
55503  29.985  -21.056  25.780 0.0000000000
132279  28.357  -22.562  29.582 0.0000000000
53597  28.920  -23.107  29.293 0.0000000000
53560  29.264  -23.652  30.993 0.0000000000
54480  24.401  -22.263  30.278 0.0000000000
55451  24.798  -21.406  30.113 0.0000000000
69789  49.589  -6.620  17.765 0.0000000000
69766  48.848  -6.997  18.361 0.0000000000
68719  32.418  -7.671  24.274 0.0000000000
68733  32.990  -7.156  23.840 0.0000000000
68734  32.432  -7.749  23.494 0.0000000000
68747  32.675  -8.046  22.688 0.0000000000
62262  33.045  -14.054  23.770 0.0000000000
63193  32.485  -13.237  23.599 0.0000000000
63192  33.472  -13.376  23.618 0.0000000000
65034  37.139  -10.484  25.213 0.0000000000
65950  35.969  -10.266  24.217 0.0000000000
148503  36.520  -9.741  23.823 0.0000000000
129264  37.827  -9.790  24.118 0.0000000000
81926  49.696  6.053  12.954 0.0000000000
80917  49.946  5.757  12.230 0.0000000000
80918  49.294  5.320  12.605 0.0000000000
77084  52.199  1.767  16.569 0.0000000000
53527  21.168  -23.336  34.040 0.0000000000
53528  20.684  -23.853  34.403 0.0000000000
53517  21.141  -23.294  34.968 0.0000000000
54448  21.610  -22.806  33.594 0.0000000000
71785  53.164  -4.163  15.463 0.0000000000
71767  53.696  -4.689  16.108 0.0000000000
145457  52.769  -4.863  16.075 0.0000000000
151247  52.747  -5.519  16.856 0.0000000000
58452  33.472  -18.026  25.538 0.0000000000
57490  35.181  -19.280  25.671 0.0000000000
57473  35.924  -19.268  26.285 0.0000000000
131903  49.763  -2.532  16.768 0.0000000000
73632  50.461  -2.337  16.341 0.0000000000
73631  51.268  -2.091  15.942 0.0000000000
73647  52.578  -1.961  15.260 0.0000000000
73584  44.619  -2.764  18.864 0.0000000000
73603  44.092  -2.756  18.312 0.0000000000
73587  42.071  -2.902  18.547 0.0000000000
73604  42.665  -2.800  18.110 0.0000000000
73605  41.971  -2.973  17.956 0.0000000000
72734  42.112  -3.445  17.651 0.0000000000
72735  41.356  -3.398  17.922 0.0000000000
69752  38.513  -6.468  18.960 0.0000000000
66898  39.354  -9.053  19.739 0.0000000000
150436  39.069  -8.469  19.403 0.0000000000
66897  40.211  -9.048  19.712 0.0000000000
66882  40.602  -9.662  20.294 0.0000000000
152079  40.052  -10.019  20.497 0.0000000000
139569  39.933  -10.921  21.360 0.0000000000
136727  40.820  -10.745  21.371 0.0000000000
65067  40.455  -11.291  21.991 0.0000000000
73583  45.304  -2.732  18.621 0.0000000000
46746  18.367  -30.494  37.785 0.0000000000
148149  18.806  -30.812  37.817 0.0000000000
44875  18.038  -32.678  40.034 0.0000000000
44882  18.581  -32.286  39.544 0.0000000000
44049  18.666  -32.810  40.194 0.0000000000
44044  18.882  -33.276  40.857 0.0000000000
44045  18.353  -33.727  41.369 0.0000000000
44869  16.893  -32.732  41.309 0.0000000000
44040  17.219  -33.825  42.086 0.0000000000
43229  16.836  -33.868  42.529 0.0000000000
44034  16.433  -33.516  42.869 0.0000000000
46606  16.172  -30.437  47.690 0.0000000000
45717  16.002  -30.975  48.241 0.0000000000
45706  15.979  -31.103  50.289 0.0000000000
58412  28.913  -18.051  28.868 0.0000000000
58426  29.122  -18.441  28.018 0.0000000000
57460  28.606  -19.275  26.908 0.0000000000
57446  27.169  -19.206  28.214 0.0000000000
56481  27.524  -20.159  27.837 0.0000000000
56455  27.070  -20.882  29.155 0.0000000000
147832  24.327  -24.452  32.499 0.0000000000
53550  24.641  -23.853  32.206 0.0000000000
152309  24.477  -24.465  33.075 0.0000000000
67729  32.091  -8.567  25.341 0.0000000000
66816  31.643  -9.404  25.131 0.0000000000
62241  37.007  -14.429  25.535 0.0000000000
145449  36.211  -13.793  24.820 0.0000000000
64072  38.628  -12.629  26.754 0.0000000000
64081  37.383  -12.934  25.606 0.0000000000
45684  14.653  -31.533  56.907 0.0000000000
70750  39.890  -5.186  20.931 0.0000000000
70752  37.186  -5.501  21.298 0.0000000000
70764  36.538  -5.799  20.608 0.0000000000
69744  35.883  -6.225  20.540 0.0000000000
68780  35.650  -6.933  20.335 0.0000000000
50607  22.659  -26.895  34.393 0.0000000000
49657  22.420  -27.349  35.198 0.0000000000
49673  21.981  -27.289  33.717 0.0000000000
49667  20.723  -27.869  34.103 0.0000000000
49666  21.424  -27.815  34.156 0.0000000000
48611  20.490  -28.916  35.219 0.0000000000
48625  20.311  -28.418  34.728 0.0000000000
52559  19.712  -25.187  34.919 0.0000000000
51626  19.702  -25.960  34.349 0.0000000000
50592  18.777  -26.788  36.285 0.0000000000
50603  19.205  -26.912  35.334 0.0000000000
49660  18.929  -27.645  35.815 0.0000000000
48612  19.259  -28.505  35.576 0.0000000000
48613  18.760  -28.252  36.183 0.0000000000
48590  18.399  -28.435  36.925 0.0000000000
150111  17.970  -27.368  38.236 0.0000000000
49646  17.965  -28.229  37.867 0.0000000000
132719  17.626  -27.959  38.819 0.0000000000
47640  17.457  -29.808  38.739 0.0000000000
154921  25.357  -17.380  31.012 0.0000000000
59375  24.788  -17.632  31.400 0.0000000000
57406  23.312  -19.540  30.978 0.0000000000
58404  23.789  -18.928  30.600 0.0000000000
56446  23.229  -20.434  30.405 0.0000000000
55452  23.643  -21.062  29.935 0.0000000000
153476  23.104  -21.348  30.295 0.0000000000
54470  21.749  -23.161  31.727 0.0000000000
54469  22.169  -22.621  31.170 0.0000000000
53565  22.258  -23.540  30.972 0.0000000000
54482  22.613  -22.900  30.630 0.0000000000
52632  22.872  -24.294  30.841 0.0000000000
50620  22.502  -26.271  32.768 0.0000000000
50612  23.166  -26.267  33.960 0.0000000000
63156  32.226  -13.636  26.902 0.0000000000
61315  32.193  -15.454  24.987 0.0000000000
62243  31.895  -14.842  25.307 0.0000000000
61328  32.519  -15.191  24.462 0.0000000000
62255  32.274  -14.622  24.221 0.0000000000
140963  33.088  -15.412  24.312 0.0000000000
59457  34.180  -17.158  24.978 0.0000000000
60385  35.504  -16.490  25.253 0.0000000000
60386  34.835  -16.763  24.990 0.0000000000
60395  34.986  -15.941  24.727 0.0000000000
61326  34.660  -15.178  24.381 0.0000000000
61314  35.948  -15.660  25.208 0.0000000000
61324  36.045  -14.930  25.008 0.0000000000
61305  36.727  -15.642  25.775 0.0000000000
60366  38.284  -16.531  28.057 0.0000000000
61292  37.863  -15.789  27.021 0.0000000000
73595  52.580  -2.587  17.795 0.0000000000
147733  50.155  0.243  18.523 0.0000000000
76175  53.093  0.315  18.537 0.0000000000
155128  53.649  0.812  17.087 0.0000000000
74477  53.312  -1.654  15.226 0.0000000000
76200  54.630  0.844  16.048 0.0000000000
72759  48.549  -3.312  15.727 0.0000000000
71790  48.077  -3.912  15.689 0.0000000000
70798  47.334  -5.758  16.772 0.0000000000
72732  44.376  -3.447  17.258 0.0000000000
71776  44.894  -3.855  16.900 0.0000000000
152962  45.313  -5.852  17.295 0.0000000000
70800  45.583  -5.453  16.975 0.0000000000
69793  45.845  -6.165  17.443 0.0000000000
69792  46.798  -6.291  17.427 0.0000000000
69769  46.328  -6.754  18.059 0.0000000000
68794  45.562  -7.661  19.243 0.0000000000
72690  41.525  -3.806  19.902 0.0000000000
71748  39.799  -4.553  18.707 0.0000000000
144700  40.324  -4.133  18.382 0.0000000000
70804  41.188  -4.771  17.676 0.0000000000
69774  41.037  -5.692  17.820 0.0000000000
69776  39.211  -6.357  18.651 0.0000000000
68822  40.346  -7.162  18.518 0.0000000000
68798  42.011  -7.755  18.853 0.0000000000
68821  41.682  -7.153  18.433 0.0000000000
69773  41.933  -6.423  17.971 0.0000000000
68820  42.469  -7.177  18.444 0.0000000000
68819  43.343  -7.231  18.507 0.0000000000
54520  33.972  -22.965  26.438 0.0000000000
54519  34.580  -22.945  27.033 0.0000000000
151093  33.944  -23.302  27.088 0.0000000000
53558  35.517  -23.587  30.987 0.0000000000
54476  35.937  -22.997  30.484 0.0000000000
72758  49.300  -3.265  15.505 0.0000000000
136021  22.205  -27.731  35.969 0.0000000000
49651  22.489  -27.391  37.014 0.0000000000
49652  21.887  -28.170  36.615 0.0000000000
45795  20.180  -31.042  38.813 0.0000000000
43213  19.196  -34.615  43.693 0.0000000000
49603  17.385  -27.985  39.818 0.0000000000
47581  16.622  -29.428  42.699 0.0000000000
48520  16.892  -28.548  42.433 0.0000000000
47600  16.746  -29.293  41.784 0.0000000000
46679  16.475  -30.971  41.600 0.0000000000
138062  16.369  -30.834  42.293 0.0000000000
142721  16.030  -31.818  43.884 0.0000000000
45741  16.155  -31.970  42.886 0.0000000000
135518  16.099  -30.963  45.958 0.0000000000
143036  16.025  -31.442  44.962 0.0000000000
148948  15.645  -32.757  45.615 0.0000000000
44023  15.866  -33.864  44.735 0.0000000000
43193  15.681  -34.958  45.650 0.0000000000
134195  14.419  -35.290  49.288 0.0000000000
42323  14.273  -35.696  49.942 0.0000000000
43157  14.420  -34.641  50.010 0.0000000000
145373  15.450  -32.074  49.097 0.0000000000
146028  14.990  -32.994  50.846 0.0000000000
43996  14.941  -33.084  50.091 0.0000000000
155343  15.031  -32.836  52.533 0.0000000000
44807  14.747  -33.018  53.674 0.0000000000
46577  16.534  -30.413  52.678 0.0000000000
46575  16.728  -30.400  53.737 0.0000000000
45688  16.265  -31.011  55.237 0.0000000000
45689  15.889  -31.733  54.670 0.0000000000
45686  15.923  -30.739  56.121 0.0000000000
57474  32.575  -19.133  25.967 0.0000000000
57475  31.353  -20.019  25.572 0.0000000000
57494  31.973  -20.182  25.426 0.0000000000
56512  32.395  -20.717  25.294 0.0000000000
55519  32.100  -21.484  25.305 0.0000000000
54569  32.650  -22.124  25.486 0.0000000000
54570  31.915  -22.130  25.503 0.0000000000
53646  31.701  -23.017  26.325 0.0000000000
53628  31.679  -23.503  27.067 0.0000000000
141496  32.053  -23.817  27.794 0.0000000000
137918  30.879  -23.493  27.333 0.0000000000
55487  28.536  -21.119  26.872 0.0000000000
54523  29.128  -22.029  26.825 0.0000000000
155606  29.018  -22.426  27.403 0.0000000000
53596  29.548  -23.494  29.012 0.0000000000
53611  29.674  -23.315  28.087 0.0000000000
52651  30.691  -24.133  29.269 0.0000000000
140054  31.085  -24.201  29.038 0.0000000000
52629  31.585  -24.517  30.386 0.0000000000
52606  31.923  -24.660  31.256 0.0000000000
52607  31.010  -24.558  31.128 0.0000000000
58416  24.777  -18.810  29.739 0.0000000000
137787  25.955  -18.837  29.168 0.0000000000
57433  25.336  -19.346  29.487 0.0000000000
55450  25.704  -21.197  30.503 0.0000000000
55462  26.115  -20.767  30.062 0.0000000000
55449  26.504  -21.288  30.644 0.0000000000
54478  27.092  -21.793  31.324 0.0000000000
53549  25.253  -23.208  32.473 0.0000000000
53548  25.894  -22.637  32.780 0.0000000000
53547  27.713  -22.697  32.991 0.0000000000
54446  27.081  -22.390  33.008 0.0000000000
53562  28.021  -22.751  32.285 0.0000000000
70812  50.315  -5.263  16.158 0.0000000000
70795  50.009  -6.005  16.955 0.0000000000
70725  35.497  -5.431  23.345 0.0000000000
68762  34.426  -7.687  21.095 0.0000000000
134717  34.575  -6.847  21.147 0.0000000000
141875  35.525  -7.743  20.370 0.0000000000
67797  35.051  -8.226  20.722 0.0000000000
64075  31.712  -12.654  25.968 0.0000000000
65007  31.564  -11.800  25.661 0.0000000000
64113  31.683  -11.698  23.636 0.0000000000
65037  31.280  -11.301  24.047 0.0000000000
65966  31.571  -10.822  23.539 0.0000000000
66836  31.528  -9.960  23.528 0.0000000000
64110  34.109  -12.534  23.644 0.0000000000
64109  34.970  -11.911  24.072 0.0000000000
133831  34.741  -10.578  23.411 0.0000000000
65978  33.416  -10.089  22.575 0.0000000000
66846  33.999  -9.661  22.176 0.0000000000
150923  34.687  -9.767  22.352 0.0000000000
66845  35.304  -9.559  22.072 0.0000000000
66886  36.322  -9.277  20.811 0.0000000000
66005  38.006  -10.290  21.433 0.0000000000
153362  37.405  -10.049  22.321 0.0000000000
65047  38.937  -10.744  23.091 0.0000000000
54518  35.323  -22.244  27.065 0.0000000000
55486  36.064  -21.581  27.820 0.0000000000
56451  37.323  -20.581  30.039 0.0000000000
56465  37.141  -20.232  29.141 0.0000000000
57426  37.637  -19.723  29.808 0.0000000000
58384  38.642  -18.817  31.033 0.0000000000
59384  38.802  -17.781  30.133 0.0000000000
80921  50.993  5.816  11.186 0.0000000000
80925  51.399  5.406  10.507 0.0000000000
79971  51.276  4.370  10.325 0.0000000000
76191  49.592  0.319  17.989 0.0000000000
77087  48.071  0.990  16.120 0.0000000000
77101  48.071  1.256  15.261 0.0000000000
78027  47.486  2.097  14.768 0.0000000000
77111  48.470  1.487  14.520 0.0000000000
78026  50.518  1.942  13.748 0.0000000000
150855  49.261  1.735  13.156 0.0000000000
78036  48.847  1.999  12.888 0.0000000000
78051  49.267  2.355  12.252 0.0000000000
79024  49.058  3.391  12.044 0.0000000000
78050  50.048  1.982  11.961 0.0000000000
71768  51.799  -4.656  15.752 0.0000000000
56509  34.923  -20.226  25.595 0.0000000000
73650  49.635  -2.718  15.734 0.0000000000
73649  50.478  -2.513  15.698 0.0000000000
43983  14.242  -33.724  53.324 0.0000000000
72707  43.446  -3.118  19.355 0.0000000000
72708  42.495  -3.182  19.327 0.0000000000
72709  41.571  -3.290  19.266 0.0000000000
68802  37.711  -7.637  19.397 0.0000000000
66899  38.544  -8.893  19.707 0.0000000000
46735  17.828  -30.598  38.392 0.0000000000
45782  17.839  -31.303  38.869 0.0000000000
44868  17.512  -32.856  40.629 0.0000000000
153795  16.153  -30.376  48.238 0.0000000000
58427  28.405  -18.120  28.425 0.0000000000
58428  27.113  -18.293  28.611 0.0000000000
56468  26.624  -19.666  28.791 0.0000000000
51638  23.570  -25.681  33.544 0.0000000000
51637  24.191  -25.130  34.035 0.0000000000
51623  24.274  -25.202  34.872 0.0000000000
65903  32.310  -10.330  26.667 0.0000000000
62234  37.929  -14.535  26.385 0.0000000000
63155  37.584  -13.798  25.847 0.0000000000
62224  38.528  -14.392  26.965 0.0000000000
70738  37.028  -5.388  22.171 0.0000000000
133454  21.429  -26.594  32.940 0.0000000000
49675  20.444  -27.093  33.742 0.0000000000
52546  19.431  -25.229  35.869 0.0000000000
54457  21.973  -22.246  33.060 0.0000000000
53566  21.723  -23.891  31.515 0.0000000000
148298  22.526  -25.090  31.476 0.0000000000
51651  21.802  -25.606  32.045 0.0000000000
62226  32.396  -14.630  27.017 0.0000000000
59441  35.477  -17.887  25.703 0.0000000000
59449  35.719  -17.165  25.653 0.0000000000
60375  36.941  -16.259  26.313 0.0000000000
59414  38.273  -17.222  28.653 0.0000000000
74448  54.294  -1.373  18.071 0.0000000000
76174  54.010  0.090  18.235 0.0000000000
76173  54.316  -0.277  17.976 0.0000000000
73645  54.401  -2.201  14.846 0.0000000000
74474  55.691  -1.281  14.945 0.0000000000
154522  43.826  -4.608  17.150 0.0000000000
148930  44.392  -4.639  17.024 0.0000000000
147710  45.052  -6.216  17.593 0.0000000000
69770  44.650  -6.725  18.092 0.0000000000
68818  44.214  -7.256  18.577 0.0000000000
142112  40.300  -4.614  20.302 0.0000000000
71740  40.308  -4.080  19.595 0.0000000000
68800  40.120  -7.779  18.845 0.0000000000
53626  33.425  -23.571  27.640 0.0000000000
53625  34.268  -23.351  27.785 0.0000000000
53593  34.350  -23.819  29.376 0.0000000000
139764  34.749  -23.828  29.955 0.0000000000
73582  46.097  -2.892  19.106 0.0000000000
73615  48.139  -2.676  16.861 0.0000000000
73635  47.364  -2.946  16.591 0.0000000000
48600  21.337  -28.874  36.205 0.0000000000
48589  21.578  -28.768  37.208 0.0000000000
47651  21.132  -29.440  37.428 0.0000000000
43202  18.580  -35.028  44.184 0.0000000000
41440  16.510  -36.064  45.764 0.0000000000
48502  16.817  -28.744  43.347 0.0000000000
138478  16.353  -30.360  42.955 0.0000000000
43184  15.312  -34.553  46.415 0.0000000000
43168  14.765  -34.730  48.147 0.0000000000
45713  15.545  -31.811  49.917 0.0000000000
149964  15.028  -32.907  51.518 0.0000000000
46563  15.957  -29.951  56.376 0.0000000000
55520  31.312  -21.688  25.465 0.0000000000
55521  30.707  -21.149  25.502 0.0000000000
155350  30.484  -22.019  25.853 0.0000000000
54522  29.910  -22.543  26.599 0.0000000000
54504  29.031  -22.738  27.915 0.0000000000
52631  29.886  -24.000  30.317 0.0000000000
52608  30.153  -24.245  31.039 0.0000000000
56458  24.801  -20.091  29.702 0.0000000000
135152  26.387  -22.897  33.823 0.0000000000
53536  26.479  -22.590  33.241 0.0000000000
70796  49.126  -5.999  16.961 0.0000000000
69708  33.650  -6.704  24.246 0.0000000000
69718  33.676  -6.616  23.337 0.0000000000
69725  34.130  -6.353  22.543 0.0000000000
68746  33.563  -6.903  22.562 0.0000000000
145142  33.312  -7.610  22.227 0.0000000000
68763  33.816  -8.122  21.579 0.0000000000
63194  31.819  -13.454  23.936 0.0000000000
139995  31.498  -12.884  24.207 0.0000000000
64112  32.428  -12.093  23.374 0.0000000000
65036  35.686  -11.295  24.481 0.0000000000
65962  35.410  -10.250  23.704 0.0000000000
65976  35.211  -9.917  22.988 0.0000000000
128971  36.627  -9.658  23.010 0.0000000000
55447  36.752  -21.743  30.356 0.0000000000
55474  36.398  -21.544  28.825 0.0000000000
55446  37.208  -21.200  30.595 0.0000000000
56441  37.542  -20.681  30.794 0.0000000000
57401  37.873  -20.416  31.352 0.0000000000
81930  50.647  6.147  11.893 0.0000000000
80922  50.288  5.377  11.539 0.0000000000
77073  51.581  1.054  17.246 0.0000000000
76202  49.461  0.631  17.096 0.0000000000
150234  50.558  1.114  16.715 0.0000000000
77098  50.716  1.763  15.771 0.0000000000
78035  51.358  2.242  13.605 0.0000000000
77118  50.902  1.757  12.885 0.0000000000
77132  50.480  1.742  12.383 0.0000000000
77131  51.381  1.588  12.244 0.0000000000
151449  20.385  -24.384  33.892 0.0000000000
52558  20.174  -24.443  34.683 0.0000000000
53539  21.187  -23.426  33.164 0.0000000000
71766  54.533  -4.491  16.138 0.0000000000
70808  54.296  -5.184  16.790 0.0000000000
144932  34.512  -18.818  25.409 0.0000000000
58450  35.032  -18.372  25.474 0.0000000000
58442  36.266  -18.518  26.560 0.0000000000
58434  36.769  -18.467  27.284 0.0000000000
73646  53.411  -2.251  14.893 0.0000000000
42307  14.007  -35.371  51.357 0.0000000000
73601  45.278  -2.755  17.834 0.0000000000
73618  45.440  -3.001  17.239 0.0000000000
73619  44.479  -2.998  17.590 0.0000000000
131060  43.626  -3.294  17.504 0.0000000000
73585  43.382  -2.806  18.540 0.0000000000
73621  42.750  -3.093  17.746 0.0000000000
70802  42.513  -5.078  17.429 0.0000000000
70773  38.571  -5.465  19.545 0.0000000000
140193  38.232  -5.922  19.303 0.0000000000
150001  38.968  -7.017  18.785 0.0000000000
139287  39.211  -7.770  19.003 0.0000000000
66896  41.075  -8.993  19.754 0.0000000000
65990  41.622  -10.557  21.466 0.0000000000
66003  40.366  -10.337  20.823 0.0000000000
65973  41.992  -11.001  22.191 0.0000000000
52604  33.693  -24.616  31.794 0.0000000000
52603  34.450  -24.465  31.857 0.0000000000
52588  34.222  -24.702  32.468 0.0000000000
46756  19.510  -30.151  36.821 0.0000000000
45807  19.396  -30.683  37.604 0.0000000000
45780  19.374  -31.750  39.107 0.0000000000
45781  18.480  -31.678  38.889 0.0000000000
44881  19.153  -32.424  39.800 0.0000000000
43227  18.064  -34.523  42.620 0.0000000000
44039  17.836  -34.075  41.974 0.0000000000
43215  17.439  -34.676  43.212 0.0000000000
136399  16.004  -31.271  46.592 0.0000000000
44830  15.324  -32.489  48.259 0.0000000000
46596  16.176  -30.254  48.865 0.0000000000
45712  15.875  -31.173  49.249 0.0000000000
57445  29.917  -18.824  27.580 0.0000000000
57477  29.341  -19.392  26.464 0.0000000000
57461  27.891  -19.209  27.479 0.0000000000
55488  27.951  -21.093  27.657 0.0000000000
130223  27.978  -21.782  28.450 0.0000000000
55460  28.046  -22.129  29.131 0.0000000000
54491  27.860  -22.050  29.774 0.0000000000
52581  24.698  -24.421  33.707 0.0000000000
53537  25.263  -23.753  33.728 0.0000000000
128908  25.851  -23.340  34.138 0.0000000000
68814  48.265  -7.244  18.759 0.0000000000
133739  32.025  -8.148  24.634 0.0000000000
67748  31.895  -8.235  23.955 0.0000000000
62252  35.117  -14.486  24.359 0.0000000000
63182  34.688  -13.899  24.062 0.0000000000
63181  35.553  -13.592  24.397 0.0000000000
63180  36.261  -12.945  24.795 0.0000000000
64082  36.875  -12.310  25.325 0.0000000000
64095  36.215  -11.830  24.904 0.0000000000
65021  36.731  -11.286  25.242 0.0000000000
65020  37.322  -11.312  25.633 0.0000000000
80915  48.533  5.236  13.914 0.0000000000
133585  54.375  1.688  16.251 0.0000000000
138669  52.968  1.888  16.547 0.0000000000
44804  14.526  -32.787  55.571 0.0000000000
71721  40.821  -5.044  20.888 0.0000000000
70762  39.082  -5.176  20.515 0.0000000000
70751  38.648  -5.456  20.991 0.0000000000
139105  38.318  -5.395  20.272 0.0000000000
69743  37.071  -6.116  19.896 0.0000000000
68803  36.980  -7.087  19.653 0.0000000000
67816  36.613  -8.707  20.170 0.0000000000
49658  21.709  -28.094  35.018 0.0000000000
48610  21.140  -28.774  35.363 0.0000000000
47681  20.656  -29.301  35.843 0.0000000000
47682  20.057  -29.430  35.717 0.0000000000
50608  19.883  -26.709  34.109 0.0000000000
51612  19.384  -25.968  35.175 0.0000000000
48626  19.752  -28.312  34.981 0.0000000000
47683  19.468  -29.297  35.861 0.0000000000
47669  19.662  -29.734  36.247 0.0000000000
47670  19.016  -29.773  36.539 0.0000000000
47653  18.443  -29.910  37.226 0.0000000000
48591  18.124  -29.147  37.492 0.0000000000
47654  17.900  -29.890  37.924 0.0000000000
47629  17.122  -29.757  39.627 0.0000000000
59404  26.711  -17.534  29.619 0.0000000000
59388  26.295  -17.355  30.212 0.0000000000
58402  25.089  -18.003  29.969 0.0000000000
58388  24.196  -18.174  31.022 0.0000000000
57419  24.099  -19.247  29.953 0.0000000000
56459  23.935  -20.117  29.821 0.0000000000
55442  22.329  -21.781  31.485 0.0000000000
56436  22.673  -21.118  30.897 0.0000000000
140630  23.067  -22.729  30.310 0.0000000000
53580  23.729  -23.016  30.266 0.0000000000
53564  23.824  -23.875  30.795 0.0000000000
52595  23.761  -24.997  32.114 0.0000000000
51663  23.151  -25.378  31.842 0.0000000000
51649  23.254  -25.693  32.604 0.0000000000
50606  23.297  -26.242  34.832 0.0000000000
133772  32.461  -12.024  27.397 0.0000000000
64074  32.154  -12.774  26.798 0.0000000000
63169  31.624  -13.432  25.458 0.0000000000
62236  31.932  -14.220  25.998 0.0000000000
62244  31.661  -14.198  25.061 0.0000000000
63183  31.534  -13.478  24.618 0.0000000000
62256  31.854  -14.146  24.326 0.0000000000
152570  33.378  -14.525  23.944 0.0000000000
60387  32.949  -16.742  25.253 0.0000000000
60396  34.203  -16.394  24.651 0.0000000000
61327  33.588  -15.900  24.465 0.0000000000
62253  34.412  -14.582  24.142 0.0000000000
61312  37.067  -15.054  25.771 0.0000000000
61304  37.470  -15.422  26.348 0.0000000000
61303  38.161  -15.175  26.958 0.0000000000
76189  52.359  0.638  17.941 0.0000000000
71788  49.716  -3.876  15.382 0.0000000000
71770  50.166  -4.455  15.540 0.0000000000
70813  48.768  -5.383  16.243 0.0000000000
154681  47.732  -4.492  15.915 0.0000000000
70797  48.239  -5.911  16.829 0.0000000000
71775  45.658  -4.086  16.580 0.0000000000
70815  46.021  -4.776  16.548 0.0000000000
68792  47.459  -7.586  19.624 0.0000000000
146030  45.955  -7.222  18.640 0.0000000000
72710  40.759  -3.477  19.008 0.0000000000
71759  41.564  -4.033  17.622 0.0000000000
134852  41.882  -4.718  17.509 0.0000000000
70784  39.579  -5.470  18.525 0.0000000000
149288  40.317  -5.831  18.130 0.0000000000
67827  45.127  -8.155  19.798 0.0000000000
55517  34.338  -21.910  25.696 0.0000000000
54542  34.593  -22.439  26.304 0.0000000000
130855  35.607  -22.350  27.975 0.0000000000
53607  34.700  -23.402  28.611 0.0000000000
54502  35.487  -22.789  28.741 0.0000000000
54475  36.280  -22.314  30.031 0.0000000000
153690  48.635  -2.658  16.539 0.0000000000
73633  49.141  -2.592  16.196 0.0000000000
49632  21.982  -28.301  38.072 0.0000000000
46733  20.198  -30.569  37.896 0.0000000000
149885  16.903  -29.728  40.401 0.0000000000
47617  16.878  -29.258  40.999 0.0000000000
134633  16.424  -32.400  42.041 0.0000000000
149243  16.251  -31.163  42.735 0.0000000000
44862  16.306  -32.834  42.645 0.0000000000
44028  16.254  -33.711  43.519 0.0000000000
129865  16.301  -34.289  44.058 0.0000000000
143819  16.278  -30.497  44.697 0.0000000000
42349  15.925  -35.733  45.888 0.0000000000
42350  15.549  -35.937  46.503 0.0000000000
41438  15.706  -36.608  46.857 0.0000000000
44002  14.722  -33.762  49.663 0.0000000000
43987  14.306  -33.858  52.511 0.0000000000
43986  14.766  -33.229  52.089 0.0000000000
46579  16.385  -30.408  51.713 0.0000000000
45692  15.896  -31.804  53.653 0.0000000000
44803  15.256  -32.246  55.124 0.0000000000
63145  32.854  -13.551  28.266 0.0000000000
57492  33.019  -19.236  25.696 0.0000000000
56511  33.253  -20.573  25.314 0.0000000000
54568  33.527  -22.045  25.527 0.0000000000
54543  33.172  -22.762  25.992 0.0000000000
53645  32.438  -23.196  26.517 0.0000000000
133048  32.716  -23.941  28.278 0.0000000000
52669  32.179  -24.254  29.085 0.0000000000
55504  29.229  -21.061  26.249 0.0000000000
53629  30.166  -23.202  27.265 0.0000000000
52670  31.460  -24.136  28.771 0.0000000000
52628  32.531  -24.518  30.488 0.0000000000
52605  32.812  -24.647  31.461 0.0000000000
58414  26.387  -18.144  29.161 0.0000000000
56456  26.492  -20.367  29.355 0.0000000000
56457  25.711  -20.146  29.620 0.0000000000
54477  27.987  -22.362  30.547 0.0000000000
54467  25.040  -22.398  31.037 0.0000000000
54455  26.508  -22.232  32.607 0.0000000000
139253  26.534  -21.894  31.989 0.0000000000
54465  27.929  -22.529  31.550 0.0000000000
141160  28.484  -23.002  31.004 0.0000000000
70794  51.604  -5.785  16.942 0.0000000000
70724  36.178  -5.260  23.175 0.0000000000
70740  35.640  -5.431  22.675 0.0000000000
70754  35.492  -5.643  21.817 0.0000000000
69733  34.634  -6.211  21.761 0.0000000000
69732  35.205  -6.304  20.918 0.0000000000
65006  31.899  -11.037  26.212 0.0000000000
65022  31.319  -11.634  24.788 0.0000000000
144087  31.312  -10.930  24.600 0.0000000000
65934  31.415  -10.245  24.868 0.0000000000
66827  31.395  -9.634  24.281 0.0000000000
67764  31.603  -9.055  23.684 0.0000000000
66835  31.947  -9.429  22.988 0.0000000000
150129  34.219  -13.419  23.806 0.0000000000
65050  33.464  -11.824  23.357 0.0000000000
153606  32.865  -11.309  23.137 0.0000000000
65964  32.715  -10.581  22.868 0.0000000000
65979  32.584  -9.768  22.657 0.0000000000
67779  32.581  -8.936  22.583 0.0000000000
66867  33.862  -8.992  21.755 0.0000000000
66865  35.354  -9.118  21.163 0.0000000000
67815  37.153  -9.357  20.467 0.0000000000
65991  38.916  -10.803  21.525 0.0000000000
65060  38.904  -10.934  22.386 0.0000000000
153631  35.893  -20.558  26.564 0.0000000000
56466  36.612  -20.792  28.455 0.0000000000
56479  36.324  -20.558  27.387 0.0000000000
56494  36.179  -19.919  26.736 0.0000000000
143001  36.534  -19.736  27.399 0.0000000000
57454  36.819  -19.129  27.727 0.0000000000
57387  38.726  -19.854  32.579 0.0000000000
57400  38.302  -19.614  31.291 0.0000000000
57412  38.147  -19.256  30.440 0.0000000000
57425  37.956  -18.807  29.600 0.0000000000
58424  37.589  -18.615  28.750 0.0000000000
58423  38.078  -18.032  29.097 0.0000000000
59399  38.578  -17.528  29.446 0.0000000000
77086  48.841  0.842  16.373 0.0000000000
78981  47.236  2.676  15.866 0.0000000000
78996  47.232  2.861  15.245 0.0000000000
79006  47.581  3.619  14.092 0.0000000000
79962  48.047  4.300  13.537 0.0000000000
78005  51.733  2.301  15.914 0.0000000000
77099  49.813  1.499  15.373 0.0000000000
78017  50.364  1.885  14.718 0.0000000000
150556  49.356  1.519  14.784 0.0000000000
77120  48.594  1.730  13.586 0.0000000000
79017  47.926  3.083  13.279 0.0000000000
79965  48.423  3.778  12.709 0.0000000000
79964  49.004  4.439  12.284 0.0000000000
79968  49.417  4.181  11.781 0.0000000000
79967  50.034  4.348  11.311 0.0000000000
78056  50.481  2.427  11.389 0.0000000000
79031  50.758  2.990  10.891 0.0000000000
79972  50.675  3.866  10.760 0.0000000000
49644  22.062  -28.005  37.396 0.0000000000
50613  22.539  -26.654  33.475 0.0000000000
50621  21.912  -26.260  32.517 0.0000000000
52576  34.596  -24.828  33.146 0.0000000000
52627  33.452  -24.468  30.833 0.0000000000
52649  32.618  -24.372  29.708 0.0000000000
52650  31.379  -24.334  29.500 0.0000000000
52652  30.046  -23.932  29.557 0.0000000000
52671  30.865  -23.989  28.635 0.0000000000
53576  35.331  -23.477  30.188 0.0000000000
53577  34.842  -23.993  30.642 0.0000000000
53595  30.204  -23.781  28.754 0.0000000000
53609  31.337  -23.813  27.995 0.0000000000
54489  36.125  -22.212  29.228 0.0000000000
54490  35.710  -22.879  29.685 0.0000000000
54492  24.078  -21.559  29.875 0.0000000000
55439  37.472  -21.192  31.385 0.0000000000
55458  36.951  -21.209  29.996 0.0000000000
55459  36.572  -21.642  29.634 0.0000000000
56430  38.286  -20.147  31.985 0.0000000000
57386  39.122  -19.092  32.315 0.0000000000
57453  37.173  -19.091  28.362 0.0000000000
58398  38.485  -18.478  30.303 0.0000000000
58415  25.533  -18.437  29.494 0.0000000000
59389  25.586  -17.488  30.415 0.0000000000
59390  24.842  -17.764  30.646 0.0000000000
59430  37.220  -17.762  27.559 0.0000000000
60367  37.822  -16.384  27.395 0.0000000000
62242  36.433  -14.374  25.106 0.0000000000
62254  32.881  -14.746  24.040 0.0000000000
64073  37.965  -12.659  26.116 0.0000000000
64097  31.392  -12.145  24.176 0.0000000000
72723  40.772  -3.621  18.409 0.0000000000
77102  47.587  1.557  15.524 0.0000000000
77112  47.909  1.810  14.091 0.0000000000
77113  47.847  1.575  14.808 0.0000000000
77119  50.004  1.719  13.054 0.0000000000
78037  48.157  2.203  13.362 0.0000000000
78995  47.489  3.894  14.963 0.0000000000
79007  47.350  2.908  14.579 0.0000000000
79026  50.202  3.320  11.205 0.0000000000
79027  49.648  3.615  11.549 0.0000000000
135010  34.337  -6.072  23.217 0.0000000000
137279  40.021  -11.423  22.357 0.0000000000
140325  33.705  -24.109  29.463 0.0000000000
144227  38.629  -19.548  31.967 0.0000000000
