#!ascii label  , from subject sub-v2s7x29660_ses-1 vox2ras=TkReg
2049
154782  18.329  -71.627  -43.028 0.6999999881
9364  17.645  -71.594  -42.737 0.8000000119
9379  17.059  -71.719  -43.529 0.8000000119
9380  16.078  -71.637  -43.437 0.6999999881
9332  19.093  -71.286  -40.837 0.6000000238
9363  18.599  -71.572  -42.380 0.6000000238
136810  16.629  -71.565  -42.699 0.6000000238
10095  19.616  -70.904  -40.103 0.6000000238
9395  16.811  -72.273  -45.370 0.8000000119
131021  16.416  -71.884  -44.362 0.6999999881
9396  15.663  -71.837  -45.293 0.6999999881
10142  14.812  -71.249  -45.151 0.6999999881
136621  19.326  -71.431  -41.700 0.6000000238
9378  18.007  -71.751  -43.557 0.6999999881
9397  15.429  -71.532  -44.246 0.6999999881
10083  19.694  -70.535  -39.230 0.6000000238
10071  20.255  -70.127  -38.754 0.6000000238
10072  19.386  -70.398  -38.353 0.6000000238
9270  20.499  -70.947  -35.456 0.6000000238
10044  19.754  -70.673  -36.032 0.6000000238
144735  16.163  -71.982  -47.213 0.8000000119
10166  15.447  -70.608  -47.466 0.8000000119
10167  14.791  -70.740  -46.830 0.6999999881
142559  15.009  -68.467  -46.017 0.6999999881
11664  14.448  -67.947  -45.266 0.6999999881
9409  16.848  -72.400  -46.615 0.8000000119
9420  15.412  -71.487  -47.088 0.6999999881
10882  14.544  -69.691  -46.383 0.6999999881
8700  17.861  -72.303  -44.989 0.6999999881
9410  15.860  -72.082  -46.355 0.8000000119
10156  14.449  -70.700  -45.892 0.6999999881
9394  18.432  -72.031  -44.322 0.6999999881
10082  20.385  -70.376  -39.672 0.6000000238
9347  19.909  -71.082  -41.083 0.6000000238
10043  20.517  -70.184  -35.860 0.6000000238
132395  19.927  -70.053  -36.689 0.6000000238
9269  21.400  -71.373  -35.141 0.6000000238
7259  20.935  -74.580  -35.446 0.6999999881
7940  20.647  -73.745  -35.488 0.6000000238
148537  21.236  -76.505  -35.924 0.5000000000
6580  20.786  -75.148  -35.742 0.6000000238
142490  20.996  -77.080  -36.261 0.5000000000
10172  16.258  -70.344  -47.931 0.8999999762
10894  15.737  -69.736  -47.422 0.8000000119
11669  15.951  -68.437  -46.251 0.6999999881
9418  17.056  -71.971  -47.720 0.6999999881
9428  16.934  -71.004  -48.325 0.8999999762
142121  15.196  -67.816  -45.284 0.6999999881
8703  18.730  -72.425  -45.313 0.8000000119
147358  18.444  -72.555  -46.255 0.8000000119
9393  19.381  -72.041  -44.475 0.8000000119
10128  20.599  -71.222  -43.254 0.6999999881
147821  19.032  -71.734  -43.398 0.6999999881
9346  20.204  -71.201  -41.940 0.8000000119
10105  20.641  -70.718  -41.304 0.8000000119
10799  21.072  -69.840  -39.177 0.6999999881
10756  20.786  -69.594  -37.178 0.6999999881
10032  21.115  -70.516  -35.453 0.6000000238
7939  21.472  -73.208  -34.924 0.6999999881
6579  21.709  -75.360  -35.538 0.6999999881
10171  17.654  -70.633  -48.472 0.8999999762
11676  16.190  -68.895  -47.014 0.8000000119
11663  15.936  -68.000  -45.452 0.6999999881
8712  18.766  -72.159  -48.026 0.8000000119
9427  17.943  -71.505  -48.341 0.8000000119
135845  19.241  -72.555  -46.265 0.6999999881
10141  20.797  -71.368  -44.123 0.6999999881
9407  20.520  -72.081  -45.520 0.6000000238
9377  20.006  -71.693  -43.824 0.8000000119
144123  20.858  -70.725  -41.890 0.8000000119
10815  21.155  -70.056  -40.105 0.8000000119
10770  21.755  -69.464  -37.626 0.6999999881
10041  22.114  -69.934  -36.200 0.8000000119
10755  21.492  -69.600  -36.629 0.6999999881
137525  22.651  -70.777  -36.216 0.8000000119
137552  22.690  -74.109  -35.936 0.6999999881
7938  22.359  -73.187  -35.295 0.6999999881
9268  22.261  -71.469  -35.470 0.6999999881
139653  22.669  -74.943  -36.119 0.6999999881
138004  22.039  -74.047  -35.112 0.6999999881
16352  16.743  -63.615  -43.141 0.6000000238
16364  16.783  -62.995  -43.576 0.6000000238
17270  15.497  -62.436  -43.757 0.6000000238
18221  14.460  -61.546  -43.671 0.6999999881
11685  17.464  -69.086  -47.835 0.8999999762
11668  16.701  -68.204  -46.431 0.6999999881
8711  20.267  -72.468  -47.498 0.6000000238
9406  21.270  -71.994  -46.101 0.6000000238
155315  20.261  -72.479  -46.449 0.6000000238
152872  21.225  -70.865  -43.652 0.6999999881
10831  22.104  -69.650  -41.840 0.6999999881
10127  21.814  -70.246  -43.570 0.6999999881
144974  19.425  -66.315  -44.365 0.6999999881
12469  19.140  -67.467  -42.651 0.6999999881
132153  22.008  -69.641  -40.728 0.8000000119
10104  21.343  -70.241  -41.474 0.8000000119
14435  20.335  -65.128  -44.351 0.6000000238
13387  20.109  -66.393  -42.997 0.6000000238
13375  19.774  -66.859  -42.421 0.6999999881
10798  21.871  -69.551  -39.642 0.6999999881
13374  20.275  -66.186  -42.245 0.5000000000
13358  19.833  -66.047  -41.018 0.6999999881
10040  23.139  -70.681  -37.022 0.8000000119
10754  22.176  -69.613  -36.920 0.8000000119
14424  20.587  -65.578  -43.067 0.5000000000
15395  21.105  -64.776  -42.626 0.5000000000
7953  22.936  -73.132  -36.209 0.6999999881
16363  21.945  -63.534  -42.864 0.5000000000
16362  22.524  -63.024  -43.297 0.6000000238
16349  21.600  -63.393  -42.154 0.5000000000
16337  20.497  -63.930  -41.509 0.6000000238
16338  19.800  -63.522  -41.521 0.6999999881
15396  18.090  -64.168  -41.930 0.6999999881
17253  21.523  -62.609  -42.173 0.5000000000
16339  18.991  -63.876  -41.614 0.6000000238
17257  17.490  -63.024  -43.166 0.6000000238
17252  22.359  -62.519  -42.771 0.6000000238
17255  19.785  -62.710  -41.825 0.6000000238
140149  19.112  -62.432  -42.375 0.6000000238
18200  22.638  -61.730  -42.975 0.5000000000
17254  20.606  -62.520  -41.887 0.5000000000
137505  19.176  -61.289  -42.992 0.6000000238
17269  16.358  -62.434  -43.723 0.6000000238
138089  15.913  -61.719  -43.723 0.6999999881
19124  15.428  -59.954  -42.798 0.6000000238
19126  13.486  -60.412  -42.836 0.6999999881
18202  20.776  -61.805  -42.340 0.6000000238
18216  19.976  -61.151  -42.895 0.6000000238
18217  18.315  -61.066  -43.336 0.6000000238
19143  17.572  -60.337  -43.386 0.6999999881
20008  17.037  -59.429  -42.678 0.5000000000
11675  16.989  -68.532  -47.241 0.8999999762
9426  19.734  -72.087  -48.234 0.6000000238
9434  18.941  -71.513  -48.535 0.6999999881
12489  17.193  -67.824  -45.864 0.8000000119
11654  16.965  -67.856  -44.037 0.6999999881
11661  17.477  -67.775  -45.022 0.6999999881
12488  17.817  -67.334  -45.845 0.8000000119
10155  21.814  -71.231  -45.362 0.6999999881
13402  19.070  -66.070  -45.183 0.8000000119
143925  18.702  -67.515  -43.674 0.6000000238
14436  19.599  -65.539  -44.819 0.6999999881
15408  20.712  -64.331  -44.964 0.6000000238
10768  23.085  -69.752  -38.146 0.8000000119
10780  23.246  -69.582  -38.846 0.8000000119
9295  23.595  -71.086  -37.753 0.8000000119
15407  21.512  -63.915  -44.537 0.5000000000
9282  23.189  -71.446  -36.832 0.8000000119
15403  21.646  -64.081  -43.272 0.5000000000
17277  23.383  -62.875  -44.843 0.5000000000
16372  22.208  -63.455  -43.982 0.6000000238
17265  23.912  -62.272  -44.378 0.6000000238
18213  24.186  -61.618  -44.122 0.6000000238
19111  16.519  -59.573  -41.839 0.5000000000
132331  22.771  -60.915  -43.222 0.5000000000
19997  16.362  -59.595  -42.446 0.5000000000
134589  14.786  -59.960  -42.326 0.6000000238
19139  21.898  -60.003  -43.439 0.6000000238
19141  20.014  -60.265  -43.314 0.6999999881
132575  19.148  -59.506  -43.282 0.6999999881
20027  17.042  -59.800  -43.157 0.6999999881
19138  23.052  -60.128  -43.508 0.6000000238
20974  19.215  -58.693  -42.897 0.6000000238
20023  23.321  -59.260  -43.595 0.6999999881
137968  20.963  -59.033  -43.426 0.6000000238
20972  21.121  -58.060  -43.154 0.5000000000
10178  18.424  -70.762  -48.598 0.6999999881
10900  18.081  -69.788  -48.327 0.6999999881
11674  17.814  -68.196  -47.349 0.6999999881
12495  17.380  -67.837  -46.654 0.8000000119
12494  18.132  -67.409  -46.820 0.6999999881
13409  18.945  -66.000  -45.907 0.6999999881
13410  18.537  -66.744  -45.457 0.6999999881
18177  18.512  -60.096  -40.665 0.5000000000
17264  25.840  -62.353  -44.133 0.5000000000
17275  24.762  -62.078  -44.615 0.6000000238
19095  16.008  -60.291  -41.271 0.5000000000
17274  25.619  -61.899  -44.659 0.5000000000
17251  25.852  -62.646  -42.922 0.5000000000
18225  25.311  -61.675  -44.724 0.6000000238
149876  23.553  -61.069  -43.586 0.6000000238
154422  18.824  -58.580  -42.579 0.5000000000
17250  26.513  -61.986  -43.551 0.5000000000
18224  26.039  -61.350  -44.683 0.6000000238
19136  24.983  -60.757  -44.372 0.6000000238
19148  26.372  -60.877  -44.364 0.6000000238
10899  18.980  -69.340  -48.232 0.6999999881
11684  18.351  -68.737  -47.868 0.6999999881
12507  18.656  -67.865  -47.381 0.6999999881
140674  25.070  -59.305  -43.901 0.5000000000
17244  26.530  -62.103  -42.325 0.5000000000
20971  22.766  -58.162  -43.456 0.5000000000
140536  26.784  -61.312  -43.881 0.5000000000
20029  26.185  -60.352  -44.233 0.5000000000
20022  24.443  -59.866  -43.851 0.5000000000
141650  22.092  -58.905  -43.490 0.5000000000
20968  26.147  -58.539  -43.708 0.5000000000
21923  25.722  -57.258  -43.490 0.5000000000
19122  27.251  -60.123  -42.699 0.5000000000
20966  26.957  -58.901  -43.301 0.5000000000
20970  24.054  -58.498  -43.644 0.5000000000
18190  27.219  -60.937  -42.287 0.5000000000
20019  26.750  -59.813  -43.616 0.5000000000
20021  25.839  -59.437  -43.991 0.5000000000
18191  26.979  -61.555  -41.780 0.5000000000
19134  26.955  -60.347  -43.585 0.5000000000
20005  27.340  -59.207  -42.637 0.5000000000
17227  16.337  -62.158  -39.208 0.6000000238
17228  15.441  -62.003  -39.125 0.6000000238
18163  17.649  -61.673  -39.782 0.5000000000
17210  16.752  -62.636  -38.606 0.6999999881
17211  15.889  -62.510  -38.540 0.6000000238
17229  14.543  -61.819  -39.024 0.6000000238
17170  13.431  -62.548  -37.248 0.6999999881
139166  16.670  -63.581  -37.426 0.6000000238
16300  15.556  -62.825  -37.959 0.6999999881
130241  14.204  -62.561  -37.803 0.6999999881
17212  12.935  -61.785  -38.338 0.6999999881
16266  13.587  -62.968  -36.399 0.8000000119
16283  18.519  -63.805  -37.464 0.5000000000
16297  18.059  -63.213  -38.018 0.5000000000
131301  14.927  -63.333  -36.989 0.8000000119
16285  15.693  -63.368  -37.352 0.6000000238
16228  13.361  -63.531  -34.652 0.6999999881
16282  19.512  -63.866  -37.253 0.5000000000
16296  18.977  -63.245  -37.957 0.5000000000
154211  14.399  -63.806  -35.422 0.6999999881
16267  13.010  -62.861  -35.789 0.6999999881
16264  15.331  -63.805  -36.596 0.6999999881
16262  17.128  -64.203  -36.857 0.6999999881
15248  13.106  -64.476  -33.603 0.6999999881
15273  14.378  -64.134  -33.972 0.6999999881
15320  18.091  -64.338  -36.931 0.6000000238
15310  15.765  -64.275  -36.188 0.8000000119
19880  13.327  -59.579  -31.882 0.6999999881
134757  13.170  -60.118  -31.357 0.8000000119
16240  21.389  -63.302  -35.254 0.4000000060
15238  13.461  -65.434  -32.761 0.6999999881
15305  20.326  -64.476  -35.971 0.5000000000
15247  14.075  -64.479  -33.197 0.6999999881
16260  19.584  -64.519  -36.522 0.6000000238
152478  18.225  -65.305  -35.619 0.6000000238
15296  15.738  -64.619  -35.499 0.6999999881
15294  17.314  -65.213  -35.542 0.8000000119
15295  16.507  -65.110  -35.209 0.8000000119
24823  5.589  -54.073  -32.020 0.5000000000
24834  6.224  -54.124  -32.623 0.5000000000
23812  5.433  -55.268  -33.183 0.5000000000
20904  12.095  -58.469  -36.901 0.5000000000
19959  13.703  -59.004  -35.843 0.6000000238
20903  13.116  -58.636  -36.984 0.6000000238
20889  11.099  -58.337  -36.695 0.6000000238
21809  6.858  -57.385  -34.603 0.6000000238
130141  12.585  -58.670  -34.798 0.6999999881
20888  11.767  -58.536  -35.362 0.6999999881
20832  12.927  -58.964  -33.019 0.6999999881
20853  11.590  -58.829  -33.647 0.6999999881
15220  14.811  -64.826  -30.922 0.6999999881
15194  15.129  -64.058  -30.672 0.6999999881
18042  14.390  -61.559  -30.450 0.8000000119
16225  20.504  -64.040  -34.515 0.5000000000
14259  14.421  -65.244  -32.133 0.6999999881
15292  19.514  -65.134  -34.909 0.6000000238
15246  14.707  -64.467  -33.340 0.8000000119
14303  17.134  -65.410  -34.892 0.6999999881
140386  16.254  -64.744  -32.660 0.8000000119
129242  15.790  -64.924  -34.606 0.8000000119
24822  6.357  -53.861  -31.732 0.5000000000
24833  7.073  -54.102  -32.294 0.6000000238
23809  9.376  -54.962  -32.298 0.5000000000
152956  8.341  -54.656  -33.108 0.6000000238
23811  6.069  -54.684  -33.400 0.6000000238
23830  5.959  -55.475  -33.854 0.6000000238
143976  7.553  -55.494  -34.644 0.6000000238
23845  7.230  -56.236  -34.812 0.5000000000
20918  13.169  -58.051  -37.910 0.5000000000
20919  11.620  -57.670  -37.809 0.5000000000
136324  14.007  -58.946  -36.698 0.6000000238
20905  10.894  -57.810  -37.564 0.6000000238
142496  9.233  -58.288  -35.895 0.6999999881
22780  6.881  -56.777  -34.677 0.6000000238
19958  14.548  -59.274  -36.097 0.6000000238
19947  13.426  -58.948  -34.943 0.6999999881
20871  11.200  -58.567  -34.597 0.6999999881
143290  10.819  -58.453  -35.567 0.6999999881
20872  10.082  -58.535  -35.069 0.8000000119
20891  8.489  -57.979  -35.874 0.6999999881
19932  13.889  -59.193  -34.041 0.6999999881
19914  13.600  -59.146  -33.182 0.6999999881
141162  14.392  -59.439  -33.157 0.6999999881
19879  14.056  -59.830  -31.469 0.8000000119
18966  15.336  -60.900  -30.719 0.8000000119
18968  13.923  -60.686  -30.812 0.8000000119
15270  19.845  -64.618  -34.327 0.5000000000
16202  18.728  -63.782  -32.689 0.6000000238
16196  15.879  -63.660  -30.837 0.8000000119
153281  15.756  -62.100  -30.486 0.8000000119
15293  18.707  -65.434  -34.851 0.6000000238
15243  18.822  -64.601  -33.177 0.6999999881
15218  16.356  -64.036  -31.393 0.8000000119
14272  17.745  -65.335  -33.539 0.6999999881
15245  17.109  -65.045  -32.889 0.6999999881
14273  17.027  -65.348  -33.710 0.8000000119
24806  7.701  -54.016  -30.327 0.4000000060
23790  8.696  -54.594  -31.565 0.5000000000
23808  9.858  -54.983  -33.230 0.4000000060
23827  9.145  -54.821  -34.360 0.5000000000
23843  8.584  -55.133  -35.537 0.5000000000
21849  15.054  -57.855  -38.368 0.5000000000
135148  11.725  -57.215  -38.015 0.6000000238
22802  10.555  -56.594  -37.595 0.6000000238
22792  8.354  -56.220  -36.377 0.6000000238
20901  15.535  -58.948  -37.172 0.6000000238
21838  9.489  -57.311  -37.252 0.6999999881
21822  8.325  -57.255  -36.313 0.6999999881
19946  15.193  -59.671  -35.567 0.6000000238
19878  14.986  -59.884  -31.645 0.8000000119
17118  18.122  -62.585  -31.968 0.6999999881
15217  17.230  -63.824  -31.620 0.6999999881
16172  16.690  -63.282  -31.048 0.8000000119
18040  16.240  -61.813  -30.658 0.8000000119
15233  18.298  -64.320  -32.559 0.6999999881
132677  9.503  -55.044  -31.033 0.4000000060
24805  8.711  -54.383  -29.883 0.4000000060
24793  8.072  -54.069  -29.289 0.4000000060
130817  10.757  -55.232  -33.205 0.5000000000
143342  10.563  -55.506  -32.292 0.4000000060
24778  7.212  -53.886  -28.547 0.5000000000
23842  9.712  -54.580  -35.150 0.5000000000
24885  11.641  -54.731  -36.500 0.5000000000
23870  10.060  -55.640  -36.981 0.5000000000
24883  13.498  -54.725  -36.658 0.5000000000
22804  9.167  -56.392  -37.072 0.6999999881
19930  15.062  -59.782  -34.838 0.6000000238
18991  15.821  -60.188  -31.943 0.8000000119
18065  18.639  -62.309  -32.779 0.6000000238
18066  17.958  -61.699  -32.346 0.6000000238
18989  17.429  -61.123  -33.012 0.6999999881
19014  15.906  -60.254  -33.012 0.6999999881
17108  16.869  -62.328  -30.943 0.6999999881
25755  6.899  -53.371  -27.163 0.3000000119
23807  11.478  -55.734  -32.411 0.4000000060
143696  10.372  -55.543  -31.280 0.3000000119
23766  10.257  -55.412  -30.287 0.4000000060
23767  9.490  -54.892  -30.061 0.4000000060
24792  9.430  -54.527  -29.108 0.4000000060
25765  8.261  -53.607  -27.878 0.5000000000
23825  11.689  -55.241  -33.409 0.4000000060
25764  9.273  -53.625  -27.907 0.3000000119
129149  10.746  -54.723  -34.174 0.4000000060
23868  12.884  -55.418  -37.468 0.5000000000
24856  10.822  -54.354  -35.319 0.4000000060
23885  14.614  -55.114  -37.757 0.6000000238
23841  11.478  -54.638  -34.406 0.4000000060
24901  15.140  -54.676  -36.973 0.4000000060
24866  12.178  -54.318  -35.751 0.5000000000
19891  15.120  -59.763  -32.526 0.6999999881
134453  17.265  -61.119  -31.816 0.6999999881
25756  6.110  -54.035  -27.147 0.4000000060
24776  9.901  -54.228  -28.302 0.4000000060
26803  9.520  -52.888  -27.729 0.3000000119
23824  12.729  -55.520  -33.122 0.3000000119
154806  12.552  -54.402  -35.003 0.4000000060
24881  15.793  -54.609  -36.250 0.4000000060
24864  14.212  -54.570  -35.793 0.4000000060
132091  12.176  -55.949  -30.385 0.3000000119
23741  10.871  -55.463  -29.611 0.3000000119
24791  10.437  -54.848  -28.822 0.4000000060
24775  10.954  -54.257  -28.474 0.3000000119
25763  10.199  -53.595  -28.051 0.3000000119
23788  12.277  -56.067  -31.604 0.3000000119
24844  13.373  -55.220  -33.610 0.3000000119
140235  14.938  -54.622  -35.073 0.3000000119
24854  13.272  -54.698  -34.509 0.3000000119
24863  15.766  -54.661  -35.356 0.3000000119
24790  11.272  -55.135  -29.000 0.3000000119
25777  11.905  -53.345  -28.953 0.3000000119
23764  13.169  -55.514  -30.105 0.3000000119
25776  12.439  -54.358  -29.177 0.3000000119
130383  14.129  -54.979  -33.898 0.3000000119
24852  15.584  -54.535  -34.517 0.3000000119
24851  16.411  -54.528  -34.839 0.3000000119
25754  7.966  -53.205  -27.519 0.3000000119
23763  13.921  -55.574  -30.760 0.3000000119
24803  13.902  -54.907  -30.218 0.3000000119
25823  16.125  -54.180  -34.047 0.3000000119
14399  20.234  -65.349  -41.361 0.6000000238
15382  19.908  -64.484  -41.292 0.6999999881
15383  18.895  -64.719  -41.242 0.6999999881
15384  17.947  -64.801  -41.393 0.6999999881
23854  10.058  -54.658  -36.139 0.4000000060
23869  11.048  -55.584  -37.135 0.6000000238
25778  10.968  -53.323  -28.357 0.3000000119
136944  17.750  -71.523  -41.814 0.6999999881
10883  14.116  -69.771  -45.422 0.6999999881
133231  19.894  -71.573  -43.116 0.8000000119
134686  20.611  -72.724  -35.243 0.6000000238
8617  22.008  -72.270  -34.934 0.6999999881
9408  19.751  -72.318  -45.424 0.6000000238
151163  17.139  -67.853  -44.604 0.6999999881
10781  22.498  -69.502  -38.350 0.8000000119
8616  22.606  -72.324  -35.666 0.6999999881
8629  23.097  -72.307  -36.542 0.8000000119
19145  15.844  -60.662  -43.419 0.6999999881
15381  20.845  -64.592  -41.680 0.5000000000
16351  18.205  -63.426  -42.371 0.6000000238
19113  13.938  -60.190  -42.301 0.6000000238
19140  20.923  -60.108  -43.365 0.6999999881
12480  18.229  -67.473  -44.709 0.8000000119
15411  21.348  -64.013  -45.399 0.5000000000
18212  24.899  -61.442  -44.585 0.6000000238
15236  15.806  -64.542  -31.953 0.8000000119
1247  22.423  -85.451  -36.330 0.4000000060
1233  22.854  -85.403  -35.668 0.4000000060
2527  23.140  -82.505  -36.668 0.3000000119
1657  21.888  -85.373  -37.254 0.4000000060
1248  21.321  -85.860  -36.827 0.4000000060
1235  21.414  -85.725  -36.382 0.4000000060
132691  24.644  -82.340  -39.598 0.4000000060
2544  24.816  -83.037  -38.829 0.5000000000
2089  25.195  -83.504  -38.280 0.5000000000
3559  24.571  -81.831  -38.433 0.3000000119
3042  24.571  -82.385  -37.653 0.4000000060
1644  23.685  -84.755  -36.311 0.4000000060
3548  24.363  -81.253  -37.428 0.3000000119
2526  23.791  -83.392  -36.657 0.3000000119
1645  22.908  -85.123  -36.505 0.3000000119
3033  23.475  -81.591  -36.653 0.3000000119
4094  24.346  -79.985  -38.278 0.4000000060
136805  24.324  -80.601  -40.409 0.4000000060
3567  24.551  -81.793  -40.418 0.5000000000
4100  24.261  -79.749  -39.338 0.3000000119
4086  24.181  -80.167  -37.329 0.3000000119
144043  22.905  -79.758  -36.533 0.4000000060
4087  23.863  -79.269  -37.031 0.3000000119
5268  22.287  -77.812  -36.258 0.4000000060
4080  21.721  -79.263  -36.737 0.4000000060
4661  21.128  -78.508  -36.912 0.4000000060
4101  24.168  -79.425  -40.372 0.4000000060
4692  23.929  -78.487  -40.501 0.4000000060
4681  24.013  -78.630  -39.409 0.4000000060
5304  23.732  -77.795  -39.860 0.4000000060
5969  23.492  -76.836  -41.149 0.5000000000
4671  23.916  -78.247  -38.419 0.4000000060
5943  23.513  -76.590  -38.628 0.4000000060
4654  22.781  -78.501  -36.463 0.4000000060
5267  23.095  -77.775  -36.599 0.5000000000
5929  23.482  -76.826  -37.691 0.4000000060
5918  21.842  -77.022  -35.976 0.4000000060
7276  20.468  -74.618  -35.987 0.6000000238
5919  20.688  -76.358  -36.261 0.4000000060
140899  23.368  -75.955  -41.497 0.6000000238
6636  23.348  -75.173  -40.743 0.6000000238
138660  23.413  -75.762  -38.916 0.6000000238
130974  23.381  -74.982  -39.141 0.6000000238
131750  23.390  -75.172  -38.277 0.6000000238
7298  23.403  -74.431  -38.508 0.6999999881
5916  23.256  -76.224  -37.020 0.5000000000
7275  23.095  -74.729  -36.762 0.6000000238
7964  23.421  -73.311  -37.792 0.6999999881
142386  23.573  -73.664  -40.857 0.6999999881
152501  23.824  -72.711  -40.025 0.6999999881
7316  23.443  -74.268  -40.363 0.6000000238
8006  23.600  -73.379  -40.000 0.6999999881
9309  24.019  -71.072  -38.670 0.6999999881
10070  23.656  -70.240  -38.477 0.6999999881
10797  22.536  -69.296  -39.976 0.6999999881
7977  23.471  -73.721  -38.561 0.6999999881
138775  23.793  -71.986  -38.470 0.6999999881
8642  23.464  -72.300  -37.549 0.6999999881
9345  24.678  -71.072  -41.074 0.5000000000
10092  24.496  -70.259  -40.560 0.6000000238
9321  24.079  -71.782  -39.125 0.6999999881
10080  24.348  -70.359  -39.734 0.6000000238
10813  23.668  -69.355  -40.461 0.6999999881
132707  23.710  -69.150  -41.626 0.6999999881
8664  23.800  -72.637  -39.317 0.6999999881
10814  22.972  -69.184  -40.556 0.6999999881
10830  22.917  -69.191  -41.456 0.6000000238
10812  24.129  -69.587  -41.005 0.6000000238
10841  24.383  -69.507  -42.109 0.6000000238
153232  23.309  -69.061  -41.967 0.6000000238
10842  23.723  -69.045  -42.367 0.6000000238
9415  21.944  -72.229  -47.004 0.5000000000
136251  13.744  -69.478  -44.236 0.6000000238
9398  14.667  -70.887  -43.975 0.6000000238
10855  22.648  -69.496  -43.480 0.6000000238
10139  22.249  -70.107  -44.159 0.6000000238
155153  22.471  -70.945  -45.598 0.5000000000
9405  22.218  -71.608  -46.240 0.5000000000
12484  13.478  -67.386  -44.189 0.6000000238
11665  13.842  -68.136  -44.800 0.6000000238
10870  13.556  -68.599  -44.320 0.6000000238
144234  23.346  -69.217  -43.838 0.6000000238
10154  22.997  -70.326  -45.335 0.5000000000
13376  13.880  -66.302  -42.711 0.6000000238
147283  14.385  -66.506  -43.302 0.6000000238
13389  13.454  -66.253  -43.510 0.6000000238
13390  12.602  -66.190  -43.387 0.6000000238
12483  13.995  -67.365  -44.529 0.6000000238
12481  15.976  -67.633  -44.495 0.6000000238
12482  14.815  -67.356  -44.642 0.6000000238
10177  19.225  -70.794  -48.681 0.6000000238
10869  22.935  -69.700  -44.459 0.6000000238
12464  15.210  -67.130  -42.033 0.6000000238
12462  16.940  -67.675  -42.331 0.6000000238
12472  15.359  -67.060  -43.552 0.6000000238
12470  17.441  -67.775  -43.085 0.6000000238
12471  16.522  -67.555  -43.336 0.6000000238
132318  18.313  -67.765  -42.872 0.5000000000
11653  17.791  -67.838  -43.968 0.5000000000
12449  12.496  -66.617  -41.656 0.6999999881
12447  14.128  -66.924  -41.594 0.6000000238
129964  16.354  -67.605  -41.710 0.6000000238
12461  17.838  -67.800  -42.074 0.6000000238
12460  18.638  -67.635  -41.857 0.6000000238
12391  15.290  -67.490  -37.834 0.6000000238
149168  14.923  -67.579  -40.756 0.6000000238
155119  15.982  -67.641  -41.306 0.6000000238
12445  18.118  -67.757  -41.079 0.5000000000
12432  16.301  -67.969  -39.948 0.6000000238
13331  17.553  -66.931  -39.213 0.6000000238
12403  16.557  -67.251  -38.687 0.6000000238
14339  16.468  -66.314  -38.643 0.6000000238
12428  19.353  -66.731  -40.910 0.6000000238
12415  17.520  -67.438  -39.579 0.6000000238
12414  18.165  -67.002  -39.699 0.5000000000
13330  17.929  -66.370  -39.524 0.6000000238
14359  17.255  -66.286  -39.081 0.5000000000
146561  16.736  -65.671  -39.201 0.5000000000
14400  19.516  -65.430  -40.990 0.6000000238
14379  18.318  -65.864  -40.049 0.6000000238
14380  17.406  -65.600  -39.761 0.6000000238
14403  16.876  -64.935  -40.783 0.6000000238
15361  15.951  -64.596  -40.944 0.6999999881
14361  14.740  -64.681  -39.960 0.6999999881
15363  14.098  -64.199  -41.065 0.6999999881
15364  13.182  -64.097  -41.083 0.6999999881
14402  17.773  -65.254  -40.671 0.6000000238
144291  17.219  -64.732  -41.429 0.6999999881
15398  15.630  -63.961  -42.633 0.6999999881
15362  15.037  -64.325  -40.971 0.6999999881
15386  14.451  -63.964  -41.889 0.6999999881
15400  14.047  -63.699  -42.598 0.6000000238
137231  17.502  -63.733  -42.636 0.6000000238
9423  22.451  -72.045  -47.764 0.5000000000
9416  21.050  -72.430  -47.167 0.5000000000
10174  21.840  -70.816  -48.656 0.5000000000
9432  21.371  -71.648  -48.415 0.5000000000
10175  20.899  -70.815  -48.710 0.6000000238
12511  23.831  -67.590  -48.455 0.6000000238
142662  23.314  -69.066  -48.798 0.6000000238
10908  21.390  -69.876  -48.657 0.6000000238
10909  20.437  -69.903  -48.558 0.6000000238
146033  23.219  -68.043  -48.621 0.5000000000
11690  21.782  -68.284  -48.394 0.6000000238
11692  19.888  -69.101  -48.247 0.6000000238
13431  22.659  -66.397  -47.538 0.6000000238
12504  21.402  -67.082  -47.708 0.5000000000
11683  20.215  -68.198  -47.894 0.6000000238
12506  19.566  -67.589  -47.405 0.6000000238
135193  22.960  -65.912  -47.074 0.5000000000
12505  20.507  -67.315  -47.531 0.6000000238
14456  20.007  -65.042  -45.984 0.5000000000
142596  20.891  -64.947  -46.395 0.5000000000
13423  19.255  -66.219  -46.447 0.6000000238
13434  19.865  -66.700  -46.982 0.6000000238
5917  22.632  -76.322  -36.231 0.6000000238
7952  23.224  -73.841  -37.039 0.6999999881
9425  20.744  -72.206  -48.053 0.5000000000
14378  19.089  -66.157  -40.450 0.6000000238
140041  16.359  -64.406  -41.873 0.6999999881
147087  19.651  -71.399  -48.641 0.6000000238
12493  18.952  -67.032  -46.884 0.6000000238
13422  20.185  -65.742  -46.571 0.6000000238
141048  22.456  -83.848  -37.125 0.3000000119
147820  23.883  -82.385  -36.701 0.3000000119
2535  24.584  -83.754  -37.022 0.4000000060
142380  23.603  -79.937  -36.724 0.3000000119
148646  24.170  -79.377  -37.625 0.4000000060
4660  23.916  -78.581  -37.567 0.4000000060
5317  23.679  -77.672  -40.818 0.4000000060
135601  23.793  -77.849  -39.055 0.3000000119
134572  23.519  -77.000  -40.174 0.5000000000
5964  23.396  -76.146  -40.472 0.6000000238
5279  23.588  -77.728  -37.345 0.5000000000
6622  23.425  -75.975  -37.994 0.5000000000
152728  23.021  -76.657  -36.614 0.5000000000
7304  23.448  -74.155  -39.384 0.6000000238
9331  24.521  -71.073  -40.186 0.6999999881
129999  16.625  -67.857  -40.699 0.6000000238
15388  12.452  -63.851  -41.907 0.6000000238
146927  22.508  -68.638  -48.650 0.6000000238
143986  23.821  -66.585  -47.281 0.5000000000
133250  21.814  -69.070  -48.608 0.6000000238
11691  20.942  -68.876  -48.376 0.6000000238
12502  23.155  -67.147  -48.112 0.5000000000
12513  21.815  -67.598  -48.102 0.6000000238
13419  23.641  -66.163  -46.513 0.5000000000
13433  20.850  -66.434  -47.215 0.5000000000
13421  21.321  -65.617  -46.926 0.5000000000
852  22.178  -85.715  -25.350 0.4000000060
1565  22.849  -84.802  -25.818 0.4000000060
1556  22.190  -84.094  -25.501 0.5000000000
406  21.338  -88.068  -22.753 0.5000000000
395  20.551  -88.189  -22.513 0.5000000000
397  18.279  -89.158  -22.114 0.5000000000
835  21.585  -87.203  -23.847 0.5000000000
626  22.025  -86.785  -24.270 0.5000000000
1564  24.046  -84.730  -25.960 0.4000000060
1970  25.625  -83.750  -26.728 0.4000000060
1958  23.703  -82.829  -25.505 0.5000000000
3025  19.243  -81.327  -35.770 0.3000000119
3526  18.447  -80.383  -35.985 0.3000000119
2528  18.890  -82.113  -36.446 0.3000000119
2055  20.025  -83.565  -35.927 0.3000000119
405  22.003  -87.942  -22.872 0.4000000060
394  21.464  -88.289  -22.086 0.5000000000
376  20.351  -88.633  -20.863 0.5000000000
613  22.946  -87.277  -23.477 0.4000000060
632  22.435  -86.297  -24.525 0.4000000060
860  23.730  -85.001  -25.534 0.3000000119
850  24.208  -85.741  -25.133 0.3000000119
2419  25.164  -81.659  -25.863 0.4000000060
1573  26.703  -84.047  -27.003 0.3000000119
2433  26.253  -83.604  -26.804 0.4000000060
2434  25.423  -83.027  -26.182 0.5000000000
137712  27.295  -83.703  -27.237 0.3000000119
3525  19.165  -80.334  -35.405 0.3000000119
151019  17.682  -79.180  -35.462 0.3000000119
2518  19.699  -82.458  -35.846 0.3000000119
2517  20.473  -82.970  -35.401 0.3000000119
2064  20.189  -84.606  -36.087 0.3000000119
602  23.060  -87.459  -22.592 0.3000000119
597  22.129  -87.928  -21.441 0.4000000060
624  23.662  -87.039  -23.754 0.3000000119
1560  27.708  -83.426  -26.685 0.3000000119
2958  27.854  -82.256  -28.128 0.4000000060
2946  26.457  -81.747  -26.937 0.4000000060
139152  27.608  -83.108  -27.582 0.4000000060
1968  28.480  -83.069  -26.883 0.3000000119
3508  20.367  -79.731  -34.200 0.4000000060
4058  19.591  -79.375  -34.594 0.4000000060
4641  18.739  -78.017  -34.331 0.4000000060
4634  18.313  -77.582  -33.775 0.4000000060
4612  18.089  -77.994  -32.252 0.4000000060
4611  18.783  -78.203  -31.338 0.5000000000
3017  21.105  -81.544  -34.366 0.3000000119
3019  19.805  -81.020  -35.196 0.3000000119
2505  20.933  -82.302  -34.748 0.3000000119
2053  21.541  -84.536  -35.156 0.3000000119
1246  23.390  -85.208  -36.038 0.3000000119
595  23.793  -87.019  -22.345 0.3000000119
3471  29.315  -81.570  -28.728 0.3000000119
3473  27.868  -81.406  -28.363 0.3000000119
3997  26.511  -79.458  -27.899 0.4000000060
3998  25.808  -79.532  -28.014 0.4000000060
1978  29.301  -82.686  -27.039 0.3000000119
152268  29.153  -81.735  -28.589 0.3000000119
2443  29.437  -82.215  -27.789 0.3000000119
1988  28.186  -82.428  -27.995 0.3000000119
4582  21.709  -77.978  -28.537 0.5000000000
4581  22.640  -78.408  -28.367 0.5000000000
4622  22.305  -78.735  -32.196 0.3000000119
138232  21.698  -78.831  -32.706 0.3000000119
3499  22.123  -80.137  -33.025 0.3000000119
4632  20.826  -78.343  -33.202 0.3000000119
4633  19.224  -77.666  -33.955 0.4000000060
5867  19.856  -75.770  -30.504 0.5000000000
5199  20.426  -76.928  -29.358 0.5000000000
4050  20.641  -79.111  -33.672 0.3000000119
5253  19.040  -76.969  -33.462 0.4000000060
5876  18.885  -76.385  -32.265 0.4000000060
5231  19.054  -76.487  -31.442 0.5000000000
144673  19.689  -77.678  -30.262 0.5000000000
2504  21.779  -82.939  -34.406 0.3000000119
2040  22.027  -84.072  -34.624 0.3000000119
2039  22.857  -84.576  -34.489 0.3000000119
1633  23.699  -85.200  -35.292 0.3000000119
1643  24.232  -84.825  -36.117 0.4000000060
3994  29.054  -79.689  -27.938 0.3000000119
4563  27.646  -78.675  -27.446 0.4000000060
1965  31.211  -82.485  -25.908 0.3000000119
2456  30.490  -81.586  -28.022 0.3000000119
3470  30.094  -81.395  -28.564 0.3000000119
4565  25.970  -78.824  -27.914 0.4000000060
150445  30.377  -82.013  -27.582 0.3000000119
4566  24.856  -78.306  -27.788 0.4000000060
4580  23.664  -78.833  -28.338 0.5000000000
5819  24.056  -76.241  -26.766 0.4000000060
154006  23.685  -77.512  -27.488 0.5000000000
4608  24.185  -78.989  -31.464 0.3000000119
5192  21.419  -76.881  -28.405 0.5000000000
5181  22.595  -76.825  -27.590 0.5000000000
4610  22.005  -77.696  -31.879 0.3000000119
6496  21.806  -75.037  -28.403 0.4000000060
6473  22.459  -75.147  -27.759 0.5000000000
3498  22.910  -80.504  -32.760 0.3000000119
5243  20.798  -76.914  -32.637 0.4000000060
5887  20.323  -76.046  -32.417 0.4000000060
6518  21.256  -74.663  -29.670 0.5000000000
5193  20.789  -76.381  -28.976 0.5000000000
3506  22.338  -80.887  -33.227 0.3000000119
5244  19.883  -76.635  -33.056 0.4000000060
5888  19.557  -76.028  -32.481 0.5000000000
5868  19.464  -75.856  -31.147 0.5000000000
2491  23.138  -82.650  -33.578 0.3000000119
2038  24.085  -84.151  -34.024 0.4000000060
2036  25.545  -84.056  -34.885 0.3000000119
1618  24.356  -84.745  -34.638 0.4000000060
1631  25.214  -84.520  -35.526 0.4000000060
7980  17.394  -73.386  -37.966 0.5000000000
2076  24.954  -83.973  -37.250 0.3000000119
2430  32.833  -82.129  -25.979 0.3000000119
2442  31.309  -81.576  -27.519 0.3000000119
4547  28.085  -78.019  -26.854 0.3000000119
2441  32.208  -81.837  -26.888 0.3000000119
5168  27.374  -77.047  -26.451 0.3000000119
5170  24.932  -76.768  -26.718 0.5000000000
6449  24.822  -74.913  -26.702 0.4000000060
143562  26.279  -75.761  -26.378 0.3000000119
4621  24.819  -79.313  -32.060 0.3000000119
6471  23.874  -74.494  -27.416 0.5000000000
4609  23.135  -78.686  -31.619 0.3000000119
7174  22.514  -74.393  -28.524 0.4000000060
7159  23.042  -74.539  -27.761 0.4000000060
5230  21.242  -76.477  -32.055 0.4000000060
145863  21.404  -75.609  -31.418 0.4000000060
6544  21.654  -75.023  -30.731 0.4000000060
7189  21.742  -74.470  -29.692 0.4000000060
3001  23.254  -81.262  -33.035 0.3000000119
3007  23.607  -82.058  -33.330 0.3000000119
155487  20.246  -75.277  -31.580 0.4000000060
6519  20.581  -75.005  -30.350 0.5000000000
2515  25.593  -83.297  -34.500 0.3000000119
148302  26.088  -83.494  -35.019 0.4000000060
2052  25.958  -84.046  -35.683 0.4000000060
9311  17.204  -72.050  -37.528 0.5000000000
2062  25.730  -84.177  -36.626 0.4000000060
2074  26.312  -83.762  -37.093 0.5000000000
7979  18.503  -73.298  -37.986 0.5000000000
2440  33.121  -81.566  -26.844 0.3000000119
12474  12.251  -66.673  -43.592 0.5000000000
7156  26.191  -74.410  -26.993 0.3000000119
7149  26.738  -74.716  -26.786 0.3000000119
11655  12.713  -67.194  -43.879 0.5000000000
13392  10.939  -66.642  -43.202 0.6000000238
5251  24.557  -77.357  -33.396 0.3000000119
4607  24.895  -79.024  -31.569 0.3000000119
148297  24.479  -78.269  -33.664 0.3000000119
5228  23.557  -78.052  -31.153 0.3000000119
5213  23.758  -77.294  -30.696 0.3000000119
7172  24.312  -74.080  -27.994 0.4000000060
7171  25.246  -74.160  -27.847 0.4000000060
9381  15.128  -71.307  -43.131 0.5000000000
10816  11.061  -69.191  -40.382 0.5000000000
5873  22.288  -75.907  -30.998 0.3000000119
140531  22.436  -75.261  -30.489 0.3000000119
6516  23.370  -74.452  -29.396 0.3000000119
5845  25.470  -75.766  -29.642 0.3000000119
143823  15.763  -71.475  -42.589 0.5000000000
3514  24.831  -81.383  -34.042 0.3000000119
3015  25.490  -82.271  -34.369 0.3000000119
9349  16.892  -71.511  -41.130 0.5000000000
2501  26.248  -82.769  -34.869 0.3000000119
9323  17.139  -71.424  -38.821 0.5000000000
2513  27.359  -82.307  -35.927 0.4000000060
143356  17.205  -71.579  -37.920 0.6000000238
2523  27.606  -82.302  -36.801 0.4000000060
2533  26.956  -83.114  -37.460 0.5000000000
9297  17.852  -71.969  -37.149 0.5000000000
3057  27.024  -82.538  -38.857 0.4000000060
2087  25.849  -83.421  -38.723 0.3000000119
2075  25.419  -83.921  -37.480 0.4000000060
7965  18.733  -72.928  -37.421 0.6000000238
145154  26.098  -80.732  -42.540 0.3000000119
3090  25.108  -81.369  -42.437 0.4000000060
2564  24.997  -82.659  -40.756 0.4000000060
2097  25.092  -83.261  -39.218 0.3000000119
7955  19.445  -73.095  -36.938 0.6000000238
7978  19.332  -73.522  -37.909 0.5000000000
4136  26.050  -79.534  -43.459 0.3000000119
3592  25.083  -80.728  -42.874 0.5000000000
3582  24.711  -80.983  -42.300 0.4000000060
3574  24.569  -81.383  -41.399 0.4000000060
7289  19.758  -74.000  -37.485 0.6000000238
4720  25.796  -78.872  -43.742 0.3000000119
149217  25.455  -79.450  -43.467 0.5000000000
4120  24.581  -80.054  -42.555 0.4000000060
4109  24.362  -80.138  -41.501 0.4000000060
4733  25.523  -78.234  -43.890 0.4000000060
131652  24.691  -78.745  -43.267 0.5000000000
4121  24.264  -79.224  -42.022 0.4000000060
142852  24.188  -78.360  -42.522 0.5000000000
13378  12.082  -65.929  -43.060 0.6000000238
12450  10.956  -66.971  -41.849 0.6000000238
6560  24.562  -75.600  -33.551 0.3000000119
5242  25.302  -78.155  -32.429 0.3000000119
4619  26.411  -78.652  -32.064 0.3000000119
4592  25.342  -78.696  -31.039 0.3000000119
13361  11.636  -66.346  -42.375 0.6000000238
12436  11.234  -67.722  -41.058 0.6000000238
5257  24.585  -77.364  -34.117 0.3000000119
5211  25.649  -77.991  -30.634 0.3000000119
5863  25.971  -76.988  -30.191 0.3000000119
11627  11.490  -68.513  -40.310 0.6000000238
5906  25.668  -76.632  -35.140 0.3000000119
5865  23.976  -76.380  -30.272 0.3000000119
5846  24.290  -75.259  -29.638 0.3000000119
10801  11.681  -69.400  -39.583 0.6000000238
3513  25.723  -81.152  -34.699 0.3000000119
10784  13.492  -69.513  -37.749 0.6000000238
10800  12.612  -69.502  -38.703 0.6000000238
10785  12.999  -70.230  -37.647 0.6000000238
10060  13.157  -70.635  -36.518 0.5000000000
3056  27.481  -81.748  -38.868 0.4000000060
2571  25.346  -82.348  -41.259 0.4000000060
5351  25.293  -77.618  -43.949 0.4000000060
4722  24.417  -77.944  -43.248 0.5000000000
7235  24.569  -74.772  -33.366 0.3000000119
154343  24.941  -75.068  -32.605 0.3000000119
5886  25.049  -76.973  -32.617 0.3000000119
148416  26.246  -77.575  -32.381 0.3000000119
4591  26.085  -78.697  -31.171 0.3000000119
5210  26.430  -78.030  -30.650 0.3000000119
145370  27.099  -78.042  -30.667 0.3000000119
13377  12.920  -65.878  -43.043 0.5000000000
6568  24.820  -75.797  -34.330 0.3000000119
5898  24.933  -76.587  -34.491 0.3000000119
12435  12.641  -67.382  -40.657 0.5000000000
12421  11.980  -67.878  -40.364 0.6000000238
6567  25.339  -75.233  -35.013 0.3000000119
11615  12.280  -68.706  -39.574 0.6000000238
136505  25.911  -75.228  -35.902 0.3000000119
129981  28.069  -81.227  -38.019 0.3000000119
3041  28.111  -81.433  -37.087 0.3000000119
135198  13.489  -69.951  -36.906 0.6000000238
10758  12.857  -69.680  -35.734 0.6000000238
12420  12.929  -68.162  -39.756 0.6000000238
12433  14.715  -68.005  -39.671 0.5000000000
141553  14.789  -68.290  -38.534 0.6000000238
11603  14.060  -68.929  -37.686 0.6000000238
11591  14.248  -68.464  -37.001 0.6000000238
10045  13.403  -69.942  -36.178 0.6000000238
12382  13.198  -67.902  -36.339 0.6000000238
11579  13.654  -68.564  -36.444 0.6000000238
12394  12.438  -67.316  -36.663 0.5000000000
152935  14.150  -67.466  -40.666 0.5000000000
12418  15.538  -68.058  -38.817 0.5000000000
11602  14.563  -68.377  -37.751 0.5000000000
13291  14.111  -67.040  -37.048 0.6000000238
14344  10.951  -65.893  -38.437 0.5000000000
15366  11.410  -64.375  -40.789 0.6000000238
15346  11.319  -64.812  -39.921 0.6000000238
14364  11.130  -65.340  -39.142 0.5000000000
14345  10.129  -65.627  -39.112 0.6000000238
12404  15.794  -67.602  -38.412 0.5000000000
145411  14.889  -66.038  -38.007 0.5000000000
14341  13.938  -65.428  -38.525 0.5000000000
153423  13.365  -66.587  -37.180 0.6000000238
135692  13.909  -64.865  -39.475 0.6000000238
14342  12.949  -65.499  -38.367 0.5000000000
13311  11.747  -66.216  -37.741 0.5000000000
15344  13.072  -64.481  -40.161 0.6000000238
15399  14.793  -63.823  -42.603 0.6000000238
15345  12.215  -64.624  -40.009 0.6000000238
15367  9.991  -64.460  -40.784 0.5000000000
13222  9.806  -67.489  -31.105 0.5000000000
12417  16.327  -67.865  -39.094 0.5000000000
13290  14.857  -66.893  -37.519 0.5000000000
139608  14.860  -65.324  -38.819 0.6000000238
12327  9.593  -67.508  -29.255 0.5000000000
13194  8.157  -66.904  -28.661 0.6000000238
12341  10.454  -67.762  -30.469 0.6000000238
13220  11.686  -67.501  -31.148 0.6000000238
12342  8.958  -67.613  -30.463 0.5000000000
14263  10.761  -66.530  -32.702 0.5000000000
14277  10.192  -65.743  -33.314 0.5000000000
16325  8.698  -63.610  -41.193 0.5000000000
15391  9.353  -64.061  -41.292 0.5000000000
18043  13.492  -61.634  -30.559 0.6000000238
18044  12.595  -61.827  -30.813 0.6999999881
129218  12.852  -63.250  -30.455 0.6000000238
16176  12.056  -63.604  -30.504 0.6999999881
130647  10.054  -64.505  -29.966 0.6000000238
15184  9.982  -65.591  -29.224 0.6000000238
131451  12.369  -64.666  -30.211 0.6000000238
147279  11.568  -64.226  -30.323 0.6000000238
139081  13.917  -64.076  -30.371 0.6000000238
15197  13.115  -65.084  -30.311 0.6000000238
14231  11.680  -66.225  -29.811 0.6000000238
15199  10.888  -65.370  -29.671 0.5000000000
13193  8.599  -66.131  -28.524 0.6000000238
14228  14.182  -65.364  -30.770 0.6000000238
14230  12.599  -65.840  -30.217 0.6000000238
13202  10.476  -67.353  -29.520 0.5000000000
129465  9.953  -66.829  -28.985 0.6000000238
14244  13.809  -66.165  -31.038 0.6000000238
12332  11.656  -67.359  -30.476 0.6000000238
141732  13.266  -66.392  -32.184 0.6000000238
13210  12.456  -67.173  -30.942 0.6000000238
151868  12.302  -67.153  -31.676 0.6000000238
14276  11.174  -65.891  -33.295 0.5000000000
15251  9.616  -64.888  -33.853 0.5000000000
15277  10.160  -64.147  -34.450 0.5000000000
145627  10.038  -62.728  -35.533 0.5000000000
17174  9.086  -61.972  -36.619 0.5000000000
16177  11.014  -63.594  -30.640 0.6000000238
17093  10.287  -62.937  -31.073 0.6999999881
14243  14.358  -65.485  -31.277 0.5000000000
14261  12.637  -66.128  -32.772 0.6000000238
143005  12.203  -64.477  -33.998 0.6000000238
15250  10.679  -65.099  -33.874 0.5000000000
145614  11.954  -63.688  -34.560 0.6000000238
16245  10.837  -62.867  -35.364 0.5000000000
133207  12.020  -62.180  -36.268 0.6000000238
17173  10.084  -61.963  -36.548 0.6000000238
19944  16.893  -59.678  -36.135 0.4000000060
19895  10.843  -59.857  -32.894 0.6999999881
18995  9.148  -60.512  -33.038 0.5000000000
18069  7.866  -61.460  -32.011 0.5000000000
19033  16.820  -60.557  -34.752 0.6000000238
19034  15.973  -60.316  -34.100 0.5000000000
18068  8.889  -61.226  -32.435 0.6000000238
18058  8.039  -62.205  -31.391 0.5000000000
19032  17.635  -60.633  -34.731 0.5000000000
150821  12.174  -59.455  -32.475 0.6000000238
18056  10.528  -61.260  -32.079 0.8000000119
18977  12.302  -60.456  -31.593 0.6999999881
17110  10.948  -62.332  -31.316 0.8000000119
17094  8.724  -63.235  -30.634 0.6999999881
15275  12.820  -63.780  -34.261 0.6000000238
17156  12.297  -62.609  -35.717 0.6000000238
18997  7.356  -60.723  -32.281 0.5000000000
19945  16.054  -59.799  -35.913 0.5000000000
19915  10.781  -59.266  -33.529 0.6999999881
18969  6.995  -61.068  -30.948 0.5000000000
135707  18.037  -58.927  -35.115 0.4000000060
19943  17.505  -59.460  -35.771 0.4000000060
19928  17.931  -60.010  -34.949 0.4000000060
18096  18.723  -61.238  -33.907 0.5000000000
18078  19.218  -62.114  -33.400 0.4000000060
19917  7.918  -59.757  -33.694 0.5000000000
19881  7.031  -60.503  -31.672 0.5000000000
19955  16.797  -59.127  -36.786 0.3000000119
20900  16.330  -58.830  -37.299 0.3000000119
130852  9.948  -59.841  -33.397 0.6000000238
146841  18.531  -60.261  -34.255 0.4000000060
19030  19.223  -60.863  -33.914 0.4000000060
16210  19.347  -63.865  -33.259 0.4000000060
19933  8.430  -59.182  -34.373 0.6000000238
20854  10.722  -58.830  -34.171 0.6000000238
18077  19.950  -62.471  -33.660 0.4000000060
19934  7.453  -58.994  -34.127 0.5000000000
19897  6.950  -59.872  -32.486 0.5000000000
23865  20.252  -56.340  -37.181 0.3000000119
21846  18.249  -57.714  -37.640 0.3000000119
20915  16.498  -58.253  -37.922 0.3000000119
20916  15.695  -58.392  -37.869 0.4000000060
129675  20.386  -61.393  -33.816 0.3000000119
17146  20.447  -63.169  -34.021 0.4000000060
17145  21.007  -62.716  -34.290 0.4000000060
21860  17.069  -57.215  -38.772 0.4000000060
20873  8.925  -58.614  -35.093 0.6000000238
146109  6.627  -59.138  -33.014 0.4000000060
21861  16.196  -57.204  -38.776 0.4000000060
24878  21.304  -55.290  -36.553 0.3000000119
153122  20.613  -55.746  -37.650 0.3000000119
20875  7.027  -58.178  -34.464 0.5000000000
21863  14.606  -57.343  -38.608 0.4000000060
148568  13.289  -57.435  -38.262 0.4000000060
22816  12.355  -56.535  -37.988 0.5000000000
22829  14.789  -56.687  -38.751 0.4000000060
23886  13.330  -56.264  -38.136 0.4000000060
134437  18.388  -52.976  -37.321 0.3000000119
25852  17.633  -53.457  -36.671 0.3000000119
24879  16.949  -53.809  -37.175 0.3000000119
24880  16.373  -54.275  -36.652 0.3000000119
24861  17.096  -54.135  -36.079 0.3000000119
24794  6.650  -53.856  -29.804 0.4000000060
26875  19.277  -52.038  -36.008 0.3000000119
5844  26.449  -76.070  -29.673 0.3000000119
2532  27.561  -82.241  -37.930 0.4000000060
23901  15.185  -55.693  -38.527 0.3000000119
17171  12.770  -62.494  -36.517 0.6000000238
148324  5.686  -54.619  -27.141 0.4000000060
19012  17.522  -60.939  -34.126 0.5000000000
149073  15.245  -54.863  -37.839 0.3000000119
155401  24.857  -83.012  -39.737 0.3000000119
3083  24.883  -81.815  -42.011 0.4000000060
12392  14.649  -67.743  -37.362 0.5000000000
861  23.022  -85.359  -25.325 0.4000000060
853  21.805  -86.035  -24.906 0.5000000000
396  19.144  -89.093  -21.597 0.5000000000
2930  23.838  -81.324  -25.299 0.5000000000
140367  19.033  -79.501  -35.049 0.4000000060
843  23.740  -86.399  -24.588 0.4000000060
145583  25.981  -82.333  -26.441 0.4000000060
3424  24.828  -80.783  -25.946 0.4000000060
3516  19.927  -80.286  -34.784 0.4000000060
4642  18.010  -78.249  -34.547 0.4000000060
4626  17.544  -78.302  -33.682 0.4000000060
806  21.826  -87.141  -20.751 0.3000000119
1553  28.402  -83.403  -26.226 0.3000000119
2975  28.456  -82.093  -28.458 0.3000000119
3451  27.191  -80.301  -28.040 0.4000000060
3452  26.367  -80.187  -27.805 0.4000000060
3515  20.838  -80.740  -34.251 0.3000000119
3009  21.735  -81.375  -33.818 0.4000000060
3995  28.058  -79.636  -27.985 0.4000000060
139406  25.362  -79.003  -28.149 0.4000000060
5849  20.316  -75.955  -29.700 0.5000000000
8653  16.738  -72.773  -37.719 0.5000000000
145224  23.394  -84.120  -34.091 0.4000000060
2971  32.060  -80.466  -27.698 0.3000000119
4548  27.372  -77.881  -26.947 0.4000000060
5178  25.959  -78.004  -27.374 0.4000000060
5180  24.280  -77.364  -27.223 0.5000000000
6472  23.278  -75.433  -27.159 0.5000000000
142644  22.747  -77.675  -31.397 0.3000000119
3505  24.118  -81.416  -33.332 0.3000000119
3008  22.722  -81.780  -33.392 0.3000000119
2490  23.823  -82.789  -33.512 0.3000000119
7966  17.713  -72.678  -37.406 0.6000000238
5804  27.099  -76.075  -26.330 0.3000000119
5169  25.774  -77.176  -26.750 0.4000000060
7186  23.852  -74.214  -28.812 0.3000000119
9334  17.253  -71.417  -40.080 0.5000000000
2524  27.005  -83.127  -36.473 0.4000000060
7168  27.970  -74.788  -27.740 0.3000000119
6515  25.010  -74.547  -28.780 0.3000000119
3581  26.344  -80.962  -41.948 0.4000000060
2562  25.854  -82.452  -40.695 0.4000000060
2096  25.355  -83.282  -39.328 0.4000000060
131741  27.343  -79.022  -43.213 0.3000000119
5241  27.173  -78.474  -32.219 0.3000000119
11614  13.335  -68.853  -38.717 0.6000000238
3076  26.453  -81.861  -40.580 0.3000000119
4618  27.651  -78.878  -32.064 0.3000000119
5226  28.001  -78.804  -31.621 0.3000000119
6577  26.304  -75.956  -36.222 0.3000000119
13310  12.744  -66.079  -37.692 0.5000000000
14363  12.109  -65.142  -39.154 0.6000000238
17109  11.745  -62.093  -31.116 0.6999999881
17111  10.089  -62.081  -31.705 0.6999999881
18978  11.441  -60.860  -31.898 0.6999999881
19896  10.150  -60.340  -32.887 0.6000000238
22801  18.971  -57.370  -37.068 0.3000000119
22812  19.598  -56.723  -37.674 0.3000000119
10084  18.824  -70.844  -39.105 0.5000000000
129651  18.029  -71.225  -39.535 0.5000000000
8018  23.884  -72.735  -40.872 0.6000000238
14340  15.620  -65.911  -38.394 0.4000000060
14360  15.834  -65.305  -39.172 0.5000000000
15389  11.493  -64.006  -41.761 0.5000000000
16367  14.619  -63.281  -43.417 0.5000000000
16356  13.385  -63.503  -43.002 0.5000000000
16342  10.767  -63.722  -42.311 0.5000000000
16341  11.777  -63.643  -42.645 0.5000000000
16365  16.113  -63.149  -43.612 0.5000000000
16359  9.431  -62.925  -42.175 0.4000000060
16368  13.925  -63.145  -43.426 0.5000000000
16357  12.477  -63.359  -43.092 0.5000000000
142690  10.967  -63.090  -42.940 0.5000000000
17247  8.899  -62.271  -41.857 0.5000000000
17273  12.982  -61.938  -43.563 0.6000000238
17259  12.267  -62.499  -43.390 0.5000000000
18208  9.835  -61.278  -42.426 0.5000000000
18128  10.055  -61.446  -38.001 0.5000000000
18223  13.119  -60.929  -43.309 0.6000000238
18171  9.086  -61.354  -39.845 0.5000000000
18150  9.074  -61.472  -38.676 0.5000000000
17260  11.266  -61.983  -43.209 0.6000000238
18193  10.040  -60.770  -42.114 0.6000000238
17238  8.645  -61.846  -41.152 0.5000000000
19147  13.960  -60.713  -43.303 0.6000000238
19127  12.599  -60.522  -42.802 0.6000000238
18192  11.096  -60.491  -42.286 0.6000000238
18149  9.981  -61.279  -39.132 0.6000000238
19115  12.134  -60.320  -42.188 0.6000000238
138240  10.827  -61.399  -38.545 0.5000000000
18127  11.269  -61.655  -37.697 0.5000000000
18184  10.664  -60.652  -41.251 0.6000000238
18185  9.660  -60.906  -41.416 0.6000000238
14223  9.001  -65.219  -28.816 0.5000000000
16180  8.646  -63.769  -29.999 0.5000000000
15185  9.290  -64.482  -29.624 0.5000000000
17190  12.194  -62.025  -37.094 0.6000000238
19098  12.731  -60.464  -41.361 0.6000000238
18148  11.656  -61.496  -38.619 0.6000000238
18169  11.046  -60.920  -40.165 0.6000000238
18168  12.021  -61.244  -39.521 0.6000000238
18167  13.072  -61.260  -39.640 0.6000000238
22828  15.692  -56.537  -38.922 0.3000000119
152327  6.044  -53.808  -30.437 0.3000000119
5335  23.951  -77.349  -42.791 0.4000000060
6643  23.385  -75.096  -41.921 0.5000000000
7277  20.066  -74.706  -36.898 0.5000000000
7954  20.069  -73.840  -36.458 0.5000000000
7342  23.619  -74.273  -42.542 0.4000000060
8630  20.044  -72.228  -35.661 0.4000000060
8681  24.431  -72.002  -41.577 0.4000000060
9322  17.877  -71.154  -38.419 0.4000000060
10059  18.541  -70.868  -37.184 0.4000000060
10073  18.522  -70.759  -37.911 0.4000000060
9296  18.538  -71.465  -36.800 0.4000000060
8631  19.343  -72.104  -36.286 0.4000000060
9390  27.341  -71.072  -44.175 0.4000000060
10113  25.466  -70.197  -43.258 0.4000000060
10103  24.675  -70.192  -41.518 0.4000000060
148225  17.753  -71.460  -41.029 0.4000000060
9376  25.992  -71.034  -43.453 0.4000000060
9360  24.934  -71.215  -42.132 0.4000000060
137610  24.696  -69.253  -43.898 0.4000000060
10867  24.393  -69.331  -44.561 0.5000000000
19097  13.645  -60.402  -41.463 0.5000000000
19096  15.107  -60.268  -41.467 0.5000000000
18182  13.401  -60.829  -40.518 0.5000000000
18181  14.429  -60.778  -40.726 0.5000000000
18179  16.397  -61.073  -40.464 0.5000000000
18166  14.017  -61.333  -39.744 0.5000000000
141454  16.787  -61.732  -39.833 0.5000000000
17095  8.051  -63.055  -30.190 0.4000000060
17113  7.642  -62.328  -30.669 0.4000000060
18165  14.979  -61.446  -39.827 0.5000000000
18146  12.828  -61.505  -38.966 0.5000000000
8663  24.164  -71.998  -39.919 0.5000000000
137793  25.162  -71.879  -42.809 0.4000000060
10840  24.910  -69.676  -42.914 0.4000000060
152213  19.737  -88.116  -22.484 0.4000000060
617  18.138  -87.448  -22.977 0.4000000060
662  17.034  -87.803  -28.801 0.4000000060
604  20.023  -87.443  -22.834 0.4000000060
829  19.034  -87.418  -22.837 0.4000000060
880  17.633  -86.999  -28.470 0.4000000060
838  17.798  -86.678  -23.458 0.4000000060
1176  16.985  -85.164  -28.741 0.4000000060
1175  18.019  -85.639  -27.810 0.4000000060
871  17.902  -87.168  -27.532 0.4000000060
1144  20.947  -85.367  -23.819 0.5000000000
1131  20.168  -85.604  -23.372 0.5000000000
1540  20.375  -84.755  -23.626 0.4000000060
1132  19.167  -85.279  -23.420 0.4000000060
863  18.288  -85.892  -26.915 0.4000000060
1549  21.842  -85.048  -25.055 0.5000000000
1948  21.603  -83.920  -24.903 0.5000000000
1550  21.084  -84.534  -24.117 0.5000000000
1542  18.639  -84.650  -23.903 0.4000000060
1145  18.074  -85.247  -24.274 0.4000000060
2413  19.921  -82.144  -24.512 0.4000000060
1941  20.033  -83.944  -23.784 0.4000000060
2448  17.950  -81.638  -27.545 0.4000000060
1982  17.676  -82.467  -27.605 0.4000000060
145516  17.741  -83.475  -27.485 0.4000000060
1165  18.260  -85.088  -26.226 0.4000000060
1154  18.103  -85.160  -25.171 0.4000000060
1983  17.088  -83.073  -28.505 0.4000000060
152902  17.969  -84.288  -27.322 0.4000000060
2424  19.176  -81.598  -25.138 0.5000000000
2414  19.182  -82.481  -24.720 0.4000000060
1951  18.872  -83.182  -24.605 0.4000000060
152722  18.316  -84.642  -24.662 0.4000000060
2934  19.259  -80.588  -25.772 0.5000000000
2935  18.661  -81.447  -25.869 0.4000000060
2425  18.609  -82.444  -25.466 0.4000000060
1558  18.340  -84.225  -25.520 0.4000000060
149592  20.243  -81.887  -28.091 0.3000000119
1991  21.624  -83.532  -29.031 0.3000000119
2447  21.481  -82.036  -28.043 0.4000000060
2963  20.336  -80.943  -27.395 0.3000000119
2961  23.040  -81.294  -27.647 0.4000000060
2962  21.885  -81.198  -27.369 0.4000000060
2474  21.986  -83.054  -30.769 0.3000000119
2473  22.544  -83.011  -30.184 0.4000000060
1990  22.301  -83.308  -29.253 0.4000000060
2976  23.215  -81.765  -28.545 0.4000000060
2990  22.165  -82.178  -30.350 0.4000000060
2986  23.208  -81.942  -29.153 0.4000000060
2985  23.624  -81.329  -28.718 0.4000000060
4014  24.191  -79.891  -28.524 0.3000000119
2964  19.313  -80.653  -27.192 0.3000000119
3455  24.395  -80.594  -27.356 0.3000000119
3457  22.351  -80.405  -26.627 0.4000000060
2991  21.009  -81.392  -30.675 0.4000000060
2960  23.773  -81.171  -27.958 0.3000000119
3479  23.174  -81.108  -29.255 0.4000000060
4021  22.754  -80.089  -29.178 0.4000000060
4015  23.182  -79.502  -28.713 0.4000000060
3459  19.944  -80.175  -26.572 0.4000000060
3458  21.047  -80.225  -26.543 0.4000000060
2995  20.309  -81.745  -31.330 0.4000000060
3999  25.210  -79.773  -28.217 0.3000000119
4027  20.363  -79.510  -30.200 0.4000000060
3491  20.082  -80.686  -30.974 0.4000000060
4594  20.048  -78.636  -30.109 0.4000000060
4023  20.774  -79.040  -29.669 0.4000000060
3480  22.231  -80.596  -29.619 0.4000000060
3428  20.189  -80.105  -25.513 0.4000000060
3427  21.230  -79.984  -25.454 0.4000000060
3438  23.695  -80.331  -26.180 0.3000000119
3426  22.288  -79.985  -25.478 0.4000000060
3454  25.142  -80.473  -27.501 0.3000000119
3492  19.330  -79.939  -31.254 0.4000000060
4036  18.635  -79.077  -31.598 0.4000000060
4595  19.434  -78.399  -30.662 0.4000000060
5198  20.935  -77.471  -28.910 0.4000000060
4022  21.691  -79.548  -29.379 0.4000000060
1960  21.835  -82.966  -25.040 0.4000000060
3425  23.947  -80.494  -25.665 0.3000000119
1971  23.441  -84.377  -25.946 0.4000000060
2423  20.553  -81.530  -24.659 0.4000000060
153280  22.166  -82.000  -24.888 0.4000000060
2422  21.391  -81.694  -24.718 0.4000000060
2931  23.045  -80.522  -25.238 0.4000000060
10880  24.387  -69.806  -45.420 0.4000000060
3481  21.186  -80.029  -29.874 0.4000000060
386  21.510  -88.278  -21.411 0.5000000000
387  20.764  -88.591  -21.416 0.5000000000
388  19.859  -88.965  -21.168 0.5000000000
392  22.527  -87.594  -23.030 0.4000000060
393  22.084  -88.093  -22.023 0.4000000060
444  16.205  -88.198  -29.673 0.4000000060
585  22.220  -87.641  -21.062 0.4000000060
596  23.272  -87.260  -21.977 0.3000000119
603  22.630  -87.714  -21.964 0.3000000119
605  18.890  -88.459  -22.402 0.4000000060
614  22.259  -87.368  -23.563 0.5000000000
615  21.757  -87.559  -23.454 0.5000000000
616  21.048  -87.707  -23.143 0.5000000000
625  23.013  -86.742  -24.268 0.4000000060
646  17.918  -87.127  -28.055 0.4000000060
655  17.448  -87.420  -28.376 0.4000000060
819  24.050  -86.812  -22.000 0.3000000119
836  19.208  -86.318  -23.130 0.4000000060
837  18.398  -86.727  -23.099 0.4000000060
844  22.085  -85.994  -24.836 0.4000000060
851  23.806  -85.722  -25.057 0.4000000060
854  18.063  -85.939  -25.881 0.4000000060
862  22.554  -85.968  -24.937 0.4000000060
870  18.132  -86.588  -27.558 0.4000000060
879  17.809  -86.440  -28.275 0.4000000060
1130  21.232  -86.352  -23.857 0.5000000000
1133  18.417  -85.522  -23.605 0.4000000060
1134  17.760  -85.944  -23.872 0.4000000060
1143  21.698  -85.819  -24.636 0.5000000000
1152  24.485  -85.037  -25.711 0.3000000119
1153  22.176  -85.766  -25.498 0.5000000000
1161  24.396  -84.765  -25.908 0.3000000119
1162  23.379  -84.924  -25.670 0.4000000060
1163  22.487  -85.199  -25.533 0.4000000060
1164  22.481  -85.257  -25.669 0.4000000060
1174  26.097  -84.384  -26.430 0.3000000119
1232  23.948  -85.088  -35.775 0.3000000119
1234  22.092  -85.654  -35.978 0.4000000060
1258  21.861  -85.636  -36.784 0.4000000060
1541  19.559  -84.621  -23.596 0.4000000060
1551  19.148  -83.840  -23.959 0.4000000060
1557  22.199  -84.811  -25.890 0.5000000000
1561  27.000  -83.910  -26.562 0.3000000119
1566  18.185  -84.227  -26.674 0.4000000060
1572  27.411  -83.669  -27.181 0.3000000119
1574  17.455  -84.300  -28.070 0.4000000060
1617  24.972  -84.548  -34.877 0.4000000060
1619  23.620  -84.826  -34.487 0.4000000060
1620  22.303  -85.163  -35.188 0.3000000119
1632  24.504  -84.921  -35.475 0.4000000060
1634  21.503  -85.326  -35.717 0.4000000060
1642  24.967  -84.386  -36.590 0.4000000060
1646  20.736  -85.396  -36.141 0.3000000119
1655  24.381  -84.417  -36.472 0.4000000060
1656  22.310  -85.372  -36.753 0.4000000060
1949  20.592  -83.297  -24.203 0.4000000060
1950  19.571  -83.118  -24.227 0.4000000060
1957  24.605  -83.990  -26.208 0.4000000060
1959  22.657  -83.305  -25.419 0.4000000060
1961  18.491  -83.391  -25.263 0.4000000060
1966  30.132  -82.705  -26.215 0.3000000119
1967  29.178  -83.096  -26.221 0.3000000119
1969  26.961  -83.823  -27.230 0.4000000060
1972  22.638  -84.751  -25.789 0.5000000000
1973  18.166  -81.968  -26.587 0.4000000060
1979  28.676  -82.521  -27.596 0.3000000119
1980  27.946  -82.972  -27.289 0.3000000119
1981  26.328  -83.936  -26.836 0.3000000119
1989  27.638  -83.069  -27.720 0.3000000119
2000  22.509  -83.244  -29.669 0.4000000060
2009  22.272  -83.790  -30.278 0.4000000060
2026  24.312  -83.315  -33.771 0.3000000119
2027  23.599  -83.436  -33.736 0.4000000060
2037  24.890  -83.945  -34.265 0.3000000119
2054  20.779  -84.329  -35.559 0.3000000119
2061  26.398  -83.724  -36.282 0.4000000060
2063  23.196  -84.359  -36.619 0.3000000119
2077  24.089  -84.127  -36.569 0.4000000060
2078  22.484  -84.917  -37.060 0.4000000060
2088  25.337  -83.517  -38.453 0.3000000119
2412  21.043  -82.587  -24.553 0.4000000060
2420  24.608  -82.244  -25.599 0.5000000000
2421  22.935  -81.653  -25.033 0.4000000060
2429  33.703  -81.845  -26.130 0.3000000119
2431  31.313  -82.106  -26.825 0.3000000119
2432  26.815  -82.947  -27.126 0.4000000060
2444  28.085  -82.439  -28.023 0.4000000060
2445  27.187  -82.278  -27.543 0.4000000060
2446  22.569  -82.058  -28.277 0.4000000060
2457  29.662  -81.808  -28.325 0.3000000119
2458  28.880  -82.016  -28.299 0.3000000119
2459  28.468  -82.039  -28.333 0.3000000119
2460  22.732  -82.600  -29.066 0.4000000060
2461  22.106  -82.843  -28.716 0.4000000060
2470  22.769  -82.510  -29.665 0.4000000060
2475  21.314  -82.283  -30.928 0.3000000119
2489  24.281  -82.448  -33.597 0.3000000119
2492  22.288  -82.371  -33.881 0.4000000060
2502  24.898  -82.927  -34.023 0.3000000119
2503  22.719  -83.460  -34.052 0.4000000060
2514  26.671  -83.139  -35.570 0.4000000060
2516  21.244  -83.509  -34.976 0.3000000119
2525  24.407  -82.857  -37.053 0.3000000119
2534  24.858  -83.451  -37.775 0.5000000000
2536  22.462  -82.752  -37.084 0.3000000119
2543  26.640  -83.073  -38.387 0.4000000060
2552  26.213  -83.078  -39.241 0.4000000060
2553  25.611  -82.969  -40.044 0.4000000060
2554  25.013  -83.075  -40.097 0.3000000119
2563  25.186  -82.707  -40.736 0.4000000060
2572  25.010  -82.405  -41.371 0.4000000060
2922  19.900  -80.914  -24.980 0.5000000000
2929  25.577  -81.229  -26.400 0.4000000060
2932  22.000  -80.713  -24.882 0.4000000060
2933  20.829  -80.641  -24.951 0.4000000060
2945  33.796  -81.379  -26.748 0.3000000119
2947  19.153  -80.413  -26.583 0.5000000000
2948  18.507  -81.090  -26.593 0.4000000060
2956  32.341  -81.091  -27.473 0.3000000119
2957  31.211  -81.146  -27.899 0.3000000119
2959  27.006  -81.238  -27.704 0.4000000060
2965  18.539  -81.022  -27.360 0.3000000119
2972  30.228  -81.412  -28.333 0.3000000119
2973  29.475  -81.634  -28.578 0.3000000119
2974  28.936  -81.888  -28.615 0.3000000119
2987  22.684  -81.641  -29.712 0.4000000060
3014  26.258  -81.985  -34.873 0.3000000119
3016  24.703  -82.132  -33.864 0.3000000119
3018  20.461  -81.288  -34.765 0.3000000119
3023  26.847  -82.193  -35.319 0.4000000060
3024  20.122  -81.870  -35.298 0.3000000119
3032  24.208  -81.821  -36.953 0.3000000119
3070  26.621  -82.333  -39.765 0.4000000060
3071  24.823  -82.636  -40.342 0.3000000119
3077  24.825  -82.244  -41.126 0.4000000060
3081  25.964  -81.857  -41.473 0.4000000060
3082  25.225  -81.988  -41.910 0.4000000060
3089  25.674  -81.340  -42.233 0.4000000060
3091  24.940  -81.182  -42.589 0.4000000060
3435  26.087  -80.785  -27.101 0.4000000060
3436  25.304  -80.693  -26.772 0.4000000060
3437  24.559  -80.599  -26.417 0.3000000119
3439  22.731  -80.014  -25.999 0.4000000060
3440  21.660  -79.823  -25.946 0.4000000060
3441  20.557  -79.788  -25.964 0.4000000060
3442  19.755  -80.004  -26.039 0.4000000060
3453  25.680  -80.255  -27.693 0.3000000119
3456  23.486  -80.554  -26.881 0.4000000060
3469  31.122  -80.946  -28.100 0.3000000119
3472  28.592  -81.530  -28.655 0.3000000119
3474  24.731  -80.254  -28.191 0.3000000119
3475  24.137  -80.724  -28.337 0.3000000119
3485  21.703  -81.044  -30.143 0.4000000060
3486  20.667  -80.410  -30.414 0.4000000060
3487  19.876  -79.816  -30.678 0.4000000060
3497  23.620  -80.738  -32.866 0.3000000119
3507  21.362  -80.213  -33.588 0.3000000119
3535  23.948  -80.849  -36.794 0.3000000119
3537  22.246  -79.914  -36.648 0.4000000060
3590  26.141  -80.213  -43.036 0.3000000119
3591  25.527  -80.778  -42.748 0.3000000119
3593  24.893  -80.529  -42.874 0.5000000000
3601  25.503  -80.125  -43.201 0.5000000000
3602  25.094  -79.952  -43.277 0.5000000000
3996  27.225  -79.389  -27.881 0.4000000060
4013  28.762  -80.672  -28.506 0.3000000119
4016  22.161  -79.018  -28.854 0.4000000060
4028  19.782  -79.118  -30.499 0.4000000060
4032  24.486  -79.474  -31.944 0.3000000119
4035  19.289  -79.117  -30.977 0.4000000060
4042  22.469  -79.636  -32.538 0.3000000119
4043  21.531  -79.393  -33.120 0.3000000119
4051  19.648  -78.640  -34.228 0.4000000060
4059  18.859  -78.703  -34.701 0.4000000060
4060  18.193  -78.868  -35.139 0.4000000060
4069  18.341  -79.583  -35.568 0.3000000119
4078  23.252  -79.173  -36.616 0.4000000060
4079  22.466  -79.197  -36.496 0.4000000060
4110  24.122  -79.118  -41.168 0.4000000060
4128  24.830  -79.649  -43.139 0.4000000060
4135  26.678  -78.859  -43.636 0.3000000119
4137  25.129  -78.883  -43.598 0.5000000000
4564  26.741  -78.515  -27.541 0.4000000060
4567  24.052  -78.171  -27.819 0.5000000000
4579  24.641  -79.151  -28.300 0.3000000119
4585  21.242  -78.510  -29.120 0.4000000060
4586  20.381  -77.908  -29.549 0.5000000000
4590  26.899  -78.717  -31.286 0.3000000119
4593  24.521  -78.372  -30.928 0.3000000119
4603  28.384  -78.795  -32.209 0.3000000119
4604  27.054  -78.916  -31.901 0.3000000119
4605  26.379  -78.822  -31.712 0.3000000119
4606  25.525  -78.879  -31.610 0.3000000119
4620  25.524  -78.863  -31.972 0.3000000119
4623  21.353  -77.916  -32.549 0.3000000119
4624  20.560  -77.415  -33.051 0.4000000060
4625  17.863  -77.736  -33.121 0.4000000060
4631  24.365  -79.291  -33.032 0.3000000119
4653  23.496  -78.491  -36.850 0.4000000060
4655  21.922  -78.547  -36.405 0.4000000060
4670  24.200  -79.053  -38.395 0.4000000060
4703  23.945  -78.386  -41.471 0.4000000060
4712  24.526  -79.248  -42.763 0.4000000060
4721  24.839  -78.065  -43.674 0.5000000000
4734  25.172  -78.061  -43.831 0.4000000060
5179  25.210  -77.670  -27.240 0.4000000060
5190  23.130  -77.715  -27.800 0.5000000000
5191  22.183  -77.359  -28.010 0.5000000000
5209  27.593  -78.543  -31.012 0.3000000119
5212  24.469  -77.437  -30.538 0.3000000119
5214  22.919  -77.017  -30.998 0.3000000119
5215  19.929  -76.816  -29.923 0.5000000000
5216  19.448  -76.666  -30.661 0.5000000000
5227  27.431  -78.870  -31.614 0.3000000119
5229  22.109  -76.740  -31.463 0.3000000119
5232  18.566  -77.169  -31.849 0.4000000060
5240  27.950  -78.387  -32.403 0.3000000119
5245  19.042  -76.449  -32.927 0.4000000060
5246  18.429  -77.069  -32.855 0.4000000060
5252  19.883  -77.445  -33.494 0.4000000060
5256  25.224  -77.391  -34.751 0.3000000119
5261  26.155  -77.378  -35.399 0.3000000119
5269  21.452  -77.784  -36.385 0.4000000060
5289  23.683  -77.476  -38.322 0.3000000119
5327  23.738  -77.548  -41.826 0.5000000000
5350  25.820  -77.735  -44.076 0.4000000060
5352  24.915  -77.427  -43.857 0.4000000060
5805  25.608  -76.267  -26.461 0.5000000000
5806  24.810  -75.787  -26.522 0.4000000060
5807  24.148  -75.208  -26.804 0.4000000060
5827  21.959  -76.150  -27.889 0.5000000000
5828  21.285  -75.768  -28.596 0.4000000060
5847  23.147  -75.076  -30.039 0.3000000119
5848  20.851  -75.339  -29.360 0.5000000000
5862  26.837  -77.136  -30.214 0.3000000119
5864  24.985  -76.865  -30.227 0.3000000119
5866  23.101  -76.168  -30.576 0.3000000119
5874  19.959  -75.401  -32.011 0.4000000060
5875  19.412  -75.765  -31.813 0.5000000000
5894  24.629  -76.385  -33.061 0.3000000119
5899  24.548  -76.479  -33.799 0.3000000119
5907  21.811  -76.136  -35.729 0.5000000000
5956  23.462  -76.365  -39.544 0.6000000238
5975  23.580  -76.659  -42.169 0.6000000238
6447  26.880  -75.252  -26.497 0.3000000119
6448  25.513  -75.354  -26.480 0.3000000119
6514  26.072  -75.041  -29.031 0.3000000119
6517  22.742  -74.374  -29.544 0.3000000119
6531  22.139  -74.562  -30.039 0.4000000060
6532  21.339  -74.704  -30.277 0.4000000060
6533  19.992  -75.231  -31.307 0.5000000000
6545  20.748  -75.023  -31.102 0.4000000060
6556  24.953  -75.872  -32.668 0.3000000119
6557  24.645  -75.337  -32.934 0.3000000119
6578  25.855  -75.949  -35.498 0.3000000119
6592  22.953  -75.521  -36.547 0.5000000000
6593  22.384  -75.532  -35.882 0.6000000238
6594  21.036  -75.789  -35.712 0.6000000238
6606  23.287  -75.360  -37.374 0.6000000238
6631  23.395  -75.540  -39.785 0.6000000238
7150  26.183  -74.943  -26.563 0.3000000119
7151  25.500  -74.625  -26.814 0.3000000119
7157  25.559  -74.302  -27.268 0.3000000119
7158  24.791  -74.389  -27.262 0.4000000060
7169  27.089  -74.536  -27.423 0.3000000119
7173  23.394  -74.219  -28.237 0.4000000060
7175  21.776  -74.464  -29.114 0.4000000060
7187  22.964  -74.140  -28.941 0.3000000119
7188  22.279  -74.305  -29.315 0.4000000060
7229  24.731  -74.523  -32.824 0.3000000119
7257  22.216  -74.782  -35.552 0.6999999881
7258  21.562  -74.659  -35.335 0.6999999881
7288  23.321  -74.582  -37.659 0.6000000238
7330  23.449  -74.341  -41.353 0.6000000238
7990  23.580  -73.393  -39.166 0.6999999881
7992  18.461  -73.520  -38.883 0.5000000000
8643  18.529  -72.303  -36.961 0.6000000238
8652  23.591  -72.930  -38.483 0.6999999881
8675  24.358  -71.778  -40.700 0.5000000000
8704  17.760  -72.489  -45.865 0.6999999881
8708  19.476  -72.534  -47.312 0.6999999881
8709  18.618  -72.530  -47.108 0.8000000119
8710  17.778  -72.513  -46.907 0.8000000119
9283  22.804  -71.650  -36.097 0.8000000119
9284  19.839  -71.490  -35.752 0.6000000238
9285  19.259  -71.252  -36.290 0.6000000238
9286  12.643  -71.435  -36.131 0.5000000000
9308  24.129  -70.474  -39.089 0.6999999881
9310  17.872  -71.373  -37.471 0.5000000000
9312  16.473  -72.028  -38.063 0.5000000000
9320  24.316  -71.113  -39.412 0.6999999881
9333  18.801  -71.184  -40.054 0.5000000000
9348  18.480  -71.463  -41.407 0.6000000238
9359  25.391  -71.053  -42.932 0.4000000060
9361  20.208  -71.341  -42.655 0.8000000119
9362  19.554  -71.524  -42.527 0.8000000119
9365  16.064  -71.512  -41.743 0.5000000000
9391  21.042  -71.581  -45.016 0.6000000238
9392  20.259  -71.886  -44.704 0.6000000238
9411  14.978  -71.503  -46.191 0.6999999881
9417  18.011  -72.220  -47.737 0.8000000119
9419  16.111  -71.287  -47.783 0.8000000119
9424  21.598  -72.238  -47.812 0.5000000000
9433  20.388  -71.547  -48.555 0.5000000000
10031  21.845  -70.570  -35.566 0.6999999881
10042  21.320  -69.934  -35.859 0.6000000238
10055  23.198  -70.198  -37.606 0.8000000119
10056  22.704  -70.080  -36.873 0.8000000119
10057  20.036  -69.952  -37.748 0.6000000238
10058  19.128  -70.721  -36.701 0.6000000238
10081  23.934  -69.870  -39.294 0.6999999881
10093  21.119  -70.283  -40.836 0.8000000119
10094  20.469  -70.601  -40.535 0.8000000119
10114  25.031  -70.180  -42.435 0.4000000060
10115  21.378  -70.333  -42.236 0.6999999881
10116  20.751  -70.935  -42.489 0.8000000119
10126  26.130  -70.112  -43.837 0.4000000060
10140  21.602  -70.828  -44.389 0.6999999881
10143  14.295  -70.437  -44.807 0.6999999881
10176  20.007  -70.787  -48.731 0.6000000238
10757  13.410  -69.243  -36.133 0.6000000238
10769  22.601  -69.670  -37.563 0.8000000119
10771  13.805  -69.264  -36.798 0.6000000238
10782  21.792  -69.498  -38.688 0.6999999881
10783  20.947  -69.655  -38.192 0.6999999881
10795  24.090  -69.726  -40.090 0.6999999881
10796  23.358  -69.369  -39.748 0.8000000119
10829  23.503  -69.223  -41.008 0.6999999881
10843  22.884  -69.159  -42.420 0.6000000238
10844  21.999  -69.821  -42.751 0.6999999881
10852  25.295  -69.585  -43.679 0.4000000060
10853  24.400  -69.198  -43.102 0.4000000060
10854  24.017  -69.065  -43.797 0.5000000000
10868  23.646  -69.304  -44.332 0.6000000238
10871  13.145  -67.966  -43.930 0.5000000000
10881  23.635  -69.684  -45.010 0.4000000060
10893  16.594  -69.418  -47.674 0.8000000119
10895  15.019  -69.994  -47.141 0.6999999881
10901  17.089  -70.037  -48.275 0.8999999762
10907  22.451  -69.785  -48.709 0.6000000238
10910  19.555  -70.010  -48.530 0.6000000238
10911  18.838  -70.148  -48.532 0.6999999881
11580  13.029  -68.704  -35.942 0.6000000238
11613  14.183  -68.610  -38.337 0.6000000238
11662  16.705  -67.938  -45.464 0.6999999881
11670  15.338  -69.191  -46.796 0.8000000119
11671  14.236  -68.843  -45.601 0.6000000238
11682  21.112  -67.883  -48.030 0.6000000238
12333  10.916  -67.628  -30.037 0.6000000238
12334  9.262  -67.822  -29.681 0.5000000000
12340  11.144  -67.656  -30.655 0.6000000238
12383  12.334  -68.063  -36.223 0.5000000000
12393  13.967  -67.807  -36.718 0.6000000238
12402  17.159  -67.245  -39.026 0.6000000238
12405  15.184  -68.002  -38.041 0.5000000000
12416  16.930  -67.557  -39.149 0.5000000000
12419  13.958  -68.324  -39.167 0.5000000000
12429  18.740  -66.912  -40.297 0.5000000000
12430  18.211  -67.468  -40.258 0.5000000000
12431  16.911  -67.818  -39.716 0.6000000238
12434  13.622  -67.741  -40.163 0.5000000000
12444  18.808  -67.386  -40.942 0.6000000238
12446  17.270  -67.812  -41.344 0.6000000238
12448  13.378  -67.040  -41.121 0.6000000238
12459  19.347  -67.212  -41.684 0.6000000238
12463  16.104  -67.354  -42.568 0.6000000238
12465  10.417  -67.046  -42.994 0.6000000238
12473  13.240  -66.706  -43.908 0.6000000238
12479  18.940  -66.931  -44.475 0.8000000119
12503  22.255  -67.023  -47.881 0.6000000238
12512  22.463  -67.753  -48.362 0.6000000238
13201  11.351  -67.115  -29.856 0.6000000238
13203  9.065  -66.961  -28.792 0.6000000238
13209  13.082  -66.590  -30.749 0.6000000238
13221  10.810  -67.565  -31.246 0.6000000238
13242  13.161  -66.741  -31.430 0.6000000238
13243  11.310  -67.208  -31.960 0.5000000000
13244  10.299  -67.042  -31.987 0.5000000000
13292  12.547  -66.651  -37.141 0.5000000000
13307  17.071  -66.879  -38.827 0.5000000000
13308  15.738  -66.830  -38.056 0.6000000238
13309  13.887  -66.171  -37.651 0.5000000000
13344  18.497  -66.483  -39.943 0.6000000238
13359  13.214  -66.367  -42.163 0.6999999881
13360  12.442  -66.103  -42.574 0.5000000000
13362  10.853  -66.611  -42.677 0.6000000238
13379  11.410  -66.218  -42.982 0.6000000238
13388  19.505  -66.884  -43.480 0.6999999881
13391  11.774  -66.330  -43.266 0.5000000000
13424  18.541  -66.704  -46.305 0.6999999881
13430  23.329  -66.641  -47.600 0.5000000000
13432  21.820  -66.307  -47.431 0.5000000000
14221  10.798  -66.534  -29.393 0.5000000000
14222  9.372  -66.190  -28.768 0.6000000238
14229  13.512  -65.747  -30.570 0.6000000238
14260  13.851  -66.055  -31.714 0.5000000000
14262  11.854  -66.600  -32.610 0.6000000238
14271  18.422  -65.192  -33.526 0.6999999881
14274  12.487  -65.287  -33.393 0.6000000238
14275  11.953  -65.880  -33.225 0.5000000000
14289  18.248  -65.470  -34.153 0.6000000238
14290  17.446  -65.482  -34.263 0.6999999881
14302  17.845  -65.499  -34.908 0.6999999881
14343  11.940  -65.647  -38.378 0.5000000000
14362  13.036  -64.972  -39.246 0.5000000000
14365  10.274  -65.004  -39.983 0.6000000238
14381  16.428  -65.117  -39.950 0.6000000238
14401  18.673  -65.414  -40.724 0.6000000238
14414  20.668  -65.474  -42.015 0.5000000000
14425  19.959  -66.009  -43.836 0.6999999881
14445  20.067  -64.895  -45.348 0.6000000238
14446  19.494  -65.471  -45.623 0.6999999881
14457  19.492  -65.615  -46.099 0.6000000238
15186  8.676  -64.260  -29.157 0.5000000000
15195  14.418  -64.483  -30.588 0.6000000238
15196  13.756  -64.864  -30.436 0.6000000238
15198  11.688  -65.098  -29.988 0.6000000238
15219  15.526  -64.333  -31.163 0.8000000119
15234  17.636  -64.427  -32.269 0.6999999881
15235  16.769  -64.469  -32.073 0.8000000119
15237  14.963  -64.780  -31.585 0.6999999881
15242  19.464  -64.483  -33.685 0.5000000000
15244  18.056  -64.961  -32.905 0.6999999881
15249  11.620  -65.203  -33.717 0.6000000238
15269  20.219  -64.640  -35.126 0.6000000238
15271  19.102  -65.141  -34.024 0.6000000238
15272  16.654  -65.306  -34.395 0.8000000119
15274  13.622  -63.900  -34.011 0.6999999881
15276  11.275  -64.397  -34.276 0.5000000000
15297  14.891  -64.302  -34.863 0.6999999881
15306  19.638  -64.944  -35.746 0.6000000238
15307  18.754  -64.917  -36.301 0.6000000238
15308  17.676  -64.852  -36.288 0.8000000119
15309  16.596  -64.663  -36.097 0.8000000119
15343  13.795  -64.445  -40.342 0.6999999881
15365  12.302  -64.199  -40.956 0.6000000238
15380  21.094  -63.750  -41.741 0.6000000238
15385  15.366  -64.194  -41.873 0.6999999881
15387  13.442  -63.794  -42.067 0.6000000238
15390  10.455  -64.171  -41.473 0.5000000000
15394  21.464  -64.075  -42.307 0.5000000000
15397  17.147  -64.283  -42.251 0.6999999881
15404  21.051  -64.628  -43.786 0.5000000000
16159  8.363  -63.569  -29.471 0.5000000000
16173  15.354  -63.267  -30.512 0.8000000119
16174  14.546  -63.453  -30.397 0.6999999881
16175  13.632  -63.324  -30.346 0.6000000238
16178  10.125  -63.730  -30.563 0.6999999881
16179  9.327  -63.823  -30.351 0.5000000000
16195  17.474  -62.933  -31.430 0.6999999881
16203  18.082  -63.596  -32.028 0.6999999881
16224  21.046  -63.383  -34.658 0.4000000060
16226  19.975  -63.940  -33.814 0.4000000060
16227  14.038  -63.735  -34.670 0.6999999881
16229  12.697  -63.158  -35.021 0.6000000238
16230  11.021  -63.565  -34.810 0.5000000000
16231  10.100  -63.281  -35.034 0.5000000000
16241  20.893  -63.956  -35.390 0.5000000000
16242  15.045  -64.144  -35.849 0.6999999881
16243  13.653  -63.318  -35.436 0.6999999881
16244  11.723  -63.000  -35.175 0.6000000238
16261  18.899  -64.331  -36.938 0.5000000000
16263  16.189  -64.002  -36.779 0.6000000238
16265  14.438  -63.521  -36.274 0.6999999881
16284  17.597  -63.722  -37.474 0.5000000000
16286  14.251  -62.985  -37.060 0.8000000119
16298  17.162  -63.140  -38.022 0.6000000238
16299  16.285  -63.007  -37.987 0.6999999881
16340  12.663  -63.632  -42.650 0.5000000000
16343  9.806  -63.691  -42.043 0.5000000000
16344  9.035  -63.299  -41.736 0.4000000060
16348  22.051  -63.090  -42.575 0.5000000000
16350  19.017  -63.068  -42.003 0.6000000238
16353  15.868  -63.644  -43.204 0.6000000238
16354  15.073  -63.604  -43.136 0.6000000238
16355  14.285  -63.522  -43.088 0.5000000000
16358  10.126  -63.028  -42.528 0.5000000000
16366  15.287  -63.210  -43.556 0.5000000000
16371  22.821  -63.024  -44.640 0.6000000238
16375  22.145  -63.505  -45.299 0.5000000000
17088  15.115  -62.324  -30.369 0.8000000119
17089  14.065  -62.465  -30.309 0.6000000238
17090  13.156  -62.518  -30.487 0.6000000238
17091  12.291  -62.672  -30.714 0.6999999881
17092  11.382  -62.849  -30.903 0.6000000238
17112  9.047  -62.697  -31.297 0.6999999881
17117  18.581  -63.091  -32.428 0.6000000238
17127  19.732  -63.140  -33.501 0.4000000060
17128  19.106  -63.064  -32.968 0.4000000060
17144  21.474  -62.718  -34.789 0.4000000060
17157  11.466  -62.411  -35.794 0.5000000000
17158  10.548  -62.311  -35.918 0.6000000238
17159  9.541  -62.307  -35.971 0.5000000000
17172  11.185  -61.954  -36.586 0.6000000238
17189  14.936  -62.903  -37.583 0.8000000119
17191  10.468  -61.707  -37.180 0.5000000000
17213  12.243  -61.786  -38.002 0.6000000238
17226  17.220  -62.225  -39.225 0.6000000238
17230  13.608  -61.691  -38.850 0.6000000238
17245  21.130  -63.115  -41.795 0.5000000000
17246  20.532  -63.246  -41.607 0.6000000238
17256  18.381  -62.652  -42.709 0.6000000238
17258  13.108  -62.948  -43.428 0.5000000000
17261  10.311  -62.064  -42.827 0.5000000000
17262  9.525  -62.052  -42.384 0.5000000000
17263  26.318  -61.664  -44.394 0.6000000238
17266  23.163  -62.420  -43.717 0.6000000238
17267  17.894  -62.102  -43.334 0.6000000238
17268  17.109  -62.322  -43.623 0.6000000238
17271  14.556  -62.611  -43.714 0.5000000000
17272  13.712  -62.457  -43.665 0.6000000238
18041  15.610  -61.573  -30.545 0.8000000119
18051  17.497  -61.947  -31.495 0.6999999881
18052  16.829  -61.387  -31.067 0.6999999881
18053  12.904  -60.943  -30.992 0.8000000119
18054  12.038  -61.287  -31.321 0.6999999881
18055  11.160  -61.662  -31.607 0.8000000119
18057  8.897  -61.908  -31.897 0.6000000238
18059  7.340  -61.691  -31.195 0.4000000060
18067  9.878  -60.910  -32.536 0.6000000238
18079  18.275  -61.405  -33.522 0.5000000000
18094  21.283  -61.947  -34.265 0.4000000060
18095  19.667  -61.682  -33.710 0.4000000060
18097  18.049  -61.011  -34.270 0.4000000060
18114  9.602  -61.702  -37.218 0.5000000000
18147  12.368  -61.573  -38.665 0.6000000238
18164  15.908  -61.639  -39.862 0.5000000000
18170  9.978  -61.008  -40.360 0.6000000238
18180  15.475  -60.940  -40.584 0.5000000000
18183  12.441  -60.821  -40.437 0.6000000238
18194  9.250  -61.315  -41.837 0.6000000238
18198  27.068  -60.859  -43.336 0.5000000000
18199  26.935  -61.476  -42.908 0.5000000000
18201  21.731  -61.786  -42.552 0.5000000000
18203  19.737  -61.914  -42.400 0.6000000238
18204  18.744  -61.884  -42.910 0.6000000238
18205  12.152  -61.234  -43.260 0.6000000238
18206  11.310  -60.938  -42.931 0.6000000238
18207  10.537  -61.069  -42.738 0.6000000238
18210  26.834  -60.877  -43.938 0.5000000000
18211  26.549  -61.129  -44.298 0.6000000238
18214  21.854  -60.938  -42.966 0.5000000000
18215  20.913  -61.039  -42.881 0.6000000238
18218  17.384  -61.361  -43.537 0.6000000238
18219  16.575  -61.525  -43.662 0.6999999881
18220  15.242  -61.466  -43.651 0.6999999881
18222  13.698  -61.577  -43.628 0.6000000238
18226  24.591  -62.036  -44.635 0.6000000238
18965  16.092  -61.023  -30.800 0.8000000119
18967  14.702  -60.948  -30.648 0.8000000119
18974  16.444  -60.705  -31.422 0.6999999881
18975  15.618  -60.441  -31.183 0.8000000119
18976  14.795  -60.367  -31.020 0.8000000119
18979  7.191  -61.117  -31.630 0.5000000000
18990  16.645  -60.633  -32.399 0.6999999881
18992  12.798  -59.313  -32.425 0.6999999881
18993  11.669  -59.990  -32.268 0.6000000238
18994  10.790  -60.540  -32.453 0.8000000119
18996  8.114  -60.815  -32.741 0.5000000000
19013  16.723  -60.717  -33.661 0.6999999881
19015  7.532  -60.248  -33.020 0.5000000000
19031  18.252  -60.690  -34.348 0.5000000000
19042  17.275  -60.195  -35.403 0.4000000060
19043  16.629  -60.156  -35.506 0.4000000060
19094  17.006  -60.321  -40.993 0.5000000000
19099  11.751  -60.476  -41.348 0.6000000238
19108  27.367  -60.377  -41.790 0.5000000000
19110  17.362  -59.435  -41.615 0.5000000000
19112  15.639  -59.741  -42.127 0.6000000238
19114  13.059  -60.275  -42.228 0.6000000238
19123  16.370  -59.803  -43.015 0.5000000000
19125  14.388  -60.226  -42.840 0.6999999881
19128  11.813  -60.574  -42.751 0.6000000238
19135  26.678  -60.667  -43.999 0.5000000000
19137  24.177  -60.757  -43.852 0.6000000238
19142  18.349  -59.916  -43.335 0.6999999881
19144  16.777  -60.526  -43.422 0.6999999881
19146  14.837  -60.571  -43.322 0.6000000238
19149  26.025  -60.881  -44.616 0.6000000238
19150  25.548  -61.152  -44.692 0.6000000238
19873  7.089  -60.231  -30.971 0.5000000000
19892  14.275  -59.484  -32.209 0.8000000119
19893  13.521  -59.316  -32.452 0.6999999881
19894  11.557  -59.340  -32.915 0.6999999881
19912  18.382  -59.206  -34.080 0.4000000060
19913  15.233  -59.864  -33.524 0.6999999881
19916  8.906  -59.843  -33.709 0.6000000238
19918  7.123  -59.516  -33.354 0.5000000000
19929  15.872  -60.103  -35.038 0.5000000000
19931  14.282  -59.358  -35.085 0.6999999881
19956  16.201  -59.345  -36.638 0.3000000119
19957  15.382  -59.384  -36.396 0.6000000238
19991  27.459  -59.481  -41.778 0.5000000000
19996  17.140  -59.226  -42.168 0.5000000000
20018  27.086  -59.478  -43.212 0.5000000000
20020  26.397  -59.627  -43.811 0.5000000000
20024  20.018  -59.240  -43.273 0.6999999881
20025  18.414  -58.946  -42.878 0.5000000000
20026  17.632  -59.433  -43.062 0.6999999881
20028  26.515  -60.394  -44.008 0.5000000000
20030  25.522  -60.312  -44.297 0.6000000238
20833  12.250  -59.052  -32.965 0.6999999881
20852  12.378  -58.801  -33.511 0.6999999881
20855  9.721  -59.168  -34.204 0.6000000238
20856  6.715  -58.711  -33.719 0.4000000060
20869  12.989  -58.795  -33.905 0.6999999881
20870  12.093  -58.590  -34.229 0.6999999881
20874  7.882  -58.298  -34.964 0.5000000000
20886  17.297  -59.018  -36.558 0.3000000119
20887  12.668  -58.706  -35.863 0.6999999881
20890  9.979  -58.258  -36.327 0.6000000238
20898  17.720  -58.377  -37.082 0.3000000119
20899  17.049  -58.653  -37.309 0.3000000119
20902  14.706  -58.988  -36.956 0.6000000238
20906  10.061  -57.910  -37.202 0.6000000238
20907  9.116  -57.787  -36.685 0.6999999881
20914  17.338  -57.922  -38.009 0.3000000119
20917  14.831  -58.457  -37.752 0.4000000060
20956  19.265  -58.298  -42.350 0.5000000000
20967  26.677  -58.781  -43.478 0.5000000000
20969  25.247  -58.381  -43.735 0.5000000000
21823  7.860  -57.477  -35.532 0.6999999881
21824  7.372  -57.095  -35.067 0.6000000238
21837  10.270  -57.383  -37.597 0.6000000238
21847  16.595  -57.704  -38.420 0.4000000060
21848  15.885  -57.800  -38.409 0.4000000060
21850  14.081  -57.807  -38.256 0.5000000000
21851  12.455  -57.492  -38.111 0.4000000060
21852  11.024  -57.315  -37.873 0.6000000238
21862  15.345  -57.279  -38.719 0.4000000060
22779  7.776  -56.706  -35.579 0.6000000238
22800  19.581  -56.871  -36.511 0.3000000119
22803  9.846  -56.720  -37.424 0.6999999881
22815  14.236  -56.043  -38.323 0.4000000060
22827  16.611  -56.493  -39.055 0.3000000119
23739  12.287  -55.224  -29.400 0.3000000119
23740  11.572  -55.573  -29.690 0.3000000119
23742  10.239  -55.115  -29.478 0.4000000060
23765  11.098  -55.773  -30.400 0.3000000119
23789  11.318  -55.950  -31.383 0.3000000119
23791  8.104  -54.439  -32.327 0.6000000238
23806  12.266  -55.769  -32.528 0.3000000119
23810  7.194  -54.463  -33.204 0.6000000238
23826  10.049  -54.749  -33.951 0.4000000060
23828  7.827  -54.916  -33.955 0.6000000238
23829  6.806  -55.295  -34.146 0.6000000238
23840  12.399  -54.832  -34.175 0.4000000060
23844  7.857  -55.805  -35.410 0.5000000000
23853  10.807  -54.677  -36.381 0.4000000060
23855  9.182  -55.245  -36.394 0.5000000000
23863  21.210  -55.219  -37.641 0.3000000119
23864  20.788  -55.840  -36.841 0.3000000119
23866  14.394  -54.734  -36.802 0.4000000060
23867  13.796  -55.300  -37.605 0.6000000238
23884  15.826  -54.941  -38.318 0.3000000119
23887  11.401  -56.539  -37.768 0.6000000238
24767  5.955  -54.591  -27.589 0.4000000060
24777  8.716  -54.052  -28.358 0.4000000060
24795  5.697  -53.964  -30.059 0.3000000119
24807  6.595  -53.807  -30.806 0.3000000119
24820  8.664  -54.463  -30.725 0.4000000060
24821  7.612  -54.114  -31.411 0.5000000000
24835  5.604  -54.451  -32.763 0.5000000000
24842  15.501  -54.485  -33.605 0.3000000119
24853  14.864  -54.712  -34.168 0.3000000119
24855  11.793  -54.342  -35.077 0.4000000060
24862  16.484  -54.515  -35.657 0.3000000119
24865  13.188  -54.410  -35.573 0.4000000060
24867  11.426  -54.303  -35.821 0.5000000000
24882  15.089  -54.701  -35.994 0.4000000060
24884  12.544  -54.722  -36.567 0.5000000000
24900  15.763  -54.514  -37.302 0.3000000119
25753  8.772  -53.239  -27.650 0.3000000119
25766  7.184  -53.641  -27.735 0.5000000000
25767  6.378  -53.970  -27.494 0.4000000060
25813  16.612  -53.510  -33.599 0.3000000119
25868  17.658  -53.499  -37.656 0.3000000119
26802  10.453  -52.696  -28.146 0.3000000119
26887  18.870  -52.454  -36.596 0.3000000119
128925  17.452  -71.990  -44.331 0.6999999881
129504  17.499  -67.761  -40.382 0.6000000238
129858  12.873  -62.108  -37.642 0.6000000238
129970  15.778  -67.764  -40.750 0.6000000238
130245  15.631  -68.003  -39.801 0.6000000238
130339  8.573  -67.588  -29.040 0.6000000238
130740  23.782  -78.001  -37.885 0.5000000000
130926  10.952  -61.190  -39.361 0.6000000238
130929  8.837  -54.811  -33.624 0.4000000060
130933  22.326  -70.481  -44.882 0.5000000000
131272  23.701  -87.224  -22.958 0.3000000119
131335  11.590  -60.765  -40.501 0.6000000238
131604  15.432  -64.661  -32.955 0.8000000119
131734  15.146  -64.575  -33.887 0.8000000119
131846  9.018  -61.216  -40.933 0.5000000000
131978  27.713  -80.839  -38.793 0.3000000119
132063  11.948  -55.524  -37.308 0.6000000238
132174  8.245  -55.148  -34.645 0.6000000238
132282  10.857  -64.375  -30.206 0.6000000238
133300  20.504  -62.239  -33.902 0.3000000119
133301  16.626  -87.764  -29.347 0.4000000060
133354  24.406  -81.025  -39.239 0.4000000060
133452  23.393  -74.830  -39.884 0.6000000238
133786  13.126  -64.137  -30.302 0.6000000238
133800  31.976  -82.222  -26.206 0.3000000119
133911  21.565  -82.084  -34.246 0.3000000119
133931  14.085  -54.624  -34.823 0.3000000119
134005  13.024  -56.995  -38.345 0.4000000060
134231  12.214  -66.842  -30.331 0.6000000238
134477  16.455  -88.160  -29.127 0.4000000060
134521  26.060  -83.612  -38.000 0.3000000119
134550  23.518  -69.027  -43.152 0.6000000238
135495  19.149  -60.512  -43.272 0.6999999881
135514  16.150  -65.056  -33.560 0.8000000119
135571  22.728  -77.104  -36.362 0.4000000060
135852  19.260  -68.442  -47.842 0.6000000238
137006  27.956  -80.584  -28.375 0.3000000119
137144  24.729  -77.435  -32.901 0.3000000119
137268  18.171  -83.138  -26.370 0.4000000060
137305  24.915  -84.720  -35.961 0.4000000060
137527  21.864  -86.711  -24.561 0.5000000000
137556  23.278  -72.987  -37.028 0.6999999881
137916  18.561  -83.958  -24.580 0.4000000060
137974  24.466  -80.801  -38.053 0.3000000119
138156  13.970  -58.527  -37.483 0.5000000000
138227  19.185  -70.410  -37.375 0.6000000238
138284  14.091  -62.087  -43.752 0.6999999881
138467  25.351  -76.014  -34.882 0.3000000119
138502  11.772  -67.113  -41.301 0.6000000238
138503  23.080  -80.179  -25.690 0.4000000060
138681  26.447  -76.655  -26.467 0.3000000119
138862  18.173  -84.962  -27.175 0.4000000060
139146  30.609  -82.323  -26.729 0.3000000119
139308  23.605  -77.176  -39.264 0.4000000060
139333  20.955  -82.780  -28.503 0.3000000119
139926  14.161  -66.709  -44.063 0.6000000238
140320  18.260  -71.351  -40.532 0.4000000060
140751  13.851  -68.978  -45.027 0.6000000238
140830  21.897  -57.908  -43.250 0.5000000000
141161  14.942  -64.699  -32.550 0.6999999881
141323  13.542  -62.150  -38.045 0.6999999881
141876  20.032  -88.669  -21.882 0.5000000000
141888  13.152  -56.003  -30.970 0.3000000119
141948  21.291  -70.579  -42.984 0.6999999881
142062  20.568  -71.827  -35.237 0.4000000060
142740  19.995  -72.968  -35.979 0.5000000000
142791  25.340  -84.463  -36.146 0.4000000060
142853  10.122  -67.832  -29.774 0.6000000238
142956  20.051  -78.213  -33.757 0.4000000060
143156  19.431  -83.054  -36.300 0.3000000119
143916  14.686  -59.613  -34.150 0.6000000238
143975  21.318  -74.067  -35.148 0.6999999881
144003  14.367  -60.249  -41.685 0.5000000000
144147  24.670  -78.451  -32.794 0.3000000119
144325  23.262  -77.037  -36.899 0.5000000000
144440  10.682  -64.528  -40.591 0.6000000238
144708  21.164  -75.119  -35.525 0.6000000238
144856  11.806  -54.566  -28.877 0.3000000119
145063  19.111  -77.449  -30.989 0.5000000000
145384  22.959  -83.387  -36.709 0.3000000119
145435  26.601  -77.543  -26.875 0.4000000060
145495  22.547  -69.406  -39.225 0.8000000119
145850  23.441  -61.693  -43.601 0.6000000238
145896  16.344  -64.021  -42.710 0.6999999881
145918  24.667  -74.300  -33.903 0.3000000119
145943  25.019  -78.009  -30.637 0.3000000119
146646  23.164  -86.013  -24.890 0.4000000060
147037  22.272  -85.490  -25.692 0.4000000060
147174  17.020  -71.557  -42.049 0.6000000238
147715  23.323  -76.758  -27.238 0.5000000000
147721  14.178  -62.120  -38.401 0.6000000238
147739  7.716  -67.334  -28.877 0.6000000238
147808  13.942  -59.321  -32.713 0.6999999881
148180  14.961  -62.402  -38.351 0.6000000238
148190  26.263  -75.213  -36.727 0.3000000119
148279  20.771  -69.745  -36.363 0.6000000238
148377  21.475  -64.440  -46.256 0.5000000000
148491  8.787  -57.072  -36.901 0.6999999881
148689  13.348  -67.187  -36.742 0.6000000238
148754  16.022  -62.703  -30.592 0.8000000119
148793  23.610  -80.528  -28.845 0.4000000060
148797  8.207  -62.730  -30.877 0.5000000000
148908  27.542  -79.936  -28.122 0.4000000060
149216  9.476  -63.277  -30.820 0.6999999881
149513  12.294  -58.104  -37.637 0.5000000000
149516  19.867  -66.531  -41.582 0.6999999881
149619  21.247  -72.270  -34.912 0.6000000238
149673  24.932  -85.399  -25.296 0.3000000119
149803  25.157  -83.712  -37.910 0.4000000060
149820  20.599  -75.505  -31.814 0.4000000060
149951  21.916  -71.953  -48.160 0.5000000000
150317  8.290  -60.297  -33.290 0.5000000000
150480  25.481  -78.370  -27.744 0.4000000060
150571  20.578  -86.876  -23.258 0.5000000000
150576  12.570  -59.757  -31.944 0.6999999881
150765  11.737  -63.072  -43.155 0.5000000000
150949  7.405  -57.641  -34.944 0.6000000238
150957  22.469  -86.922  -24.022 0.4000000060
151188  29.958  -82.366  -27.113 0.3000000119
151403  23.100  -85.264  -34.966 0.3000000119
151441  22.441  -87.765  -22.507 0.4000000060
151495  10.724  -55.198  -29.184 0.4000000060
151609  13.858  -56.984  -38.580 0.4000000060
151739  9.742  -67.840  -30.237 0.5000000000
151992  12.730  -66.756  -32.160 0.6000000238
152103  12.821  -62.323  -37.139 0.6000000238
152297  15.603  -64.769  -40.173 0.5000000000
152506  22.648  -76.060  -27.408 0.5000000000
152873  24.488  -81.142  -25.580 0.4000000060
152943  15.357  -59.947  -34.332 0.6000000238
153032  20.246  -65.945  -41.569 0.6999999881
153292  13.806  -59.484  -31.948 0.8000000119
153341  9.666  -61.484  -32.150 0.6000000238
153359  19.016  -65.268  -35.514 0.6000000238
153401  21.821  -85.663  -36.479 0.4000000060
153416  23.726  -60.016  -43.662 0.6000000238
153717  21.339  -74.955  -29.003 0.4000000060
153723  20.874  -88.438  -22.114 0.5000000000
153910  14.939  -62.049  -43.766 0.6999999881
154099  26.838  -83.901  -27.034 0.3000000119
154107  15.037  -61.437  -30.484 0.8000000119
154206  13.813  -59.088  -35.269 0.6000000238
154207  11.558  -58.111  -37.459 0.5000000000
154230  23.368  -73.982  -37.942 0.6999999881
154274  24.731  -79.800  -28.364 0.3000000119
154278  27.315  -74.857  -26.810 0.3000000119
154492  18.200  -86.153  -23.388 0.4000000060
154739  11.913  -58.551  -36.217 0.5000000000
154793  27.797  -77.528  -26.635 0.3000000119
154798  17.694  -78.389  -32.854 0.4000000060
154961  16.605  -67.834  -44.785 0.6999999881
155162  24.381  -74.675  -26.990 0.5000000000
155328  21.358  -77.259  -32.298 0.3000000119
155528  7.365  -56.769  -35.009 0.6000000238
