#!ascii label  , from subject sub-v2s7x29660_ses-1 vox2ras=TkReg
374
140009  42.626  -56.107  -9.356 0.0000000000
147099  46.208  -56.269  -23.535 0.0000000000
18718  46.142  -60.323  -13.725 0.0000000000
21614  43.227  -57.413  -17.342 0.0000000000
17876  51.802  -61.379  -20.481 0.0000000000
19736  49.356  -59.342  -17.845 0.0000000000
150552  47.477  -62.073  -20.487 0.0000000000
22610  45.885  -55.939  -21.201 0.0000000000
23589  40.355  -54.980  -17.832 0.0000000000
19661  42.325  -59.150  -12.225 0.0000000000
147040  45.853  -57.853  -15.407 0.0000000000
20696  48.939  -57.501  -20.254 0.0000000000
147411  50.361  -56.949  -22.760 0.0000000000
16045  50.512  -64.487  -22.243 0.0000000000
24582  47.456  -54.708  -10.856 0.0000000000
19639  43.832  -59.440  -9.518 0.0000000000
16830  42.686  -62.769  -12.424 0.0000000000
24641  39.209  -54.279  -14.257 0.0000000000
133130  47.193  -60.510  -18.958 0.0000000000
22636  47.294  -54.999  -23.112 0.0000000000
23627  44.421  -54.914  -21.179 0.0000000000
18720  43.925  -60.554  -13.406 0.0000000000
19686  46.403  -58.830  -13.968 0.0000000000
18841  50.751  -60.364  -18.761 0.0000000000
20659  49.255  -58.745  -18.515 0.0000000000
20695  51.098  -57.900  -20.756 0.0000000000
21648  50.608  -56.998  -21.549 0.0000000000
19781  51.724  -59.485  -21.532 0.0000000000
17955  48.768  -62.047  -22.895 0.0000000000
19638  44.927  -59.911  -9.575 0.0000000000
17758  42.498  -61.531  -10.439 0.0000000000
16823  43.010  -62.564  -10.703 0.0000000000
148422  42.278  -57.102  -14.978 0.0000000000
22575  40.802  -56.243  -16.035 0.0000000000
25682  39.981  -52.884  -18.070 0.0000000000
26636  38.768  -52.087  -16.217 0.0000000000
17776  49.241  -61.021  -14.563 0.0000000000
19696  49.472  -59.312  -15.230 0.0000000000
133448  49.458  -59.833  -16.573 0.0000000000
18842  49.434  -60.388  -18.826 0.0000000000
16910  50.154  -62.906  -19.990 0.0000000000
21635  44.560  -57.409  -19.408 0.0000000000
129456  41.572  -56.370  -17.950 0.0000000000
22599  42.754  -55.945  -19.947 0.0000000000
24692  41.999  -54.325  -19.837 0.0000000000
20734  45.507  -58.894  -23.626 0.0000000000
138336  41.583  -58.121  -10.003 0.0000000000
21567  43.442  -57.509  -14.394 0.0000000000
132418  44.593  -57.738  -16.793 0.0000000000
20624  47.482  -58.123  -15.826 0.0000000000
20661  47.120  -57.973  -17.958 0.0000000000
20679  45.523  -57.671  -19.027 0.0000000000
21650  47.169  -56.975  -20.599 0.0000000000
22624  48.575  -55.667  -22.372 0.0000000000
20732  48.489  -57.108  -23.458 0.0000000000
146099  51.296  -63.378  -21.263 0.0000000000
18896  50.886  -60.769  -22.249 0.0000000000
19791  49.131  -59.210  -22.900 0.0000000000
140030  47.501  -58.365  -23.397 0.0000000000
25564  46.118  -53.992  -10.711 0.0000000000
23491  45.135  -55.567  -9.759 0.0000000000
22499  45.416  -56.681  -9.694 0.0000000000
21523  43.580  -57.679  -9.407 0.0000000000
18705  41.872  -60.214  -10.140 0.0000000000
18715  42.191  -61.272  -12.182 0.0000000000
17768  44.475  -61.390  -13.635 0.0000000000
15961  45.220  -63.345  -14.166 0.0000000000
16841  46.848  -61.981  -13.967 0.0000000000
23577  39.716  -55.123  -16.233 0.0000000000
23493  43.150  -55.356  -9.360 0.0000000000
24568  42.782  -54.561  -9.483 0.0000000000
23494  42.309  -55.309  -9.439 0.0000000000
22650  46.840  -55.465  -23.359 0.0000000000
23658  45.962  -54.737  -22.895 0.0000000000
18719  45.052  -60.266  -13.691 0.0000000000
19668  45.827  -59.460  -13.752 0.0000000000
18736  46.933  -59.662  -13.789 0.0000000000
18840  51.544  -60.536  -19.283 0.0000000000
20674  51.430  -58.886  -19.890 0.0000000000
19771  51.785  -59.030  -20.581 0.0000000000
20693  51.757  -58.922  -21.248 0.0000000000
18885  51.883  -60.470  -21.024 0.0000000000
141578  47.921  -64.913  -23.943 0.0000000000
140744  43.811  -61.228  -9.864 0.0000000000
21603  42.980  -57.389  -16.116 0.0000000000
22562  41.467  -56.727  -15.320 0.0000000000
22574  41.587  -56.693  -16.348 0.0000000000
27619  39.070  -51.762  -17.042 0.0000000000
148082  49.328  -60.410  -15.978 0.0000000000
18772  48.472  -60.466  -16.860 0.0000000000
18843  47.723  -60.805  -19.501 0.0000000000
148593  48.519  -60.600  -19.134 0.0000000000
17879  48.063  -61.527  -20.018 0.0000000000
17878  49.345  -61.884  -19.734 0.0000000000
16911  48.615  -62.657  -20.339 0.0000000000
21652  44.624  -56.835  -20.274 0.0000000000
21637  43.054  -56.727  -19.545 0.0000000000
22612  44.076  -56.146  -20.540 0.0000000000
23629  43.059  -54.830  -20.474 0.0000000000
24705  42.473  -53.678  -20.516 0.0000000000
25696  41.258  -52.989  -19.402 0.0000000000
20556  41.764  -58.714  -11.420 0.0000000000
129750  41.551  -57.974  -10.706 0.0000000000
21586  43.693  -57.598  -15.615 0.0000000000
20626  45.248  -57.782  -16.071 0.0000000000
148478  49.266  -58.863  -15.929 0.0000000000
20605  48.545  -58.548  -15.464 0.0000000000
20643  49.234  -58.869  -16.646 0.0000000000
20677  48.341  -57.946  -19.255 0.0000000000
20660  48.267  -58.318  -18.202 0.0000000000
132036  47.455  -57.922  -18.786 0.0000000000
132794  46.110  -57.780  -18.293 0.0000000000
20697  47.213  -57.663  -19.616 0.0000000000
20698  46.246  -57.535  -19.836 0.0000000000
145904  47.956  -57.417  -20.161 0.0000000000
21672  50.542  -56.852  -22.357 0.0000000000
21661  49.726  -56.236  -22.185 0.0000000000
21673  49.840  -56.316  -22.855 0.0000000000
21684  49.079  -56.124  -23.280 0.0000000000
20721  49.601  -56.938  -23.164 0.0000000000
12248  47.039  -68.731  -23.644 0.0000000000
14122  49.346  -66.290  -22.941 0.0000000000
13093  48.779  -67.053  -22.550 0.0000000000
15077  50.313  -65.377  -21.831 0.0000000000
16044  51.037  -63.881  -21.670 0.0000000000
17937  51.323  -61.719  -21.836 0.0000000000
17938  50.786  -62.224  -22.277 0.0000000000
17940  48.815  -61.105  -22.767 0.0000000000
18898  48.347  -60.303  -22.893 0.0000000000
19792  47.928  -59.376  -23.134 0.0000000000
18905  47.233  -60.427  -23.214 0.0000000000
25582  48.338  -53.732  -12.130 0.0000000000
25563  47.006  -54.031  -11.090 0.0000000000
24584  45.410  -54.535  -10.150 0.0000000000
24583  46.717  -54.689  -10.625 0.0000000000
138021  45.139  -58.179  -9.553 0.0000000000
135881  46.460  -57.098  -9.892 0.0000000000
146900  44.394  -58.137  -9.482 0.0000000000
21522  44.663  -57.361  -9.506 0.0000000000
20542  43.734  -58.579  -9.454 0.0000000000
154425  42.102  -59.011  -9.662 0.0000000000
19640  42.270  -59.650  -9.723 0.0000000000
16828  42.275  -62.048  -11.030 0.0000000000
17764  41.972  -61.447  -11.422 0.0000000000
17766  42.450  -62.063  -12.345 0.0000000000
17769  43.397  -61.475  -13.256 0.0000000000
134571  43.785  -62.281  -13.503 0.0000000000
14981  46.190  -64.625  -14.724 0.0000000000
15960  46.573  -63.652  -14.579 0.0000000000
145382  46.184  -62.716  -14.178 0.0000000000
23588  40.869  -55.717  -17.904 0.0000000000
151216  40.441  -55.567  -17.290 0.0000000000
23590  39.933  -55.095  -17.058 0.0000000000
26629  38.639  -52.392  -15.468 0.0000000000
22626  46.439  -55.067  -21.969 0.0000000000
22611  45.038  -55.741  -21.054 0.0000000000
145621  43.534  -59.899  -13.195 0.0000000000
19670  43.677  -59.039  -13.261 0.0000000000
139251  44.289  -59.586  -13.499 0.0000000000
20591  45.960  -58.172  -14.537 0.0000000000
18816  50.173  -59.822  -18.541 0.0000000000
19755  50.790  -59.457  -18.928 0.0000000000
20675  50.435  -58.559  -19.489 0.0000000000
131441  50.079  -57.593  -20.404 0.0000000000
149479  49.629  -56.916  -21.120 0.0000000000
20710  51.223  -57.586  -21.787 0.0000000000
18895  51.397  -59.463  -22.038 0.0000000000
16046  49.934  -63.832  -22.850 0.0000000000
16066  49.047  -64.502  -23.287 0.0000000000
16982  48.625  -63.168  -23.175 0.0000000000
18698  43.680  -60.403  -9.662 0.0000000000
18699  42.591  -60.374  -9.812 0.0000000000
17753  42.983  -61.076  -9.979 0.0000000000
154401  42.703  -62.034  -10.576 0.0000000000
15919  42.694  -62.838  -11.306 0.0000000000
22563  40.609  -56.224  -15.144 0.0000000000
23566  40.001  -55.661  -14.831 0.0000000000
25665  39.767  -53.756  -17.602 0.0000000000
134660  39.346  -53.522  -16.972 0.0000000000
135409  39.533  -53.051  -17.418 0.0000000000
27620  38.724  -51.153  -16.322 0.0000000000
130354  48.549  -61.073  -14.025 0.0000000000
18735  48.172  -60.161  -13.879 0.0000000000
18733  49.643  -60.203  -14.783 0.0000000000
18771  49.739  -59.990  -15.600 0.0000000000
18794  49.296  -59.681  -17.440 0.0000000000
130536  48.480  -60.373  -18.757 0.0000000000
18817  49.438  -59.772  -18.312 0.0000000000
17857  51.069  -61.299  -19.253 0.0000000000
21626  43.725  -57.384  -18.797 0.0000000000
155026  42.033  -56.771  -17.724 0.0000000000
21627  42.946  -57.054  -18.867 0.0000000000
22590  41.908  -56.307  -18.699 0.0000000000
23602  41.426  -55.679  -18.701 0.0000000000
22613  43.582  -55.448  -20.547 0.0000000000
23614  41.767  -55.214  -19.401 0.0000000000
24681  40.724  -54.303  -18.597 0.0000000000
137665  40.903  -53.442  -18.936 0.0000000000
26651  40.731  -52.638  -18.872 0.0000000000
21687  45.890  -57.434  -23.570 0.0000000000
22502  42.162  -56.873  -9.470 0.0000000000
22503  41.654  -56.784  -9.798 0.0000000000
21531  41.508  -57.406  -10.116 0.0000000000
21602  43.675  -57.601  -16.623 0.0000000000
20607  46.725  -58.022  -15.177 0.0000000000
20644  48.313  -58.384  -17.230 0.0000000000
20645  47.274  -58.038  -16.831 0.0000000000
20625  46.258  -57.863  -16.227 0.0000000000
136289  45.397  -57.771  -16.828 0.0000000000
20647  44.993  -57.737  -17.559 0.0000000000
21625  44.676  -57.636  -18.439 0.0000000000
21634  45.335  -57.332  -20.002 0.0000000000
21651  46.076  -56.864  -20.579 0.0000000000
21649  48.545  -56.629  -21.154 0.0000000000
21662  47.746  -55.978  -21.581 0.0000000000
21663  46.786  -56.004  -21.362 0.0000000000
22635  48.206  -55.284  -23.037 0.0000000000
22649  47.755  -55.525  -23.356 0.0000000000
139420  47.563  -57.212  -23.562 0.0000000000
16013  49.739  -63.746  -20.450 0.0000000000
12233  47.558  -68.249  -23.119 0.0000000000
16025  51.062  -64.009  -20.922 0.0000000000
16929  51.528  -62.480  -21.178 0.0000000000
18886  51.532  -60.500  -21.719 0.0000000000
144408  50.688  -59.612  -22.383 0.0000000000
17939  49.853  -61.552  -22.578 0.0000000000
18897  49.652  -60.249  -22.616 0.0000000000
19790  50.115  -59.103  -22.622 0.0000000000
20722  48.815  -58.155  -23.218 0.0000000000
20733  46.644  -57.907  -23.531 0.0000000000
143276  46.440  -58.952  -23.492 0.0000000000
26535  46.113  -53.109  -11.886 0.0000000000
25583  47.408  -53.594  -11.796 0.0000000000
135596  45.336  -53.721  -10.519 0.0000000000
24566  44.518  -54.674  -9.751 0.0000000000
23492  44.092  -55.445  -9.487 0.0000000000
22509  47.866  -56.251  -10.517 0.0000000000
23501  47.177  -55.433  -10.537 0.0000000000
23490  46.028  -56.064  -10.005 0.0000000000
136762  44.469  -56.340  -9.506 0.0000000000
22501  43.010  -56.889  -9.337 0.0000000000
21524  42.552  -57.641  -9.426 0.0000000000
20544  41.822  -58.585  -9.806 0.0000000000
147816  41.763  -59.785  -11.534 0.0000000000
17759  41.886  -61.071  -10.744 0.0000000000
18711  41.810  -60.709  -11.505 0.0000000000
19657  42.200  -60.241  -12.217 0.0000000000
18714  42.892  -60.687  -12.909 0.0000000000
17778  45.797  -61.332  -13.819 0.0000000000
16842  45.018  -62.331  -13.924 0.0000000000
154341  45.951  -62.075  -13.965 0.0000000000
143919  47.228  -60.932  -13.813 0.0000000000
22581  40.994  -56.198  -17.061 0.0000000000
23576  40.115  -55.716  -15.702 0.0000000000
24649  39.219  -54.472  -15.031 0.0000000000
25652  39.029  -53.614  -16.199 0.0000000000
151082  38.985  -53.950  -15.453 0.0000000000
11461  46.597  -69.009  -24.254 0.0000000000
13973  47.179  -65.185  -15.197 0.0000000000
14105  49.780  -66.050  -22.222 0.0000000000
15095  49.881  -65.329  -22.713 0.0000000000
15918  43.134  -63.217  -11.041 0.0000000000
15950  42.636  -63.075  -11.878 0.0000000000
16831  42.426  -62.481  -11.774 0.0000000000
16834  43.169  -63.019  -13.124 0.0000000000
16907  51.682  -61.959  -20.795 0.0000000000
16908  51.473  -62.248  -20.276 0.0000000000
16955  51.153  -62.887  -21.841 0.0000000000
16956  50.665  -63.388  -22.298 0.0000000000
16957  49.864  -62.744  -22.702 0.0000000000
17754  42.265  -60.888  -10.186 0.0000000000
17757  43.291  -61.849  -10.232 0.0000000000
17801  49.426  -60.777  -15.274 0.0000000000
17856  51.561  -61.380  -19.748 0.0000000000
17858  48.760  -60.992  -19.414 0.0000000000
17877  50.619  -62.076  -19.594 0.0000000000
17910  51.671  -61.428  -21.275 0.0000000000
18712  41.616  -60.194  -10.858 0.0000000000
18734  49.083  -60.439  -14.226 0.0000000000
18839  51.980  -60.533  -20.062 0.0000000000
19641  41.814  -59.356  -9.935 0.0000000000
19648  41.646  -59.646  -10.383 0.0000000000
19658  41.574  -59.464  -10.934 0.0000000000
19660  42.926  -59.599  -12.808 0.0000000000
19669  45.029  -59.273  -13.714 0.0000000000
19684  48.962  -59.638  -14.362 0.0000000000
19706  49.620  -59.373  -16.143 0.0000000000
19720  49.530  -59.344  -16.969 0.0000000000
19735  49.992  -59.293  -18.600 0.0000000000
19754  51.878  -59.664  -19.803 0.0000000000
19770  51.948  -59.629  -20.732 0.0000000000
19789  51.006  -58.546  -22.374 0.0000000000
20541  44.816  -58.909  -9.511 0.0000000000
20543  42.259  -58.384  -9.518 0.0000000000
20548  41.615  -58.858  -10.367 0.0000000000
20590  47.137  -58.559  -14.437 0.0000000000
20608  45.140  -57.795  -15.156 0.0000000000
20623  48.452  -58.407  -16.304 0.0000000000
20627  44.431  -57.722  -15.890 0.0000000000
20646  46.054  -57.814  -17.413 0.0000000000
20658  49.769  -58.764  -18.984 0.0000000000
20662  45.445  -57.735  -18.149 0.0000000000
20676  49.443  -58.202  -19.459 0.0000000000
20678  46.562  -57.783  -18.936 0.0000000000
20694  51.542  -58.426  -21.114 0.0000000000
20709  51.513  -58.460  -21.851 0.0000000000
20720  50.968  -57.564  -22.391 0.0000000000
20735  44.675  -58.252  -23.688 0.0000000000
21521  45.709  -57.691  -9.651 0.0000000000
21525  41.835  -57.706  -9.671 0.0000000000
21588  42.277  -57.055  -15.771 0.0000000000
21604  42.349  -57.052  -16.631 0.0000000000
21613  43.966  -57.632  -17.675 0.0000000000
21615  42.523  -57.083  -17.450 0.0000000000
21636  43.761  -56.960  -19.766 0.0000000000
21685  48.145  -56.217  -23.549 0.0000000000
21686  47.032  -56.510  -23.590 0.0000000000
22500  43.856  -56.881  -9.398 0.0000000000
22546  40.519  -56.144  -14.300 0.0000000000
22580  42.322  -56.821  -18.281 0.0000000000
22589  42.447  -56.525  -19.138 0.0000000000
22598  43.380  -56.344  -20.117 0.0000000000
22600  42.053  -55.864  -19.324 0.0000000000
22623  49.111  -55.698  -22.940 0.0000000000
22625  47.423  -55.213  -22.443 0.0000000000
22627  45.727  -55.098  -21.686 0.0000000000
22637  46.572  -54.946  -23.096 0.0000000000
22648  48.528  -55.636  -23.272 0.0000000000
23502  46.452  -55.408  -10.310 0.0000000000
23503  45.837  -55.270  -10.103 0.0000000000
23546  39.547  -54.997  -14.496 0.0000000000
23567  39.604  -55.109  -15.358 0.0000000000
23603  40.880  -55.136  -18.441 0.0000000000
23613  42.337  -55.134  -19.917 0.0000000000
23628  43.839  -54.350  -21.089 0.0000000000
23640  46.613  -54.829  -22.752 0.0000000000
23659  45.199  -54.630  -22.431 0.0000000000
24659  39.493  -54.340  -16.790 0.0000000000
24667  40.173  -54.250  -17.979 0.0000000000
24668  39.896  -54.517  -17.458 0.0000000000
24680  41.309  -54.780  -19.102 0.0000000000
24693  41.413  -53.758  -19.438 0.0000000000
24706  42.008  -53.500  -20.090 0.0000000000
25584  46.530  -53.468  -11.486 0.0000000000
25643  38.768  -53.214  -15.343 0.0000000000
25653  38.779  -52.833  -16.034 0.0000000000
25681  40.366  -53.555  -18.344 0.0000000000
26635  39.107  -52.752  -16.805 0.0000000000
26642  39.544  -52.303  -17.621 0.0000000000
26652  40.110  -51.980  -18.411 0.0000000000
128932  42.843  -59.031  -9.497 0.0000000000
130823  40.292  -55.687  -16.564 0.0000000000
131560  45.348  -56.654  -20.610 0.0000000000
132296  41.811  -56.723  -17.206 0.0000000000
133093  51.405  -59.752  -19.127 0.0000000000
134532  50.161  -57.932  -22.861 0.0000000000
135137  42.953  -58.268  -9.410 0.0000000000
135350  43.087  -57.292  -18.081 0.0000000000
135533  42.664  -54.278  -20.344 0.0000000000
136800  43.531  -56.161  -9.360 0.0000000000
136862  43.734  -57.595  -14.849 0.0000000000
137606  49.125  -58.878  -17.508 0.0000000000
139112  49.996  -61.153  -19.208 0.0000000000
142616  48.805  -60.177  -17.356 0.0000000000
143080  41.885  -56.069  -9.549 0.0000000000
143385  39.291  -54.475  -15.848 0.0000000000
143599  46.112  -54.763  -10.364 0.0000000000
144499  42.912  -62.234  -12.976 0.0000000000
149708  42.172  -61.905  -11.754 0.0000000000
149804  43.006  -59.798  -9.581 0.0000000000
150392  42.703  -61.576  -12.771 0.0000000000
151254  49.263  -66.576  -22.509 0.0000000000
151497  42.940  -57.337  -16.842 0.0000000000
155548  43.343  -57.090  -19.246 0.0000000000
