#!ascii label  , from subject sub-v2s7x29658_ses-1 vox2ras=TkReg
787
88752  46.413  36.615  3.239 0.0000000000
87936  48.057  36.228  -8.076 0.0000000000
135994  46.125  38.326  -14.159 0.0000000000
83829  51.637  30.433  -12.754 0.0000000000
86149  44.891  33.175  -0.038 0.0000000000
92105  47.191  40.949  -7.781 0.0000000000
87052  53.247  34.610  -12.716 0.0000000000
86271  40.195  33.568  -13.151 0.0000000000
91322  52.575  39.942  -4.464 0.0000000000
89680  47.706  37.392  -1.691 0.0000000000
86159  49.024  33.407  -2.957 0.0000000000
88873  41.480  35.975  -16.570 0.0000000000
85497  45.262  32.522  -14.873 0.0000000000
91387  52.321  40.269  -11.050 0.0000000000
87974  50.293  35.578  -14.002 0.0000000000
87978  39.025  35.938  -14.241 0.0000000000
89671  50.661  37.190  0.060 0.0000000000
88772  47.068  36.636  1.013 0.0000000000
85352  47.228  32.985  -1.861 0.0000000000
89748  43.969  37.811  -11.764 0.0000000000
89775  40.981  37.684  -13.768 0.0000000000
88861  43.312  36.170  -14.541 0.0000000000
87096  43.281  33.696  -16.643 0.0000000000
125240  45.939  35.466  -15.902 0.0000000000
122704  50.240  38.298  -5.986 0.0000000000
91346  53.096  39.951  -7.981 0.0000000000
90574  50.457  37.724  -9.327 0.0000000000
131763  53.847  33.222  -14.158 0.0000000000
87985  53.101  35.699  -14.362 0.0000000000
86263  51.874  33.385  -13.901 0.0000000000
86266  48.480  33.935  -12.401 0.0000000000
84673  50.074  31.769  -11.052 0.0000000000
82800  48.482  29.359  -8.537 0.0000000000
87888  43.771  35.692  3.259 0.0000000000
87897  44.446  35.167  1.143 0.0000000000
91391  46.656  39.362  -10.917 0.0000000000
86228  50.217  34.116  -7.884 0.0000000000
87046  49.965  35.220  -10.127 0.0000000000
86234  53.146  33.357  -9.539 0.0000000000
84671  54.673  32.188  -11.686 0.0000000000
93528  50.899  42.621  -3.257 0.0000000000
91314  52.757  39.335  -0.585 0.0000000000
90515  50.722  38.232  -2.477 0.0000000000
123917  47.219  37.454  -4.885 0.0000000000
88783  44.806  35.930  -1.516 0.0000000000
86997  45.752  35.138  -4.162 0.0000000000
87005  47.850  34.413  -5.809 0.0000000000
132026  51.003  33.558  -4.681 0.0000000000
87880  41.373  35.811  4.252 0.0000000000
117960  41.630  38.895  -17.214 0.0000000000
89799  39.668  37.219  -16.988 0.0000000000
87097  40.138  33.905  -16.456 0.0000000000
85492  42.010  32.131  -14.233 0.0000000000
116759  44.136  32.159  -12.206 0.0000000000
92847  51.249  42.365  -7.040 0.0000000000
92131  50.077  41.241  -10.215 0.0000000000
91414  49.007  39.748  -12.791 0.0000000000
89747  51.651  37.589  -12.060 0.0000000000
90633  51.792  38.176  -14.248 0.0000000000
89783  48.031  37.603  -15.158 0.0000000000
87087  47.397  35.103  -15.024 0.0000000000
86268  46.713  33.481  -12.636 0.0000000000
88848  38.652  36.611  -13.719 0.0000000000
131722  38.482  37.268  -14.917 0.0000000000
88766  48.406  36.557  2.006 0.0000000000
88763  46.819  36.590  2.513 0.0000000000
89758  45.064  37.898  -13.057 0.0000000000
115386  43.958  37.166  -13.017 0.0000000000
89771  44.645  37.205  -13.782 0.0000000000
88872  44.943  35.749  -15.646 0.0000000000
89785  46.196  37.376  -15.417 0.0000000000
89718  49.262  37.739  -7.186 0.0000000000
90552  51.066  38.166  -7.734 0.0000000000
121161  49.439  37.294  -8.826 0.0000000000
136341  52.716  31.152  -13.726 0.0000000000
86274  52.752  33.524  -14.355 0.0000000000
125450  51.519  31.891  -12.858 0.0000000000
134724  51.073  32.577  -12.675 0.0000000000
84672  51.300  31.123  -12.208 0.0000000000
83824  50.525  30.245  -10.839 0.0000000000
81862  50.712  29.615  -11.543 0.0000000000
86976  43.703  34.400  2.509 0.0000000000
91393  45.193  39.078  -9.879 0.0000000000
91362  47.054  40.320  -9.071 0.0000000000
86216  52.202  33.785  -7.130 0.0000000000
116156  51.311  33.858  -8.133 0.0000000000
86226  53.520  33.232  -8.006 0.0000000000
84665  54.939  31.767  -10.898 0.0000000000
131773  54.207  29.713  -11.744 0.0000000000
138581  53.820  30.176  -13.037 0.0000000000
137607  48.846  37.409  -0.895 0.0000000000
89677  50.679  37.633  -0.885 0.0000000000
90512  49.219  37.847  -2.173 0.0000000000
90520  49.233  38.178  -3.688 0.0000000000
89689  47.744  37.690  -3.183 0.0000000000
86980  44.435  34.280  0.793 0.0000000000
88775  44.687  35.816  0.339 0.0000000000
86982  44.498  34.459  -0.764 0.0000000000
86155  47.659  33.308  -2.527 0.0000000000
86162  46.030  33.993  -3.213 0.0000000000
86173  47.634  34.062  -4.045 0.0000000000
86996  46.221  35.123  -4.761 0.0000000000
120878  48.413  34.143  -4.388 0.0000000000
86189  49.582  34.179  -5.082 0.0000000000
86170  50.250  33.743  -4.272 0.0000000000
83790  51.591  31.069  -5.656 0.0000000000
88863  41.722  36.443  -15.037 0.0000000000
90639  40.900  38.349  -15.158 0.0000000000
89798  41.017  36.858  -16.825 0.0000000000
89804  40.769  37.684  -17.266 0.0000000000
88885  40.325  36.166  -17.492 0.0000000000
88012  40.151  35.092  -17.579 0.0000000000
87103  41.116  34.291  -17.511 0.0000000000
86299  44.336  33.245  -16.337 0.0000000000
85505  43.139  32.448  -15.757 0.0000000000
85499  43.925  32.235  -15.358 0.0000000000
85478  43.646  31.905  -12.967 0.0000000000
85489  44.756  32.236  -13.932 0.0000000000
93526  52.449  42.012  -3.642 0.0000000000
134190  50.944  42.651  -4.844 0.0000000000
92828  52.659  41.643  -5.427 0.0000000000
91375  52.757  40.215  -10.225 0.0000000000
92118  51.605  41.704  -9.288 0.0000000000
92138  51.339  41.150  -10.967 0.0000000000
127469  49.120  40.429  -11.261 0.0000000000
116387  51.111  40.403  -12.386 0.0000000000
87054  51.215  35.084  -11.310 0.0000000000
88832  50.919  36.690  -11.454 0.0000000000
87964  52.405  35.966  -12.729 0.0000000000
87986  52.269  35.944  -14.467 0.0000000000
89779  52.159  37.343  -14.303 0.0000000000
88855  50.633  36.907  -14.525 0.0000000000
90635  49.761  38.308  -14.630 0.0000000000
88856  49.450  36.961  -14.607 0.0000000000
87990  47.660  36.058  -15.250 0.0000000000
87975  49.173  35.736  -13.917 0.0000000000
85465  48.696  32.793  -11.237 0.0000000000
86267  47.608  33.826  -12.434 0.0000000000
85450  47.687  32.910  -10.958 0.0000000000
85452  45.949  32.732  -10.628 0.0000000000
92850  47.318  41.613  -6.506 0.0000000000
87966  39.101  35.871  -13.301 0.0000000000
87080  39.756  34.318  -13.539 0.0000000000
89659  52.218  37.289  1.823 0.0000000000
89654  50.654  36.654  2.303 0.0000000000
89667  48.522  36.811  0.414 0.0000000000
89674  47.722  36.917  -0.291 0.0000000000
137948  45.847  32.870  -1.095 0.0000000000
89761  42.496  37.204  -12.313 0.0000000000
88847  41.828  36.634  -13.950 0.0000000000
88862  42.342  36.097  -14.690 0.0000000000
88006  42.558  34.604  -16.631 0.0000000000
87993  43.068  35.486  -15.611 0.0000000000
88004  45.002  34.683  -16.059 0.0000000000
87094  45.602  34.296  -15.977 0.0000000000
90530  51.725  38.852  -5.617 0.0000000000
91325  52.643  39.917  -5.895 0.0000000000
128070  52.161  38.721  -7.295 0.0000000000
90551  52.425  38.781  -8.428 0.0000000000
90572  52.483  39.416  -10.648 0.0000000000
86261  53.997  33.720  -13.489 0.0000000000
87062  53.563  35.126  -13.750 0.0000000000
86286  53.601  34.498  -14.252 0.0000000000
87086  52.597  35.048  -14.474 0.0000000000
87075  50.633  34.812  -13.792 0.0000000000
87076  49.582  35.037  -13.497 0.0000000000
136825  50.358  33.714  -12.926 0.0000000000
85464  49.689  32.550  -11.519 0.0000000000
85448  49.305  32.147  -10.820 0.0000000000
81856  49.140  28.576  -9.816 0.0000000000
119438  44.852  36.503  3.623 0.0000000000
88764  44.955  36.222  2.138 0.0000000000
87894  44.029  35.234  2.657 0.0000000000
86978  44.296  34.219  1.777 0.0000000000
85344  44.925  32.755  0.805 0.0000000000
90588  44.081  38.449  -10.429 0.0000000000
90600  45.420  38.641  -11.438 0.0000000000
90599  46.093  38.802  -11.940 0.0000000000
87026  48.550  34.936  -8.328 0.0000000000
88822  48.884  36.160  -9.246 0.0000000000
87035  49.655  34.794  -9.383 0.0000000000
87033  51.492  33.998  -9.968 0.0000000000
86242  52.672  33.645  -10.479 0.0000000000
85420  54.598  32.428  -8.941 0.0000000000
86241  54.373  32.784  -10.649 0.0000000000
86250  54.255  32.913  -11.752 0.0000000000
84679  54.221  32.365  -13.453 0.0000000000
83837  53.133  30.709  -13.833 0.0000000000
82833  52.088  29.372  -13.503 0.0000000000
81870  50.644  28.887  -12.718 0.0000000000
92811  52.663  41.385  -2.258 0.0000000000
92078  52.712  40.300  -2.815 0.0000000000
90507  52.248  37.978  -0.600 0.0000000000
116195  51.833  38.389  -2.207 0.0000000000
91320  52.106  39.040  -3.343 0.0000000000
90523  50.705  38.553  -4.511 0.0000000000
90533  49.126  38.134  -5.442 0.0000000000
89712  47.730  37.133  -6.735 0.0000000000
88769  45.545  36.434  1.462 0.0000000000
88777  45.923  36.611  -0.207 0.0000000000
88781  45.987  36.734  -1.196 0.0000000000
86987  44.993  34.373  -2.339 0.0000000000
87906  44.857  35.599  -2.298 0.0000000000
89687  45.662  36.655  -2.882 0.0000000000
88787  46.077  36.654  -4.322 0.0000000000
88798  46.580  36.345  -5.634 0.0000000000
87019  47.491  35.261  -7.028 0.0000000000
87011  49.048  34.285  -6.807 0.0000000000
86204  50.922  34.171  -5.999 0.0000000000
85387  52.024  33.223  -5.577 0.0000000000
84616  51.302  32.407  -4.591 0.0000000000
84625  51.858  32.285  -5.294 0.0000000000
88755  43.557  36.222  3.825 0.0000000000
87890  41.880  35.394  3.668 0.0000000000
86974  39.691  34.428  3.894 0.0000000000
137810  41.416  39.311  -15.768 0.0000000000
117193  41.663  39.419  -17.928 0.0000000000
88874  39.135  36.266  -16.195 0.0000000000
87098  39.648  34.512  -15.690 0.0000000000
86281  40.151  33.638  -14.215 0.0000000000
86302  41.754  33.744  -17.062 0.0000000000
132887  41.247  32.839  -15.461 0.0000000000
85493  41.342  32.452  -13.540 0.0000000000
119091  49.137  41.934  -7.150 0.0000000000
92861  52.224  42.072  -7.608 0.0000000000
92872  50.761  41.833  -8.635 0.0000000000
92120  48.579  41.164  -8.799 0.0000000000
91376  48.044  40.405  -10.093 0.0000000000
136874  47.997  39.753  -11.459 0.0000000000
90611  47.145  38.957  -13.311 0.0000000000
89740  50.115  37.063  -10.238 0.0000000000
89739  50.925  37.433  -11.045 0.0000000000
90598  51.850  38.330  -11.770 0.0000000000
88839  52.621  36.719  -13.401 0.0000000000
89757  52.224  37.970  -13.572 0.0000000000
91411  51.788  39.347  -12.777 0.0000000000
91423  50.945  39.613  -13.695 0.0000000000
90623  48.402  38.675  -14.461 0.0000000000
90638  47.096  38.393  -14.790 0.0000000000
88871  46.643  36.563  -15.782 0.0000000000
87991  46.947  35.383  -15.682 0.0000000000
86288  46.348  33.720  -15.093 0.0000000000
87066  48.053  34.476  -12.987 0.0000000000
87067  47.305  34.137  -13.313 0.0000000000
86269  45.974  33.054  -13.380 0.0000000000
86255  45.891  32.983  -12.315 0.0000000000
83812  48.310  30.129  -8.338 0.0000000000
90628  38.221  37.940  -14.377 0.0000000000
138703  38.440  37.790  -15.199 0.0000000000
89644  47.073  36.651  3.908 0.0000000000
88751  47.239  36.591  3.204 0.0000000000
90626  45.898  38.386  -13.447 0.0000000000
89770  45.646  37.820  -14.265 0.0000000000
89786  45.307  36.979  -14.916 0.0000000000
89719  48.447  37.267  -7.456 0.0000000000
89725  49.248  37.520  -7.992 0.0000000000
88811  48.589  36.815  -8.262 0.0000000000
84676  52.013  31.160  -13.182 0.0000000000
119605  52.424  32.018  -13.684 0.0000000000
83830  51.059  30.360  -11.745 0.0000000000
82821  51.269  29.709  -12.544 0.0000000000
92106  46.421  40.631  -7.528 0.0000000000
91363  46.714  40.454  -8.306 0.0000000000
122076  46.176  39.877  -8.893 0.0000000000
86202  52.746  33.433  -6.733 0.0000000000
133374  52.966  33.462  -7.321 0.0000000000
86215  53.347  33.111  -7.263 0.0000000000
82819  54.642  30.309  -11.277 0.0000000000
81869  53.814  29.035  -11.735 0.0000000000
82820  53.760  29.587  -12.519 0.0000000000
86270  40.755  32.859  -12.673 0.0000000000
120637  48.140  37.291  -0.964 0.0000000000
89679  48.575  37.567  -1.553 0.0000000000
89684  48.176  37.666  -2.357 0.0000000000
89685  47.238  37.442  -2.508 0.0000000000
120322  44.469  34.003  -0.093 0.0000000000
86151  44.697  33.789  -0.863 0.0000000000
86160  48.142  33.625  -3.138 0.0000000000
86161  47.065  33.752  -3.284 0.0000000000
86172  48.730  33.858  -3.673 0.0000000000
117152  49.230  34.050  -4.303 0.0000000000
86171  49.585  33.560  -3.586 0.0000000000
89793  41.300  36.986  -15.450 0.0000000000
88879  40.747  35.969  -17.398 0.0000000000
88018  40.501  35.432  -17.684 0.0000000000
88011  41.156  35.055  -17.631 0.0000000000
86290  44.813  32.629  -15.798 0.0000000000
86291  43.941  32.643  -15.977 0.0000000000
85498  44.566  32.229  -14.951 0.0000000000
92080  52.706  40.597  -3.831 0.0000000000
135460  52.592  41.730  -4.755 0.0000000000
126244  52.759  40.900  -4.790 0.0000000000
92137  52.280  40.982  -10.704 0.0000000000
133640  51.980  40.775  -11.315 0.0000000000
91402  51.229  40.763  -11.699 0.0000000000
91401  51.807  40.182  -11.946 0.0000000000
87053  52.208  34.977  -12.057 0.0000000000
87987  51.081  36.159  -14.429 0.0000000000
88854  51.786  36.776  -14.452 0.0000000000
87988  49.891  36.308  -14.274 0.0000000000
87989  48.705  36.343  -14.506 0.0000000000
124191  48.083  33.407  -11.749 0.0000000000
135672  47.147  32.708  -10.544 0.0000000000
87965  39.453  35.070  -12.927 0.0000000000
87977  39.403  35.144  -13.888 0.0000000000
89653  51.666  36.876  2.471 0.0000000000
122349  49.974  36.635  3.059 0.0000000000
89663  48.006  36.591  1.164 0.0000000000
89662  49.010  36.654  1.281 0.0000000000
89668  47.646  36.698  0.486 0.0000000000
89749  42.966  37.607  -11.630 0.0000000000
89750  41.950  37.598  -11.662 0.0000000000
88845  43.673  36.672  -13.715 0.0000000000
89772  43.035  36.864  -12.973 0.0000000000
88846  42.674  36.453  -13.731 0.0000000000
87992  43.961  35.807  -15.285 0.0000000000
122846  44.957  33.837  -16.284 0.0000000000
127459  51.168  38.560  -6.017 0.0000000000
90539  51.898  38.789  -6.392 0.0000000000
90540  51.100  38.382  -6.716 0.0000000000
90563  50.215  37.817  -8.408 0.0000000000
90562  51.442  38.209  -8.889 0.0000000000
90561  52.612  39.086  -9.605 0.0000000000
90573  51.721  38.329  -9.976 0.0000000000
86273  53.909  33.871  -14.036 0.0000000000
87061  53.815  34.480  -13.963 0.0000000000
85496  53.498  33.740  -14.371 0.0000000000
86275  52.222  34.151  -14.349 0.0000000000
87074  51.575  34.650  -14.197 0.0000000000
86276  51.085  34.028  -13.629 0.0000000000
86264  51.062  33.242  -13.114 0.0000000000
85463  50.715  31.986  -11.924 0.0000000000
85475  50.198  33.045  -12.352 0.0000000000
84666  50.032  31.015  -10.480 0.0000000000
81855  49.736  28.921  -10.423 0.0000000000
82807  49.655  29.437  -9.844 0.0000000000
88754  44.296  36.235  3.429 0.0000000000
87887  44.412  35.922  2.747 0.0000000000
86146  44.324  33.408  1.692 0.0000000000
85339  44.547  32.605  1.496 0.0000000000
116467  46.481  39.515  -10.243 0.0000000000
90587  44.922  38.720  -10.581 0.0000000000
91392  45.820  39.119  -10.586 0.0000000000
91405  46.153  39.022  -11.329 0.0000000000
87017  49.232  34.314  -7.707 0.0000000000
87025  49.404  34.518  -8.615 0.0000000000
128639  51.906  33.700  -8.915 0.0000000000
86235  51.027  33.963  -9.159 0.0000000000
126606  52.392  33.609  -9.542 0.0000000000
85421  54.275  32.533  -8.372 0.0000000000
84650  54.965  31.979  -9.161 0.0000000000
85447  54.640  32.468  -10.270 0.0000000000
86249  54.581  32.535  -11.122 0.0000000000
137628  54.387  32.642  -11.994 0.0000000000
86260  54.214  33.067  -12.736 0.0000000000
84675  54.474  31.843  -12.801 0.0000000000
81881  53.143  29.608  -13.418 0.0000000000
83834  53.533  30.513  -13.509 0.0000000000
138825  53.123  30.161  -13.719 0.0000000000
92062  52.791  40.375  -0.119 0.0000000000
92778  52.624  41.238  -0.662 0.0000000000
92070  52.778  40.280  -1.028 0.0000000000
92076  52.752  40.327  -1.865 0.0000000000
91317  52.630  39.583  -2.178 0.0000000000
89666  51.590  37.131  0.576 0.0000000000
90504  52.314  37.695  0.331 0.0000000000
90508  51.643  37.503  -0.259 0.0000000000
123255  50.228  37.909  -1.788 0.0000000000
90511  51.294  38.015  -1.625 0.0000000000
137358  52.131  38.829  -2.646 0.0000000000
90514  51.520  38.596  -3.017 0.0000000000
90519  51.462  38.766  -3.900 0.0000000000
137831  50.446  38.423  -3.545 0.0000000000
89695  47.943  37.782  -4.487 0.0000000000
90525  48.793  38.115  -4.541 0.0000000000
89694  48.115  37.805  -5.197 0.0000000000
89711  48.324  37.730  -6.065 0.0000000000
124700  47.486  37.356  -5.781 0.0000000000
88770  44.825  36.072  1.252 0.0000000000
88779  44.693  35.793  -0.576 0.0000000000
128171  45.139  36.307  -0.154 0.0000000000
88778  45.298  36.409  -0.866 0.0000000000
88782  45.403  36.498  -1.578 0.0000000000
86150  46.167  33.167  -1.839 0.0000000000
86984  45.187  33.567  -1.652 0.0000000000
86992  45.567  34.738  -3.543 0.0000000000
87905  45.063  35.127  -2.880 0.0000000000
87908  45.462  35.578  -3.626 0.0000000000
89692  45.629  36.311  -3.678 0.0000000000
89691  46.140  37.002  -3.530 0.0000000000
87911  45.839  35.863  -4.446 0.0000000000
87006  47.236  34.598  -5.506 0.0000000000
87910  46.312  35.758  -5.247 0.0000000000
87013  47.208  35.037  -6.246 0.0000000000
87924  47.128  35.736  -6.698 0.0000000000
87012  48.008  34.576  -6.781 0.0000000000
86188  50.575  34.037  -5.162 0.0000000000
86205  49.845  34.201  -5.955 0.0000000000
86187  51.388  33.752  -5.354 0.0000000000
84617  50.837  31.903  -4.148 0.0000000000
84633  52.378  31.795  -6.063 0.0000000000
89636  44.058  37.045  4.944 0.0000000000
131930  41.717  36.248  4.681 0.0000000000
87879  42.161  36.030  4.141 0.0000000000
87891  40.957  35.217  3.804 0.0000000000
90647  41.293  38.577  -16.251 0.0000000000
91439  41.831  39.376  -16.576 0.0000000000
91447  42.125  39.206  -17.430 0.0000000000
91446  42.147  39.643  -18.000 0.0000000000
91452  41.529  39.042  -17.707 0.0000000000
89805  40.339  37.122  -17.268 0.0000000000
89800  39.023  37.318  -16.369 0.0000000000
88880  39.385  36.641  -16.722 0.0000000000
87105  39.773  34.750  -16.823 0.0000000000
86294  40.093  33.725  -15.305 0.0000000000
138792  42.378  33.864  -16.940 0.0000000000
86301  42.517  33.362  -16.695 0.0000000000
85500  42.943  32.072  -14.815 0.0000000000
85501  42.106  32.465  -15.401 0.0000000000
86279  41.292  32.607  -14.568 0.0000000000
122464  41.915  32.034  -13.347 0.0000000000
115762  50.087  42.700  -3.671 0.0000000000
93573  51.366  42.457  -6.183 0.0000000000
93557  50.626  42.577  -5.522 0.0000000000
93574  50.428  42.440  -6.369 0.0000000000
93575  49.611  42.311  -6.528 0.0000000000
92848  50.232  42.250  -7.182 0.0000000000
91335  52.729  39.615  -6.748 0.0000000000
91345  53.004  40.870  -7.311 0.0000000000
135654  52.797  41.345  -8.123 0.0000000000
92119  50.485  41.557  -9.398 0.0000000000
92873  49.669  41.540  -8.681 0.0000000000
114974  49.487  41.301  -9.360 0.0000000000
92132  48.802  40.914  -9.714 0.0000000000
134535  49.945  40.450  -12.038 0.0000000000
116346  48.628  40.001  -11.736 0.0000000000
91403  47.837  39.493  -12.069 0.0000000000
91415  47.903  39.228  -13.124 0.0000000000
87942  49.280  35.635  -9.560 0.0000000000
88821  49.529  36.492  -9.781 0.0000000000
87949  49.783  35.947  -10.243 0.0000000000
87972  53.309  35.694  -14.118 0.0000000000
87963  53.181  35.965  -13.677 0.0000000000
88838  52.990  36.439  -14.069 0.0000000000
89768  52.300  37.772  -14.009 0.0000000000
90610  51.962  38.646  -13.638 0.0000000000
91422  51.574  39.340  -13.472 0.0000000000
90620  51.389  38.977  -14.106 0.0000000000
89782  49.049  37.601  -14.800 0.0000000000
90622  49.286  38.880  -14.365 0.0000000000
90636  48.705  38.224  -14.793 0.0000000000
90637  47.795  38.279  -14.896 0.0000000000
89784  47.075  37.689  -15.466 0.0000000000
88858  47.430  36.857  -15.575 0.0000000000
87088  46.676  34.542  -15.487 0.0000000000
87079  47.051  34.335  -14.507 0.0000000000
87065  48.973  34.527  -12.947 0.0000000000
87077  48.576  35.071  -13.538 0.0000000000
86277  46.561  33.625  -13.896 0.0000000000
123705  45.387  32.656  -11.052 0.0000000000
83818  48.817  30.184  -8.841 0.0000000000
125423  38.264  37.462  -13.349 0.0000000000
131854  38.402  37.197  -14.199 0.0000000000
88864  38.665  36.619  -14.608 0.0000000000
88761  48.837  36.559  2.908 0.0000000000
88762  47.790  36.577  2.693 0.0000000000
88767  47.401  36.588  1.843 0.0000000000
90614  44.839  38.100  -12.045 0.0000000000
89760  43.475  37.360  -12.340 0.0000000000
89759  44.334  37.628  -12.521 0.0000000000
88860  44.409  36.435  -14.718 0.0000000000
136614  45.136  36.415  -15.283 0.0000000000
88859  45.780  36.463  -15.649 0.0000000000
90542  49.270  37.930  -6.385 0.0000000000
90541  50.159  38.040  -6.921 0.0000000000
90553  49.978  37.874  -7.634 0.0000000000
84680  53.268  31.753  -13.978 0.0000000000
85486  53.204  32.769  -14.247 0.0000000000
85487  52.390  32.838  -14.003 0.0000000000
85474  51.705  32.640  -13.408 0.0000000000
118334  50.669  31.033  -11.304 0.0000000000
81863  50.082  28.799  -11.476 0.0000000000
87895  43.317  34.995  3.061 0.0000000000
131348  42.965  34.374  2.850 0.0000000000
91380  44.610  38.990  -9.297 0.0000000000
121327  45.349  39.391  -9.111 0.0000000000
91379  45.957  39.464  -9.724 0.0000000000
91378  46.718  39.854  -9.658 0.0000000000
86217  51.136  34.003  -7.001 0.0000000000
86227  52.538  33.602  -7.964 0.0000000000
116737  52.921  33.453  -8.781 0.0000000000
84658  55.053  31.705  -9.964 0.0000000000
83823  55.009  31.017  -10.659 0.0000000000
83828  54.683  31.231  -11.797 0.0000000000
83833  54.234  30.921  -12.966 0.0000000000
82827  54.269  30.307  -12.255 0.0000000000
91311  52.821  39.344  0.450 0.0000000000
89672  49.539  37.280  -0.387 0.0000000000
89678  49.485  37.636  -1.269 0.0000000000
137062  49.918  38.039  -2.335 0.0000000000
90517  48.693  37.915  -3.017 0.0000000000
90521  48.286  37.885  -3.818 0.0000000000
133997  47.395  37.639  -3.992 0.0000000000
87899  44.411  34.948  -0.065 0.0000000000
87901  44.530  35.154  -1.066 0.0000000000
86156  46.614  33.465  -2.551 0.0000000000
86991  46.377  34.382  -4.050 0.0000000000
86995  46.904  34.504  -4.865 0.0000000000
86191  47.759  34.296  -4.953 0.0000000000
86206  48.818  34.268  -5.922 0.0000000000
86190  48.620  34.235  -5.069 0.0000000000
84626  51.197  31.495  -4.866 0.0000000000
83799  51.168  29.951  -6.036 0.0000000000
89787  41.334  37.163  -14.296 0.0000000000
89788  40.914  37.806  -14.591 0.0000000000
122983  41.103  37.644  -15.807 0.0000000000
125818  41.103  37.768  -16.864 0.0000000000
90652  41.218  38.415  -17.354 0.0000000000
135420  40.521  36.699  -17.282 0.0000000000
88886  39.937  36.399  -17.335 0.0000000000
88019  40.113  35.730  -17.589 0.0000000000
87104  40.429  34.359  -17.344 0.0000000000
86300  43.311  32.989  -16.347 0.0000000000
85491  42.720  31.878  -13.563 0.0000000000
85490  43.829  31.993  -14.179 0.0000000000
135908  44.184  32.036  -13.489 0.0000000000
85477  44.500  32.208  -12.912 0.0000000000
93527  51.754  42.429  -3.646 0.0000000000
93543  50.911  42.693  -4.110 0.0000000000
93541  52.264  42.157  -4.299 0.0000000000
93555  52.186  42.226  -5.070 0.0000000000
91361  53.099  39.999  -9.201 0.0000000000
92117  52.735  41.231  -8.897 0.0000000000
92129  52.528  41.173  -9.838 0.0000000000
92130  51.464  41.437  -10.145 0.0000000000
91388  50.093  40.840  -11.124 0.0000000000
87045  50.773  34.734  -10.570 0.0000000000
87955  50.462  35.751  -10.922 0.0000000000
87954  51.384  35.872  -11.822 0.0000000000
88831  51.824  36.760  -12.393 0.0000000000
88853  52.600  36.533  -14.313 0.0000000000
89780  51.319  37.575  -14.491 0.0000000000
90634  50.891  38.356  -14.498 0.0000000000
89781  50.191  37.630  -14.626 0.0000000000
88857  48.314  36.918  -14.989 0.0000000000
87976  48.175  35.591  -14.332 0.0000000000
86252  49.076  33.317  -11.916 0.0000000000
86253  47.196  33.341  -11.728 0.0000000000
86254  46.480  33.156  -11.779 0.0000000000
85451  46.706  32.959  -10.983 0.0000000000
114909  46.638  32.500  -10.031 0.0000000000
92864  47.642  41.380  -7.248 0.0000000000
88840  38.719  36.554  -12.636 0.0000000000
87068  39.731  34.245  -12.538 0.0000000000
89660  51.390  36.846  1.481 0.0000000000
119070  50.711  36.893  0.803 0.0000000000
89655  49.478  36.599  2.165 0.0000000000
89661  50.124  36.726  1.429 0.0000000000
124420  49.636  36.911  0.524 0.0000000000
138036  49.057  37.018  0.057 0.0000000000
89673  48.624  37.114  -0.340 0.0000000000
133466  47.423  37.111  -1.076 0.0000000000
85343  45.638  32.614  -0.319 0.0000000000
85342  46.439  32.254  -0.560 0.0000000000
85348  46.788  32.603  -1.233 0.0000000000
85351  48.164  32.653  -2.054 0.0000000000
86154  48.464  33.189  -2.574 0.0000000000
85361  49.680  32.803  -3.067 0.0000000000
89762  41.600  37.409  -12.510 0.0000000000
89774  41.430  37.262  -13.391 0.0000000000
89773  42.080  36.776  -13.047 0.0000000000
87994  42.093  35.607  -15.858 0.0000000000
88007  41.796  35.057  -16.891 0.0000000000
125473  43.479  34.572  -16.345 0.0000000000
88005  44.120  35.061  -15.937 0.0000000000
87095  44.240  34.124  -16.394 0.0000000000
86298  45.255  33.432  -16.082 0.0000000000
86289  45.622  33.148  -15.522 0.0000000000
91326  52.295  39.379  -5.168 0.0000000000
137448  52.660  40.140  -5.210 0.0000000000
91336  52.291  39.248  -5.977 0.0000000000
86262  53.797  34.212  -13.321 0.0000000000
87073  53.472  35.104  -14.191 0.0000000000
87085  53.292  34.979  -14.414 0.0000000000
86287  53.109  34.356  -14.481 0.0000000000
87973  51.446  35.366  -14.319 0.0000000000
87064  50.017  34.359  -13.161 0.0000000000
86265  49.485  33.856  -12.561 0.0000000000
84667  49.213  31.576  -10.119 0.0000000000
83817  49.415  30.149  -9.438 0.0000000000
83825  50.022  30.161  -10.060 0.0000000000
82808  49.074  29.341  -9.166 0.0000000000
88753  45.535  36.559  3.403 0.0000000000
117281  45.775  36.516  2.467 0.0000000000
114943  44.953  36.335  2.965 0.0000000000
87893  44.504  35.590  2.015 0.0000000000
128553  44.274  34.911  2.088 0.0000000000
86147  44.609  33.448  0.851 0.0000000000
90603  42.458  37.947  -10.920 0.0000000000
90602  43.523  38.063  -11.021 0.0000000000
132151  44.529  38.765  -9.952 0.0000000000
90601  44.471  38.309  -11.211 0.0000000000
90613  45.625  38.451  -12.438 0.0000000000
90612  46.470  38.801  -12.765 0.0000000000
87935  48.140  35.651  -8.220 0.0000000000
88817  48.488  36.196  -8.670 0.0000000000
87943  48.665  35.608  -8.877 0.0000000000
87036  49.019  35.076  -9.020 0.0000000000
87024  50.279  34.175  -8.875 0.0000000000
87034  50.456  34.434  -9.724 0.0000000000
87044  51.754  34.314  -11.049 0.0000000000
87043  52.784  34.042  -11.682 0.0000000000
86225  53.895  32.837  -7.867 0.0000000000
127076  54.151  32.813  -8.560 0.0000000000
86233  53.827  33.142  -8.980 0.0000000000
85434  54.792  32.274  -9.688 0.0000000000
85435  54.410  32.703  -9.528 0.0000000000
116239  53.813  33.111  -10.051 0.0000000000
86251  53.627  33.338  -11.380 0.0000000000
132860  53.507  33.887  -12.357 0.0000000000
127255  53.966  33.466  -12.578 0.0000000000
85485  54.122  33.102  -13.602 0.0000000000
126496  53.905  32.477  -13.998 0.0000000000
117485  53.906  31.537  -13.631 0.0000000000
83838  52.409  30.294  -13.520 0.0000000000
82828  51.836  29.695  -13.305 0.0000000000
82829  51.289  28.850  -13.403 0.0000000000
81876  50.452  28.196  -13.449 0.0000000000
131150  52.191  42.126  -2.219 0.0000000000
91319  52.492  39.707  -3.561 0.0000000000
90499  52.532  37.815  1.167 0.0000000000
130886  52.659  38.329  0.593 0.0000000000
90503  52.615  38.459  -0.155 0.0000000000
115701  51.739  37.807  -0.960 0.0000000000
90510  52.120  38.219  -1.403 0.0000000000
90506  52.507  38.615  -1.046 0.0000000000
131236  52.431  38.825  -1.968 0.0000000000
135108  52.452  39.351  -2.739 0.0000000000
91323  52.159  39.217  -4.204 0.0000000000
90522  51.596  38.820  -4.788 0.0000000000
90531  50.926  38.548  -5.336 0.0000000000
90532  49.999  38.418  -5.087 0.0000000000
90524  49.731  38.356  -4.369 0.0000000000
138453  49.378  38.289  -4.855 0.0000000000
118563  48.546  37.602  -6.784 0.0000000000
88812  47.868  36.609  -7.519 0.0000000000
88768  46.423  36.589  1.671 0.0000000000
88773  46.149  36.610  0.778 0.0000000000
88774  45.336  36.363  0.568 0.0000000000
89669  46.881  36.704  0.164 0.0000000000
89675  46.784  36.848  -0.729 0.0000000000
89681  46.744  37.098  -1.716 0.0000000000
138819  45.190  33.195  -0.816 0.0000000000
86985  44.658  34.473  -1.575 0.0000000000
87903  44.650  35.242  -1.759 0.0000000000
86157  45.637  33.764  -2.485 0.0000000000
86988  44.752  34.962  -2.207 0.0000000000
125554  45.185  36.284  -2.251 0.0000000000
89682  45.851  36.803  -2.058 0.0000000000
89686  46.364  37.141  -2.690 0.0000000000
89690  46.858  37.438  -3.363 0.0000000000
89696  46.625  37.264  -4.192 0.0000000000
133467  46.515  36.906  -4.941 0.0000000000
136936  46.901  37.024  -5.501 0.0000000000
88797  47.084  36.718  -6.170 0.0000000000
88805  47.300  36.357  -6.864 0.0000000000
87930  47.607  35.859  -7.493 0.0000000000
87018  47.907  35.105  -7.652 0.0000000000
128490  48.473  34.585  -7.503 0.0000000000
86218  50.053  34.139  -6.890 0.0000000000
86203  51.911  33.758  -6.235 0.0000000000
85396  52.504  33.273  -6.189 0.0000000000
85378  50.241  33.121  -3.644 0.0000000000
85377  50.906  32.955  -4.129 0.0000000000
85376  51.486  33.109  -4.852 0.0000000000
84624  52.525  32.743  -6.017 0.0000000000
89645  46.121  36.693  4.014 0.0000000000
88740  45.240  36.729  4.123 0.0000000000
88741  44.315  36.659  4.163 0.0000000000
88742  43.382  36.712  4.569 0.0000000000
88756  42.851  36.279  4.127 0.0000000000
87889  42.860  35.627  3.611 0.0000000000
86971  42.474  34.845  3.210 0.0000000000
86137  40.458  34.448  3.386 0.0000000000
86136  41.222  33.907  2.859 0.0000000000
92178  40.976  39.858  -17.856 0.0000000000
90658  41.079  38.501  -17.508 0.0000000000
91453  41.075  38.896  -17.659 0.0000000000
123176  40.209  39.324  -17.284 0.0000000000
89794  38.653  37.310  -15.671 0.0000000000
88875  38.775  36.647  -15.480 0.0000000000
87996  38.957  36.010  -15.129 0.0000000000
88013  39.653  35.750  -17.039 0.0000000000
88008  39.311  35.506  -15.945 0.0000000000
87995  39.334  35.249  -14.886 0.0000000000
87090  39.702  34.392  -14.572 0.0000000000
87102  41.742  34.332  -17.181 0.0000000000
86303  40.930  33.668  -16.952 0.0000000000
138279  42.562  32.821  -16.201 0.0000000000
86292  41.683  33.085  -16.367 0.0000000000
86293  40.721  33.291  -15.954 0.0000000000
123446  40.639  33.122  -14.889 0.0000000000
86280  40.688  33.002  -13.844 0.0000000000
116366  42.741  31.863  -12.528 0.0000000000
93544  50.010  42.676  -4.644 0.0000000000
92830  48.773  42.239  -6.255 0.0000000000
92849  48.176  41.797  -6.755 0.0000000000
92104  48.015  41.243  -7.968 0.0000000000
92082  52.788  40.787  -5.692 0.0000000000
92860  52.750  41.559  -6.918 0.0000000000
92871  51.855  41.924  -8.498 0.0000000000
92862  51.039  42.149  -7.871 0.0000000000
92863  49.943  41.867  -7.930 0.0000000000
127454  48.927  41.532  -7.986 0.0000000000
92121  47.549  40.812  -8.545 0.0000000000
91377  47.878  40.637  -9.313 0.0000000000
132805  47.377  40.207  -9.695 0.0000000000
116190  47.265  39.830  -10.377 0.0000000000
91389  48.998  40.669  -10.548 0.0000000000
91390  48.188  40.061  -10.930 0.0000000000
131911  47.449  39.580  -11.234 0.0000000000
91404  46.833  39.145  -11.806 0.0000000000
91416  47.212  39.127  -12.586 0.0000000000
90625  46.649  38.618  -13.957 0.0000000000
89731  49.020  36.694  -9.103 0.0000000000
89730  49.781  37.134  -9.579 0.0000000000
88828  50.186  36.597  -10.598 0.0000000000
89729  50.705  37.611  -10.211 0.0000000000
90586  51.782  38.378  -10.989 0.0000000000
90585  52.063  39.396  -11.746 0.0000000000
87063  53.055  35.384  -12.982 0.0000000000
125573  52.243  37.557  -13.075 0.0000000000
89778  52.561  37.034  -14.087 0.0000000000
89756  52.571  37.279  -13.823 0.0000000000
118866  51.981  38.536  -12.759 0.0000000000
91412  51.401  39.903  -12.920 0.0000000000
91413  50.460  40.106  -13.013 0.0000000000
91424  49.815  39.533  -13.743 0.0000000000
90621  50.409  39.049  -14.303 0.0000000000
91425  48.666  39.184  -13.833 0.0000000000
90624  47.639  38.817  -14.128 0.0000000000
89769  46.454  38.123  -14.829 0.0000000000
88002  47.068  36.116  -15.780 0.0000000000
88003  46.640  35.682  -15.867 0.0000000000
87093  46.340  34.875  -15.860 0.0000000000
87089  45.966  33.985  -15.771 0.0000000000
87078  47.758  34.834  -13.886 0.0000000000
86278  45.921  33.034  -14.517 0.0000000000
85488  45.478  32.611  -13.971 0.0000000000
85476  45.271  32.593  -13.049 0.0000000000
85467  44.999  32.524  -11.889 0.0000000000
85466  45.897  32.909  -11.408 0.0000000000
120079  49.397  28.224  -11.858 0.0000000000
81874  53.238  28.860  -12.684 0.0000000000
82815  50.205  29.528  -10.581 0.0000000000
82832  52.747  29.882  -13.655 0.0000000000
85350  48.957  32.755  -2.511 0.0000000000
85446  54.825  32.208  -10.564 0.0000000000
85473  54.367  32.582  -12.738 0.0000000000
87007  46.673  35.105  -5.494 0.0000000000
87925  46.704  35.692  -5.996 0.0000000000
88785  45.178  35.971  -2.983 0.0000000000
88789  46.204  36.298  -4.951 0.0000000000
88806  46.865  36.151  -6.324 0.0000000000
88881  38.911  36.844  -16.122 0.0000000000
89665  52.121  37.235  1.055 0.0000000000
90516  49.665  38.136  -2.869 0.0000000000
90640  38.387  38.443  -15.179 0.0000000000
90654  38.678  37.936  -15.870 0.0000000000
92092  52.867  40.693  -6.480 0.0000000000
92796  52.719  41.095  -1.416 0.0000000000
92823  52.663  41.346  -3.256 0.0000000000
92826  52.658  41.494  -4.097 0.0000000000
92829  52.171  42.243  -5.873 0.0000000000
92845  52.700  41.602  -6.224 0.0000000000
92846  52.155  42.212  -6.702 0.0000000000
93510  52.357  42.091  -2.941 0.0000000000
93542  51.597  42.506  -4.562 0.0000000000
93556  51.498  42.505  -5.365 0.0000000000
119270  45.396  34.381  -2.930 0.0000000000
124873  52.674  39.421  -1.463 0.0000000000
132249  48.359  41.571  -7.421 0.0000000000
132781  51.615  42.424  -2.722 0.0000000000
135320  40.670  34.822  -17.700 0.0000000000
136210  39.015  36.126  -15.679 0.0000000000
137758  44.419  33.843  1.309 0.0000000000
138396  44.509  37.493  -13.066 0.0000000000
