#!ascii label  , from subject sub-v2s7x29658_ses-1 vox2ras=TkReg
573
137751  20.788  3.962  -37.865 0.0000000000
66319  28.177  11.300  -41.259 0.0000000000
122448  27.380  21.113  -43.857 0.0000000000
119232  18.813  16.063  -42.158 0.0000000000
56697  22.969  -0.022  -36.554 0.0000000000
58651  26.037  2.092  -39.314 0.0000000000
62965  23.535  6.982  -40.085 0.0000000000
136768  22.374  11.374  -42.722 0.0000000000
71041  28.718  16.508  -42.467 0.0000000000
73808  29.580  19.255  -49.807 0.0000000000
78419  25.543  24.462  -46.321 0.0000000000
57698  21.827  2.027  -37.066 0.0000000000
57695  24.643  0.747  -37.987 0.0000000000
58654  23.103  2.937  -38.359 0.0000000000
65464  20.076  10.025  -40.565 0.0000000000
67256  19.329  12.259  -40.914 0.0000000000
71894  21.791  18.092  -44.073 0.0000000000
71053  23.911  16.279  -43.080 0.0000000000
72811  27.926  18.882  -42.867 0.0000000000
72835  30.291  18.156  -45.737 0.0000000000
74724  30.679  20.638  -45.201 0.0000000000
79354  23.464  25.489  -45.141 0.0000000000
78407  22.836  24.503  -44.054 0.0000000000
80285  23.435  24.778  -48.841 0.0000000000
64614  25.388  9.331  -40.446 0.0000000000
62131  26.863  6.664  -40.235 0.0000000000
63811  28.506  7.680  -42.025 0.0000000000
74715  22.390  20.296  -44.493 0.0000000000
119254  29.655  12.643  -44.273 0.0000000000
61243  19.865  6.187  -38.236 0.0000000000
61261  22.028  5.516  -39.743 0.0000000000
62966  21.233  7.330  -40.342 0.0000000000
63815  22.753  8.678  -41.467 0.0000000000
66322  24.986  11.406  -41.505 0.0000000000
68252  20.573  13.839  -42.789 0.0000000000
68251  24.162  13.656  -42.755 0.0000000000
121359  28.287  13.691  -41.579 0.0000000000
70146  29.533  15.598  -45.178 0.0000000000
76486  23.388  22.420  -44.515 0.0000000000
76497  26.369  23.024  -44.856 0.0000000000
82169  26.031  28.123  -46.657 0.0000000000
79358  28.685  25.495  -46.068 0.0000000000
77409  30.283  23.199  -45.646 0.0000000000
75651  31.223  21.983  -50.243 0.0000000000
60435  24.903  4.483  -39.432 0.0000000000
61227  19.987  4.895  -37.278 0.0000000000
59532  20.433  3.546  -36.999 0.0000000000
58638  21.479  2.763  -37.393 0.0000000000
58637  22.658  2.232  -37.661 0.0000000000
59545  22.434  3.737  -38.567 0.0000000000
73754  24.525  19.261  -43.748 0.0000000000
72814  24.981  18.593  -43.416 0.0000000000
73751  27.446  19.562  -43.269 0.0000000000
74697  29.455  19.818  -43.506 0.0000000000
74711  29.190  21.035  -43.973 0.0000000000
80277  21.907  25.990  -47.625 0.0000000000
136848  22.886  24.790  -46.986 0.0000000000
79374  22.503  25.038  -49.400 0.0000000000
65462  26.950  9.959  -40.623 0.0000000000
63797  27.065  8.572  -40.482 0.0000000000
64624  28.408  8.831  -41.823 0.0000000000
73756  20.308  19.376  -43.754 0.0000000000
75606  20.469  20.657  -43.899 0.0000000000
56699  21.561  0.660  -35.931 0.0000000000
55629  22.327  -1.160  -35.799 0.0000000000
54653  22.972  -1.890  -35.868 0.0000000000
55638  24.302  -0.719  -36.407 0.0000000000
57707  24.870  1.355  -38.497 0.0000000000
56709  25.221  0.432  -37.461 0.0000000000
61264  20.127  6.696  -39.037 0.0000000000
63787  19.964  8.052  -39.154 0.0000000000
65474  21.345  10.328  -41.889 0.0000000000
64630  21.711  9.557  -41.708 0.0000000000
64644  22.203  10.156  -42.237 0.0000000000
65473  23.714  10.050  -41.921 0.0000000000
66330  23.512  11.607  -42.703 0.0000000000
68242  19.121  13.835  -41.666 0.0000000000
69197  19.585  14.893  -42.541 0.0000000000
71044  25.399  16.459  -42.618 0.0000000000
127232  23.603  15.061  -43.130 0.0000000000
70112  26.653  15.614  -42.047 0.0000000000
69184  26.228  14.284  -41.670 0.0000000000
70101  27.788  15.341  -41.861 0.0000000000
117949  29.584  14.997  -43.586 0.0000000000
115856  29.652  15.931  -43.477 0.0000000000
72852  30.182  18.602  -47.179 0.0000000000
138313  29.185  17.212  -47.713 0.0000000000
78411  24.643  24.502  -45.523 0.0000000000
77406  22.667  23.584  -44.139 0.0000000000
76499  24.910  23.168  -44.708 0.0000000000
76485  24.291  22.217  -44.555 0.0000000000
77413  26.582  23.575  -45.475 0.0000000000
78414  30.444  24.488  -46.411 0.0000000000
77427  31.529  23.783  -47.503 0.0000000000
76516  31.636  22.932  -47.545 0.0000000000
62110  23.210  6.281  -39.956 0.0000000000
117375  23.559  5.037  -39.489 0.0000000000
61259  24.536  5.515  -39.528 0.0000000000
61277  27.860  5.087  -40.993 0.0000000000
126748  27.435  4.530  -40.509 0.0000000000
57684  21.603  1.474  -36.454 0.0000000000
56698  22.270  0.675  -36.503 0.0000000000
56711  23.717  0.162  -36.981 0.0000000000
57696  23.231  1.431  -37.511 0.0000000000
58653  23.587  2.209  -38.207 0.0000000000
59543  24.192  2.760  -38.749 0.0000000000
64618  19.523  10.227  -39.773 0.0000000000
65465  19.632  10.788  -40.482 0.0000000000
66333  20.459  11.523  -41.877 0.0000000000
71064  20.974  17.128  -43.837 0.0000000000
70129  21.342  15.731  -43.707 0.0000000000
71882  22.963  17.065  -43.519 0.0000000000
71868  24.983  17.121  -42.983 0.0000000000
71867  27.524  17.622  -42.569 0.0000000000
71893  30.086  17.327  -43.961 0.0000000000
72808  30.042  18.817  -43.600 0.0000000000
73778  30.625  19.655  -45.477 0.0000000000
136666  30.810  20.156  -47.482 0.0000000000
79348  21.382  25.577  -42.835 0.0000000000
78406  23.571  24.896  -44.624 0.0000000000
78425  23.928  24.488  -47.501 0.0000000000
79367  24.917  24.904  -47.426 0.0000000000
62987  24.622  7.928  -39.959 0.0000000000
62963  25.280  7.238  -39.705 0.0000000000
62985  26.783  7.711  -40.230 0.0000000000
122221  27.637  6.836  -40.890 0.0000000000
71870  18.644  17.391  -42.127 0.0000000000
72817  20.571  18.487  -43.831 0.0000000000
73769  22.549  19.416  -44.377 0.0000000000
74714  24.509  20.557  -44.257 0.0000000000
56696  24.713  -0.031  -36.835 0.0000000000
67262  29.244  11.886  -42.447 0.0000000000
65479  28.967  9.807  -42.844 0.0000000000
61242  19.942  5.335  -38.116 0.0000000000
60419  21.338  4.292  -38.504 0.0000000000
61262  21.159  5.584  -39.429 0.0000000000
128289  21.584  6.138  -39.973 0.0000000000
62989  22.619  7.425  -40.775 0.0000000000
136990  20.690  8.579  -40.402 0.0000000000
63801  21.952  8.322  -41.208 0.0000000000
63800  23.210  8.025  -40.959 0.0000000000
64615  24.389  9.268  -40.799 0.0000000000
65471  25.231  10.605  -41.058 0.0000000000
66320  27.022  11.422  -41.016 0.0000000000
67268  19.581  12.734  -41.761 0.0000000000
132032  21.420  12.346  -42.745 0.0000000000
70128  21.848  15.117  -43.686 0.0000000000
68264  22.107  13.647  -43.473 0.0000000000
66341  23.044  12.113  -43.055 0.0000000000
67264  24.878  12.981  -42.006 0.0000000000
67253  26.742  12.773  -41.337 0.0000000000
67251  28.467  12.082  -41.505 0.0000000000
68248  29.332  13.714  -42.485 0.0000000000
122188  29.443  14.073  -45.198 0.0000000000
115728  30.013  17.059  -44.933 0.0000000000
117688  22.067  21.093  -44.487 0.0000000000
127994  24.809  21.664  -44.468 0.0000000000
75600  26.582  21.699  -44.218 0.0000000000
80283  24.993  26.077  -47.422 0.0000000000
121444  25.796  25.739  -46.710 0.0000000000
80273  27.665  26.552  -46.196 0.0000000000
79360  26.865  25.499  -46.263 0.0000000000
78417  27.695  24.279  -45.808 0.0000000000
76495  28.517  22.936  -45.006 0.0000000000
76480  28.708  22.244  -44.562 0.0000000000
75614  30.773  22.056  -45.474 0.0000000000
74739  31.176  21.152  -47.842 0.0000000000
127481  30.730  20.562  -49.263 0.0000000000
60436  23.053  4.330  -39.159 0.0000000000
59557  24.540  3.608  -39.209 0.0000000000
59556  25.505  3.574  -39.493 0.0000000000
127266  26.075  5.606  -39.750 0.0000000000
60434  25.978  4.224  -39.738 0.0000000000
60406  20.363  4.066  -37.385 0.0000000000
59531  20.775  3.442  -37.408 0.0000000000
59546  21.483  3.535  -37.963 0.0000000000
74701  25.859  20.147  -43.679 0.0000000000
73753  25.441  19.364  -43.537 0.0000000000
74700  26.874  20.274  -43.568 0.0000000000
74699  27.954  20.321  -43.501 0.0000000000
132209  28.371  20.912  -43.768 0.0000000000
80286  21.687  25.513  -48.795 0.0000000000
65469  27.528  10.598  -40.913 0.0000000000
64625  27.983  9.663  -40.988 0.0000000000
137264  28.251  10.412  -41.320 0.0000000000
55640  22.125  -0.240  -35.995 0.0000000000
54663  22.936  -0.926  -36.267 0.0000000000
54662  23.655  -1.302  -36.207 0.0000000000
55639  23.642  -0.526  -36.566 0.0000000000
57706  25.692  1.433  -38.811 0.0000000000
57694  25.470  0.898  -38.237 0.0000000000
57693  26.140  1.154  -38.391 0.0000000000
58650  26.493  1.597  -38.846 0.0000000000
62948  19.961  7.420  -38.706 0.0000000000
65482  21.808  10.976  -42.431 0.0000000000
65481  22.614  10.806  -42.581 0.0000000000
136049  23.157  10.914  -42.657 0.0000000000
66331  22.904  11.432  -42.854 0.0000000000
70116  18.781  15.214  -42.001 0.0000000000
70115  19.464  15.781  -42.652 0.0000000000
71043  26.452  16.447  -42.388 0.0000000000
70113  25.715  15.754  -42.301 0.0000000000
119231  27.305  16.056  -42.178 0.0000000000
70111  28.105  16.075  -42.184 0.0000000000
70110  28.864  15.615  -42.351 0.0000000000
70124  29.395  16.240  -42.790 0.0000000000
73800  29.854  19.063  -48.813 0.0000000000
72859  29.766  18.457  -48.098 0.0000000000
78420  25.231  24.391  -45.914 0.0000000000
77415  24.934  24.059  -44.999 0.0000000000
77421  26.031  24.052  -45.894 0.0000000000
77414  25.716  23.660  -45.113 0.0000000000
78423  31.251  24.603  -47.494 0.0000000000
78427  31.553  24.237  -48.233 0.0000000000
77442  31.588  23.804  -49.040 0.0000000000
130813  23.642  5.766  -39.667 0.0000000000
62109  24.023  6.388  -39.708 0.0000000000
61276  28.651  4.963  -41.078 0.0000000000
58624  21.206  2.300  -36.684 0.0000000000
57697  22.426  1.433  -37.036 0.0000000000
124020  24.329  1.966  -38.499 0.0000000000
66313  19.262  11.516  -40.284 0.0000000000
65457  19.220  10.950  -39.671 0.0000000000
66323  19.765  11.456  -41.153 0.0000000000
66334  19.903  12.123  -41.736 0.0000000000
71895  21.476  17.404  -43.905 0.0000000000
71883  22.101  17.302  -43.844 0.0000000000
72816  22.740  18.014  -43.816 0.0000000000
72812  26.921  18.800  -43.071 0.0000000000
71880  25.483  17.884  -43.109 0.0000000000
122725  26.542  17.959  -42.834 0.0000000000
72799  27.413  18.296  -42.745 0.0000000000
72809  29.681  18.417  -43.099 0.0000000000
72810  28.900  18.717  -42.826 0.0000000000
74709  30.383  20.125  -44.514 0.0000000000
123567  30.444  19.385  -44.615 0.0000000000
73791  30.572  19.440  -46.737 0.0000000000
74731  30.890  20.348  -46.203 0.0000000000
80268  23.218  26.174  -45.413 0.0000000000
80260  22.851  26.378  -43.862 0.0000000000
79351  23.195  25.694  -44.521 0.0000000000
79352  22.880  25.404  -43.958 0.0000000000
79369  23.400  24.675  -48.181 0.0000000000
120639  23.438  24.566  -47.126 0.0000000000
79368  24.034  24.619  -47.946 0.0000000000
63799  24.956  8.659  -40.210 0.0000000000
62986  25.620  7.973  -39.908 0.0000000000
63798  26.003  8.653  -40.184 0.0000000000
62984  27.780  7.700  -41.003 0.0000000000
62997  28.333  6.808  -41.690 0.0000000000
62149  28.153  6.209  -41.446 0.0000000000
71857  18.213  17.610  -41.278 0.0000000000
72801  18.453  18.260  -41.952 0.0000000000
71869  19.177  17.746  -42.664 0.0000000000
72818  19.832  18.113  -43.292 0.0000000000
74716  21.601  19.843  -44.437 0.0000000000
73771  21.001  19.168  -44.234 0.0000000000
116175  23.211  20.067  -44.403 0.0000000000
73767  24.027  19.849  -44.179 0.0000000000
117017  23.801  20.513  -44.407 0.0000000000
115664  23.851  0.765  -37.531 0.0000000000
55649  24.189  -0.181  -36.831 0.0000000000
56710  24.420  0.286  -37.322 0.0000000000
56695  25.262  0.192  -36.702 0.0000000000
67274  29.502  12.089  -43.367 0.0000000000
61228  19.794  5.863  -37.472 0.0000000000
61241  20.702  5.038  -38.753 0.0000000000
61263  20.330  5.806  -38.927 0.0000000000
122551  20.659  7.035  -39.754 0.0000000000
62112  20.818  6.297  -39.582 0.0000000000
136766  21.231  6.698  -40.068 0.0000000000
131240  21.955  6.842  -40.430 0.0000000000
136455  19.855  9.580  -39.890 0.0000000000
118085  20.092  8.818  -39.662 0.0000000000
64617  20.452  9.262  -40.495 0.0000000000
63816  22.056  8.955  -41.532 0.0000000000
134393  22.514  7.988  -41.111 0.0000000000
63814  23.526  8.864  -41.240 0.0000000000
63813  24.023  8.440  -40.539 0.0000000000
65472  24.323  10.709  -41.741 0.0000000000
64626  24.383  9.988  -41.328 0.0000000000
65470  26.416  10.698  -40.795 0.0000000000
66321  25.910  11.403  -41.100 0.0000000000
68253  19.652  13.984  -42.346 0.0000000000
135853  19.422  13.329  -41.935 0.0000000000
123609  20.062  13.107  -42.327 0.0000000000
136052  19.998  12.564  -42.081 0.0000000000
67279  20.969  13.060  -42.776 0.0000000000
124195  22.050  15.904  -43.772 0.0000000000
70127  22.708  15.251  -43.493 0.0000000000
69204  23.880  14.312  -42.951 0.0000000000
69205  23.057  14.275  -43.351 0.0000000000
68262  23.499  13.558  -43.117 0.0000000000
67277  22.521  12.741  -43.212 0.0000000000
67275  23.825  12.956  -42.884 0.0000000000
67266  23.523  12.358  -42.883 0.0000000000
122497  24.362  13.120  -42.546 0.0000000000
125763  27.312  14.125  -41.509 0.0000000000
68240  26.495  13.476  -41.468 0.0000000000
68239  27.490  13.202  -41.398 0.0000000000
67252  27.577  12.262  -41.245 0.0000000000
68238  28.383  12.829  -41.535 0.0000000000
68249  29.002  13.280  -41.871 0.0000000000
70138  29.636  15.580  -44.243 0.0000000000
134392  29.559  14.173  -44.242 0.0000000000
69212  29.507  14.885  -44.694 0.0000000000
69220  29.230  14.763  -45.703 0.0000000000
70154  29.059  15.512  -46.298 0.0000000000
71892  30.305  17.929  -44.793 0.0000000000
71900  29.985  17.287  -45.928 0.0000000000
77399  21.998  24.107  -43.659 0.0000000000
128353  23.227  23.139  -44.428 0.0000000000
77407  21.768  23.216  -43.869 0.0000000000
134455  21.491  22.384  -44.091 0.0000000000
136102  21.989  21.893  -44.406 0.0000000000
118463  21.305  21.594  -44.234 0.0000000000
75604  22.754  21.765  -44.505 0.0000000000
76498  25.651  22.906  -44.712 0.0000000000
76484  25.214  22.290  -44.577 0.0000000000
76483  26.047  22.312  -44.527 0.0000000000
75601  25.572  21.526  -44.307 0.0000000000
76482  26.930  22.416  -44.559 0.0000000000
81202  24.668  27.301  -47.664 0.0000000000
81201  25.502  27.432  -46.852 0.0000000000
80275  25.805  26.754  -46.628 0.0000000000
80271  29.345  26.637  -46.635 0.0000000000
81189  28.515  27.293  -46.519 0.0000000000
80272  28.634  26.325  -46.258 0.0000000000
132432  27.951  25.837  -46.114 0.0000000000
79359  27.816  25.101  -46.047 0.0000000000
78416  28.558  24.698  -45.829 0.0000000000
77419  30.766  23.658  -46.257 0.0000000000
135018  29.574  23.614  -45.550 0.0000000000
77410  29.473  23.062  -45.261 0.0000000000
76493  30.155  22.552  -45.236 0.0000000000
75615  30.132  21.893  -44.835 0.0000000000
138919  30.597  22.634  -45.583 0.0000000000
75644  31.367  21.978  -49.257 0.0000000000
75629  31.490  22.076  -47.672 0.0000000000
75635  31.353  21.742  -48.423 0.0000000000
75636  31.087  21.123  -48.876 0.0000000000
75645  30.946  21.095  -49.829 0.0000000000
61240  21.655  4.936  -39.204 0.0000000000
60418  22.208  4.423  -39.023 0.0000000000
60437  22.564  4.949  -39.440 0.0000000000
137864  24.237  4.845  -39.428 0.0000000000
121514  23.970  4.315  -39.285 0.0000000000
62107  25.971  6.421  -39.729 0.0000000000
127588  25.426  5.858  -39.597 0.0000000000
60433  26.988  3.863  -40.215 0.0000000000
61257  26.487  4.845  -39.967 0.0000000000
59555  26.466  3.314  -39.824 0.0000000000
58639  20.700  2.956  -36.827 0.0000000000
59530  22.239  3.052  -37.978 0.0000000000
72825  23.164  18.798  -44.030 0.0000000000
72815  23.987  18.551  -43.641 0.0000000000
73752  26.404  19.475  -43.379 0.0000000000
73750  28.627  19.576  -43.195 0.0000000000
74698  28.941  20.372  -43.551 0.0000000000
74710  29.766  20.348  -43.903 0.0000000000
118366  30.114  21.065  -44.446 0.0000000000
80276  22.656  25.705  -46.604 0.0000000000
79362  23.371  25.191  -46.087 0.0000000000
79370  22.602  24.994  -48.013 0.0000000000
118201  22.809  24.753  -48.883 0.0000000000
64613  26.395  9.323  -40.443 0.0000000000
64612  27.293  9.248  -40.648 0.0000000000
63812  27.918  8.640  -41.059 0.0000000000
74717  20.735  19.980  -44.165 0.0000000000
136731  21.803  20.480  -44.474 0.0000000000
57672  21.164  1.290  -35.827 0.0000000000
56684  21.024  0.747  -35.337 0.0000000000
124059  21.376  0.001  -35.414 0.0000000000
53708  23.810  -1.978  -35.754 0.0000000000
54661  24.187  -1.384  -35.997 0.0000000000
62093  19.922  6.870  -38.302 0.0000000000
62968  20.189  7.421  -39.326 0.0000000000
62967  20.542  7.902  -39.916 0.0000000000
64631  20.858  9.756  -41.253 0.0000000000
64629  22.546  9.464  -41.889 0.0000000000
64628  23.215  9.419  -41.806 0.0000000000
64643  23.043  10.144  -42.360 0.0000000000
65480  23.659  10.778  -42.345 0.0000000000
66329  24.241  11.479  -42.173 0.0000000000
136183  19.067  14.456  -42.054 0.0000000000
69196  20.280  14.544  -42.822 0.0000000000
71045  24.550  16.389  -42.881 0.0000000000
70125  24.121  15.718  -42.923 0.0000000000
70114  24.873  15.745  -42.627 0.0000000000
123528  25.134  15.068  -42.372 0.0000000000
69195  24.611  14.361  -42.545 0.0000000000
69194  25.356  14.371  -42.067 0.0000000000
69193  25.952  15.040  -41.941 0.0000000000
135704  27.531  14.727  -41.658 0.0000000000
69183  28.140  14.499  -41.669 0.0000000000
69192  28.901  14.144  -41.928 0.0000000000
120043  28.671  14.889  -42.007 0.0000000000
70123  29.466  15.514  -42.867 0.0000000000
72843  30.058  17.976  -46.605 0.0000000000
71916  29.674  17.852  -47.508 0.0000000000
71923  29.085  17.648  -48.395 0.0000000000
78405  24.182  24.292  -44.993 0.0000000000
77405  23.559  23.924  -44.523 0.0000000000
77404  24.355  23.729  -44.744 0.0000000000
121164  23.995  23.124  -44.613 0.0000000000
79357  29.418  25.820  -46.381 0.0000000000
78415  29.516  24.884  -46.079 0.0000000000
79356  30.207  25.291  -46.632 0.0000000000
77418  31.133  24.135  -46.859 0.0000000000
76507  31.372  23.309  -46.791 0.0000000000
75622  31.454  22.463  -46.835 0.0000000000
76533  31.639  22.941  -49.113 0.0000000000
61260  22.885  5.601  -39.757 0.0000000000
62130  27.628  5.968  -40.914 0.0000000000
61278  26.899  5.596  -40.246 0.0000000000
56712  23.090  0.752  -37.000 0.0000000000
135729  23.360  1.854  -37.844 0.0000000000
58636  23.970  1.445  -38.067 0.0000000000
58652  25.067  2.033  -38.894 0.0000000000
65475  20.413  10.670  -41.369 0.0000000000
65483  21.038  11.009  -42.037 0.0000000000
119528  21.185  11.636  -42.401 0.0000000000
71057  20.040  16.409  -43.201 0.0000000000
71056  20.811  16.363  -43.642 0.0000000000
135496  22.251  16.609  -43.720 0.0000000000
71054  23.421  16.466  -43.298 0.0000000000
123571  23.589  17.804  -43.502 0.0000000000
71881  23.987  17.002  -43.172 0.0000000000
119794  25.918  17.190  -42.725 0.0000000000
123991  26.783  17.199  -42.566 0.0000000000
71866  28.491  17.335  -42.539 0.0000000000
71879  29.329  17.070  -42.736 0.0000000000
71865  29.145  17.903  -42.714 0.0000000000
71877  30.162  18.151  -43.736 0.0000000000
72824  30.361  18.772  -44.250 0.0000000000
73765  30.105  19.515  -43.873 0.0000000000
72842  30.411  18.767  -46.162 0.0000000000
73799  30.298  19.220  -47.808 0.0000000000
119484  30.444  19.717  -48.393 0.0000000000
78412  23.966  24.767  -45.712 0.0000000000
78421  24.329  24.539  -46.618 0.0000000000
78424  24.717  24.530  -46.999 0.0000000000
79361  25.660  24.827  -46.653 0.0000000000
127714  23.773  7.687  -40.281 0.0000000000
62964  24.332  7.169  -39.798 0.0000000000
62962  26.137  7.247  -39.849 0.0000000000
71046  19.179  16.748  -42.598 0.0000000000
71886  19.843  17.251  -43.215 0.0000000000
71885  20.485  17.623  -43.639 0.0000000000
131440  19.878  18.866  -43.357 0.0000000000
73770  21.732  18.931  -44.317 0.0000000000
72826  22.382  18.643  -44.177 0.0000000000
73768  23.352  19.460  -44.221 0.0000000000
73766  24.943  19.984  -43.907 0.0000000000
74712  26.241  20.937  -43.888 0.0000000000
66318  28.852  11.583  -41.833 0.0000000000
65468  28.684  10.673  -41.844 0.0000000000
66328  29.061  10.984  -42.540 0.0000000000
60420  20.310  4.529  -38.020 0.0000000000
62111  22.391  6.169  -40.091 0.0000000000
62132  22.814  6.822  -40.361 0.0000000000
62988  23.179  7.386  -40.546 0.0000000000
62991  21.271  8.090  -40.656 0.0000000000
64616  21.277  8.907  -41.090 0.0000000000
62990  21.914  7.622  -40.830 0.0000000000
64627  23.797  9.504  -41.462 0.0000000000
138576  25.018  9.866  -40.772 0.0000000000
65463  25.881  10.004  -40.580 0.0000000000
67243  19.025  12.858  -40.183 0.0000000000
67267  20.550  12.323  -42.324 0.0000000000
66332  21.902  11.755  -42.745 0.0000000000
70130  20.487  15.405  -43.238 0.0000000000
135327  21.258  15.029  -43.564 0.0000000000
69208  20.938  14.490  -43.301 0.0000000000
69206  22.284  14.425  -43.576 0.0000000000
68265  21.353  13.740  -43.255 0.0000000000
67278  21.759  12.971  -43.156 0.0000000000
66342  22.051  12.339  -43.024 0.0000000000
135206  22.513  11.951  -42.956 0.0000000000
67265  24.182  12.362  -42.503 0.0000000000
67255  24.891  12.180  -41.776 0.0000000000
68241  25.538  13.627  -41.746 0.0000000000
67254  25.734  12.762  -41.481 0.0000000000
125234  25.569  11.983  -41.409 0.0000000000
127177  26.426  12.115  -41.234 0.0000000000
67263  28.965  12.423  -41.859 0.0000000000
122574  29.311  12.783  -42.466 0.0000000000
68261  29.541  13.157  -43.259 0.0000000000
69203  29.573  14.063  -43.307 0.0000000000
137308  29.597  13.506  -43.945 0.0000000000
68273  29.627  13.414  -44.735 0.0000000000
71052  29.754  16.786  -43.285 0.0000000000
71063  29.815  16.386  -44.375 0.0000000000
71908  29.525  17.237  -46.967 0.0000000000
75605  21.194  20.708  -44.306 0.0000000000
75603  23.128  20.935  -44.524 0.0000000000
130856  23.538  21.690  -44.521 0.0000000000
118625  24.859  21.126  -44.330 0.0000000000
75599  27.406  21.862  -44.253 0.0000000000
80290  23.082  25.632  -49.458 0.0000000000
80284  24.043  25.885  -48.573 0.0000000000
81207  24.132  26.934  -48.394 0.0000000000
133634  24.249  25.030  -48.137 0.0000000000
81191  26.324  27.488  -46.473 0.0000000000
80274  26.603  26.629  -46.338 0.0000000000
116331  26.305  24.516  -46.221 0.0000000000
78418  26.807  24.072  -45.924 0.0000000000
131967  27.265  23.713  -45.600 0.0000000000
78409  29.182  24.169  -45.677 0.0000000000
77412  28.008  23.612  -45.441 0.0000000000
76496  27.350  23.118  -45.051 0.0000000000
76481  27.870  22.395  -44.558 0.0000000000
75598  28.329  21.634  -44.160 0.0000000000
75597  29.351  21.732  -44.422 0.0000000000
133493  30.589  21.385  -45.093 0.0000000000
114853  31.029  21.216  -45.764 0.0000000000
75630  31.398  21.706  -47.046 0.0000000000
120887  31.220  21.044  -46.734 0.0000000000
74748  30.789  20.399  -48.537 0.0000000000
73807  30.309  19.874  -49.260 0.0000000000
75652  30.793  21.341  -50.775 0.0000000000
74760  30.424  20.566  -50.495 0.0000000000
73818  30.014  19.903  -50.182 0.0000000000
59544  23.548  3.616  -38.909 0.0000000000
59542  25.211  2.823  -39.224 0.0000000000
62108  24.940  6.465  -39.592 0.0000000000
61258  25.571  5.119  -39.610 0.0000000000
128700  26.012  2.827  -39.560 0.0000000000
120213  28.535  9.764  -41.800 0.0000000000
64642  28.731  8.997  -42.601 0.0000000000
67276  23.210  12.829  -43.164 0.0000000000
68250  24.803  13.700  -42.275 0.0000000000
68263  22.819  13.471  -43.363 0.0000000000
69191  29.312  14.716  -42.580 0.0000000000
69207  21.620  14.407  -43.548 0.0000000000
70102  26.886  14.888  -41.714 0.0000000000
70126  23.435  15.820  -43.249 0.0000000000
71042  27.618  16.754  -42.390 0.0000000000
71047  18.555  16.718  -41.852 0.0000000000
71055  22.786  16.181  -43.516 0.0000000000
71878  29.805  17.617  -43.138 0.0000000000
71884  21.554  16.627  -43.818 0.0000000000
72798  28.265  18.143  -42.621 0.0000000000
72813  25.956  18.675  -43.242 0.0000000000
72827  21.077  17.861  -43.987 0.0000000000
72834  30.459  18.790  -45.151 0.0000000000
73749  29.522  19.168  -43.278 0.0000000000
73755  23.804  19.193  -43.968 0.0000000000
74713  25.316  20.718  -44.047 0.0000000000
74755  30.484  20.395  -49.795 0.0000000000
75602  24.132  21.222  -44.479 0.0000000000
75623  31.283  21.873  -46.248 0.0000000000
76487  22.462  22.626  -44.330 0.0000000000
76494  29.421  22.420  -44.846 0.0000000000
76508  31.055  22.765  -46.037 0.0000000000
76524  31.594  22.507  -48.382 0.0000000000
77411  28.859  23.586  -45.403 0.0000000000
77420  29.997  24.030  -45.881 0.0000000000
77435  31.678  23.377  -48.289 0.0000000000
78410  28.449  24.072  -45.628 0.0000000000
79375  22.229  25.036  -49.081 0.0000000000
80265  23.165  26.388  -44.685 0.0000000000
81190  27.328  27.438  -46.397 0.0000000000
119771  20.459  16.950  -43.532 0.0000000000
120465  27.098  24.688  -46.094 0.0000000000
122859  24.507  17.829  -43.285 0.0000000000
127282  29.320  18.338  -48.821 0.0000000000
127284  24.367  15.038  -42.765 0.0000000000
131885  30.824  24.817  -46.929 0.0000000000
135750  24.680  28.145  -47.629 0.0000000000
136106  22.552  13.941  -43.476 0.0000000000
136236  23.363  18.302  -43.739 0.0000000000
137219  21.220  18.499  -44.155 0.0000000000
