#!ascii label  , from subject sub-v2s7x29798_ses-1 vox2ras=TkReg
1887
104815  -33.378  -7.209  46.053 0.0000000000
113843  -46.998  5.311  25.288 0.0000000000
58216  -39.028  -5.215  36.644 0.0000000000
43703  -6.230  -23.100  41.473 0.0000000000
48513  -20.728  -16.385  45.533 0.0000000000
49372  -5.314  -14.966  41.054 0.0000000000
50162  -4.502  -14.628  48.263 0.0000000000
64889  -43.051  2.207  29.423 0.0000000000
51034  -6.429  -14.350  33.744 0.0000000000
107167  -5.366  -26.457  48.249 0.0000000000
63124  -37.206  1.001  45.059 0.0000000000
47656  -28.668  -17.789  52.382 0.0000000000
46034  -25.735  -17.218  52.060 0.0000000000
70641  -45.226  9.882  22.800 0.0000000000
60685  -40.229  -3.112  31.236 0.0000000000
48556  -17.274  -16.476  40.419 0.0000000000
53723  -6.963  -10.268  35.907 0.0000000000
46918  -8.931  -18.509  43.120 0.0000000000
46940  -10.418  -16.998  38.929 0.0000000000
44583  -6.600  -22.252  37.022 0.0000000000
44446  -9.867  -21.065  51.828 0.0000000000
43634  -5.806  -22.778  53.628 0.0000000000
119612  -35.337  -1.998  44.661 0.0000000000
48464  -23.539  -15.419  51.277 0.0000000000
45335  -23.093  -20.542  42.195 0.0000000000
50192  -4.941  -14.614  44.818 0.0000000000
46093  -7.174  -19.444  46.343 0.0000000000
64903  -46.895  2.252  27.516 0.0000000000
46059  -12.478  -19.967  48.609 0.0000000000
46902  -13.866  -18.520  44.553 0.0000000000
49397  -5.220  -15.035  37.069 0.0000000000
128088  -11.049  -16.856  35.250 0.0000000000
49258  -5.177  -15.199  52.268 0.0000000000
115788  -5.583  -21.496  49.490 0.0000000000
41932  -5.597  -24.471  44.692 0.0000000000
114800  -35.168  0.589  47.262 0.0000000000
105132  -33.233  -8.336  46.577 0.0000000000
61355  -34.266  -1.266  47.345 0.0000000000
51777  -30.543  -13.192  48.007 0.0000000000
50951  -31.268  -13.720  50.258 0.0000000000
51750  -28.277  -13.788  50.615 0.0000000000
127531  -45.541  8.451  24.871 0.0000000000
121351  -46.859  -0.571  24.838 0.0000000000
64937  -46.116  2.246  23.546 0.0000000000
67376  -43.897  5.283  22.639 0.0000000000
58270  -39.863  -5.225  33.186 0.0000000000
56374  -37.167  -6.712  38.282 0.0000000000
56409  -37.311  -7.180  35.687 0.0000000000
57337  -37.764  -6.612  32.554 0.0000000000
109739  -7.130  -20.642  41.822 0.0000000000
45352  -7.717  -20.223  40.460 0.0000000000
126593  -6.396  -22.475  39.419 0.0000000000
42027  -6.509  -24.373  37.034 0.0000000000
42012  -6.364  -24.674  38.815 0.0000000000
42814  -10.434  -23.684  48.467 0.0000000000
41867  -9.108  -24.097  50.462 0.0000000000
119733  -37.761  1.206  42.977 0.0000000000
119924  -39.683  1.664  41.990 0.0000000000
119616  -38.666  -0.274  42.705 0.0000000000
119631  -38.895  -0.844  41.354 0.0000000000
120132  -35.820  -1.609  42.449 0.0000000000
50908  -23.114  -13.732  55.262 0.0000000000
46098  -25.988  -20.200  46.920 0.0000000000
46096  -24.448  -19.918  46.390 0.0000000000
128173  -46.757  6.353  19.915 0.0000000000
67393  -47.736  5.273  18.744 0.0000000000
49303  -4.706  -14.977  46.614 0.0000000000
124104  -6.593  -16.028  46.240 0.0000000000
48495  -5.947  -16.190  47.440 0.0000000000
65695  -45.291  2.973  28.364 0.0000000000
61567  -38.669  -1.380  28.875 0.0000000000
64077  -39.810  1.460  27.443 0.0000000000
111199  -42.286  2.901  26.060 0.0000000000
121875  -11.008  -17.756  50.767 0.0000000000
48481  -11.901  -16.583  49.386 0.0000000000
51824  -4.841  -12.475  40.356 0.0000000000
51834  -4.967  -12.522  38.477 0.0000000000
49386  -5.594  -15.278  39.290 0.0000000000
46179  -9.601  -19.663  36.859 0.0000000000
47757  -10.653  -17.357  37.242 0.0000000000
46198  -10.711  -19.516  34.931 0.0000000000
49241  -6.857  -15.315  54.354 0.0000000000
41855  -5.015  -24.388  51.093 0.0000000000
44444  -4.495  -21.688  51.350 0.0000000000
42813  -5.156  -23.460  48.980 0.0000000000
124838  -5.484  -22.624  47.482 0.0000000000
111230  -5.289  -25.234  47.130 0.0000000000
114314  -38.900  2.644  44.038 0.0000000000
50910  -25.505  -13.901  55.219 0.0000000000
50923  -27.287  -13.857  53.810 0.0000000000
46028  -26.710  -18.328  51.446 0.0000000000
70646  -47.288  9.852  21.082 0.0000000000
107879  -44.468  7.202  21.422 0.0000000000
62403  -41.087  -0.467  30.426 0.0000000000
122058  -38.067  -3.775  30.046 0.0000000000
46931  -20.953  -18.295  41.753 0.0000000000
48530  -19.859  -15.970  43.037 0.0000000000
51872  -4.949  -12.492  34.565 0.0000000000
49352  -7.992  -15.490  42.049 0.0000000000
49375  -8.322  -15.305  40.300 0.0000000000
47738  -9.903  -17.807  40.880 0.0000000000
45371  -8.564  -19.939  38.072 0.0000000000
44595  -7.300  -22.020  35.780 0.0000000000
46817  -8.917  -18.813  53.900 0.0000000000
111349  -7.410  -18.427  54.480 0.0000000000
43636  -8.086  -22.273  52.372 0.0000000000
40882  -6.921  -24.779  51.580 0.0000000000
58186  -37.589  -4.340  40.309 0.0000000000
57233  -38.165  -5.050  41.990 0.0000000000
47681  -22.045  -16.917  48.838 0.0000000000
48453  -24.855  -16.032  52.177 0.0000000000
46865  -22.925  -18.071  47.969 0.0000000000
109123  -21.837  -18.498  43.915 0.0000000000
52762  -5.105  -12.416  42.130 0.0000000000
52742  -4.959  -12.756  43.670 0.0000000000
49349  -5.172  -14.780  42.612 0.0000000000
48526  -7.675  -16.112  44.339 0.0000000000
46901  -8.220  -18.558  44.682 0.0000000000
123844  -6.485  -21.020  43.904 0.0000000000
111392  -48.455  2.676  26.214 0.0000000000
63284  -44.452  0.770  25.284 0.0000000000
47653  -9.948  -18.314  52.517 0.0000000000
45262  -11.402  -20.588  50.248 0.0000000000
42827  -11.923  -22.429  47.039 0.0000000000
50194  -17.658  -15.054  44.926 0.0000000000
49306  -15.201  -15.330  47.010 0.0000000000
49297  -13.382  -15.803  48.059 0.0000000000
46873  -13.228  -19.408  46.731 0.0000000000
43685  -12.944  -21.599  44.465 0.0000000000
53709  -7.510  -10.693  37.180 0.0000000000
51851  -5.051  -12.662  36.452 0.0000000000
50231  -5.439  -15.047  35.227 0.0000000000
122893  -8.731  -15.198  38.300 0.0000000000
49400  -8.355  -15.396  36.586 0.0000000000
49412  -8.007  -15.597  34.288 0.0000000000
50142  -5.079  -14.718  50.392 0.0000000000
46823  -4.795  -18.302  53.371 0.0000000000
114231  -5.438  -17.494  51.121 0.0000000000
47678  -5.990  -17.725  49.201 0.0000000000
46078  -6.341  -20.501  47.788 0.0000000000
114203  -5.976  -22.136  45.568 0.0000000000
106525  -5.935  -24.015  43.082 0.0000000000
39058  -4.602  -27.991  46.451 0.0000000000
39092  -4.866  -27.369  44.344 0.0000000000
41022  -5.755  -25.581  40.807 0.0000000000
58946  -32.671  -4.143  48.249 0.0000000000
58100  -32.639  -5.319  48.129 0.0000000000
105907  -33.369  -7.951  46.346 0.0000000000
124301  -33.118  -4.070  48.326 0.0000000000
53542  -31.359  -11.210  47.169 0.0000000000
127008  -32.569  -10.745  46.524 0.0000000000
121431  -31.114  -9.897  47.071 0.0000000000
52678  -29.950  -12.490  48.040 0.0000000000
68961  -45.827  7.045  25.054 0.0000000000
113333  -47.497  1.756  24.721 0.0000000000
64118  -47.034  0.428  24.163 0.0000000000
66521  -46.129  3.780  24.108 0.0000000000
67365  -45.275  5.725  24.214 0.0000000000
58230  -39.280  -5.685  35.321 0.0000000000
59065  -40.192  -4.503  34.623 0.0000000000
58217  -39.398  -4.925  36.060 0.0000000000
56385  -37.204  -6.946  37.519 0.0000000000
57296  -38.072  -6.630  36.104 0.0000000000
57308  -38.842  -6.343  34.695 0.0000000000
44523  -6.403  -21.712  41.796 0.0000000000
44537  -6.582  -21.528  40.437 0.0000000000
43711  -6.291  -22.758  40.753 0.0000000000
42893  -6.393  -23.341  39.426 0.0000000000
42892  -6.307  -23.799  39.866 0.0000000000
41909  -10.360  -24.283  46.320 0.0000000000
41898  -10.169  -24.213  47.836 0.0000000000
120930  -41.960  1.299  41.027 0.0000000000
119686  -39.708  0.689  41.535 0.0000000000
119731  -38.882  0.083  40.773 0.0000000000
120433  -37.927  0.014  41.575 0.0000000000
68207  -47.717  7.077  20.232 0.0000000000
67389  -47.316  5.672  19.382 0.0000000000
109322  -49.227  5.992  19.585 0.0000000000
112012  -4.478  -14.903  47.112 0.0000000000
48502  -5.204  -15.504  46.999 0.0000000000
48494  -5.453  -15.820  47.700 0.0000000000
64896  -43.722  2.695  28.735 0.0000000000
64891  -46.025  2.701  30.228 0.0000000000
63268  -40.341  0.319  29.167 0.0000000000
63274  -40.036  0.823  28.370 0.0000000000
64079  -41.360  1.929  28.304 0.0000000000
64901  -42.669  2.882  27.517 0.0000000000
49278  -11.701  -15.816  50.666 0.0000000000
49280  -13.226  -15.299  49.955 0.0000000000
48498  -20.827  -16.219  48.037 0.0000000000
49315  -19.976  -15.663  46.694 0.0000000000
51886  -5.996  -13.070  33.754 0.0000000000
50990  -4.410  -13.567  40.444 0.0000000000
50992  -4.359  -13.430  39.496 0.0000000000
49381  -5.390  -15.118  40.143 0.0000000000
45400  -9.246  -20.690  35.614 0.0000000000
46188  -9.808  -19.932  36.069 0.0000000000
45407  -9.632  -20.985  34.975 0.0000000000
50912  -7.118  -13.403  54.463 0.0000000000
49231  -7.552  -15.800  54.565 0.0000000000
40901  -5.466  -25.286  49.271 0.0000000000
41865  -5.014  -24.167  50.173 0.0000000000
41873  -5.237  -24.412  49.081 0.0000000000
41886  -5.294  -24.300  48.147 0.0000000000
114233  -5.242  -25.927  47.750 0.0000000000
64742  -38.116  3.012  45.063 0.0000000000
63934  -36.956  1.207  45.261 0.0000000000
65564  -39.693  3.561  44.440 0.0000000000
105360  -40.614  2.949  43.657 0.0000000000
50124  -29.186  -14.445  52.545 0.0000000000
49255  -28.358  -15.470  52.952 0.0000000000
47649  -27.903  -17.957  52.577 0.0000000000
45264  -27.841  -19.332  50.110 0.0000000000
71507  -46.707  10.525  21.607 0.0000000000
68970  -44.355  7.749  22.896 0.0000000000
67375  -43.649  5.693  21.984 0.0000000000
69779  -45.254  8.796  21.762 0.0000000000
68974  -45.909  8.532  21.153 0.0000000000
62384  -40.864  -1.110  30.562 0.0000000000
123110  -42.476  0.209  31.308 0.0000000000
61527  -41.269  -2.133  31.601 0.0000000000
58282  -38.553  -5.327  31.714 0.0000000000
58281  -37.773  -5.677  31.383 0.0000000000
59102  -39.083  -3.964  30.958 0.0000000000
60704  -39.397  -2.100  29.944 0.0000000000
53738  -5.979  -10.065  35.350 0.0000000000
114381  -4.763  -11.101  34.265 0.0000000000
107817  -5.124  -11.338  35.163 0.0000000000
48537  -8.918  -16.685  43.109 0.0000000000
48549  -9.535  -16.561  41.805 0.0000000000
121881  -9.634  -17.647  41.772 0.0000000000
45360  -7.161  -20.880  38.974 0.0000000000
45361  -7.794  -20.233  39.527 0.0000000000
45370  -7.412  -20.841  37.971 0.0000000000
110695  -8.006  -20.427  37.464 0.0000000000
44584  -6.945  -21.894  36.470 0.0000000000
43750  -6.646  -22.662  36.470 0.0000000000
45241  -8.980  -19.878  53.052 0.0000000000
45239  -8.292  -19.968  53.753 0.0000000000
43637  -8.686  -21.827  52.244 0.0000000000
40903  -8.234  -25.562  49.576 0.0000000000
41858  -8.229  -24.386  51.339 0.0000000000
40902  -7.495  -25.874  49.940 0.0000000000
39924  -6.695  -25.924  50.089 0.0000000000
105079  -34.978  -4.257  42.069 0.0000000000
120136  -35.565  -2.096  43.646 0.0000000000
119584  -36.098  -3.806  42.898 0.0000000000
104949  -34.962  -3.369  43.526 0.0000000000
58178  -38.126  -4.439  41.868 0.0000000000
127160  -22.676  -15.554  50.951 0.0000000000
48473  -21.646  -15.828  50.322 0.0000000000
48474  -22.418  -16.293  50.382 0.0000000000
47636  -24.644  -17.164  55.068 0.0000000000
48438  -23.765  -16.997  55.180 0.0000000000
120948  -25.237  -16.795  51.866 0.0000000000
45312  -24.182  -20.422  44.674 0.0000000000
126264  -23.702  -19.092  47.123 0.0000000000
46108  -22.784  -19.410  44.857 0.0000000000
46896  -22.395  -18.761  45.224 0.0000000000
46128  -22.421  -19.695  43.364 0.0000000000
46135  -21.759  -19.400  42.058 0.0000000000
50970  -4.511  -13.992  45.279 0.0000000000
50973  -4.579  -13.958  44.285 0.0000000000
50976  -4.609  -13.854  43.383 0.0000000000
49327  -5.132  -14.826  44.072 0.0000000000
125837  -6.686  -15.482  43.936 0.0000000000
127318  -6.106  -15.394  44.935 0.0000000000
46881  -7.322  -18.575  46.799 0.0000000000
46892  -8.053  -18.169  45.476 0.0000000000
46105  -7.309  -19.656  45.416 0.0000000000
112319  -7.448  -19.961  43.974 0.0000000000
45301  -6.798  -20.414  45.048 0.0000000000
64915  -48.253  2.013  26.907 0.0000000000
67346  -49.361  4.884  27.444 0.0000000000
65708  -48.973  3.227  27.943 0.0000000000
65710  -44.817  2.696  26.885 0.0000000000
64093  -43.878  1.842  25.574 0.0000000000
64085  -45.616  1.205  26.055 0.0000000000
64096  -47.219  0.549  25.903 0.0000000000
48458  -9.963  -17.364  52.777 0.0000000000
46856  -11.810  -19.384  49.353 0.0000000000
46042  -10.967  -19.794  50.720 0.0000000000
45272  -11.847  -20.488  49.608 0.0000000000
43655  -11.991  -21.502  49.156 0.0000000000
44482  -12.679  -21.298  47.907 0.0000000000
49367  -18.427  -15.680  41.796 0.0000000000
50199  -18.053  -15.055  44.120 0.0000000000
49354  -17.522  -15.468  42.760 0.0000000000
47717  -14.659  -17.559  43.750 0.0000000000
49330  -15.506  -15.976  44.745 0.0000000000
48512  -13.994  -16.810  45.526 0.0000000000
49305  -14.575  -15.446  47.539 0.0000000000
117895  -13.541  -17.118  46.099 0.0000000000
47694  -12.932  -17.666  46.960 0.0000000000
46893  -13.537  -19.336  45.446 0.0000000000
44503  -13.493  -21.154  43.941 0.0000000000
53695  -8.346  -10.248  38.315 0.0000000000
50999  -4.480  -13.758  37.557 0.0000000000
51841  -5.023  -12.643  37.511 0.0000000000
51003  -4.675  -13.870  36.491 0.0000000000
50225  -4.869  -14.189  35.675 0.0000000000
50226  -5.364  -15.031  36.097 0.0000000000
113327  -9.730  -15.752  39.668 0.0000000000
49384  -8.779  -15.283  39.488 0.0000000000
108096  -10.187  -15.998  38.796 0.0000000000
47768  -10.903  -16.745  35.784 0.0000000000
113856  -10.326  -16.006  36.619 0.0000000000
49402  -9.968  -15.708  36.150 0.0000000000
127604  -8.654  -15.627  34.893 0.0000000000
118725  -10.095  -15.894  34.519 0.0000000000
49414  -9.720  -15.803  33.828 0.0000000000
121440  -5.146  -14.786  51.539 0.0000000000
45238  -6.817  -20.322  54.448 0.0000000000
109541  -6.071  -18.532  54.507 0.0000000000
44431  -4.971  -20.730  54.223 0.0000000000
116056  -5.237  -21.519  50.344 0.0000000000
108477  -5.243  -20.013  51.350 0.0000000000
46047  -5.706  -19.685  50.733 0.0000000000
47677  -5.732  -17.806  50.014 0.0000000000
46855  -6.134  -18.605  49.465 0.0000000000
46862  -6.324  -18.415  48.841 0.0000000000
45277  -6.229  -20.465  48.486 0.0000000000
108792  -5.590  -23.437  46.226 0.0000000000
43680  -5.778  -22.339  46.289 0.0000000000
42849  -5.804  -22.881  45.684 0.0000000000
43688  -6.159  -22.379  44.064 0.0000000000
41933  -5.812  -23.766  44.142 0.0000000000
37247  -3.936  -29.654  45.078 0.0000000000
39073  -4.387  -28.069  45.569 0.0000000000
65544  -37.445  4.203  45.538 0.0000000000
105295  -32.933  -9.148  46.785 0.0000000000
58952  -34.193  -3.904  48.030 0.0000000000
60565  -33.552  -2.846  47.864 0.0000000000
62220  -34.381  -0.717  47.304 0.0000000000
50125  -29.888  -14.122  52.209 0.0000000000
51768  -30.783  -13.800  48.373 0.0000000000
126290  -33.069  -12.009  46.600 0.0000000000
50949  -29.590  -13.749  49.278 0.0000000000
71490  -45.318  10.236  23.686 0.0000000000
121581  -46.036  -0.764  22.854 0.0000000000
63324  -45.357  -0.197  22.330 0.0000000000
115052  -44.048  1.936  21.905 0.0000000000
65727  -44.828  3.817  23.186 0.0000000000
107484  -44.766  6.804  23.971 0.0000000000
59083  -39.774  -4.852  32.437 0.0000000000
60686  -41.045  -2.728  31.815 0.0000000000
59894  -40.646  -4.146  33.433 0.0000000000
59895  -41.001  -3.418  34.191 0.0000000000
56362  -36.323  -6.960  39.598 0.0000000000
56373  -36.415  -7.433  38.062 0.0000000000
56395  -36.498  -7.652  36.123 0.0000000000
55532  -35.774  -7.939  34.862 0.0000000000
56435  -36.283  -7.301  33.136 0.0000000000
56423  -37.430  -7.144  34.346 0.0000000000
57338  -38.718  -6.265  32.960 0.0000000000
46133  -8.384  -19.396  42.707 0.0000000000
46141  -8.357  -19.567  41.751 0.0000000000
45332  -7.709  -20.173  41.342 0.0000000000
44549  -6.611  -21.714  39.425 0.0000000000
44560  -6.458  -22.378  38.675 0.0000000000
43738  -6.512  -22.789  37.213 0.0000000000
42900  -6.462  -23.360  38.498 0.0000000000
42026  -6.438  -24.852  37.731 0.0000000000
43647  -10.463  -22.235  50.842 0.0000000000
42792  -9.872  -22.764  51.143 0.0000000000
41876  -9.981  -23.998  49.008 0.0000000000
120138  -35.742  -0.015  43.973 0.0000000000
104480  -38.866  2.002  43.168 0.0000000000
63146  -38.267  1.022  44.092 0.0000000000
104941  -39.150  1.137  42.088 0.0000000000
120140  -38.392  -1.071  41.736 0.0000000000
121997  -37.873  -1.985  41.682 0.0000000000
120345  -36.960  -1.129  41.984 0.0000000000
120098  -36.922  -0.019  43.030 0.0000000000
49253  -23.683  -15.003  53.775 0.0000000000
46061  -25.754  -19.218  49.090 0.0000000000
46060  -25.006  -19.079  48.922 0.0000000000
46097  -25.160  -20.124  46.661 0.0000000000
106280  -25.120  -20.862  44.463 0.0000000000
67392  -45.481  5.196  18.817 0.0000000000
67400  -46.945  4.981  18.316 0.0000000000
66553  -47.206  4.798  16.863 0.0000000000
67413  -47.676  4.886  16.195 0.0000000000
50184  -4.696  -14.462  45.461 0.0000000000
48511  -5.754  -15.395  45.758 0.0000000000
49311  -5.184  -15.278  46.374 0.0000000000
123283  -6.601  -16.548  47.028 0.0000000000
46880  -6.991  -18.352  47.477 0.0000000000
65705  -46.025  2.789  27.866 0.0000000000
65691  -47.517  2.991  29.669 0.0000000000
63272  -38.399  -0.253  27.700 0.0000000000
63276  -38.434  0.762  26.835 0.0000000000
64091  -39.373  2.012  25.500 0.0000000000
64910  -41.500  2.736  26.618 0.0000000000
65702  -43.415  3.060  27.181 0.0000000000
48462  -10.429  -17.031  52.211 0.0000000000
126564  -11.267  -15.984  51.276 0.0000000000
47679  -11.442  -17.522  49.985 0.0000000000
46863  -12.120  -18.758  48.727 0.0000000000
46929  -14.784  -18.918  41.748 0.0000000000
45311  -13.862  -20.221  43.943 0.0000000000
52785  -5.838  -11.649  39.787 0.0000000000
52794  -6.142  -11.669  38.757 0.0000000000
117660  -4.845  -12.409  39.196 0.0000000000
50995  -4.368  -13.623  38.497 0.0000000000
49391  -5.089  -15.081  37.986 0.0000000000
46944  -10.024  -18.671  38.181 0.0000000000
46945  -10.483  -17.553  38.137 0.0000000000
114926  -10.591  -18.289  36.850 0.0000000000
113590  -10.802  -18.431  36.039 0.0000000000
116754  -11.110  -17.572  35.467 0.0000000000
111388  -7.067  -12.392  54.286 0.0000000000
50095  -6.551  -13.979  54.009 0.0000000000
121833  -5.712  -15.463  53.349 0.0000000000
41849  -5.208  -24.210  51.977 0.0000000000
44437  -4.572  -21.882  52.969 0.0000000000
118605  -4.307  -23.123  51.689 0.0000000000
43646  -4.512  -22.933  50.430 0.0000000000
44462  -5.093  -22.303  49.774 0.0000000000
44471  -5.463  -22.075  48.791 0.0000000000
114066  -5.306  -23.036  48.055 0.0000000000
42837  -5.456  -23.449  46.980 0.0000000000
116448  -5.383  -24.972  46.328 0.0000000000
109946  -36.408  0.867  45.102 0.0000000000
60571  -34.831  -1.907  47.276 0.0000000000
63112  -36.654  0.943  45.276 0.0000000000
119351  -38.205  1.960  44.069 0.0000000000
104479  -38.899  2.070  43.245 0.0000000000
119799  -41.643  2.613  41.990 0.0000000000
48447  -26.192  -16.587  53.926 0.0000000000
127159  -28.007  -13.660  52.816 0.0000000000
48448  -26.876  -16.458  53.534 0.0000000000
46027  -26.044  -17.667  52.171 0.0000000000
46062  -26.793  -19.239  49.279 0.0000000000
66528  -43.338  4.513  20.733 0.0000000000
109002  -45.810  6.958  20.364 0.0000000000
68977  -46.842  8.326  20.713 0.0000000000
64069  -41.704  1.065  29.818 0.0000000000
64064  -43.338  1.602  30.877 0.0000000000
64063  -42.779  0.951  31.083 0.0000000000
56451  -36.189  -7.149  32.230 0.0000000000
60703  -38.654  -2.454  29.590 0.0000000000
62409  -40.014  -0.494  29.447 0.0000000000
47725  -21.192  -17.572  43.194 0.0000000000
48531  -20.281  -16.163  43.920 0.0000000000
48552  -20.256  -16.912  42.029 0.0000000000
48559  -19.549  -16.775  40.398 0.0000000000
51884  -5.009  -12.188  34.209 0.0000000000
51873  -5.079  -12.959  34.349 0.0000000000
49363  -6.047  -15.126  41.679 0.0000000000
49373  -6.248  -15.190  40.786 0.0000000000
49365  -8.275  -15.383  41.120 0.0000000000
113707  -9.563  -16.120  41.142 0.0000000000
111769  -10.245  -17.522  39.666 0.0000000000
46150  -8.978  -19.129  40.626 0.0000000000
46156  -9.208  -19.068  39.842 0.0000000000
108542  -9.627  -18.925  39.063 0.0000000000
46171  -9.422  -19.464  37.678 0.0000000000
47632  -7.919  -17.284  54.600 0.0000000000
46813  -8.231  -18.511  54.463 0.0000000000
44430  -7.967  -20.159  53.940 0.0000000000
43631  -7.238  -21.797  53.101 0.0000000000
42790  -8.620  -23.736  51.629 0.0000000000
42787  -7.676  -23.775  52.025 0.0000000000
41847  -6.418  -23.925  52.397 0.0000000000
40881  -6.234  -24.740  51.460 0.0000000000
39922  -5.990  -25.613  49.935 0.0000000000
39940  -5.547  -26.768  48.613 0.0000000000
58205  -38.132  -5.496  38.406 0.0000000000
58206  -38.640  -4.502  38.027 0.0000000000
59031  -37.673  -3.620  40.597 0.0000000000
104478  -38.016  0.350  43.638 0.0000000000
56340  -36.226  -6.498  41.180 0.0000000000
57249  -37.391  -5.349  39.956 0.0000000000
48490  -20.983  -16.073  48.852 0.0000000000
127508  -21.326  -16.896  46.822 0.0000000000
112566  -24.602  -13.737  55.198 0.0000000000
49244  -22.824  -16.224  54.992 0.0000000000
118270  -24.580  -15.551  52.269 0.0000000000
46859  -24.424  -18.440  49.370 0.0000000000
46858  -23.645  -17.985  49.517 0.0000000000
47683  -23.155  -17.521  49.611 0.0000000000
47689  -22.504  -17.497  48.433 0.0000000000
47695  -21.806  -17.269  47.097 0.0000000000
47711  -21.676  -17.645  45.041 0.0000000000
46923  -21.442  -18.809  42.346 0.0000000000
67419  -48.738  4.820  15.340 0.0000000000
66565  -49.528  4.314  13.940 0.0000000000
67423  -50.116  4.426  13.322 0.0000000000
51818  -4.993  -12.440  41.198 0.0000000000
50987  -4.496  -13.638  41.346 0.0000000000
52751  -5.085  -12.578  43.001 0.0000000000
50980  -4.574  -13.636  42.375 0.0000000000
49362  -5.196  -14.870  41.929 0.0000000000
49350  -5.834  -15.047  42.528 0.0000000000
49342  -7.653  -15.570  43.000 0.0000000000
111807  -8.645  -17.164  43.942 0.0000000000
48517  -7.527  -16.256  45.070 0.0000000000
47715  -8.329  -17.652  44.732 0.0000000000
46910  -8.722  -18.104  43.992 0.0000000000
46125  -7.681  -19.999  43.151 0.0000000000
108934  -6.665  -21.108  43.126 0.0000000000
43695  -6.349  -22.172  42.427 0.0000000000
66504  -47.984  4.088  25.511 0.0000000000
64108  -41.214  1.913  24.548 0.0000000000
63299  -41.857  1.065  24.148 0.0000000000
62435  -43.440  -0.863  24.357 0.0000000000
63286  -46.067  -0.313  25.428 0.0000000000
63288  -47.446  0.461  25.459 0.0000000000
46818  -9.261  -19.034  53.262 0.0000000000
46032  -9.966  -19.670  52.131 0.0000000000
47659  -10.347  -17.915  52.022 0.0000000000
46033  -10.468  -19.563  51.523 0.0000000000
44455  -10.857  -21.311  50.968 0.0000000000
43668  -11.606  -22.583  47.824 0.0000000000
49323  -19.618  -15.414  45.222 0.0000000000
50187  -18.267  -14.930  45.585 0.0000000000
50178  -17.412  -14.905  46.674 0.0000000000
48529  -16.073  -16.210  43.424 0.0000000000
49322  -15.862  -15.482  45.507 0.0000000000
50176  -15.949  -15.041  47.361 0.0000000000
50169  -15.098  -15.113  48.273 0.0000000000
50163  -14.775  -15.051  49.010 0.0000000000
49290  -13.744  -15.336  49.072 0.0000000000
49296  -12.902  -15.902  48.500 0.0000000000
116634  -12.548  -18.579  47.920 0.0000000000
46068  -12.794  -19.923  47.880 0.0000000000
45310  -13.619  -20.395  44.436 0.0000000000
45293  -13.347  -20.241  46.080 0.0000000000
43675  -12.963  -21.087  46.581 0.0000000000
43681  -12.354  -22.005  45.795 0.0000000000
52813  -6.920  -10.828  36.541 0.0000000000
121933  -6.348  -11.649  38.010 0.0000000000
52812  -6.159  -11.461  36.591 0.0000000000
52820  -5.418  -11.908  35.826 0.0000000000
51862  -4.863  -12.892  35.135 0.0000000000
128239  -4.882  -13.910  35.062 0.0000000000
50235  -5.655  -14.803  34.477 0.0000000000
49382  -6.468  -15.276  39.919 0.0000000000
121669  -6.667  -15.307  39.083 0.0000000000
109274  -6.959  -15.280  37.384 0.0000000000
48567  -10.206  -15.957  37.923 0.0000000000
49394  -9.087  -15.344  37.326 0.0000000000
49399  -7.192  -15.437  36.346 0.0000000000
49405  -6.860  -15.590  35.324 0.0000000000
49411  -7.053  -15.590  34.573 0.0000000000
50245  -6.970  -14.959  33.726 0.0000000000
49420  -7.921  -15.247  33.695 0.0000000000
47637  -6.603  -17.121  54.336 0.0000000000
48442  -5.485  -17.127  53.979 0.0000000000
47651  -5.126  -16.826  53.027 0.0000000000
123682  -4.616  -19.616  52.756 0.0000000000
46831  -5.016  -18.149  52.608 0.0000000000
48456  -5.108  -16.468  52.295 0.0000000000
48470  -5.302  -16.100  50.363 0.0000000000
48480  -5.357  -16.107  49.498 0.0000000000
48486  -5.354  -15.864  48.628 0.0000000000
48487  -5.645  -16.299  48.362 0.0000000000
46871  -6.725  -18.208  47.975 0.0000000000
46091  -6.567  -20.189  47.263 0.0000000000
44488  -5.978  -21.532  47.474 0.0000000000
45290  -6.243  -21.107  46.965 0.0000000000
45300  -6.452  -20.908  45.542 0.0000000000
44502  -6.271  -21.488  44.335 0.0000000000
106174  -6.324  -22.596  43.031 0.0000000000
126281  -6.167  -23.412  41.965 0.0000000000
39033  -5.297  -27.266  48.000 0.0000000000
38140  -4.672  -28.588  46.836 0.0000000000
39956  -5.132  -26.858  47.556 0.0000000000
119085  -5.004  -26.609  46.387 0.0000000000
39995  -5.114  -26.354  45.645 0.0000000000
40011  -5.247  -26.123  44.811 0.0000000000
39109  -5.109  -27.207  43.424 0.0000000000
40973  -5.502  -25.486  43.968 0.0000000000
40985  -5.705  -24.883  43.013 0.0000000000
122310  -5.910  -24.589  41.756 0.0000000000
41984  -5.978  -24.717  40.901 0.0000000000
41033  -6.121  -25.419  39.581 0.0000000000
124286  -6.137  -26.107  39.086 0.0000000000
120453  -32.243  -4.913  48.944 0.0000000000
126566  -32.166  -3.943  48.049 0.0000000000
104817  -32.672  -6.148  48.060 0.0000000000
107915  -33.253  -6.353  46.365 0.0000000000
58081  -32.186  -5.107  49.157 0.0000000000
104788  -32.239  -9.511  46.561 0.0000000000
113966  -31.955  -10.605  46.583 0.0000000000
126353  -32.601  -8.689  46.470 0.0000000000
104816  -32.470  -7.911  46.407 0.0000000000
120776  -46.496  6.333  25.370 0.0000000000
68952  -46.469  7.449  25.686 0.0000000000
68182  -47.287  6.786  26.098 0.0000000000
66503  -47.369  4.427  25.157 0.0000000000
66512  -46.888  3.846  24.616 0.0000000000
108184  -46.667  4.787  24.810 0.0000000000
67366  -46.141  5.549  24.766 0.0000000000
111021  -39.081  -5.585  36.046 0.0000000000
57269  -38.386  -5.755  37.591 0.0000000000
57282  -37.998  -6.468  37.059 0.0000000000
57283  -38.674  -5.896  36.627 0.0000000000
57297  -38.755  -6.181  35.640 0.0000000000
43704  -6.288  -22.393  41.600 0.0000000000
44536  -6.284  -22.002  40.987 0.0000000000
43710  -6.312  -23.340  40.239 0.0000000000
116049  -6.249  -23.404  40.903 0.0000000000
104772  -39.837  0.769  41.174 0.0000000000
50168  -4.300  -14.580  47.479 0.0000000000
49302  -4.844  -15.229  47.285 0.0000000000
49295  -4.625  -15.029  47.637 0.0000000000
118842  -44.931  2.509  30.098 0.0000000000
64071  -43.369  1.962  30.138 0.0000000000
122553  -41.363  1.343  29.144 0.0000000000
64073  -40.752  1.137  28.790 0.0000000000
64074  -42.123  1.878  29.102 0.0000000000
64895  -42.828  2.594  28.493 0.0000000000
50129  -13.614  -14.832  51.685 0.0000000000
49268  -12.733  -15.222  50.885 0.0000000000
48507  -20.795  -16.296  47.057 0.0000000000
49308  -20.133  -15.740  47.680 0.0000000000
118370  -20.565  -16.160  46.268 0.0000000000
122557  -5.999  -13.798  33.809 0.0000000000
50209  -4.570  -14.271  40.899 0.0000000000
50213  -4.821  -14.715  40.451 0.0000000000
49232  -8.078  -15.160  54.720 0.0000000000
107102  -5.543  -26.057  48.908 0.0000000000
40916  -5.366  -25.463  48.531 0.0000000000
65553  -38.484  3.690  44.767 0.0000000000
65554  -39.010  3.946  44.353 0.0000000000
66338  -39.430  4.333  44.377 0.0000000000
66339  -40.160  4.109  44.263 0.0000000000
49256  -29.035  -15.795  52.539 0.0000000000
48455  -28.444  -16.430  52.706 0.0000000000
47650  -28.464  -17.176  52.533 0.0000000000
71494  -45.867  10.371  22.227 0.0000000000
69777  -44.644  8.314  22.252 0.0000000000
70637  -44.913  9.090  22.531 0.0000000000
110963  -45.500  9.538  22.026 0.0000000000
60694  -40.626  -2.322  31.019 0.0000000000
61540  -41.075  -1.645  31.006 0.0000000000
111914  -39.718  -3.710  31.235 0.0000000000
59091  -38.776  -4.630  31.304 0.0000000000
59923  -39.429  -3.286  30.719 0.0000000000
60693  -39.814  -2.551  30.541 0.0000000000
112818  -6.859  -9.479  35.592 0.0000000000
53737  -5.144  -10.602  34.966 0.0000000000
52821  -6.048  -10.976  35.739 0.0000000000
46911  -9.094  -17.551  43.260 0.0000000000
47732  -9.363  -17.069  42.516 0.0000000000
46919  -9.340  -17.892  42.585 0.0000000000
44561  -6.777  -21.613  38.366 0.0000000000
44573  -6.867  -21.618  37.406 0.0000000000
44440  -9.286  -20.483  52.471 0.0000000000
44439  -8.753  -20.946  52.590 0.0000000000
44445  -9.279  -21.428  52.083 0.0000000000
40897  -8.004  -25.318  50.327 0.0000000000
104936  -35.011  -2.938  43.871 0.0000000000
120101  -35.051  -2.562  43.058 0.0000000000
120158  -35.159  -0.124  44.935 0.0000000000
62249  -36.133  -0.193  45.228 0.0000000000
120271  -35.616  -2.696  44.633 0.0000000000
119903  -36.426  -4.096  41.883 0.0000000000
107220  -22.789  -15.992  50.770 0.0000000000
46820  -24.743  -17.289  53.923 0.0000000000
47640  -24.285  -17.571  54.683 0.0000000000
46833  -25.468  -17.168  51.508 0.0000000000
45323  -23.664  -20.467  43.741 0.0000000000
46120  -23.249  -20.017  44.420 0.0000000000
46129  -22.917  -20.037  43.765 0.0000000000
46119  -22.545  -19.563  44.094 0.0000000000
46137  -22.997  -20.291  43.112 0.0000000000
46136  -22.370  -19.881  42.569 0.0000000000
50191  -4.747  -14.330  44.633 0.0000000000
113703  -4.887  -14.507  44.108 0.0000000000
49328  -5.380  -15.025  44.894 0.0000000000
46891  -7.638  -18.829  45.997 0.0000000000
46104  -6.818  -20.198  45.904 0.0000000000
64904  -47.661  1.722  26.961 0.0000000000
64906  -48.559  2.652  27.463 0.0000000000
65707  -48.503  2.853  28.130 0.0000000000
65711  -45.799  2.437  27.275 0.0000000000
111453  -45.661  1.919  26.656 0.0000000000
64914  -46.716  1.689  26.959 0.0000000000
127713  -11.653  -19.748  49.695 0.0000000000
45273  -12.326  -20.428  48.975 0.0000000000
44474  -12.524  -20.674  48.707 0.0000000000
44483  -12.792  -20.729  48.126 0.0000000000
49377  -17.942  -15.796  41.269 0.0000000000
49355  -18.224  -15.449  42.420 0.0000000000
49366  -17.520  -15.666  41.918 0.0000000000
118300  -14.267  -18.238  43.964 0.0000000000
47716  -14.273  -17.636  44.342 0.0000000000
47709  -13.822  -17.734  44.970 0.0000000000
47702  -13.503  -17.839  45.702 0.0000000000
47701  -13.231  -17.846  46.368 0.0000000000
117585  -13.572  -18.573  45.281 0.0000000000
53679  -7.690  -10.839  38.825 0.0000000000
50222  -4.707  -14.621  37.560 0.0000000000
50221  -4.594  -14.251  37.258 0.0000000000
113965  -4.904  -14.537  36.541 0.0000000000
113483  -10.198  -16.524  39.674 0.0000000000
48576  -10.480  -16.095  35.917 0.0000000000
49408  -10.034  -15.795  35.284 0.0000000000
48579  -10.666  -16.314  35.071 0.0000000000
47771  -11.171  -17.050  34.620 0.0000000000
50110  -5.625  -14.118  52.705 0.0000000000
44432  -5.901  -21.169  54.643 0.0000000000
45237  -5.816  -20.082  54.708 0.0000000000
44438  -5.037  -21.922  54.032 0.0000000000
45270  -5.738  -20.704  50.113 0.0000000000
46056  -6.091  -19.678  49.790 0.0000000000
46057  -6.301  -19.524  49.003 0.0000000000
45271  -6.024  -20.602  49.237 0.0000000000
42857  -5.715  -23.587  45.211 0.0000000000
36341  -3.910  -30.154  44.518 0.0000000000
64729  -37.036  3.000  46.263 0.0000000000
119951  -33.633  -7.666  46.349 0.0000000000
58090  -34.180  -4.882  47.132 0.0000000000
106507  -33.977  -6.698  46.378 0.0000000000
62219  -34.145  -0.951  47.263 0.0000000000
61354  -33.461  -2.117  48.137 0.0000000000
63100  -35.293  0.288  47.183 0.0000000000
64728  -36.321  2.063  45.968 0.0000000000
50958  -30.272  -13.838  48.842 0.0000000000
50950  -30.344  -13.869  49.813 0.0000000000
104803  -32.653  -11.538  46.615 0.0000000000
104789  -32.630  -9.784  46.620 0.0000000000
104804  -32.714  -10.843  46.727 0.0000000000
51767  -29.864  -13.365  48.549 0.0000000000
50944  -29.507  -13.805  50.641 0.0000000000
69770  -45.139  8.873  24.333 0.0000000000
126262  -45.504  10.230  24.309 0.0000000000
71486  -45.859  10.187  24.895 0.0000000000
62437  -45.812  -1.325  24.860 0.0000000000
61589  -45.150  -1.900  24.642 0.0000000000
62438  -46.520  -1.111  24.452 0.0000000000
113457  -46.402  1.147  23.513 0.0000000000
62463  -46.443  -0.632  23.411 0.0000000000
63318  -46.010  -0.039  22.906 0.0000000000
62471  -45.637  -1.319  22.375 0.0000000000
64942  -45.533  1.816  22.987 0.0000000000
64121  -45.014  1.411  22.468 0.0000000000
65733  -45.195  2.838  23.059 0.0000000000
68960  -45.196  7.289  24.466 0.0000000000
120874  -44.950  6.289  24.101 0.0000000000
121310  -45.106  8.078  24.368 0.0000000000
69774  -44.746  8.425  23.685 0.0000000000
59906  -40.364  -4.157  32.444 0.0000000000
117749  -40.223  -4.659  33.022 0.0000000000
59061  -39.873  -4.126  35.622 0.0000000000
108993  -40.559  -4.080  34.207 0.0000000000
59890  -40.436  -3.644  34.940 0.0000000000
57259  -36.743  -6.835  38.907 0.0000000000
56396  -37.288  -7.092  36.584 0.0000000000
56384  -36.455  -7.596  37.035 0.0000000000
55520  -35.759  -8.093  35.642 0.0000000000
56408  -36.496  -7.617  35.327 0.0000000000
56422  -36.609  -7.459  34.575 0.0000000000
58240  -39.406  -5.851  34.387 0.0000000000
57319  -38.892  -6.390  33.810 0.0000000000
58252  -39.400  -5.849  33.474 0.0000000000
58269  -39.166  -5.565  32.502 0.0000000000
121670  -7.735  -20.090  42.236 0.0000000000
44548  -6.364  -22.265  40.146 0.0000000000
43729  -6.450  -22.860  38.093 0.0000000000
112459  -6.410  -22.891  38.989 0.0000000000
42899  -6.399  -23.921  39.088 0.0000000000
41046  -6.315  -25.494  38.506 0.0000000000
42804  -10.429  -23.200  49.387 0.0000000000
42797  -10.116  -22.967  50.395 0.0000000000
120347  -37.932  1.031  43.089 0.0000000000
104465  -39.118  1.818  42.651 0.0000000000
119548  -39.036  -0.469  41.353 0.0000000000
119585  -39.011  0.500  41.665 0.0000000000
105012  -38.955  -1.334  41.471 0.0000000000
105060  -38.175  -2.059  41.614 0.0000000000
119574  -38.779  -1.413  41.479 0.0000000000
120120  -37.010  -2.141  41.977 0.0000000000
119582  -37.652  -1.861  41.537 0.0000000000
120425  -37.708  0.277  42.047 0.0000000000
50106  -23.314  -14.347  54.162 0.0000000000
50077  -22.731  -14.733  55.023 0.0000000000
46083  -25.414  -19.797  47.490 0.0000000000
45304  -25.702  -20.479  46.005 0.0000000000
67388  -45.602  5.856  19.542 0.0000000000
110041  -46.687  5.953  19.599 0.0000000000
120468  -48.025  5.814  19.494 0.0000000000
106160  -46.603  5.358  18.985 0.0000000000
66546  -46.692  4.751  17.603 0.0000000000
126428  -48.175  5.131  17.894 0.0000000000
106633  -48.671  5.354  18.460 0.0000000000
49318  -4.584  -14.601  46.130 0.0000000000
49319  -4.948  -14.883  45.714 0.0000000000
47693  -6.641  -17.234  47.659 0.0000000000
65696  -46.268  2.948  28.611 0.0000000000
65697  -47.275  2.951  28.801 0.0000000000
65690  -46.564  2.931  29.472 0.0000000000
61571  -37.903  -1.806  28.479 0.0000000000
63273  -39.194  0.482  27.846 0.0000000000
63277  -39.170  1.366  26.938 0.0000000000
64083  -39.710  2.033  26.384 0.0000000000
64084  -40.327  2.056  27.044 0.0000000000
64902  -43.511  2.973  27.872 0.0000000000
65703  -44.156  3.050  27.331 0.0000000000
65704  -45.053  2.953  27.577 0.0000000000
49267  -11.889  -15.413  51.484 0.0000000000
48472  -11.619  -16.423  50.098 0.0000000000
47669  -11.627  -18.608  49.599 0.0000000000
47680  -11.901  -17.700  49.052 0.0000000000
46134  -14.512  -19.424  42.298 0.0000000000
114216  -14.621  -20.176  41.720 0.0000000000
52784  -5.067  -12.138  39.780 0.0000000000
51828  -4.646  -12.656  39.643 0.0000000000
50215  -4.727  -14.905  39.407 0.0000000000
50214  -4.343  -14.276  38.959 0.0000000000
50218  -4.597  -14.736  38.438 0.0000000000
127306  -5.019  -15.165  38.713 0.0000000000
46172  -10.114  -18.925  37.285 0.0000000000
46950  -10.445  -18.199  37.564 0.0000000000
46189  -10.486  -19.335  35.689 0.0000000000
46962  -10.994  -18.597  35.237 0.0000000000
50082  -6.969  -14.410  54.401 0.0000000000
49249  -6.264  -14.817  53.849 0.0000000000
50094  -6.119  -14.049  53.410 0.0000000000
42786  -4.816  -23.436  52.441 0.0000000000
106557  -4.585  -23.785  51.510 0.0000000000
42802  -4.988  -23.748  49.670 0.0000000000
120463  -4.723  -23.567  50.162 0.0000000000
43652  -4.910  -23.130  49.679 0.0000000000
43660  -5.238  -22.740  48.874 0.0000000000
41896  -5.355  -24.271  47.425 0.0000000000
41908  -5.425  -24.210  46.725 0.0000000000
61369  -36.399  -1.884  46.302 0.0000000000
62237  -36.304  -0.909  46.101 0.0000000000
59788  -33.985  -3.259  47.310 0.0000000000
60566  -34.182  -2.902  47.241 0.0000000000
61356  -35.153  -1.191  47.354 0.0000000000
63942  -38.077  2.046  45.198 0.0000000000
63943  -38.350  1.931  44.877 0.0000000000
63125  -37.361  1.268  44.736 0.0000000000
63950  -38.952  2.419  43.149 0.0000000000
104473  -40.960  2.770  43.246 0.0000000000
50139  -31.401  -13.965  51.263 0.0000000000
50093  -26.943  -14.441  54.120 0.0000000000
49239  -26.102  -15.314  54.617 0.0000000000
49246  -26.702  -15.120  54.079 0.0000000000
127582  -28.117  -13.564  49.428 0.0000000000
50933  -28.476  -13.716  52.435 0.0000000000
125571  -27.213  -17.964  52.869 0.0000000000
48454  -27.659  -16.276  53.059 0.0000000000
47648  -26.626  -17.838  53.017 0.0000000000
47643  -26.525  -17.042  53.368 0.0000000000
46828  -26.625  -18.209  52.340 0.0000000000
116212  -25.821  -18.600  50.138 0.0000000000
124226  -26.609  -18.547  50.554 0.0000000000
46071  -26.985  -19.565  48.425 0.0000000000
127468  -47.956  9.639  20.765 0.0000000000
66524  -44.050  4.358  22.664 0.0000000000
65736  -43.846  3.012  22.021 0.0000000000
65731  -43.669  3.922  22.109 0.0000000000
68201  -43.924  6.637  21.863 0.0000000000
109146  -43.524  5.082  21.348 0.0000000000
67378  -43.757  5.876  21.187 0.0000000000
68204  -44.340  6.590  20.944 0.0000000000
67381  -44.361  5.869  20.180 0.0000000000
68202  -45.075  7.198  20.800 0.0000000000
69780  -46.631  9.123  21.090 0.0000000000
69782  -47.665  9.006  20.711 0.0000000000
63263  -41.350  0.286  30.183 0.0000000000
63264  -42.079  0.655  30.557 0.0000000000
62372  -42.340  -0.473  31.692 0.0000000000
64048  -43.060  0.436  31.916 0.0000000000
60678  -41.341  -2.900  32.817 0.0000000000
61515  -41.688  -2.192  32.658 0.0000000000
56452  -36.955  -6.983  32.629 0.0000000000
57336  -36.871  -6.750  31.952 0.0000000000
127863  -37.617  -4.793  30.520 0.0000000000
59100  -37.579  -4.313  29.998 0.0000000000
59931  -38.312  -3.158  29.807 0.0000000000
62402  -40.420  -0.865  30.035 0.0000000000
61555  -39.650  -1.310  29.662 0.0000000000
63262  -40.674  -0.091  29.824 0.0000000000
47735  -20.881  -17.585  42.359 0.0000000000
47741  -20.528  -17.533  41.641 0.0000000000
47749  -19.731  -17.288  39.866 0.0000000000
53746  -4.655  -10.329  34.220 0.0000000000
52831  -4.878  -11.632  34.224 0.0000000000
49364  -7.205  -15.238  41.433 0.0000000000
115467  -9.933  -16.830  41.114 0.0000000000
47743  -10.153  -17.130  40.367 0.0000000000
128176  -10.080  -17.927  40.237 0.0000000000
46149  -8.329  -19.647  40.917 0.0000000000
46142  -8.826  -19.156  41.301 0.0000000000
46155  -8.437  -19.660  40.077 0.0000000000
46163  -8.689  -19.669  39.098 0.0000000000
46164  -9.285  -19.375  38.428 0.0000000000
44585  -7.616  -21.331  36.156 0.0000000000
45381  -8.142  -20.644  36.645 0.0000000000
42909  -6.552  -23.779  36.838 0.0000000000
113624  -6.577  -23.207  36.623 0.0000000000
42043  -6.602  -24.414  36.127 0.0000000000
118609  -8.171  -17.806  54.534 0.0000000000
46018  -8.374  -19.117  54.270 0.0000000000
43633  -8.294  -21.287  52.700 0.0000000000
43632  -7.842  -21.504  52.859 0.0000000000
44434  -7.630  -20.901  53.480 0.0000000000
43635  -7.538  -22.278  52.598 0.0000000000
42791  -9.225  -23.243  51.397 0.0000000000
41859  -8.851  -23.936  51.104 0.0000000000
41857  -7.556  -24.680  51.527 0.0000000000
41853  -7.953  -24.092  51.811 0.0000000000
41852  -7.297  -24.310  51.893 0.0000000000
41848  -7.060  -23.935  52.209 0.0000000000
41851  -6.669  -24.367  51.954 0.0000000000
41850  -5.971  -24.365  52.071 0.0000000000
40886  -6.645  -25.133  51.026 0.0000000000
39932  -6.220  -26.436  49.479 0.0000000000
39923  -6.202  -26.061  49.849 0.0000000000
39931  -5.860  -26.293  49.302 0.0000000000
58194  -37.857  -5.033  39.335 0.0000000000
58195  -38.275  -4.582  38.845 0.0000000000
105395  -38.902  0.881  42.836 0.0000000000
104477  -38.160  0.257  43.162 0.0000000000
120122  -35.952  -4.103  42.635 0.0000000000
105153  -36.977  -4.649  42.112 0.0000000000
56341  -36.828  -5.447  41.625 0.0000000000
57242  -37.318  -4.550  40.958 0.0000000000
115815  -22.072  -16.563  49.734 0.0000000000
48482  -21.290  -15.957  49.624 0.0000000000
48483  -21.612  -16.405  49.089 0.0000000000
48491  -21.475  -16.576  48.380 0.0000000000
48499  -21.357  -16.743  47.575 0.0000000000
47646  -24.406  -16.725  53.935 0.0000000000
111714  -23.331  -16.287  55.212 0.0000000000
48452  -24.633  -15.965  53.395 0.0000000000
115538  -23.762  -15.691  54.107 0.0000000000
48459  -24.339  -16.393  51.252 0.0000000000
46069  -24.752  -19.221  48.024 0.0000000000
46848  -24.663  -18.146  50.022 0.0000000000
118438  -24.424  -18.786  48.681 0.0000000000
46874  -23.478  -18.682  47.518 0.0000000000
122324  -23.474  -18.349  48.290 0.0000000000
47690  -23.119  -17.915  48.912 0.0000000000
47671  -23.536  -17.408  50.117 0.0000000000
47682  -22.637  -17.235  49.306 0.0000000000
46895  -21.965  -18.290  44.694 0.0000000000
47712  -22.074  -18.065  45.603 0.0000000000
47719  -21.653  -17.900  44.229 0.0000000000
46913  -21.558  -18.095  43.496 0.0000000000
46914  -21.693  -18.640  43.153 0.0000000000
117590  -22.142  -20.188  41.015 0.0000000000
46145  -21.661  -19.652  41.261 0.0000000000
67414  -48.372  5.008  16.034 0.0000000000
66558  -47.880  4.688  15.292 0.0000000000
67415  -49.249  5.097  15.922 0.0000000000
105837  -50.330  4.619  14.078 0.0000000000
52763  -5.398  -11.990  41.646 0.0000000000
51823  -4.590  -12.962  40.850 0.0000000000
51817  -4.666  -12.967  41.710 0.0000000000
52734  -5.028  -12.644  44.408 0.0000000000
50197  -4.770  -14.305  42.829 0.0000000000
50204  -4.932  -14.585  42.293 0.0000000000
49341  -7.312  -15.695  43.803 0.0000000000
48527  -8.190  -16.266  43.660 0.0000000000
48518  -8.104  -16.799  44.581 0.0000000000
49320  -6.711  -15.768  45.393 0.0000000000
126940  -7.282  -16.374  45.803 0.0000000000
47708  -7.883  -17.137  45.543 0.0000000000
46117  -8.216  -19.152  43.771 0.0000000000
45320  -7.009  -20.552  43.511 0.0000000000
44513  -6.472  -21.630  42.753 0.0000000000
114453  -48.279  3.301  25.746 0.0000000000
67354  -48.308  5.594  26.282 0.0000000000
67358  -48.581  4.844  26.297 0.0000000000
105477  -38.747  -3.746  38.050 0.0000000000
64919  -40.611  2.458  25.462 0.0000000000
64918  -39.936  2.151  25.049 0.0000000000
64933  -41.281  2.465  25.116 0.0000000000
64110  -43.407  1.276  24.985 0.0000000000
117910  -42.944  0.542  24.410 0.0000000000
63300  -42.355  -0.127  23.846 0.0000000000
63301  -44.023  0.080  24.790 0.0000000000
63285  -45.128  -0.223  25.157 0.0000000000
64922  -48.291  1.913  26.212 0.0000000000
111519  -48.280  2.464  25.798 0.0000000000
65721  -47.966  2.801  25.359 0.0000000000
47645  -9.542  -17.887  53.280 0.0000000000
46826  -9.560  -18.675  52.941 0.0000000000
112343  -9.627  -19.245  52.653 0.0000000000
114503  -10.009  -19.078  52.265 0.0000000000
48463  -10.717  -17.404  51.449 0.0000000000
47660  -10.733  -18.306  51.242 0.0000000000
45255  -11.090  -20.271  50.594 0.0000000000
45254  -10.710  -20.198  51.129 0.0000000000
45261  -11.002  -20.711  50.830 0.0000000000
43648  -11.051  -21.670  50.510 0.0000000000
44472  -11.627  -21.278  49.871 0.0000000000
43662  -12.185  -21.817  48.335 0.0000000000
42826  -11.322  -23.099  46.897 0.0000000000
42838  -11.293  -23.199  45.982 0.0000000000
49334  -19.613  -15.491  44.405 0.0000000000
50195  -18.503  -15.014  44.817 0.0000000000
50186  -17.525  -14.932  45.827 0.0000000000
48539  -16.265  -16.254  42.700 0.0000000000
48538  -15.576  -16.883  42.927 0.0000000000
49321  -14.864  -16.213  45.127 0.0000000000
49313  -15.881  -15.207  46.512 0.0000000000
50170  -15.874  -14.991  48.132 0.0000000000
122592  -15.355  -15.162  47.680 0.0000000000
49304  -13.809  -15.758  47.613 0.0000000000
49298  -14.264  -15.367  48.275 0.0000000000
46882  -13.043  -18.614  46.820 0.0000000000
47687  -12.677  -17.623  47.576 0.0000000000
117781  -12.774  -18.394  47.326 0.0000000000
46080  -13.132  -19.904  47.183 0.0000000000
45333  -14.217  -20.516  42.942 0.0000000000
45303  -13.646  -20.193  44.551 0.0000000000
45321  -13.907  -20.469  43.698 0.0000000000
44500  -13.380  -20.517  45.199 0.0000000000
113568  -13.079  -21.004  45.666 0.0000000000
44493  -13.220  -20.610  46.073 0.0000000000
123154  -12.733  -21.493  46.010 0.0000000000
43684  -12.405  -22.091  44.969 0.0000000000
53710  -8.152  -10.236  37.416 0.0000000000
54602  -8.343  -9.627  36.842 0.0000000000
53724  -7.677  -10.251  36.637 0.0000000000
52802  -5.624  -12.096  38.046 0.0000000000
51840  -4.705  -13.249  37.003 0.0000000000
52811  -5.485  -12.094  36.959 0.0000000000
121597  -5.011  -12.608  35.563 0.0000000000
50230  -5.082  -14.456  35.059 0.0000000000
51019  -5.169  -13.891  34.530 0.0000000000
49374  -7.412  -15.238  40.554 0.0000000000
49387  -7.756  -15.165  38.822 0.0000000000
109505  -6.819  -15.252  38.251 0.0000000000
49393  -7.694  -15.166  38.033 0.0000000000
127774  -10.588  -16.963  37.745 0.0000000000
48568  -10.440  -16.593  38.162 0.0000000000
48573  -10.458  -16.384  37.354 0.0000000000
49401  -9.212  -15.500  36.377 0.0000000000
108035  -8.035  -15.252  37.339 0.0000000000
50236  -6.464  -15.236  34.146 0.0000000000
49419  -7.193  -15.395  34.003 0.0000000000
125436  -8.460  -15.536  33.872 0.0000000000
116309  -4.836  -14.771  49.219 0.0000000000
46811  -7.364  -17.665  54.500 0.0000000000
47631  -7.459  -17.021  54.521 0.0000000000
46020  -6.695  -18.088  54.435 0.0000000000
46025  -5.138  -18.622  54.220 0.0000000000
46816  -5.766  -17.857  54.235 0.0000000000
46824  -4.989  -17.714  53.897 0.0000000000
47652  -5.037  -17.132  53.647 0.0000000000
46832  -5.001  -17.553  53.216 0.0000000000
115689  -4.422  -21.318  52.194 0.0000000000
45247  -4.536  -20.391  52.441 0.0000000000
46041  -5.349  -19.134  51.538 0.0000000000
107048  -5.047  -18.773  52.128 0.0000000000
46839  -5.268  -18.196  51.807 0.0000000000
47658  -5.132  -17.298  52.252 0.0000000000
47667  -5.256  -16.491  51.334 0.0000000000
107893  -5.440  -16.822  50.225 0.0000000000
47684  -5.633  -16.838  49.175 0.0000000000
47685  -6.074  -17.334  48.713 0.0000000000
46067  -6.490  -19.422  48.411 0.0000000000
46870  -6.509  -18.232  48.411 0.0000000000
111591  -6.647  -19.336  47.940 0.0000000000
46079  -6.824  -19.239  47.493 0.0000000000
113016  -5.451  -22.449  48.053 0.0000000000
44480  -5.716  -21.866  48.042 0.0000000000
44487  -5.641  -22.217  47.410 0.0000000000
44492  -5.856  -21.922  46.721 0.0000000000
110538  -5.948  -21.924  45.984 0.0000000000
45299  -6.161  -21.407  46.132 0.0000000000
44497  -6.188  -21.577  45.254 0.0000000000
42867  -6.091  -23.163  43.591 0.0000000000
42875  -6.175  -23.319  42.653 0.0000000000
121101  -4.979  -28.375  47.327 0.0000000000
38153  -4.219  -28.813  46.132 0.0000000000
37223  -4.494  -29.334  46.539 0.0000000000
39044  -4.954  -27.792  47.309 0.0000000000
39975  -4.899  -27.152  46.801 0.0000000000
105588  -4.420  -28.027  44.661 0.0000000000
120694  -4.655  -27.534  45.085 0.0000000000
106701  -5.016  -26.879  44.973 0.0000000000
127845  -5.375  -26.310  43.363 0.0000000000
40999  -5.542  -25.707  42.831 0.0000000000
41012  -5.730  -25.345  41.479 0.0000000000
121444  -5.973  -25.191  40.326 0.0000000000
61349  -33.299  -1.569  47.980 0.0000000000
117761  -33.392  -0.745  47.356 0.0000000000
60558  -32.828  -2.479  48.238 0.0000000000
60553  -32.202  -2.008  48.261 0.0000000000
107403  -34.167  -7.146  45.903 0.0000000000
58101  -33.742  -6.015  47.128 0.0000000000
57164  -33.242  -4.951  48.113 0.0000000000
60559  -33.093  -2.816  48.182 0.0000000000
52695  -30.910  -12.338  47.588 0.0000000000
105439  -32.628  -10.077  46.530 0.0000000000
53541  -30.194  -11.562  47.646 0.0000000000
104814  -31.619  -8.830  46.714 0.0000000000
68951  -45.670  7.772  25.012 0.0000000000
70626  -45.769  9.201  25.088 0.0000000000
69762  -46.093  8.367  25.462 0.0000000000
64111  -47.408  0.769  24.793 0.0000000000
63308  -46.822  -0.461  24.184 0.0000000000
64938  -46.973  1.479  24.116 0.0000000000
113845  -46.740  2.763  24.173 0.0000000000
65728  -45.748  3.309  23.616 0.0000000000
66511  -45.909  4.730  24.309 0.0000000000
58253  -39.888  -5.280  34.059 0.0000000000
58241  -39.728  -5.110  35.016 0.0000000000
57307  -38.052  -6.842  35.058 0.0000000000
45342  -6.700  -21.097  41.570 0.0000000000
44524  -6.518  -21.405  41.150 0.0000000000
43719  -6.354  -22.845  39.833 0.0000000000
41998  -6.197  -24.513  39.911 0.0000000000
42825  -10.870  -23.481  47.650 0.0000000000
117822  -10.535  -24.006  47.044 0.0000000000
40934  -9.914  -24.705  47.010 0.0000000000
104995  -41.048  1.041  41.603 0.0000000000
119657  -39.754  1.086  41.922 0.0000000000
104959  -40.936  0.974  41.855 0.0000000000
119606  -39.255  0.436  41.146 0.0000000000
120134  -39.020  -0.165  40.893 0.0000000000
120137  -39.009  -0.935  41.230 0.0000000000
120344  -38.720  -0.006  40.948 0.0000000000
120168  -38.105  1.063  41.636 0.0000000000
51718  -23.642  -12.552  55.260 0.0000000000
105555  -25.875  -20.823  45.088 0.0000000000
68214  -47.405  6.291  19.836 0.0000000000
68208  -48.492  6.439  19.911 0.0000000000
68986  -49.593  6.758  20.076 0.0000000000
122739  -4.322  -14.533  46.735 0.0000000000
64897  -44.629  2.785  29.009 0.0000000000
65689  -45.584  2.871  29.283 0.0000000000
62408  -39.328  -0.867  29.121 0.0000000000
62413  -38.892  -0.546  28.466 0.0000000000
63267  -39.620  -0.057  28.785 0.0000000000
64078  -40.538  1.642  27.907 0.0000000000
64899  -40.987  2.341  27.273 0.0000000000
64894  -42.128  2.433  28.186 0.0000000000
49279  -12.228  -15.732  49.953 0.0000000000
49301  -20.237  -15.740  48.583 0.0000000000
51885  -5.305  -12.428  33.916 0.0000000000
120992  -5.993  -12.256  33.643 0.0000000000
116715  -4.504  -12.954  40.148 0.0000000000
50212  -4.422  -14.276  39.929 0.0000000000
45392  -8.999  -20.355  36.380 0.0000000000
45401  -10.073  -20.214  35.326 0.0000000000
50083  -7.558  -14.877  54.614 0.0000000000
40893  -5.394  -24.676  50.372 0.0000000000
120774  -5.319  -24.730  49.768 0.0000000000
127514  -5.251  -23.737  48.386 0.0000000000
127102  -5.297  -24.816  48.429 0.0000000000
40931  -5.289  -25.022  47.898 0.0000000000
106130  -5.099  -26.298  47.038 0.0000000000
127048  -36.051  0.660  46.311 0.0000000000
63111  -36.246  0.576  46.040 0.0000000000
63933  -36.384  1.290  45.936 0.0000000000
64743  -39.107  3.104  44.316 0.0000000000
111288  -39.318  3.041  44.417 0.0000000000
64750  -39.606  2.856  44.339 0.0000000000
65565  -40.204  3.131  44.217 0.0000000000
124936  -32.234  -12.686  47.558 0.0000000000
50940  -29.320  -13.939  52.403 0.0000000000
50934  -28.931  -13.955  52.991 0.0000000000
114570  -27.933  -17.085  52.908 0.0000000000
46829  -27.203  -18.412  52.461 0.0000000000
45256  -27.205  -18.913  50.081 0.0000000000
44441  -27.556  -18.812  50.425 0.0000000000
68199  -43.974  6.234  22.723 0.0000000000
110821  -44.133  7.036  22.562 0.0000000000
68972  -44.318  7.524  22.056 0.0000000000
68973  -45.001  7.968  21.375 0.0000000000
70645  -46.260  9.790  21.540 0.0000000000
62386  -41.813  -0.134  30.832 0.0000000000
62385  -41.644  -0.963  31.152 0.0000000000
57352  -37.411  -6.282  31.688 0.0000000000
58293  -38.038  -5.010  31.061 0.0000000000
59101  -38.254  -4.282  30.611 0.0000000000
59932  -39.050  -2.844  30.149 0.0000000000
61556  -40.242  -1.686  30.379 0.0000000000
46151  -20.796  -19.143  39.972 0.0000000000
53736  -4.804  -11.069  34.592 0.0000000000
52819  -4.896  -11.918  34.794 0.0000000000
120752  -8.547  -15.971  42.672 0.0000000000
125749  -9.114  -16.388  42.368 0.0000000000
116013  -7.887  -20.280  38.611 0.0000000000
122408  -7.950  -20.340  38.031 0.0000000000
45380  -7.388  -21.033  36.964 0.0000000000
43751  -6.962  -22.559  35.826 0.0000000000
46022  -8.950  -19.378  53.471 0.0000000000
46021  -8.638  -19.213  53.999 0.0000000000
45243  -8.784  -20.270  52.947 0.0000000000
41874  -8.559  -25.036  49.944 0.0000000000
41866  -8.519  -24.666  50.614 0.0000000000
40888  -7.796  -25.008  50.985 0.0000000000
40896  -7.321  -25.466  50.585 0.0000000000
124595  -6.830  -25.444  50.670 0.0000000000
59009  -37.070  -4.004  41.725 0.0000000000
59011  -38.087  -4.088  41.665 0.0000000000
119772  -35.615  -3.968  41.449 0.0000000000
105081  -38.080  -0.759  41.924 0.0000000000
104929  -35.491  -3.236  44.172 0.0000000000
120223  -34.949  -4.042  43.050 0.0000000000
58165  -36.073  -4.134  42.009 0.0000000000
57234  -37.981  -5.207  41.952 0.0000000000
58177  -38.032  -4.087  41.941 0.0000000000
49272  -22.112  -15.541  50.797 0.0000000000
49238  -25.474  -15.501  55.121 0.0000000000
49237  -24.591  -15.650  55.255 0.0000000000
47635  -24.110  -17.803  55.087 0.0000000000
46819  -24.618  -17.217  53.972 0.0000000000
47654  -24.859  -16.623  51.553 0.0000000000
46110  -24.300  -20.154  45.622 0.0000000000
46886  -23.975  -19.437  46.828 0.0000000000
46095  -23.763  -19.631  46.070 0.0000000000
46885  -23.304  -19.028  46.647 0.0000000000
46897  -23.010  -19.247  45.710 0.0000000000
105664  -22.602  -18.550  46.125 0.0000000000
46904  -22.177  -18.973  44.422 0.0000000000
46915  -22.046  -19.102  43.659 0.0000000000
46127  -21.916  -19.199  42.867 0.0000000000
46146  -22.271  -20.052  41.730 0.0000000000
66551  -45.592  4.481  16.754 0.0000000000
51806  -4.706  -13.321  43.944 0.0000000000
108671  -4.773  -14.313  43.758 0.0000000000
50198  -5.017  -14.608  43.264 0.0000000000
49339  -5.505  -14.954  43.293 0.0000000000
118903  -5.994  -15.225  44.127 0.0000000000
49329  -6.891  -15.648  44.528 0.0000000000
48504  -7.297  -16.902  46.428 0.0000000000
47700  -7.686  -17.872  46.313 0.0000000000
46900  -7.869  -18.969  45.264 0.0000000000
46116  -7.743  -19.416  44.587 0.0000000000
124279  -7.201  -20.029  44.624 0.0000000000
45309  -6.849  -20.495  44.263 0.0000000000
64923  -48.533  2.604  26.787 0.0000000000
66501  -49.002  4.212  26.849 0.0000000000
65712  -48.877  3.294  27.240 0.0000000000
66498  -49.267  3.941  27.665 0.0000000000
64921  -43.380  2.655  26.035 0.0000000000
64092  -42.844  2.315  25.408 0.0000000000
64913  -44.542  2.189  26.194 0.0000000000
64094  -44.779  1.304  25.727 0.0000000000
109491  -45.464  0.418  25.588 0.0000000000
64086  -46.629  1.038  26.327 0.0000000000
64087  -47.442  1.166  26.410 0.0000000000
47668  -11.177  -18.520  50.451 0.0000000000
46048  -10.862  -19.119  50.983 0.0000000000
46847  -11.370  -19.377  50.123 0.0000000000
116588  -11.475  -20.058  50.042 0.0000000000
44464  -11.676  -20.873  49.895 0.0000000000
44473  -12.153  -20.886  49.299 0.0000000000
112634  -12.493  -21.114  48.647 0.0000000000
43669  -12.322  -21.948  47.514 0.0000000000
49356  -19.062  -15.597  42.531 0.0000000000
49346  -19.384  -15.498  43.521 0.0000000000
49345  -18.394  -15.266  43.256 0.0000000000
118639  -17.470  -15.327  43.561 0.0000000000
47724  -14.944  -17.586  43.067 0.0000000000
48528  -15.290  -16.849  43.599 0.0000000000
48520  -14.905  -16.748  44.322 0.0000000000
49312  -14.814  -15.761  46.079 0.0000000000
108129  -14.443  -15.737  46.790 0.0000000000
48506  -13.946  -16.314  46.347 0.0000000000
48497  -13.844  -16.011  47.024 0.0000000000
48505  -13.351  -16.891  46.651 0.0000000000
48496  -13.155  -16.557  47.339 0.0000000000
46883  -13.379  -18.797  46.101 0.0000000000
118088  -13.415  -19.548  46.151 0.0000000000
43691  -13.742  -21.419  43.090 0.0000000000
43696  -12.674  -22.365  43.283 0.0000000000
43689  -12.514  -22.182  44.122 0.0000000000
53694  -7.653  -10.808  37.909 0.0000000000
51833  -4.638  -13.137  38.014 0.0000000000
51850  -4.864  -13.213  35.992 0.0000000000
112674  -5.110  -14.640  35.676 0.0000000000
49376  -9.160  -15.615  40.569 0.0000000000
119049  -9.544  -15.468  38.891 0.0000000000
47763  -10.678  -16.620  36.559 0.0000000000
49406  -8.094  -15.552  35.471 0.0000000000
49407  -9.276  -15.623  35.454 0.0000000000
49413  -9.187  -15.677  34.424 0.0000000000
45232  -7.264  -19.615  54.396 0.0000000000
46015  -6.843  -18.928  54.486 0.0000000000
46019  -5.897  -19.229  54.617 0.0000000000
45236  -5.051  -19.656  54.247 0.0000000000
46024  -4.693  -19.172  53.482 0.0000000000
120452  -4.908  -21.365  50.931 0.0000000000
45253  -4.805  -20.757  51.523 0.0000000000
45260  -5.299  -20.717  50.864 0.0000000000
46846  -5.670  -18.488  50.952 0.0000000000
46854  -5.956  -18.812  50.197 0.0000000000
43672  -5.462  -22.930  47.240 0.0000000000
43673  -5.605  -22.498  46.929 0.0000000000
43679  -5.626  -22.803  46.508 0.0000000000
121143  -5.839  -22.499  45.902 0.0000000000
42850  -6.016  -22.425  45.149 0.0000000000
42858  -5.946  -22.991  44.653 0.0000000000
38170  -4.068  -28.874  45.110 0.0000000000
113410  -4.291  -28.501  44.034 0.0000000000
40054  -5.358  -26.834  41.822 0.0000000000
105164  -33.717  -8.654  47.104 0.0000000000
104790  -34.244  -7.828  47.070 0.0000000000
57192  -33.838  -7.043  46.231 0.0000000000
109728  -34.178  -1.873  47.251 0.0000000000
120706  -33.342  -3.004  48.052 0.0000000000
123378  -34.182  -1.078  47.316 0.0000000000
62229  -35.181  -0.390  47.163 0.0000000000
63923  -36.159  1.131  46.309 0.0000000000
109899  -37.193  3.137  46.159 0.0000000000
48460  -29.044  -16.641  52.422 0.0000000000
50138  -30.527  -14.190  51.583 0.0000000000
111039  -30.791  -13.787  51.072 0.0000000000
50959  -31.008  -13.813  49.063 0.0000000000
51778  -31.346  -13.047  47.845 0.0000000000
52696  -32.246  -12.223  47.030 0.0000000000
124606  -33.170  -9.969  47.031 0.0000000000
51757  -28.603  -13.561  49.787 0.0000000000
52663  -29.256  -12.887  48.527 0.0000000000
118489  -28.952  -13.569  48.956 0.0000000000
50941  -29.927  -13.788  51.830 0.0000000000
123841  -45.548  10.547  22.986 0.0000000000
72316  -45.795  11.016  23.557 0.0000000000
62452  -46.513  -1.032  23.818 0.0000000000
61607  -46.197  -2.065  23.512 0.0000000000
60766  -45.567  -2.830  22.497 0.0000000000
64128  -44.680  0.831  22.084 0.0000000000
64941  -44.625  2.415  22.488 0.0000000000
66519  -44.488  4.759  23.232 0.0000000000
66520  -45.345  4.258  23.728 0.0000000000
68197  -44.546  6.136  23.619 0.0000000000
67372  -44.277  5.554  23.203 0.0000000000
128291  -44.541  8.087  23.315 0.0000000000
70638  -44.902  9.286  23.477 0.0000000000
59914  -40.163  -3.776  31.676 0.0000000000
59915  -40.746  -3.411  32.105 0.0000000000
59907  -41.009  -3.568  33.083 0.0000000000
59071  -40.281  -4.695  33.741 0.0000000000
55531  -35.039  -8.266  34.376 0.0000000000
56421  -35.841  -7.723  33.991 0.0000000000
126534  -36.745  -7.312  33.913 0.0000000000
57318  -38.250  -6.813  34.098 0.0000000000
59082  -39.172  -4.936  31.910 0.0000000000
121091  -7.515  -9.003  35.849 0.0000000000
46927  -9.055  -18.738  42.065 0.0000000000
45343  -6.989  -20.822  40.964 0.0000000000
45351  -7.118  -20.898  39.970 0.0000000000
44572  -6.542  -22.297  37.778 0.0000000000
112999  -6.506  -23.304  37.505 0.0000000000
42908  -6.485  -23.993  37.920 0.0000000000
42042  -6.491  -25.081  36.718 0.0000000000
43643  -10.183  -22.143  51.313 0.0000000000
43640  -9.843  -21.899  51.681 0.0000000000
42796  -9.484  -23.477  50.776 0.0000000000
42803  -9.676  -23.831  49.904 0.0000000000
126014  -10.080  -24.139  48.451 0.0000000000
109036  -9.462  -24.390  49.302 0.0000000000
41875  -9.048  -24.519  49.910 0.0000000000
40904  -8.990  -25.056  49.201 0.0000000000
120272  -35.808  -0.620  45.043 0.0000000000
104695  -35.128  0.021  45.784 0.0000000000
105163  -35.969  0.714  45.249 0.0000000000
63137  -38.478  1.824  44.024 0.0000000000
63136  -38.063  0.822  44.129 0.0000000000
119751  -38.806  0.185  42.050 0.0000000000
119802  -39.036  0.724  42.362 0.0000000000
119755  -37.927  -1.254  41.836 0.0000000000
119875  -38.134  -2.574  41.973 0.0000000000
120097  -36.981  -1.990  41.909 0.0000000000
120121  -37.805  -0.736  41.792 0.0000000000
119563  -36.921  -0.858  41.922 0.0000000000
119583  -35.867  -1.446  43.024 0.0000000000
49262  -24.394  -15.051  52.724 0.0000000000
46842  -25.412  -17.972  50.590 0.0000000000
46849  -25.353  -18.347  50.101 0.0000000000
46860  -25.176  -18.739  49.548 0.0000000000
46111  -24.898  -20.302  46.004 0.0000000000
45313  -24.995  -20.549  45.316 0.0000000000
107156  -24.470  -20.802  43.819 0.0000000000
126907  -24.087  -20.771  43.387 0.0000000000
106560  -23.992  -20.999  42.256 0.0000000000
107648  -45.255  4.675  18.095 0.0000000000
66537  -46.165  4.872  18.258 0.0000000000
107587  -45.909  4.602  17.504 0.0000000000
66552  -46.393  4.626  16.779 0.0000000000
105488  -46.923  4.693  15.895 0.0000000000
67406  -48.075  5.020  16.980 0.0000000000
126068  -49.168  5.585  18.987 0.0000000000
48503  -5.802  -15.735  46.681 0.0000000000
47699  -7.161  -17.573  47.074 0.0000000000
123918  -7.037  -19.154  47.057 0.0000000000
65706  -47.048  2.699  28.101 0.0000000000
113167  -47.925  2.739  28.282 0.0000000000
65684  -46.873  2.858  30.270 0.0000000000
62412  -38.192  -1.079  28.199 0.0000000000
61570  -37.543  -1.537  27.833 0.0000000000
64082  -38.843  1.661  26.065 0.0000000000
64909  -40.609  2.484  26.285 0.0000000000
64920  -41.323  2.704  25.812 0.0000000000
64900  -41.780  2.613  27.461 0.0000000000
108044  -42.210  2.909  26.857 0.0000000000
64911  -42.948  3.005  26.686 0.0000000000
64912  -43.868  2.894  26.650 0.0000000000
49260  -11.090  -15.511  52.767 0.0000000000
49266  -10.858  -16.503  51.700 0.0000000000
48471  -11.149  -16.758  50.800 0.0000000000
46857  -12.197  -19.543  48.828 0.0000000000
48562  -17.288  -16.912  39.702 0.0000000000
108467  -16.499  -16.756  41.048 0.0000000000
47739  -15.969  -17.597  40.964 0.0000000000
47734  -15.697  -17.384  41.683 0.0000000000
46921  -15.065  -18.147  41.864 0.0000000000
46920  -14.696  -18.468  42.488 0.0000000000
46912  -14.459  -18.347  43.346 0.0000000000
46903  -14.090  -19.043  43.905 0.0000000000
46118  -14.116  -19.772  43.546 0.0000000000
45322  -14.148  -20.225  43.233 0.0000000000
52786  -6.833  -11.279  39.300 0.0000000000
52793  -5.311  -12.027  39.035 0.0000000000
107624  -4.547  -12.908  38.893 0.0000000000
50217  -4.400  -14.272  38.042 0.0000000000
46180  -10.295  -19.131  36.487 0.0000000000
115484  -10.861  -17.491  36.347 0.0000000000
50925  -6.519  -13.206  53.681 0.0000000000
128206  -5.815  -14.693  53.220 0.0000000000
49248  -5.443  -14.995  52.772 0.0000000000
113985  -5.546  -23.319  53.058 0.0000000000
42780  -4.860  -22.758  53.234 0.0000000000
43638  -4.389  -22.396  52.169 0.0000000000
43641  -4.315  -22.547  51.202 0.0000000000
108109  -4.560  -23.748  50.737 0.0000000000
44453  -4.735  -22.052  50.658 0.0000000000
45276  -5.850  -21.341  48.664 0.0000000000
42824  -5.349  -23.569  47.680 0.0000000000
41922  -5.519  -24.289  45.794 0.0000000000
62248  -36.122  -0.805  45.429 0.0000000000
58091  -34.271  -4.778  47.154 0.0000000000
111604  -35.632  -1.989  47.453 0.0000000000
107731  -36.117  -0.042  46.121 0.0000000000
61363  -36.071  -1.650  46.863 0.0000000000
62238  -36.083  0.030  45.177 0.0000000000
63126  -38.135  1.590  44.192 0.0000000000
104469  -40.155  2.729  42.580 0.0000000000
64751  -39.866  2.684  43.515 0.0000000000
104468  -40.874  2.620  43.037 0.0000000000
105022  -40.969  1.946  42.182 0.0000000000
119617  -41.052  1.828  42.254 0.0000000000
50911  -26.135  -13.999  54.975 0.0000000000
48446  -25.353  -16.734  54.336 0.0000000000
46821  -25.599  -17.346  53.276 0.0000000000
118264  -27.608  -14.163  53.321 0.0000000000
50108  -27.945  -14.754  53.292 0.0000000000
50107  -27.288  -14.784  53.574 0.0000000000
47642  -25.799  -17.133  53.464 0.0000000000
46035  -25.778  -17.627  51.365 0.0000000000
46835  -25.939  -18.153  50.720 0.0000000000
46049  -25.963  -18.888  49.698 0.0000000000
110188  -26.353  -19.827  47.801 0.0000000000
46050  -26.977  -18.883  49.977 0.0000000000
45285  -26.830  -20.089  47.037 0.0000000000
66523  -43.606  4.799  22.061 0.0000000000
66526  -43.437  4.263  21.470 0.0000000000
65739  -43.178  3.643  20.889 0.0000000000
68205  -45.179  6.509  20.258 0.0000000000
68976  -46.036  7.670  20.676 0.0000000000
122132  -47.014  7.599  20.418 0.0000000000
105819  -47.781  7.991  20.479 0.0000000000
64070  -42.599  1.486  30.154 0.0000000000
61528  -41.755  -1.636  31.880 0.0000000000
60719  -38.280  -2.105  29.047 0.0000000000
61568  -38.969  -1.783  29.403 0.0000000000
117984  -39.153  -1.344  29.284 0.0000000000
63269  -41.003  0.669  29.523 0.0000000000
48522  -20.843  -16.657  44.684 0.0000000000
47718  -20.987  -17.026  43.864 0.0000000000
48541  -20.584  -16.775  42.942 0.0000000000
48540  -19.799  -16.227  42.308 0.0000000000
47745  -20.313  -17.764  40.703 0.0000000000
47740  -19.939  -16.885  41.227 0.0000000000
125506  -19.668  -16.403  41.643 0.0000000000
49368  -19.122  -15.947  41.708 0.0000000000
49378  -18.532  -15.992  41.097 0.0000000000
109178  -17.890  -16.423  39.797 0.0000000000
51033  -5.444  -13.429  34.036 0.0000000000
48548  -8.962  -15.838  41.695 0.0000000000
48555  -9.897  -16.209  40.457 0.0000000000
46928  -9.374  -18.556  41.181 0.0000000000
46934  -9.603  -18.504  40.421 0.0000000000
46939  -9.918  -18.376  39.722 0.0000000000
114433  -10.239  -18.036  38.975 0.0000000000
45382  -8.785  -20.076  37.185 0.0000000000
45391  -8.372  -21.019  35.852 0.0000000000
46812  -7.868  -18.063  54.551 0.0000000000
115457  -7.873  -18.673  54.527 0.0000000000
45234  -8.197  -19.565  54.176 0.0000000000
45233  -7.822  -19.643  54.320 0.0000000000
46016  -7.593  -19.083  54.469 0.0000000000
44429  -7.478  -20.305  54.089 0.0000000000
44433  -6.985  -21.290  53.948 0.0000000000
43630  -6.600  -22.370  53.531 0.0000000000
43639  -9.194  -22.262  51.837 0.0000000000
42785  -8.552  -22.677  51.979 0.0000000000
42788  -8.323  -23.475  51.842 0.0000000000
42784  -8.013  -23.102  52.052 0.0000000000
42783  -7.440  -23.124  52.271 0.0000000000
111019  -6.812  -23.435  52.452 0.0000000000
42782  -6.290  -23.201  52.845 0.0000000000
42781  -5.709  -23.875  52.601 0.0000000000
40885  -5.657  -24.772  50.975 0.0000000000
40895  -6.449  -25.568  50.353 0.0000000000
40894  -6.170  -25.106  50.689 0.0000000000
123292  -5.803  -25.003  50.322 0.0000000000
114305  -5.628  -25.160  49.808 0.0000000000
39930  -5.682  -25.734  49.425 0.0000000000
125863  -38.473  -5.132  38.022 0.0000000000
111354  -38.761  -5.187  37.350 0.0000000000
59020  -38.567  -3.743  41.121 0.0000000000
62263  -38.177  0.073  44.278 0.0000000000
104483  -38.086  0.060  43.179 0.0000000000
127703  -36.059  -7.109  40.011 0.0000000000
56350  -36.505  -6.318  40.569 0.0000000000
57248  -36.957  -6.244  39.703 0.0000000000
57241  -37.129  -5.149  41.561 0.0000000000
119035  -36.972  -5.540  40.563 0.0000000000
57260  -37.530  -6.061  38.905 0.0000000000
48508  -21.073  -16.711  46.183 0.0000000000
50909  -23.906  -13.571  55.239 0.0000000000
49236  -23.662  -15.372  55.190 0.0000000000
50078  -23.336  -14.642  55.282 0.0000000000
48465  -23.586  -16.161  50.920 0.0000000000
46841  -24.801  -17.763  50.473 0.0000000000
47662  -24.431  -17.191  50.822 0.0000000000
46866  -24.001  -18.773  48.154 0.0000000000
121603  -24.035  -17.994  49.979 0.0000000000
47661  -23.801  -16.991  50.622 0.0000000000
48475  -23.101  -16.672  50.466 0.0000000000
47670  -22.807  -16.981  49.998 0.0000000000
47688  -21.905  -17.142  47.987 0.0000000000
47704  -22.169  -17.912  46.587 0.0000000000
47696  -22.336  -17.710  47.533 0.0000000000
47703  -21.635  -17.356  46.080 0.0000000000
48514  -21.241  -17.030  45.328 0.0000000000
121908  -21.393  -17.593  43.857 0.0000000000
46922  -21.335  -18.198  42.705 0.0000000000
46932  -21.223  -19.068  41.527 0.0000000000
66564  -48.716  4.452  14.571 0.0000000000
66569  -48.779  4.006  13.655 0.0000000000
67427  -50.151  4.684  12.429 0.0000000000
52774  -5.384  -11.927  40.673 0.0000000000
50210  -4.888  -14.611  41.439 0.0000000000
51810  -4.726  -13.184  43.140 0.0000000000
119121  -4.763  -12.928  42.458 0.0000000000
50203  -4.631  -14.272  41.862 0.0000000000
49351  -6.914  -15.241  42.353 0.0000000000
49340  -6.565  -15.287  43.304 0.0000000000
45331  -7.150  -20.597  42.668 0.0000000000
45330  -6.720  -21.116  42.256 0.0000000000
112478  -47.507  5.875  25.832 0.0000000000
68175  -47.993  6.336  26.353 0.0000000000
107904  -44.726  2.160  31.019 0.0000000000
59051  -39.032  -4.468  37.139 0.0000000000
59056  -39.385  -4.097  36.495 0.0000000000
64106  -39.522  1.694  24.444 0.0000000000
64107  -40.408  1.848  24.481 0.0000000000
64109  -42.226  1.848  24.787 0.0000000000
64117  -40.999  1.353  24.118 0.0000000000
63306  -41.303  0.485  23.729 0.0000000000
62449  -41.584  -0.641  23.506 0.0000000000
62450  -42.521  -1.283  23.776 0.0000000000
62436  -44.741  -1.028  24.874 0.0000000000
62424  -46.376  -0.730  25.042 0.0000000000
64095  -46.421  0.321  25.797 0.0000000000
63287  -46.845  -0.096  25.331 0.0000000000
64112  -47.702  1.080  25.311 0.0000000000
66513  -47.691  3.560  25.162 0.0000000000
46026  -9.413  -19.692  52.720 0.0000000000
45248  -9.894  -20.272  52.031 0.0000000000
127474  -10.212  -16.782  52.680 0.0000000000
46840  -10.394  -18.767  51.771 0.0000000000
45249  -10.310  -20.090  51.649 0.0000000000
44447  -10.465  -20.743  51.431 0.0000000000
44454  -10.356  -21.529  51.382 0.0000000000
43644  -10.640  -21.763  51.075 0.0000000000
43653  -10.782  -22.408  50.065 0.0000000000
42805  -11.055  -22.575  49.317 0.0000000000
43661  -11.566  -22.256  48.823 0.0000000000
126859  -10.910  -23.600  47.012 0.0000000000
41899  -10.865  -23.697  46.485 0.0000000000
49324  -20.119  -15.793  45.784 0.0000000000
49314  -19.449  -15.326  45.993 0.0000000000
122713  -19.240  -15.235  46.633 0.0000000000
49333  -18.860  -15.170  44.126 0.0000000000
50188  -18.985  -15.063  45.426 0.0000000000
50174  -18.675  -15.060  46.942 0.0000000000
50172  -17.272  -14.973  47.488 0.0000000000
49353  -16.876  -15.790  42.450 0.0000000000
49343  -16.785  -15.707  43.122 0.0000000000
111280  -16.663  -15.594  43.969 0.0000000000
48521  -15.785  -16.139  44.134 0.0000000000
49331  -16.292  -15.566  44.718 0.0000000000
50193  -16.848  -15.156  45.286 0.0000000000
50185  -16.721  -15.047  46.130 0.0000000000
50177  -16.659  -14.960  46.994 0.0000000000
50171  -16.582  -14.998  47.816 0.0000000000
121344  -16.520  -15.017  48.715 0.0000000000
50164  -15.640  -14.992  48.932 0.0000000000
50154  -14.505  -14.991  49.662 0.0000000000
49289  -12.650  -15.767  49.180 0.0000000000
48488  -12.312  -16.689  48.641 0.0000000000
48489  -12.727  -16.674  47.978 0.0000000000
47686  -12.341  -17.722  48.272 0.0000000000
46864  -12.518  -19.393  48.232 0.0000000000
46894  -13.713  -19.286  44.675 0.0000000000
46106  -13.591  -19.847  44.991 0.0000000000
46094  -13.469  -19.932  45.777 0.0000000000
44504  -13.640  -20.634  44.233 0.0000000000
46081  -13.354  -19.913  46.501 0.0000000000
45283  -13.002  -20.348  47.513 0.0000000000
44489  -12.981  -20.877  47.398 0.0000000000
43674  -12.446  -21.880  46.669 0.0000000000
42839  -11.853  -22.549  46.317 0.0000000000
42860  -11.910  -22.735  44.617 0.0000000000
42852  -11.838  -22.641  45.467 0.0000000000
54601  -7.647  -9.619  36.151 0.0000000000
52795  -6.963  -11.330  38.371 0.0000000000
52804  -6.843  -11.256  37.428 0.0000000000
52803  -6.057  -11.719  37.417 0.0000000000
51010  -4.857  -13.591  35.491 0.0000000000
51018  -4.914  -13.299  34.823 0.0000000000
51020  -5.737  -14.228  34.043 0.0000000000
49383  -7.614  -15.234  39.704 0.0000000000
123223  -5.824  -15.294  38.497 0.0000000000
49392  -5.947  -15.253  37.642 0.0000000000
49388  -9.725  -15.541  38.085 0.0000000000
49395  -9.949  -15.679  37.133 0.0000000000
49398  -6.027  -15.290  36.670 0.0000000000
49404  -6.077  -15.398  35.686 0.0000000000
49410  -6.163  -15.422  34.824 0.0000000000
50244  -6.195  -14.772  33.959 0.0000000000
50246  -7.829  -14.792  33.412 0.0000000000
49427  -8.464  -15.065  33.266 0.0000000000
49421  -8.934  -15.453  33.484 0.0000000000
48433  -7.297  -16.526  54.476 0.0000000000
48443  -6.755  -16.181  54.318 0.0000000000
126191  -6.054  -16.548  53.991 0.0000000000
49240  -6.139  -15.799  53.909 0.0000000000
48449  -5.436  -16.456  53.561 0.0000000000
48457  -5.272  -15.904  52.766 0.0000000000
113934  -4.566  -21.065  53.212 0.0000000000
45242  -4.620  -20.124  53.462 0.0000000000
115223  -4.859  -19.634  52.014 0.0000000000
46031  -4.781  -18.896  52.679 0.0000000000
49257  -5.084  -15.720  51.918 0.0000000000
49265  -5.200  -15.531  50.928 0.0000000000
49277  -5.154  -15.446  49.882 0.0000000000
127140  -5.127  -15.480  49.049 0.0000000000
49288  -4.875  -15.210  48.359 0.0000000000
48493  -5.096  -15.505  47.908 0.0000000000
47692  -6.198  -16.927  48.139 0.0000000000
46092  -6.808  -19.883  46.780 0.0000000000
44481  -6.044  -21.189  48.059 0.0000000000
45291  -6.493  -20.681  46.432 0.0000000000
44498  -6.452  -20.981  44.677 0.0000000000
44501  -6.143  -21.954  44.724 0.0000000000
125964  -6.232  -21.838  44.002 0.0000000000
110455  -6.381  -21.525  43.578 0.0000000000
44512  -6.333  -22.008  43.310 0.0000000000
121280  -6.266  -22.807  42.175 0.0000000000
106464  -4.764  -27.240  45.872 0.0000000000
40945  -5.213  -25.841  46.395 0.0000000000
40962  -5.370  -25.353  45.387 0.0000000000
126089  -4.650  -27.842  43.914 0.0000000000
40026  -5.236  -26.576  44.125 0.0000000000
41948  -5.703  -24.512  43.740 0.0000000000
40041  -5.533  -25.944  42.010 0.0000000000
41000  -5.715  -25.149  42.228 0.0000000000
41962  -5.861  -24.510  42.430 0.0000000000
107487  -6.042  -23.958  42.192 0.0000000000
42880  -6.121  -23.880  41.396 0.0000000000
42886  -6.196  -23.944  40.558 0.0000000000
40095  -6.267  -26.340  38.224 0.0000000000
40887  -7.189  -25.134  51.128 0.0000000000
40947  -9.944  -24.877  46.196 0.0000000000
41856  -5.615  -24.543  51.555 0.0000000000
41887  -9.647  -24.566  48.538 0.0000000000
42779  -6.964  -22.680  52.710 0.0000000000
42789  -8.966  -23.049  51.727 0.0000000000
42815  -11.023  -22.997  48.578 0.0000000000
43642  -9.592  -22.559  51.568 0.0000000000
43670  -12.750  -21.400  47.237 0.0000000000
43682  -12.800  -21.523  45.288 0.0000000000
44435  -8.091  -20.662  53.307 0.0000000000
44436  -8.419  -20.445  53.152 0.0000000000
44448  -27.859  -19.120  50.010 0.0000000000
44456  -27.752  -19.411  50.264 0.0000000000
44463  -11.330  -21.073  50.451 0.0000000000
44499  -13.253  -21.018  44.794 0.0000000000
44507  -13.958  -20.802  43.445 0.0000000000
45231  -6.640  -19.600  54.559 0.0000000000
45235  -8.420  -19.511  54.026 0.0000000000
45240  -8.608  -19.775  53.554 0.0000000000
45244  -27.467  -18.718  51.151 0.0000000000
45250  -27.179  -18.482  51.013 0.0000000000
45263  -26.842  -18.946  49.954 0.0000000000
45278  -12.671  -20.353  48.314 0.0000000000
45292  -13.186  -20.485  46.781 0.0000000000
45302  -13.470  -20.254  45.179 0.0000000000
45336  -23.722  -20.717  42.956 0.0000000000
46017  -8.071  -19.136  54.448 0.0000000000
46023  -25.578  -17.157  52.869 0.0000000000
46029  -27.426  -18.845  51.872 0.0000000000
46036  -26.241  -18.078  51.142 0.0000000000
46043  -26.475  -18.667  50.262 0.0000000000
46058  -12.014  -19.971  49.313 0.0000000000
46070  -25.608  -19.469  48.346 0.0000000000
46082  -24.624  -19.634  47.151 0.0000000000
46084  -27.208  -19.766  47.733 0.0000000000
46107  -13.824  -19.780  44.262 0.0000000000
46109  -23.539  -19.860  45.238 0.0000000000
46126  -14.318  -19.821  42.878 0.0000000000
46814  -8.576  -18.652  54.250 0.0000000000
46815  -24.032  -17.960  54.646 0.0000000000
46822  -25.971  -17.703  52.951 0.0000000000
46827  -25.380  -16.741  52.730 0.0000000000
46830  -27.928  -18.849  52.174 0.0000000000
46834  -25.498  -17.641  51.015 0.0000000000
46836  -28.641  -18.456  52.161 0.0000000000
46872  -12.868  -19.239  47.447 0.0000000000
46875  -24.076  -19.163  47.475 0.0000000000
46884  -22.774  -18.322  47.059 0.0000000000
46936  -20.830  -18.732  40.815 0.0000000000
47634  -23.704  -17.514  54.837 0.0000000000
47639  -23.799  -17.311  54.552 0.0000000000
47641  -25.048  -17.677  53.992 0.0000000000
47647  -25.178  -16.378  52.871 0.0000000000
47655  -24.995  -17.334  51.019 0.0000000000
47672  -24.185  -17.609  50.349 0.0000000000
47710  -21.334  -17.311  44.506 0.0000000000
47744  -16.554  -17.231  40.374 0.0000000000
48437  -23.097  -17.021  55.056 0.0000000000
48439  -24.487  -16.758  55.211 0.0000000000
48440  -25.104  -16.404  55.094 0.0000000000
48441  -25.798  -16.106  54.603 0.0000000000
48445  -23.628  -16.665  54.465 0.0000000000
48519  -14.324  -17.007  44.804 0.0000000000
48551  -17.268  -16.081  41.160 0.0000000000
48557  -17.913  -16.064  40.607 0.0000000000
48558  -18.620  -16.327  40.201 0.0000000000
49235  -22.954  -15.464  55.161 0.0000000000
49245  -22.717  -15.410  54.896 0.0000000000
49247  -27.118  -15.688  53.573 0.0000000000
49254  -27.643  -15.421  53.276 0.0000000000
49263  -29.572  -15.055  52.322 0.0000000000
49332  -16.971  -15.265  44.628 0.0000000000
49335  -20.253  -15.933  44.928 0.0000000000
49344  -17.378  -15.220  44.237 0.0000000000
49379  -19.223  -16.279  41.019 0.0000000000
50079  -24.132  -14.649  55.351 0.0000000000
50080  -25.030  -14.665  55.183 0.0000000000
50081  -25.865  -14.607  55.122 0.0000000000
50109  -28.687  -14.491  53.071 0.0000000000
50179  -18.124  -14.890  46.398 0.0000000000
50180  -18.786  -15.046  46.163 0.0000000000
50932  -27.629  -13.671  53.190 0.0000000000
51743  -28.878  -13.823  51.642 0.0000000000
52582  -23.670  -11.899  55.276 0.0000000000
57162  -32.399  -5.229  48.673 0.0000000000
57163  -32.371  -5.124  48.818 0.0000000000
57172  -32.926  -6.029  48.153 0.0000000000
57173  -33.153  -6.019  48.098 0.0000000000
57181  -33.400  -6.234  47.081 0.0000000000
57221  -35.754  -4.306  41.836 0.0000000000
58080  -32.402  -4.807  48.625 0.0000000000
58088  -32.079  -4.913  48.683 0.0000000000
58089  -33.172  -5.914  47.959 0.0000000000
58102  -33.893  -5.896  46.989 0.0000000000
58150  -35.752  -4.169  42.270 0.0000000000
58151  -35.921  -4.290  42.011 0.0000000000
58166  -37.369  -5.177  42.126 0.0000000000
58182  -38.116  -4.719  41.774 0.0000000000
58187  -37.823  -4.192  39.757 0.0000000000
58304  -36.996  -5.037  30.066 0.0000000000
58941  -33.092  -4.311  48.375 0.0000000000
59021  -38.102  -3.853  40.865 0.0000000000
59092  -39.610  -4.318  31.659 0.0000000000
59778  -32.309  -2.432  48.135 0.0000000000
59782  -32.457  -3.192  48.183 0.0000000000
59783  -32.974  -3.593  48.296 0.0000000000
59922  -38.694  -3.546  30.375 0.0000000000
60560  -33.087  -2.422  48.178 0.0000000000
60751  -45.823  -2.582  23.163 0.0000000000
60779  -45.469  -2.334  21.963 0.0000000000
61590  -46.073  -1.809  24.264 0.0000000000
61591  -46.407  -1.511  23.847 0.0000000000
61619  -45.929  -2.090  22.747 0.0000000000
62211  -33.198  -1.444  48.218 0.0000000000
62212  -33.288  -1.071  48.007 0.0000000000
62230  -35.810  -0.715  46.486 0.0000000000
62411  -37.835  -0.826  27.589 0.0000000000
62423  -45.680  -0.799  25.142 0.0000000000
62462  -46.295  -1.392  23.205 0.0000000000
63089  -34.024  -0.564  47.194 0.0000000000
63090  -34.403  -0.057  47.298 0.0000000000
63101  -35.607  0.133  46.486 0.0000000000
63302  -47.140  -0.013  24.859 0.0000000000
63307  -46.538  0.151  23.500 0.0000000000
63317  -45.388  0.577  22.534 0.0000000000
63922  -36.026  1.682  46.328 0.0000000000
64097  -47.935  1.018  25.950 0.0000000000
64116  -40.258  1.078  23.875 0.0000000000
64122  -45.837  0.837  22.965 0.0000000000
64735  -36.914  2.176  45.213 0.0000000000
64884  -44.010  2.144  30.583 0.0000000000
64890  -43.937  2.398  29.652 0.0000000000
64905  -47.948  2.324  27.617 0.0000000000
64908  -40.033  2.308  25.696 0.0000000000
64932  -40.662  2.282  24.907 0.0000000000
64934  -41.945  2.570  25.416 0.0000000000
64935  -48.001  1.898  25.422 0.0000000000
65694  -44.375  3.004  28.115 0.0000000000
65714  -48.650  3.353  26.491 0.0000000000
65720  -47.529  2.781  24.829 0.0000000000
65732  -44.317  3.409  22.592 0.0000000000
66495  -49.334  3.755  28.386 0.0000000000
66505  -48.470  4.137  26.042 0.0000000000
67357  -47.949  4.920  25.690 0.0000000000
67373  -44.933  5.201  23.745 0.0000000000
67407  -48.763  5.175  16.615 0.0000000000
68189  -45.478  6.435  24.572 0.0000000000
68196  -44.321  6.957  23.253 0.0000000000
68206  -46.708  6.901  20.194 0.0000000000
68213  -46.135  6.413  19.963 0.0000000000
68967  -44.641  7.637  23.721 0.0000000000
69763  -46.412  8.991  25.747 0.0000000000
69773  -44.585  8.514  23.027 0.0000000000
70633  -45.320  9.700  24.328 0.0000000000
70644  -45.864  9.176  21.487 0.0000000000
72314  -45.748  10.731  24.286 0.0000000000
104474  -40.163  2.590  43.212 0.0000000000
104475  -41.346  2.762  42.657 0.0000000000
104482  -39.995  1.989  42.148 0.0000000000
104582  -39.076  -0.092  42.089 0.0000000000
104770  -32.877  -9.053  46.513 0.0000000000
104791  -33.142  -6.445  47.185 0.0000000000
104805  -32.935  -5.296  47.642 0.0000000000
104948  -38.162  -2.828  41.889 0.0000000000
105002  -34.905  -2.652  43.011 0.0000000000
105016  -35.485  -3.854  41.790 0.0000000000
105042  -40.162  2.081  41.949 0.0000000000
106286  -32.076  -3.287  48.043 0.0000000000
106640  -31.994  -3.998  47.980 0.0000000000
108973  -33.569  -3.804  48.271 0.0000000000
109211  -35.566  0.904  46.529 0.0000000000
110063  -23.842  -18.373  48.841 0.0000000000
110767  -33.181  -2.125  48.283 0.0000000000
111722  -27.249  -17.279  53.090 0.0000000000
112008  -44.500  -2.351  24.372 0.0000000000
114397  -32.664  -5.275  47.737 0.0000000000
114776  -24.022  -16.043  55.313 0.0000000000
115112  -28.165  -14.048  53.143 0.0000000000
116873  -21.731  -19.979  40.453 0.0000000000
117932  -33.421  -4.407  48.073 0.0000000000
118062  -26.438  -15.874  54.058 0.0000000000
118160  -4.281  -23.271  51.089 0.0000000000
119377  -28.979  -15.096  52.765 0.0000000000
119426  -37.866  -4.050  41.043 0.0000000000
119473  -37.207  -7.249  34.998 0.0000000000
119567  -34.863  -3.979  42.902 0.0000000000
119605  -35.640  -4.099  42.793 0.0000000000
119720  -39.237  -0.067  41.095 0.0000000000
119752  -42.094  1.948  40.956 0.0000000000
119784  -35.379  -4.020  41.894 0.0000000000
120011  -35.610  0.124  45.440 0.0000000000
120135  -35.030  -3.265  42.962 0.0000000000
120141  -40.148  0.486  41.450 0.0000000000
120171  -34.974  -2.170  44.159 0.0000000000
120173  -35.964  -4.097  42.354 0.0000000000
120231  -34.903  -0.965  44.856 0.0000000000
120352  -35.532  -4.190  42.269 0.0000000000
120717  -48.026  1.455  26.475 0.0000000000
121904  -31.698  -13.689  48.378 0.0000000000
122441  -6.112  -22.078  54.258 0.0000000000
125433  -19.138  -15.137  44.785 0.0000000000
127194  -42.802  -0.113  32.081 0.0000000000
128054  -26.308  -19.504  48.586 0.0000000000
128258  -27.212  -18.847  50.238 0.0000000000
128272  -13.610  -18.973  44.973 0.0000000000
