#!ascii label  , from subject sub-v2s7x29798_ses-1 vox2ras=TkReg
1439
40975  -10.210  -25.003  44.884 0.0000000000
53511  -35.843  -10.880  48.159 0.0000000000
55407  -35.776  -7.419  45.354 0.0000000000
44530  -27.932  -21.222  41.488 0.0000000000
59998  -32.787  -3.953  21.915 0.0000000000
51902  -31.085  -12.853  32.973 0.0000000000
53558  -33.786  -9.782  47.084 0.0000000000
46075  -30.470  -18.078  49.191 0.0000000000
61603  -41.589  -1.744  23.393 0.0000000000
62469  -44.212  -0.615  21.426 0.0000000000
65746  -43.065  4.128  18.698 0.0000000000
56349  -35.795  -7.397  40.434 0.0000000000
52788  -33.754  -11.240  39.166 0.0000000000
55531  -35.039  -8.266  34.376 0.0000000000
57400  -35.818  -5.741  29.493 0.0000000000
46184  -21.113  -19.912  36.580 0.0000000000
39943  -8.166  -26.406  48.414 0.0000000000
60592  -36.638  -3.938  45.044 0.0000000000
104749  -37.328  -3.225  42.235 0.0000000000
121513  -28.074  -22.635  35.214 0.0000000000
120309  -29.048  -14.079  38.082 0.0000000000
63402  -41.672  0.293  12.918 0.0000000000
66557  -46.352  4.531  15.334 0.0000000000
54703  -31.807  -9.406  26.814 0.0000000000
63282  -37.332  0.745  25.542 0.0000000000
42882  -12.417  -23.561  41.129 0.0000000000
35538  -5.304  -31.571  46.007 0.0000000000
59979  -44.445  -3.747  23.237 0.0000000000
124049  -35.120  -8.656  37.641 0.0000000000
46977  -19.982  -19.103  33.607 0.0000000000
40933  -9.258  -25.411  47.407 0.0000000000
58957  -37.074  -5.402  47.299 0.0000000000
58956  -36.544  -5.212  47.606 0.0000000000
43744  -28.534  -22.456  37.522 0.0000000000
46186  -28.415  -19.361  36.325 0.0000000000
46160  -28.320  -19.455  39.367 0.0000000000
49276  -33.030  -15.141  50.282 0.0000000000
104947  -31.492  -16.692  48.448 0.0000000000
49284  -33.993  -15.062  50.261 0.0000000000
44541  -25.644  -21.983  40.973 0.0000000000
44566  -25.135  -22.174  38.228 0.0000000000
58422  -42.075  -5.404  17.691 0.0000000000
62538  -40.758  -0.824  15.077 0.0000000000
122597  -45.244  4.487  17.381 0.0000000000
51852  -33.277  -12.296  36.233 0.0000000000
51942  -30.997  -12.419  29.072 0.0000000000
60721  -36.302  -2.708  27.479 0.0000000000
46165  -16.358  -19.002  38.960 0.0000000000
45344  -14.904  -20.045  40.985 0.0000000000
44514  -14.248  -20.947  42.667 0.0000000000
43720  -14.020  -22.957  38.975 0.0000000000
36343  -7.021  -30.444  44.180 0.0000000000
54479  -35.241  -10.084  47.442 0.0000000000
58965  -35.917  -4.188  47.391 0.0000000000
111604  -35.632  -1.989  47.453 0.0000000000
45286  -27.593  -19.803  47.045 0.0000000000
45328  -28.242  -19.449  43.876 0.0000000000
44452  -29.482  -20.803  51.229 0.0000000000
50946  -32.462  -13.884  50.556 0.0000000000
61626  -37.166  -1.821  22.339 0.0000000000
60001  -39.552  -3.786  21.920 0.0000000000
59195  -43.509  -5.189  20.299 0.0000000000
61637  -42.960  -2.257  19.160 0.0000000000
110477  -41.143  1.092  18.250 0.0000000000
64946  -42.678  2.197  20.375 0.0000000000
121954  -35.520  -7.716  42.277 0.0000000000
53617  -34.558  -9.693  43.070 0.0000000000
53675  -34.394  -9.567  40.273 0.0000000000
53730  -33.916  -10.232  36.161 0.0000000000
52844  -33.700  -11.111  32.484 0.0000000000
53790  -33.758  -10.772  30.119 0.0000000000
56479  -35.358  -7.525  30.986 0.0000000000
109627  -19.254  -17.569  38.340 0.0000000000
46957  -17.871  -18.562  36.683 0.0000000000
65790  -47.116  3.277  11.224 0.0000000000
39027  -5.822  -26.890  48.888 0.0000000000
60594  -37.761  -4.077  44.068 0.0000000000
59830  -36.943  -3.984  43.140 0.0000000000
61391  -36.851  -2.069  45.264 0.0000000000
63948  -36.635  -0.366  43.937 0.0000000000
126133  -36.720  -5.088  43.491 0.0000000000
105152  -37.546  -6.099  42.873 0.0000000000
119627  -28.621  -16.624  43.728 0.0000000000
45364  -22.676  -20.806  39.321 0.0000000000
44614  -24.745  -21.570  34.851 0.0000000000
64985  -41.532  2.831  15.905 0.0000000000
121188  -42.864  3.610  14.042 0.0000000000
65778  -44.932  3.415  12.639 0.0000000000
66568  -48.103  3.723  13.277 0.0000000000
41013  -9.848  -26.052  41.463 0.0000000000
40027  -9.088  -27.014  43.381 0.0000000000
110806  -31.749  -6.572  24.541 0.0000000000
56511  -33.449  -7.513  27.981 0.0000000000
59141  -33.660  -4.904  25.927 0.0000000000
61601  -34.988  -1.717  23.955 0.0000000000
64115  -39.182  1.143  23.854 0.0000000000
41964  -11.121  -24.172  42.952 0.0000000000
39093  -8.089  -28.174  45.080 0.0000000000
38132  -6.887  -28.403  47.337 0.0000000000
37215  -4.859  -29.000  47.101 0.0000000000
40963  -9.767  -25.431  45.587 0.0000000000
53512  -36.004  -10.503  48.864 0.0000000000
56279  -36.126  -7.480  48.444 0.0000000000
57176  -35.890  -6.865  48.234 0.0000000000
43725  -28.399  -21.974  39.275 0.0000000000
45377  -29.181  -20.746  38.592 0.0000000000
45358  -28.307  -20.377  39.916 0.0000000000
128317  -34.726  -12.011  48.541 0.0000000000
50149  -33.709  -14.380  50.362 0.0000000000
52664  -34.840  -12.098  49.329 0.0000000000
51760  -35.072  -12.358  49.590 0.0000000000
45325  -27.085  -21.250  43.986 0.0000000000
105601  -26.074  -21.153  44.219 0.0000000000
44529  -27.318  -21.908  41.680 0.0000000000
43723  -27.000  -22.511  39.136 0.0000000000
61668  -40.984  -1.811  16.134 0.0000000000
115814  -36.554  -6.639  45.439 0.0000000000
55418  -36.042  -8.361  45.591 0.0000000000
51874  -31.761  -12.831  34.432 0.0000000000
51036  -30.182  -13.588  34.606 0.0000000000
51922  -31.092  -12.770  31.022 0.0000000000
45372  -15.810  -20.774  38.386 0.0000000000
45354  -15.398  -19.711  40.238 0.0000000000
44551  -15.172  -21.072  39.650 0.0000000000
44550  -14.836  -21.526  40.065 0.0000000000
43730  -14.578  -22.465  38.614 0.0000000000
55381  -34.636  -9.379  47.275 0.0000000000
58103  -35.043  -5.203  47.205 0.0000000000
117143  -34.348  -5.925  47.084 0.0000000000
44457  -27.929  -19.942  50.795 0.0000000000
46052  -29.171  -19.152  50.070 0.0000000000
117830  -29.282  -18.680  51.986 0.0000000000
52697  -33.183  -12.302  46.816 0.0000000000
50952  -32.053  -13.695  49.806 0.0000000000
52698  -33.628  -12.219  47.073 0.0000000000
51780  -33.758  -12.706  47.255 0.0000000000
61617  -39.513  -1.632  22.833 0.0000000000
60775  -38.972  -2.933  22.150 0.0000000000
60762  -40.496  -3.076  22.753 0.0000000000
60779  -45.469  -2.334  21.963 0.0000000000
59179  -43.575  -5.073  21.364 0.0000000000
60790  -44.350  -3.701  20.058 0.0000000000
60795  -43.476  -3.361  18.797 0.0000000000
61638  -43.460  -1.957  20.018 0.0000000000
62487  -42.421  -0.346  19.883 0.0000000000
63331  -43.664  0.343  21.222 0.0000000000
55444  -35.252  -8.162  41.613 0.0000000000
54552  -34.792  -8.891  41.214 0.0000000000
55466  -35.222  -8.189  40.061 0.0000000000
113461  -35.088  -8.610  35.911 0.0000000000
106664  -34.586  -9.240  37.144 0.0000000000
54625  -34.082  -9.724  35.515 0.0000000000
52827  -33.656  -10.582  34.495 0.0000000000
54653  -33.934  -9.483  33.263 0.0000000000
54672  -33.971  -9.829  31.693 0.0000000000
55549  -34.797  -8.085  32.998 0.0000000000
46166  -20.736  -19.493  38.998 0.0000000000
47750  -20.002  -17.993  39.666 0.0000000000
46954  -20.001  -18.855  37.442 0.0000000000
46964  -18.728  -18.800  35.225 0.0000000000
66578  -47.901  3.818  11.424 0.0000000000
66587  -47.932  4.617  10.734 0.0000000000
39933  -6.965  -26.418  49.470 0.0000000000
59813  -36.422  -5.025  45.023 0.0000000000
59804  -36.919  -4.909  45.342 0.0000000000
60584  -37.092  -4.738  44.899 0.0000000000
104467  -38.307  -3.256  43.998 0.0000000000
104472  -37.985  -2.510  43.872 0.0000000000
61378  -35.954  -1.945  45.589 0.0000000000
61379  -36.054  -1.822  45.517 0.0000000000
62262  -36.980  -0.707  45.195 0.0000000000
105030  -37.610  -0.903  42.028 0.0000000000
119823  -37.972  -0.898  43.022 0.0000000000
105188  -36.993  -2.217  42.708 0.0000000000
104651  -36.528  -2.881  42.965 0.0000000000
119753  -37.171  -3.065  42.250 0.0000000000
126759  -37.428  -5.794  43.137 0.0000000000
119630  -37.052  -3.819  42.752 0.0000000000
104386  -28.028  -16.206  36.842 0.0000000000
46101  -29.346  -18.778  47.008 0.0000000000
46130  -28.392  -18.205  44.040 0.0000000000
105098  -29.408  -18.094  46.166 0.0000000000
104913  -30.982  -15.456  45.971 0.0000000000
45345  -22.822  -20.616  41.222 0.0000000000
43755  -26.703  -22.561  36.491 0.0000000000
44590  -25.234  -22.037  36.349 0.0000000000
43769  -26.184  -22.224  34.991 0.0000000000
43795  -25.526  -21.672  33.382 0.0000000000
126701  -41.750  2.508  18.231 0.0000000000
64164  -40.871  1.498  17.443 0.0000000000
64971  -42.006  3.020  17.751 0.0000000000
107386  -45.220  4.408  15.999 0.0000000000
66554  -43.881  4.062  15.222 0.0000000000
66560  -44.528  4.070  14.259 0.0000000000
114450  -44.072  3.541  12.883 0.0000000000
66567  -45.288  3.984  13.860 0.0000000000
66572  -46.693  3.727  13.434 0.0000000000
106206  -46.851  4.124  14.140 0.0000000000
53653  -34.070  -10.390  41.366 0.0000000000
105479  -33.790  -11.465  42.934 0.0000000000
54728  -30.487  -9.377  24.191 0.0000000000
55635  -31.621  -8.379  25.743 0.0000000000
55592  -34.358  -8.446  29.460 0.0000000000
53805  -33.421  -9.923  28.562 0.0000000000
57398  -34.517  -6.900  28.798 0.0000000000
61573  -36.468  -1.524  26.647 0.0000000000
59953  -34.918  -3.884  26.913 0.0000000000
125656  -35.367  -1.879  25.533 0.0000000000
59966  -34.156  -3.283  24.973 0.0000000000
62433  -36.018  -0.418  24.629 0.0000000000
110713  -37.354  0.358  23.613 0.0000000000
64105  -38.569  1.442  24.440 0.0000000000
115161  -13.654  -22.203  41.908 0.0000000000
43696  -12.674  -22.365  43.283 0.0000000000
42869  -12.021  -22.845  43.739 0.0000000000
42881  -11.903  -23.730  41.804 0.0000000000
111079  -11.189  -24.567  41.271 0.0000000000
41986  -11.363  -24.570  40.542 0.0000000000
38187  -8.085  -28.499  42.910 0.0000000000
39094  -8.508  -27.642  44.660 0.0000000000
38186  -7.747  -29.006  43.763 0.0000000000
36342  -6.416  -30.979  45.197 0.0000000000
37225  -6.827  -29.347  46.218 0.0000000000
36323  -5.786  -29.841  46.628 0.0000000000
38131  -5.944  -28.548  47.588 0.0000000000
36322  -4.940  -30.362  46.573 0.0000000000
50138  -30.527  -14.190  51.583 0.0000000000
61588  -44.050  -1.751  24.540 0.0000000000
60748  -42.813  -2.958  23.652 0.0000000000
61606  -45.460  -2.513  23.956 0.0000000000
55477  -35.273  -8.273  39.134 0.0000000000
46203  -22.118  -19.906  34.142 0.0000000000
46201  -20.647  -19.053  34.943 0.0000000000
40918  -9.162  -25.264  48.287 0.0000000000
40932  -8.772  -25.894  47.984 0.0000000000
55382  -36.396  -8.286  48.321 0.0000000000
58967  -36.858  -4.688  46.966 0.0000000000
126824  -36.249  -4.358  45.543 0.0000000000
120346  -36.960  -2.566  42.017 0.0000000000
43757  -28.433  -22.637  36.624 0.0000000000
43773  -29.886  -22.079  35.904 0.0000000000
44591  -29.922  -21.502  36.798 0.0000000000
46169  -28.535  -19.340  38.483 0.0000000000
120282  -27.822  -16.894  38.988 0.0000000000
113115  -32.000  -17.857  51.185 0.0000000000
119824  -30.813  -17.748  49.123 0.0000000000
46845  -32.315  -18.123  50.542 0.0000000000
46046  -32.472  -18.623  50.328 0.0000000000
48477  -33.966  -16.128  49.497 0.0000000000
45347  -24.374  -21.315  41.615 0.0000000000
112410  -24.347  -21.547  40.340 0.0000000000
125996  -25.868  -22.358  39.408 0.0000000000
43742  -26.708  -22.565  37.364 0.0000000000
58421  -40.756  -5.716  18.151 0.0000000000
63394  -40.795  0.072  14.016 0.0000000000
111716  -44.757  5.445  19.354 0.0000000000
66536  -43.926  4.415  18.203 0.0000000000
51835  -33.658  -11.759  37.871 0.0000000000
51930  -29.036  -13.412  29.520 0.0000000000
52891  -31.763  -11.117  27.854 0.0000000000
59945  -37.247  -3.112  28.725 0.0000000000
110272  -35.965  -3.886  28.095 0.0000000000
109687  -37.240  -2.263  28.112 0.0000000000
47747  -16.670  -17.714  39.728 0.0000000000
46935  -15.943  -18.278  40.451 0.0000000000
117876  -14.338  -19.183  43.041 0.0000000000
44515  -14.464  -20.525  42.180 0.0000000000
43706  -14.247  -21.771  41.472 0.0000000000
113814  -13.215  -23.420  39.890 0.0000000000
42001  -12.261  -24.265  39.469 0.0000000000
42901  -13.149  -23.909  38.673 0.0000000000
53510  -35.542  -10.612  47.635 0.0000000000
58092  -35.729  -5.980  48.008 0.0000000000
57165  -35.373  -7.642  47.547 0.0000000000
59794  -35.672  -3.477  47.443 0.0000000000
45326  -27.808  -20.844  43.714 0.0000000000
111947  -28.080  -20.447  42.662 0.0000000000
45308  -28.190  -19.613  45.056 0.0000000000
46086  -28.971  -19.086  47.318 0.0000000000
44460  -29.953  -21.146  51.001 0.0000000000
48466  -30.704  -16.093  51.996 0.0000000000
47663  -30.884  -17.062  51.755 0.0000000000
46843  -31.134  -17.752  51.252 0.0000000000
50141  -32.769  -14.422  50.423 0.0000000000
51781  -34.427  -12.213  47.408 0.0000000000
45285  -26.830  -20.089  47.037 0.0000000000
107196  -35.044  -2.460  21.712 0.0000000000
60011  -34.602  -3.669  20.583 0.0000000000
60787  -36.487  -3.007  21.220 0.0000000000
107622  -38.203  -3.721  20.857 0.0000000000
59191  -39.656  -4.819  20.320 0.0000000000
122787  -42.006  -4.483  22.640 0.0000000000
59193  -41.689  -5.292  21.073 0.0000000000
59208  -40.464  -5.300  19.795 0.0000000000
58407  -42.292  -5.421  18.613 0.0000000000
60035  -42.864  -4.115  17.847 0.0000000000
125812  -42.297  -2.771  17.802 0.0000000000
61654  -40.957  -1.467  17.399 0.0000000000
62497  -41.457  -0.595  18.659 0.0000000000
64143  -42.212  1.710  19.700 0.0000000000
65738  -42.723  3.332  20.093 0.0000000000
65735  -43.467  3.544  21.577 0.0000000000
67380  -43.634  5.241  20.507 0.0000000000
56324  -36.177  -7.455  43.695 0.0000000000
55427  -35.423  -8.394  44.605 0.0000000000
110487  -34.707  -9.078  42.584 0.0000000000
53654  -34.435  -9.560  41.463 0.0000000000
53674  -34.043  -10.476  39.903 0.0000000000
54584  -34.660  -9.076  38.862 0.0000000000
53704  -34.248  -9.866  38.463 0.0000000000
52796  -33.704  -11.237  38.371 0.0000000000
51854  -33.575  -11.453  36.329 0.0000000000
51876  -33.416  -11.677  34.696 0.0000000000
51903  -32.610  -12.337  32.687 0.0000000000
52858  -32.269  -12.304  30.623 0.0000000000
53770  -33.733  -11.063  31.599 0.0000000000
115805  -34.208  -9.467  30.304 0.0000000000
123117  -35.689  -6.789  30.210 0.0000000000
114704  -36.298  -6.381  30.640 0.0000000000
58303  -36.365  -5.549  29.933 0.0000000000
48564  -18.447  -16.673  39.265 0.0000000000
46959  -19.396  -18.465  36.010 0.0000000000
107500  -18.832  -17.929  37.285 0.0000000000
47753  -17.578  -17.514  38.495 0.0000000000
46946  -16.979  -18.788  38.062 0.0000000000
58998  -38.046  -3.899  43.830 0.0000000000
127763  -35.937  -5.723  43.999 0.0000000000
58955  -36.016  -4.750  48.013 0.0000000000
60582  -36.122  -3.137  45.786 0.0000000000
61392  -37.122  -2.888  44.975 0.0000000000
62283  -38.189  -0.284  44.017 0.0000000000
61415  -38.005  -1.222  43.888 0.0000000000
61401  -36.989  -1.801  45.129 0.0000000000
119991  -36.112  -3.999  43.816 0.0000000000
119685  -36.138  -6.218  44.473 0.0000000000
119679  -36.535  -6.683  43.950 0.0000000000
119738  -37.174  -6.509  43.015 0.0000000000
125054  -36.658  -6.167  42.223 0.0000000000
119629  -36.768  -4.123  42.849 0.0000000000
57229  -37.428  -5.540  42.494 0.0000000000
46147  -27.992  -19.726  41.626 0.0000000000
120232  -27.690  -17.951  41.289 0.0000000000
120253  -27.859  -15.711  41.564 0.0000000000
121046  -29.642  -17.183  45.923 0.0000000000
119633  -29.637  -15.095  43.838 0.0000000000
46152  -21.203  -19.393  40.665 0.0000000000
45374  -21.658  -20.447  38.134 0.0000000000
44564  -23.784  -21.427  38.848 0.0000000000
44588  -23.744  -21.433  37.045 0.0000000000
45404  -23.241  -20.912  35.518 0.0000000000
45412  -23.780  -20.800  34.102 0.0000000000
62530  -40.230  -0.430  16.493 0.0000000000
120719  -40.122  0.960  15.952 0.0000000000
64187  -40.644  1.856  14.044 0.0000000000
65758  -43.042  3.731  16.534 0.0000000000
65761  -42.293  3.373  15.355 0.0000000000
64998  -41.801  2.776  13.100 0.0000000000
65007  -42.825  2.602  12.021 0.0000000000
65787  -43.637  2.682  11.748 0.0000000000
65013  -44.999  2.491  11.300 0.0000000000
65789  -46.625  3.016  11.857 0.0000000000
65780  -47.389  3.313  12.089 0.0000000000
41002  -10.258  -25.398  43.298 0.0000000000
40986  -9.915  -25.892  43.843 0.0000000000
40043  -9.405  -26.551  42.813 0.0000000000
54523  -34.784  -9.841  44.478 0.0000000000
59165  -31.971  -5.003  22.909 0.0000000000
108085  -32.402  -11.841  29.205 0.0000000000
53812  -32.675  -10.361  27.977 0.0000000000
54704  -32.379  -9.015  27.322 0.0000000000
58327  -34.609  -5.420  27.834 0.0000000000
108610  -33.347  -6.249  27.120 0.0000000000
128331  -32.417  -7.229  26.323 0.0000000000
58353  -32.990  -5.428  25.440 0.0000000000
59146  -33.206  -4.130  24.159 0.0000000000
60745  -33.964  -2.685  23.170 0.0000000000
61613  -35.834  -1.507  22.821 0.0000000000
63315  -38.266  -0.022  23.118 0.0000000000
63305  -40.650  0.028  23.369 0.0000000000
41924  -10.797  -23.934  45.611 0.0000000000
42859  -11.441  -23.387  44.229 0.0000000000
41949  -10.672  -24.752  43.510 0.0000000000
41014  -10.277  -25.507  41.992 0.0000000000
128276  -9.965  -26.004  40.674 0.0000000000
39997  -9.369  -26.260  45.198 0.0000000000
39996  -8.933  -26.920  45.740 0.0000000000
39048  -8.103  -27.273  47.145 0.0000000000
37249  -7.299  -29.594  44.378 0.0000000000
38142  -7.264  -28.645  46.540 0.0000000000
39047  -7.349  -27.769  47.666 0.0000000000
39046  -6.442  -28.013  48.010 0.0000000000
39034  -5.476  -27.385  48.295 0.0000000000
36331  -4.564  -31.013  46.226 0.0000000000
36321  -4.340  -30.214  46.238 0.0000000000
41923  -10.242  -24.633  45.599 0.0000000000
54473  -35.840  -10.000  48.303 0.0000000000
55369  -35.793  -9.128  48.342 0.0000000000
55368  -35.853  -8.322  48.086 0.0000000000
44544  -28.129  -21.265  40.502 0.0000000000
128282  -28.592  -20.778  39.618 0.0000000000
44531  -28.043  -20.795  40.909 0.0000000000
113559  -35.460  -11.553  48.007 0.0000000000
116456  -35.876  -11.298  48.670 0.0000000000
44517  -27.687  -21.386  42.349 0.0000000000
44516  -26.913  -21.808  42.465 0.0000000000
44543  -27.623  -21.908  40.804 0.0000000000
43715  -28.042  -21.879  40.001 0.0000000000
60826  -41.422  -2.449  16.440 0.0000000000
120588  -36.088  -7.072  45.400 0.0000000000
116629  -36.650  -7.586  45.450 0.0000000000
51889  -31.572  -12.767  33.600 0.0000000000
51037  -30.705  -13.248  34.295 0.0000000000
51049  -30.484  -13.184  33.743 0.0000000000
51901  -29.332  -13.502  33.497 0.0000000000
51911  -29.359  -13.277  32.241 0.0000000000
51912  -30.560  -12.958  32.308 0.0000000000
44574  -15.608  -21.481  37.874 0.0000000000
45362  -15.507  -20.585  39.225 0.0000000000
44563  -15.353  -21.231  38.783 0.0000000000
44562  -14.947  -21.731  39.183 0.0000000000
118782  -34.693  -8.588  47.259 0.0000000000
111320  -34.294  -7.217  47.103 0.0000000000
57182  -34.132  -6.325  46.570 0.0000000000
45246  -28.154  -18.879  50.954 0.0000000000
44450  -28.239  -19.768  50.129 0.0000000000
122435  -29.044  -17.327  52.348 0.0000000000
53544  -33.547  -11.009  47.090 0.0000000000
45245  -28.140  -18.871  51.241 0.0000000000
62461  -40.541  -1.677  23.035 0.0000000000
61618  -40.234  -2.331  22.851 0.0000000000
60763  -41.018  -2.460  23.045 0.0000000000
62470  -44.902  -1.555  21.641 0.0000000000
60791  -44.754  -3.556  20.780 0.0000000000
62479  -43.998  -1.569  20.899 0.0000000000
61632  -44.272  -2.812  20.363 0.0000000000
62478  -43.451  -0.375  20.850 0.0000000000
108031  -35.695  -7.506  41.095 0.0000000000
55455  -35.221  -8.215  40.799 0.0000000000
55519  -35.060  -8.471  35.154 0.0000000000
54626  -34.480  -9.091  35.340 0.0000000000
54641  -34.428  -8.914  34.598 0.0000000000
118642  -34.035  -9.391  34.047 0.0000000000
54654  -34.423  -8.693  33.698 0.0000000000
55548  -34.246  -8.798  32.691 0.0000000000
46175  -21.041  -20.019  37.536 0.0000000000
46174  -20.551  -19.490  37.956 0.0000000000
46183  -20.535  -19.426  36.994 0.0000000000
125441  -48.334  4.321  11.309 0.0000000000
66579  -48.797  4.774  11.253 0.0000000000
39934  -7.826  -26.208  49.207 0.0000000000
39942  -7.378  -26.815  48.798 0.0000000000
61393  -36.771  -3.840  44.085 0.0000000000
61405  -37.892  -2.888  43.985 0.0000000000
62249  -36.133  -0.193  45.228 0.0000000000
63124  -37.206  1.001  45.059 0.0000000000
104997  -38.099  -2.022  41.804 0.0000000000
119818  -37.509  -2.351  41.961 0.0000000000
104957  -37.394  -2.839  42.108 0.0000000000
119754  -36.870  -2.705  42.475 0.0000000000
105090  -37.242  -4.332  43.084 0.0000000000
43786  -27.750  -22.516  34.313 0.0000000000
43787  -29.007  -22.402  34.713 0.0000000000
46087  -29.843  -18.387  47.864 0.0000000000
46113  -29.283  -18.572  46.570 0.0000000000
104340  -29.858  -18.351  47.215 0.0000000000
108338  -27.140  -22.535  35.081 0.0000000000
43770  -26.688  -22.518  35.726 0.0000000000
43785  -26.777  -22.297  34.108 0.0000000000
63409  -42.074  0.749  12.290 0.0000000000
64958  -42.153  3.059  18.585 0.0000000000
65745  -42.629  3.680  18.439 0.0000000000
105830  -46.020  4.550  15.998 0.0000000000
66555  -44.856  4.320  15.188 0.0000000000
66556  -45.657  4.456  15.278 0.0000000000
66561  -45.416  4.261  14.521 0.0000000000
66562  -46.204  4.360  14.675 0.0000000000
106138  -46.020  4.064  13.964 0.0000000000
105829  -47.002  4.445  14.916 0.0000000000
52780  -33.967  -10.566  40.609 0.0000000000
51819  -33.641  -11.037  41.014 0.0000000000
52898  -30.510  -11.282  26.540 0.0000000000
53828  -31.254  -9.890  26.163 0.0000000000
54715  -31.454  -9.172  25.945 0.0000000000
56497  -34.952  -7.087  29.443 0.0000000000
56496  -34.419  -7.743  29.174 0.0000000000
57399  -35.193  -6.323  29.165 0.0000000000
63275  -37.167  0.047  26.307 0.0000000000
61579  -35.762  -1.891  26.167 0.0000000000
61580  -36.087  -1.134  25.971 0.0000000000
112037  -35.634  -1.204  25.286 0.0000000000
62434  -36.430  0.114  24.857 0.0000000000
63297  -36.927  0.602  24.757 0.0000000000
63298  -37.728  1.152  24.739 0.0000000000
123993  -13.079  -22.874  41.553 0.0000000000
43697  -12.976  -22.487  42.449 0.0000000000
112473  -12.377  -23.202  42.055 0.0000000000
41974  -11.709  -24.128  41.215 0.0000000000
41987  -12.026  -24.160  40.384 0.0000000000
38201  -7.732  -29.331  42.947 0.0000000000
36332  -5.599  -30.725  46.141 0.0000000000
37233  -6.516  -30.116  45.791 0.0000000000
55478  -35.988  -7.508  38.930 0.0000000000
46212  -22.257  -19.847  33.146 0.0000000000
41897  -9.652  -24.838  47.812 0.0000000000
106156  -8.912  -25.959  47.449 0.0000000000
55375  -35.999  -8.972  48.622 0.0000000000
119327  -36.155  -6.146  48.194 0.0000000000
58105  -36.749  -5.898  47.974 0.0000000000
59803  -36.073  -4.366  45.601 0.0000000000
59796  -35.903  -5.000  45.922 0.0000000000
43758  -29.376  -22.224  36.721 0.0000000000
43745  -29.386  -21.817  37.676 0.0000000000
45367  -28.694  -20.384  39.304 0.0000000000
118975  -29.342  -20.470  37.990 0.0000000000
46943  -27.999  -18.913  39.808 0.0000000000
48469  -32.538  -15.940  50.572 0.0000000000
107532  -31.770  -18.629  50.496 0.0000000000
47665  -32.448  -17.322  50.723 0.0000000000
48476  -33.306  -15.920  49.999 0.0000000000
47666  -33.108  -17.541  50.193 0.0000000000
46850  -33.109  -18.211  50.304 0.0000000000
47673  -33.524  -16.730  49.772 0.0000000000
107847  -26.004  -21.727  42.426 0.0000000000
45324  -25.262  -21.167  43.598 0.0000000000
45338  -25.302  -21.417  42.745 0.0000000000
45337  -24.493  -21.045  43.015 0.0000000000
44527  -25.264  -21.652  41.836 0.0000000000
44540  -24.754  -21.624  40.974 0.0000000000
43734  -27.829  -22.467  38.685 0.0000000000
43733  -26.801  -22.574  38.256 0.0000000000
43743  -27.582  -22.622  37.817 0.0000000000
43756  -27.552  -22.664  36.972 0.0000000000
121172  -41.563  -5.587  18.173 0.0000000000
51843  -33.638  -11.863  37.024 0.0000000000
50996  -33.682  -12.099  38.216 0.0000000000
51842  -33.545  -12.253  36.926 0.0000000000
51931  -30.023  -13.021  29.792 0.0000000000
51941  -30.113  -12.686  28.806 0.0000000000
52879  -30.930  -11.953  28.243 0.0000000000
60718  -37.626  -2.454  28.661 0.0000000000
125318  -37.221  -2.669  28.397 0.0000000000
63276  -38.434  0.762  26.835 0.0000000000
46941  -16.232  -18.596  39.681 0.0000000000
116960  -15.702  -19.069  40.201 0.0000000000
46144  -15.168  -19.228  40.846 0.0000000000
46143  -14.711  -19.667  41.585 0.0000000000
45334  -14.414  -20.094  42.383 0.0000000000
44526  -14.696  -20.548  41.465 0.0000000000
43721  -14.448  -22.260  39.579 0.0000000000
43713  -14.366  -22.048  40.555 0.0000000000
43712  -13.799  -22.848  40.005 0.0000000000
43705  -13.735  -22.491  41.043 0.0000000000
42894  -12.889  -23.857  39.311 0.0000000000
42895  -13.445  -23.425  39.193 0.0000000000
55374  -35.311  -8.945  47.430 0.0000000000
59790  -35.126  -3.880  47.386 0.0000000000
60572  -35.688  -2.635  47.336 0.0000000000
111883  -27.907  -20.200  44.920 0.0000000000
45316  -27.999  -20.162  44.273 0.0000000000
45296  -27.953  -19.717  46.432 0.0000000000
105476  -29.138  -20.617  50.701 0.0000000000
106861  -28.606  -19.223  47.998 0.0000000000
46065  -29.515  -18.974  49.862 0.0000000000
112351  -29.392  -18.631  48.343 0.0000000000
44467  -29.874  -21.067  50.610 0.0000000000
50951  -31.268  -13.720  50.258 0.0000000000
47657  -29.871  -17.003  52.056 0.0000000000
50140  -32.108  -14.011  51.091 0.0000000000
49274  -31.787  -14.762  51.250 0.0000000000
48467  -31.305  -16.450  51.601 0.0000000000
128016  -32.103  -15.573  51.289 0.0000000000
48468  -32.014  -16.263  51.354 0.0000000000
51751  -32.860  -13.671  49.835 0.0000000000
53525  -34.765  -11.278  47.362 0.0000000000
46063  -27.662  -19.280  49.098 0.0000000000
45295  -27.309  -20.238  46.213 0.0000000000
45306  -27.436  -20.516  45.281 0.0000000000
61624  -35.694  -2.112  22.091 0.0000000000
60772  -35.747  -2.660  21.466 0.0000000000
60773  -36.580  -2.411  21.858 0.0000000000
121111  -37.901  -3.230  21.368 0.0000000000
60015  -39.006  -3.913  21.295 0.0000000000
59190  -38.935  -4.260  20.596 0.0000000000
60016  -39.657  -4.415  21.240 0.0000000000
59978  -43.275  -3.762  23.357 0.0000000000
60764  -42.138  -3.598  23.185 0.0000000000
59992  -42.857  -4.351  22.876 0.0000000000
59194  -42.696  -5.302  21.181 0.0000000000
59209  -41.516  -5.468  20.124 0.0000000000
109877  -42.266  -5.533  19.450 0.0000000000
59210  -43.117  -5.224  19.202 0.0000000000
60026  -43.306  -4.303  18.566 0.0000000000
127559  -42.936  -2.737  18.599 0.0000000000
61646  -42.312  -2.292  18.338 0.0000000000
121836  -41.508  -1.494  18.149 0.0000000000
61647  -42.118  -1.399  18.948 0.0000000000
64133  -42.630  1.288  20.332 0.0000000000
63340  -42.321  0.640  19.940 0.0000000000
64953  -42.289  2.709  19.492 0.0000000000
115245  -35.408  -7.949  43.114 0.0000000000
55436  -35.016  -8.490  42.457 0.0000000000
54544  -34.748  -8.965  41.904 0.0000000000
119205  -34.501  -9.376  40.921 0.0000000000
109461  -34.205  -9.968  40.810 0.0000000000
123753  -35.607  -8.094  38.257 0.0000000000
55492  -35.067  -8.639  38.366 0.0000000000
53731  -34.162  -9.809  36.802 0.0000000000
53718  -34.205  -9.871  37.570 0.0000000000
53717  -33.835  -10.465  37.096 0.0000000000
53703  -33.889  -10.591  37.997 0.0000000000
52805  -33.656  -11.174  37.512 0.0000000000
52814  -33.649  -11.010  36.650 0.0000000000
52836  -33.658  -10.825  33.477 0.0000000000
52835  -33.566  -11.253  34.092 0.0000000000
109404  -33.553  -11.516  33.192 0.0000000000
51904  -33.232  -12.042  33.080 0.0000000000
52843  -33.443  -11.797  32.452 0.0000000000
110852  -33.587  -11.522  31.876 0.0000000000
55568  -34.216  -8.952  31.705 0.0000000000
55579  -34.069  -9.614  31.043 0.0000000000
55587  -34.811  -8.117  30.538 0.0000000000
55593  -34.729  -8.094  29.991 0.0000000000
56490  -35.223  -7.457  30.250 0.0000000000
57368  -36.997  -6.011  31.043 0.0000000000
58292  -37.328  -5.387  30.772 0.0000000000
57382  -36.656  -5.775  30.444 0.0000000000
59930  -37.561  -3.608  29.451 0.0000000000
47755  -19.794  -18.081  38.739 0.0000000000
47754  -19.462  -17.353  39.077 0.0000000000
48558  -18.620  -16.327  40.201 0.0000000000
48571  -18.892  -17.040  38.785 0.0000000000
46210  -20.674  -19.128  33.932 0.0000000000
46966  -19.974  -18.715  35.452 0.0000000000
46972  -19.913  -18.800  34.447 0.0000000000
46958  -18.485  -18.529  36.129 0.0000000000
47766  -18.901  -18.238  36.478 0.0000000000
47765  -18.380  -18.165  36.901 0.0000000000
48569  -18.105  -17.317  38.245 0.0000000000
47758  -17.804  -17.786  37.848 0.0000000000
46947  -17.378  -18.043  38.120 0.0000000000
46952  -17.577  -18.327  37.490 0.0000000000
39931  -5.860  -26.293  49.302 0.0000000000
60599  -37.313  -2.854  43.842 0.0000000000
59831  -37.072  -4.154  44.069 0.0000000000
58989  -36.796  -5.026  44.228 0.0000000000
59821  -37.273  -4.248  43.254 0.0000000000
109679  -35.772  -5.104  48.013 0.0000000000
59795  -36.384  -3.964  47.001 0.0000000000
124424  -36.237  -2.856  45.783 0.0000000000
119839  -36.984  -0.386  43.128 0.0000000000
105248  -37.771  -0.243  43.801 0.0000000000
63145  -37.993  -0.841  43.953 0.0000000000
111124  -37.450  -1.139  44.188 0.0000000000
62272  -37.168  -1.684  44.445 0.0000000000
62260  -36.378  -1.268  44.931 0.0000000000
105269  -35.799  -3.806  43.270 0.0000000000
106669  -36.173  -3.466  43.547 0.0000000000
58139  -36.311  -4.539  43.719 0.0000000000
104728  -36.436  -5.633  43.946 0.0000000000
104969  -37.004  -6.175  43.503 0.0000000000
104987  -37.674  -5.871  42.915 0.0000000000
119732  -35.848  -2.044  42.346 0.0000000000
120133  -36.099  -3.670  42.851 0.0000000000
110523  -36.950  -5.483  41.910 0.0000000000
128143  -29.930  -21.050  36.440 0.0000000000
44603  -29.848  -21.289  35.460 0.0000000000
45396  -29.126  -20.064  35.402 0.0000000000
45317  -28.227  -19.561  44.293 0.0000000000
111457  -28.124  -19.723  42.905 0.0000000000
120221  -28.014  -18.170  42.791 0.0000000000
119545  -27.873  -16.995  42.270 0.0000000000
119820  -31.317  -17.410  48.910 0.0000000000
119819  -30.310  -17.620  47.130 0.0000000000
119689  -30.530  -16.647  46.571 0.0000000000
46159  -21.899  -20.302  39.620 0.0000000000
46167  -21.374  -20.142  38.941 0.0000000000
45375  -22.456  -20.846  38.442 0.0000000000
44565  -24.390  -21.762  38.591 0.0000000000
44552  -24.267  -21.610  39.540 0.0000000000
44601  -24.593  -21.656  35.767 0.0000000000
44589  -24.486  -21.741  36.701 0.0000000000
44600  -23.852  -21.345  36.103 0.0000000000
45395  -23.133  -21.041  36.442 0.0000000000
44613  -23.948  -21.241  35.067 0.0000000000
116362  -23.328  -20.737  34.699 0.0000000000
118913  -24.331  -21.219  34.315 0.0000000000
62514  -40.843  -0.242  17.957 0.0000000000
62513  -40.577  -0.769  17.326 0.0000000000
112375  -40.440  -0.061  17.301 0.0000000000
64977  -41.109  2.291  16.721 0.0000000000
64171  -40.472  1.574  16.394 0.0000000000
64976  -40.752  2.217  15.946 0.0000000000
64182  -40.355  1.340  14.554 0.0000000000
64983  -40.863  2.417  15.208 0.0000000000
66545  -44.640  4.436  17.666 0.0000000000
66544  -43.944  4.162  17.319 0.0000000000
105416  -42.970  3.730  14.832 0.0000000000
65764  -42.263  3.367  14.439 0.0000000000
65763  -41.638  2.946  13.975 0.0000000000
65769  -42.355  3.296  13.559 0.0000000000
65006  -42.128  2.403  12.418 0.0000000000
65776  -42.561  3.061  12.726 0.0000000000
123409  -44.218  3.144  12.191 0.0000000000
128018  -44.383  2.721  11.648 0.0000000000
65788  -45.043  2.953  11.953 0.0000000000
65014  -45.822  2.788  11.555 0.0000000000
109370  -45.859  3.132  12.335 0.0000000000
127992  -47.402  3.819  13.614 0.0000000000
66573  -47.439  3.512  12.923 0.0000000000
66574  -48.097  3.632  12.385 0.0000000000
41001  -9.820  -26.061  42.326 0.0000000000
111690  -9.870  -26.000  43.091 0.0000000000
40057  -9.293  -26.734  41.851 0.0000000000
54534  -35.026  -9.244  45.212 0.0000000000
56550  -31.070  -7.630  24.081 0.0000000000
56568  -31.268  -6.889  23.793 0.0000000000
57466  -31.357  -6.199  23.181 0.0000000000
57451  -31.739  -6.066  23.999 0.0000000000
52859  -33.465  -11.374  30.452 0.0000000000
107495  -32.872  -11.807  29.962 0.0000000000
52868  -33.097  -11.294  29.168 0.0000000000
54698  -33.427  -9.007  28.335 0.0000000000
54697  -32.869  -9.496  27.898 0.0000000000
55617  -33.024  -7.987  27.681 0.0000000000
59949  -36.259  -3.276  27.894 0.0000000000
58328  -35.088  -4.820  27.907 0.0000000000
59128  -35.333  -4.199  27.659 0.0000000000
59135  -34.306  -4.480  26.515 0.0000000000
58343  -34.190  -5.164  27.141 0.0000000000
58342  -33.846  -5.153  26.595 0.0000000000
125210  -32.899  -6.529  26.626 0.0000000000
58354  -33.312  -5.729  26.375 0.0000000000
57439  -32.700  -6.297  25.871 0.0000000000
60735  -34.529  -2.500  24.594 0.0000000000
59965  -33.675  -3.771  24.587 0.0000000000
60734  -33.903  -3.025  23.972 0.0000000000
59977  -33.428  -3.308  23.150 0.0000000000
60746  -34.453  -2.293  23.550 0.0000000000
60759  -34.455  -2.325  22.754 0.0000000000
61602  -35.680  -1.152  23.533 0.0000000000
64114  -38.439  0.983  23.824 0.0000000000
63304  -38.022  0.515  23.502 0.0000000000
63316  -38.888  0.372  23.347 0.0000000000
62460  -39.888  -0.557  23.090 0.0000000000
123420  -39.745  0.489  23.462 0.0000000000
42868  -11.562  -23.492  43.339 0.0000000000
42860  -11.910  -22.735  44.617 0.0000000000
41950  -11.066  -24.083  43.841 0.0000000000
41963  -10.678  -24.967  42.594 0.0000000000
41985  -10.821  -25.020  40.820 0.0000000000
110595  -10.371  -25.577  40.292 0.0000000000
40028  -9.478  -26.431  43.577 0.0000000000
40013  -9.456  -26.352  44.338 0.0000000000
110820  -9.158  -26.835  44.010 0.0000000000
39075  -8.482  -27.557  45.419 0.0000000000
39060  -8.343  -27.443  46.280 0.0000000000
39059  -7.694  -27.977  46.842 0.0000000000
39036  -6.911  -27.433  48.404 0.0000000000
38130  -5.228  -28.483  47.522 0.0000000000
38122  -5.573  -27.988  48.026 0.0000000000
39045  -5.167  -27.934  47.826 0.0000000000
36330  -4.073  -31.111  45.810 0.0000000000
40946  -9.497  -25.405  46.510 0.0000000000
123040  -35.902  -8.652  48.463 0.0000000000
43735  -28.736  -22.074  38.466 0.0000000000
44568  -29.216  -21.375  38.527 0.0000000000
44556  -28.927  -21.016  39.181 0.0000000000
46161  -28.340  -19.925  39.868 0.0000000000
50953  -34.059  -13.967  50.012 0.0000000000
50150  -34.241  -14.269  50.099 0.0000000000
50954  -34.606  -13.741  49.353 0.0000000000
52665  -35.511  -11.802  49.042 0.0000000000
45314  -26.825  -20.959  44.810 0.0000000000
44508  -26.281  -21.496  43.248 0.0000000000
44528  -26.317  -21.988  41.750 0.0000000000
44553  -25.990  -22.298  40.068 0.0000000000
43714  -27.147  -22.405  40.036 0.0000000000
43724  -27.737  -22.313  39.453 0.0000000000
59228  -42.321  -4.966  17.123 0.0000000000
61681  -40.518  -1.126  15.856 0.0000000000
58131  -37.354  -5.963  45.310 0.0000000000
51863  -33.104  -12.170  35.298 0.0000000000
51004  -32.539  -13.144  36.527 0.0000000000
51021  -31.392  -13.077  35.122 0.0000000000
104420  -31.159  -13.485  35.899 0.0000000000
51921  -29.757  -13.176  30.916 0.0000000000
51932  -31.015  -12.662  29.952 0.0000000000
45373  -15.933  -20.161  38.775 0.0000000000
46157  -15.889  -19.363  39.668 0.0000000000
45363  -15.677  -19.985  39.577 0.0000000000
45353  -15.208  -20.394  40.147 0.0000000000
111363  -14.886  -20.574  40.804 0.0000000000
42903  -14.220  -23.242  38.062 0.0000000000
56278  -35.111  -7.939  47.283 0.0000000000
58953  -34.725  -4.307  47.380 0.0000000000
60567  -34.951  -3.041  47.458 0.0000000000
46072  -27.573  -19.498  48.313 0.0000000000
105451  -27.861  -19.535  47.816 0.0000000000
118285  -28.370  -18.937  49.765 0.0000000000
44451  -28.802  -20.359  51.323 0.0000000000
46038  -29.334  -19.255  51.800 0.0000000000
121904  -31.698  -13.689  48.378 0.0000000000
51779  -32.904  -12.786  47.929 0.0000000000
51769  -32.801  -13.722  48.788 0.0000000000
54490  -34.489  -10.320  47.294 0.0000000000
46051  -27.967  -19.025  49.756 0.0000000000
121186  -38.635  -1.294  22.719 0.0000000000
61627  -38.071  -2.347  22.197 0.0000000000
60760  -38.819  -2.076  22.495 0.0000000000
60761  -39.660  -2.587  22.593 0.0000000000
60777  -40.382  -3.839  22.384 0.0000000000
59994  -44.776  -4.100  22.225 0.0000000000
59167  -43.350  -4.826  22.264 0.0000000000
60005  -44.737  -4.038  21.347 0.0000000000
60017  -44.281  -4.472  20.650 0.0000000000
60027  -43.918  -4.352  19.481 0.0000000000
60796  -43.891  -3.084  19.525 0.0000000000
111088  -42.647  -1.238  19.676 0.0000000000
62488  -43.087  -0.927  20.352 0.0000000000
63330  -43.002  0.524  20.624 0.0000000000
64134  -43.171  1.258  20.889 0.0000000000
54563  -34.763  -8.841  40.553 0.0000000000
55505  -35.086  -8.660  36.773 0.0000000000
54609  -34.466  -9.323  36.203 0.0000000000
53741  -33.764  -10.325  35.299 0.0000000000
54640  -33.951  -9.714  34.728 0.0000000000
53747  -33.765  -10.062  33.847 0.0000000000
53757  -33.759  -10.286  32.909 0.0000000000
53771  -33.847  -10.434  32.043 0.0000000000
54666  -33.940  -9.644  32.380 0.0000000000
55569  -34.769  -8.134  32.138 0.0000000000
108827  -20.491  -18.500  40.119 0.0000000000
46942  -20.331  -18.720  39.340 0.0000000000
46948  -20.136  -18.840  38.382 0.0000000000
47761  -19.597  -18.191  37.902 0.0000000000
46971  -19.295  -18.888  34.520 0.0000000000
46182  -17.513  -19.255  36.319 0.0000000000
65795  -46.659  3.303  10.289 0.0000000000
66586  -47.299  3.962  10.557 0.0000000000
110292  -47.250  4.645  10.113 0.0000000000
39941  -6.480  -26.935  48.968 0.0000000000
59797  -36.898  -4.645  46.142 0.0000000000
60593  -37.140  -4.407  44.918 0.0000000000
60608  -37.850  -2.783  43.891 0.0000000000
60577  -36.339  -2.748  46.190 0.0000000000
113646  -36.396  -3.277  46.514 0.0000000000
105064  -38.066  -0.044  43.152 0.0000000000
119923  -37.817  -1.418  42.219 0.0000000000
104605  -37.357  -1.217  42.397 0.0000000000
119967  -37.013  -1.772  42.931 0.0000000000
105187  -36.439  -2.130  43.315 0.0000000000
104704  -36.053  -4.360  43.487 0.0000000000
120304  -36.920  -5.049  43.361 0.0000000000
119800  -37.264  -5.011  43.141 0.0000000000
119756  -36.973  -4.007  42.853 0.0000000000
120343  -35.934  -2.954  42.941 0.0000000000
46112  -28.687  -18.914  45.764 0.0000000000
46121  -28.511  -18.850  44.578 0.0000000000
105557  -28.852  -18.210  45.387 0.0000000000
104361  -28.807  -17.707  44.916 0.0000000000
45355  -22.543  -20.567  40.311 0.0000000000
43741  -25.921  -22.361  36.880 0.0000000000
44578  -25.151  -22.126  37.272 0.0000000000
43754  -25.976  -22.339  35.986 0.0000000000
44602  -25.354  -21.946  35.424 0.0000000000
44615  -25.444  -21.824  34.450 0.0000000000
114726  -24.866  -21.442  33.907 0.0000000000
43784  -26.034  -22.052  33.988 0.0000000000
43796  -26.359  -22.030  32.958 0.0000000000
64150  -41.426  1.810  18.275 0.0000000000
64970  -41.475  2.376  17.569 0.0000000000
64978  -41.857  2.930  16.901 0.0000000000
66550  -44.718  4.316  16.788 0.0000000000
110282  -44.500  4.234  15.928 0.0000000000
65765  -43.568  3.858  14.182 0.0000000000
65770  -43.234  3.551  13.301 0.0000000000
65766  -44.018  3.799  13.576 0.0000000000
107049  -44.756  3.770  13.389 0.0000000000
65771  -45.743  3.642  13.189 0.0000000000
66563  -47.825  4.153  14.230 0.0000000000
118993  -9.540  -26.714  40.721 0.0000000000
39137  -9.040  -27.446  41.166 0.0000000000
122066  -34.279  -10.019  41.902 0.0000000000
53634  -34.319  -10.129  42.452 0.0000000000
52758  -33.871  -11.132  42.305 0.0000000000
114836  -30.732  -9.767  25.164 0.0000000000
55634  -30.974  -8.830  24.995 0.0000000000
56551  -31.504  -7.227  24.690 0.0000000000
54685  -34.180  -9.306  29.633 0.0000000000
111999  -33.867  -9.822  29.235 0.0000000000
54692  -33.889  -9.179  28.968 0.0000000000
55598  -33.913  -8.421  28.788 0.0000000000
122802  -33.907  -7.032  28.306 0.0000000000
109252  -36.208  -2.211  26.931 0.0000000000
59948  -35.636  -3.393  27.324 0.0000000000
60723  -35.667  -2.681  26.708 0.0000000000
107499  -35.092  -3.198  26.402 0.0000000000
59952  -34.584  -3.688  26.087 0.0000000000
125261  -34.373  -3.509  25.544 0.0000000000
125614  -34.830  -2.504  25.224 0.0000000000
60728  -35.078  -1.888  24.937 0.0000000000
61587  -35.498  -1.053  24.328 0.0000000000
62445  -36.097  -0.412  23.908 0.0000000000
63296  -36.524  0.171  24.252 0.0000000000
64104  -37.823  0.940  24.006 0.0000000000
43698  -14.060  -21.537  42.291 0.0000000000
126827  -13.598  -21.929  42.571 0.0000000000
113975  -13.275  -21.995  43.021 0.0000000000
42877  -12.181  -22.967  42.868 0.0000000000
42876  -11.733  -23.626  42.492 0.0000000000
114484  -11.294  -24.286  42.009 0.0000000000
41999  -10.900  -25.098  39.876 0.0000000000
39110  -8.583  -27.639  43.231 0.0000000000
113049  -8.747  -27.364  44.014 0.0000000000
38172  -8.195  -28.126  44.059 0.0000000000
37248  -6.914  -30.104  44.978 0.0000000000
38141  -6.367  -29.025  46.973 0.0000000000
37216  -5.441  -29.132  47.159 0.0000000000
37224  -4.890  -29.721  46.846 0.0000000000
48461  -29.729  -15.969  52.192 0.0000000000
126290  -33.069  -12.009  46.600 0.0000000000
62451  -43.250  -1.736  24.127 0.0000000000
61604  -42.590  -2.160  23.764 0.0000000000
61605  -43.567  -2.424  24.109 0.0000000000
60749  -44.500  -2.989  23.910 0.0000000000
60750  -45.275  -3.159  23.270 0.0000000000
109814  -44.963  -0.707  21.894 0.0000000000
63323  -44.473  0.141  21.744 0.0000000000
127703  -36.059  -7.109  40.011 0.0000000000
55467  -35.745  -7.581  39.666 0.0000000000
55493  -35.729  -8.134  37.378 0.0000000000
55506  -35.765  -8.148  36.472 0.0000000000
119472  -35.048  -8.047  33.702 0.0000000000
46195  -21.943  -20.107  35.187 0.0000000000
46194  -21.239  -19.697  35.569 0.0000000000
46202  -21.365  -19.500  34.517 0.0000000000
46211  -21.457  -19.532  33.509 0.0000000000
40917  -8.537  -25.756  48.785 0.0000000000
57185  -37.283  -6.605  47.681 0.0000000000
57184  -36.434  -6.743  48.109 0.0000000000
104926  -38.044  -3.106  41.994 0.0000000000
126378  -29.609  -22.266  35.421 0.0000000000
43772  -29.017  -22.547  35.827 0.0000000000
45387  -29.628  -20.686  37.072 0.0000000000
44579  -29.645  -21.155  37.815 0.0000000000
46176  -28.501  -19.174  37.332 0.0000000000
45258  -30.979  -19.665  50.424 0.0000000000
45279  -30.732  -18.977  49.486 0.0000000000
44469  -31.732  -21.030  50.031 0.0000000000
44477  -31.778  -21.033  49.525 0.0000000000
44484  -31.409  -19.287  49.403 0.0000000000
118103  -32.943  -16.777  50.358 0.0000000000
114973  -32.023  -18.944  50.272 0.0000000000
44478  -32.009  -19.976  49.327 0.0000000000
119628  -32.001  -18.638  49.150 0.0000000000
45346  -23.599  -20.983  41.464 0.0000000000
105736  -25.000  -21.911  40.203 0.0000000000
107730  -25.206  -22.115  39.264 0.0000000000
44554  -26.381  -22.452  39.497 0.0000000000
43722  -26.000  -22.440  38.795 0.0000000000
43732  -25.912  -22.421  37.797 0.0000000000
43771  -27.623  -22.692  36.003 0.0000000000
58405  -40.222  -5.473  18.807 0.0000000000
63401  -40.983  0.642  13.505 0.0000000000
66533  -43.589  4.613  19.101 0.0000000000
66534  -44.495  4.902  18.740 0.0000000000
125937  -44.611  4.592  18.168 0.0000000000
105488  -46.923  4.693  15.895 0.0000000000
51830  -33.700  -11.553  38.652 0.0000000000
118698  -33.707  -11.682  39.117 0.0000000000
51829  -33.729  -11.868  38.787 0.0000000000
52899  -31.282  -10.737  27.083 0.0000000000
59129  -36.375  -4.330  28.800 0.0000000000
122389  -35.969  -5.054  28.967 0.0000000000
59950  -36.604  -3.545  28.425 0.0000000000
106835  -36.802  -2.864  28.122 0.0000000000
127456  -36.788  -2.468  27.802 0.0000000000
61574  -36.829  -1.987  27.430 0.0000000000
62416  -37.217  -0.989  27.007 0.0000000000
106666  -37.723  0.596  26.293 0.0000000000
64090  -38.593  1.646  25.175 0.0000000000
46930  -15.299  -18.406  41.264 0.0000000000
44538  -14.707  -21.160  40.985 0.0000000000
44525  -14.495  -21.068  41.878 0.0000000000
42888  -13.180  -23.188  40.655 0.0000000000
42887  -12.674  -23.738  40.161 0.0000000000
54472  -35.601  -9.577  47.694 0.0000000000
55367  -35.620  -8.885  47.786 0.0000000000
56272  -35.636  -7.773  47.741 0.0000000000
57175  -35.569  -7.028  47.659 0.0000000000
58954  -35.328  -4.547  47.385 0.0000000000
57183  -34.985  -6.244  47.239 0.0000000000
115670  -36.171  -3.093  47.282 0.0000000000
61369  -36.399  -1.884  46.302 0.0000000000
59789  -34.281  -3.749  47.635 0.0000000000
44510  -28.000  -20.905  42.929 0.0000000000
44518  -28.042  -20.875  42.263 0.0000000000
45327  -28.135  -20.193  43.478 0.0000000000
46085  -28.185  -19.443  47.198 0.0000000000
128328  -28.381  -19.314  46.671 0.0000000000
46100  -28.793  -19.038  46.511 0.0000000000
46066  -29.834  -18.355  49.366 0.0000000000
45275  -30.326  -19.602  49.792 0.0000000000
46837  -29.487  -17.981  52.135 0.0000000000
115620  -30.069  -18.873  51.899 0.0000000000
50139  -31.401  -13.965  51.263 0.0000000000
46838  -30.280  -17.815  51.576 0.0000000000
45257  -30.203  -20.048  51.040 0.0000000000
46040  -30.799  -18.519  51.212 0.0000000000
44468  -30.711  -20.744  50.096 0.0000000000
47664  -31.715  -17.109  51.244 0.0000000000
49275  -32.437  -14.965  50.782 0.0000000000
50947  -33.268  -13.856  50.225 0.0000000000
51770  -33.714  -13.177  48.361 0.0000000000
51758  -33.634  -13.763  49.415 0.0000000000
51771  -34.313  -12.886  48.242 0.0000000000
45294  -26.483  -20.382  46.377 0.0000000000
45315  -27.576  -20.719  44.495 0.0000000000
60770  -33.903  -2.961  21.794 0.0000000000
59999  -33.431  -3.544  21.458 0.0000000000
60000  -34.166  -3.225  21.123 0.0000000000
60786  -35.794  -3.139  20.982 0.0000000000
60788  -37.292  -2.904  21.527 0.0000000000
60014  -37.185  -3.420  20.811 0.0000000000
60023  -36.640  -4.044  20.030 0.0000000000
125557  -41.329  -3.123  23.038 0.0000000000
59991  -41.197  -3.764  22.763 0.0000000000
60003  -41.068  -4.462  22.294 0.0000000000
59178  -42.696  -5.041  22.069 0.0000000000
59177  -41.825  -5.030  21.936 0.0000000000
60002  -40.337  -4.490  21.860 0.0000000000
59192  -40.567  -5.070  20.980 0.0000000000
58406  -41.349  -5.582  19.039 0.0000000000
59221  -42.793  -4.944  18.002 0.0000000000
60812  -42.276  -3.387  17.373 0.0000000000
60805  -41.608  -2.344  17.383 0.0000000000
112100  -41.027  -1.890  16.764 0.0000000000
106103  -40.974  -0.929  17.948 0.0000000000
63348  -41.243  0.373  18.536 0.0000000000
62498  -42.060  -0.669  19.342 0.0000000000
63339  -41.802  0.120  19.299 0.0000000000
64142  -41.642  1.156  19.046 0.0000000000
64151  -41.867  2.180  18.912 0.0000000000
65743  -42.980  4.117  19.542 0.0000000000
64127  -43.860  1.090  21.529 0.0000000000
64947  -43.319  2.030  21.157 0.0000000000
111171  -43.011  2.828  20.776 0.0000000000
126750  -43.092  4.067  20.236 0.0000000000
67386  -43.401  4.649  19.946 0.0000000000
67387  -43.954  5.196  19.611 0.0000000000
124630  -35.566  -7.607  45.070 0.0000000000
116124  -34.986  -8.973  43.497 0.0000000000
53635  -34.512  -9.494  42.186 0.0000000000
54573  -34.700  -8.899  39.754 0.0000000000
54596  -34.655  -9.233  37.997 0.0000000000
53690  -34.300  -9.754  39.397 0.0000000000
53689  -33.930  -10.584  38.911 0.0000000000
51844  -33.583  -11.538  37.065 0.0000000000
51853  -33.567  -11.853  36.443 0.0000000000
125199  -33.625  -10.805  35.229 0.0000000000
52823  -33.586  -11.165  35.618 0.0000000000
51875  -32.883  -12.259  34.420 0.0000000000
51890  -32.686  -12.346  33.609 0.0000000000
51913  -32.059  -12.481  31.663 0.0000000000
52850  -33.204  -11.952  31.757 0.0000000000
52851  -33.514  -11.505  31.217 0.0000000000
53781  -33.892  -10.350  31.298 0.0000000000
54678  -33.956  -10.192  30.569 0.0000000000
55586  -34.489  -8.736  30.089 0.0000000000
56489  -34.815  -7.667  29.694 0.0000000000
57380  -35.471  -6.597  29.743 0.0000000000
56434  -35.450  -7.688  33.274 0.0000000000
56450  -35.455  -7.578  32.563 0.0000000000
56467  -36.056  -7.015  31.457 0.0000000000
57352  -37.411  -6.282  31.688 0.0000000000
57367  -36.602  -6.563  31.245 0.0000000000
56480  -35.869  -6.940  30.775 0.0000000000
57381  -36.013  -6.160  30.122 0.0000000000
58321  -36.413  -4.996  29.454 0.0000000000
59124  -36.980  -4.348  29.436 0.0000000000
59946  -37.924  -2.795  29.223 0.0000000000
46193  -20.567  -19.283  35.987 0.0000000000
46960  -19.971  -18.806  36.450 0.0000000000
46953  -19.379  -18.307  37.008 0.0000000000
46965  -19.340  -18.642  35.184 0.0000000000
47760  -19.130  -17.849  37.709 0.0000000000
48570  -18.389  -17.022  38.659 0.0000000000
48563  -17.854  -16.885  38.960 0.0000000000
47748  -17.270  -17.339  39.127 0.0000000000
47752  -16.883  -18.108  38.885 0.0000000000
46181  -17.089  -19.632  36.824 0.0000000000
46173  -16.784  -19.591  37.549 0.0000000000
118955  -16.370  -19.586  38.386 0.0000000000
67434  -48.314  5.488  10.517 0.0000000000
67433  -47.485  5.317  9.997 0.0000000000
59832  -38.139  -4.064  43.942 0.0000000000
58140  -36.952  -5.643  45.170 0.0000000000
58130  -36.450  -6.269  45.418 0.0000000000
56273  -35.931  -7.566  48.357 0.0000000000
58104  -36.106  -5.453  48.125 0.0000000000
58966  -36.370  -4.514  47.304 0.0000000000
59802  -35.744  -4.329  45.164 0.0000000000
60583  -36.451  -4.013  45.259 0.0000000000
62263  -38.177  0.073  44.278 0.0000000000
62273  -38.163  0.027  44.141 0.0000000000
61404  -38.049  -1.453  44.056 0.0000000000
61403  -37.559  -2.240  43.873 0.0000000000
61402  -37.582  -2.058  44.072 0.0000000000
110474  -36.859  -2.005  44.096 0.0000000000
61389  -36.823  -2.421  44.547 0.0000000000
59820  -36.199  -4.089  44.081 0.0000000000
58129  -36.130  -5.865  44.305 0.0000000000
119990  -35.784  -7.221  44.902 0.0000000000
120305  -37.099  -6.064  43.457 0.0000000000
56333  -36.098  -6.998  42.639 0.0000000000
111383  -35.938  -6.863  41.790 0.0000000000
121017  -37.184  -3.286  42.119 0.0000000000
104793  -37.058  -4.853  43.080 0.0000000000
120096  -35.860  -3.631  42.930 0.0000000000
119575  -36.992  -4.792  42.794 0.0000000000
105319  -37.515  -5.087  42.783 0.0000000000
56340  -36.226  -6.498  41.180 0.0000000000
45339  -28.027  -20.471  41.800 0.0000000000
46153  -28.044  -19.865  40.535 0.0000000000
104367  -27.934  -18.935  41.451 0.0000000000
46937  -27.960  -19.152  40.504 0.0000000000
119650  -27.520  -17.227  40.404 0.0000000000
119674  -28.021  -14.667  40.175 0.0000000000
120367  -30.533  -17.621  48.269 0.0000000000
119999  -29.672  -16.577  45.440 0.0000000000
120235  -29.495  -15.967  44.662 0.0000000000
120255  -28.646  -15.827  43.105 0.0000000000
46158  -21.227  -19.775  39.788 0.0000000000
118198  -21.013  -19.992  38.319 0.0000000000
45384  -21.717  -20.394  37.147 0.0000000000
45366  -23.761  -21.272  40.125 0.0000000000
45365  -23.472  -21.206  39.408 0.0000000000
45376  -23.160  -21.151  38.675 0.0000000000
44577  -24.403  -21.798  37.645 0.0000000000
44576  -23.631  -21.414  38.021 0.0000000000
119425  -22.923  -21.110  38.019 0.0000000000
45385  -22.360  -20.811  37.641 0.0000000000
114347  -22.428  -20.730  36.765 0.0000000000
46185  -21.807  -20.281  36.182 0.0000000000
45403  -22.682  -20.443  34.874 0.0000000000
45411  -22.988  -20.278  33.814 0.0000000000
45413  -24.316  -20.971  33.475 0.0000000000
61667  -40.591  -1.313  16.645 0.0000000000
62537  -40.241  -0.305  15.528 0.0000000000
63363  -40.290  0.637  16.786 0.0000000000
63374  -40.068  0.285  15.985 0.0000000000
63385  -40.154  0.624  15.181 0.0000000000
63400  -40.469  0.609  14.257 0.0000000000
64188  -40.989  1.523  13.397 0.0000000000
65754  -43.139  3.929  17.824 0.0000000000
111154  -42.604  3.512  17.183 0.0000000000
65757  -42.410  3.368  16.277 0.0000000000
66549  -43.795  4.018  16.381 0.0000000000
113252  -43.064  3.742  15.771 0.0000000000
64984  -41.564  2.955  14.880 0.0000000000
64997  -41.184  2.329  13.590 0.0000000000
63408  -41.459  1.128  12.803 0.0000000000
64193  -41.979  1.609  12.289 0.0000000000
65012  -42.470  2.011  11.902 0.0000000000
64199  -43.112  1.891  11.452 0.0000000000
65777  -43.394  3.167  12.434 0.0000000000
65779  -46.670  3.315  12.660 0.0000000000
120580  -48.567  4.121  11.864 0.0000000000
66575  -49.274  4.410  12.119 0.0000000000
40987  -10.239  -25.215  44.083 0.0000000000
40042  -8.962  -27.192  42.602 0.0000000000
40056  -8.838  -27.432  41.885 0.0000000000
39124  -8.523  -27.859  42.351 0.0000000000
121940  -35.424  -9.124  45.928 0.0000000000
51825  -33.568  -11.525  40.088 0.0000000000
59166  -32.327  -4.485  22.437 0.0000000000
52867  -31.958  -12.303  29.950 0.0000000000
124250  -31.692  -12.238  29.313 0.0000000000
53804  -33.162  -10.737  28.640 0.0000000000
52881  -32.577  -11.214  28.493 0.0000000000
52880  -31.781  -11.812  28.628 0.0000000000
53821  -32.256  -9.765  27.437 0.0000000000
124216  -35.136  -5.266  28.297 0.0000000000
57415  -34.246  -6.320  28.132 0.0000000000
59136  -34.724  -4.623  27.347 0.0000000000
57425  -33.932  -5.887  27.505 0.0000000000
57414  -33.604  -6.695  27.746 0.0000000000
56524  -32.949  -7.189  27.275 0.0000000000
56523  -32.488  -8.129  27.094 0.0000000000
55616  -31.970  -8.674  26.599 0.0000000000
55636  -32.086  -8.008  26.311 0.0000000000
57438  -32.070  -6.792  25.325 0.0000000000
57452  -32.325  -5.963  24.886 0.0000000000
59140  -33.280  -4.573  24.925 0.0000000000
58359  -32.226  -5.386  24.092 0.0000000000
59976  -33.025  -4.037  23.515 0.0000000000
59989  -32.869  -3.922  22.762 0.0000000000
59990  -33.335  -3.370  22.259 0.0000000000
60771  -34.443  -2.527  22.075 0.0000000000
61623  -35.084  -2.114  22.382 0.0000000000
61614  -36.625  -1.109  22.815 0.0000000000
62458  -36.362  -0.695  23.368 0.0000000000
126046  -37.503  -0.455  22.982 0.0000000000
62459  -38.024  -0.656  22.848 0.0000000000
117107  -38.856  -0.610  22.962 0.0000000000
62448  -40.886  -0.963  23.232 0.0000000000
116739  -39.161  1.851  24.911 0.0000000000
115117  -10.551  -24.404  45.035 0.0000000000
42851  -11.354  -23.316  45.110 0.0000000000
41935  -10.985  -23.975  44.712 0.0000000000
41934  -10.609  -24.569  44.340 0.0000000000
124887  -10.189  -25.583  42.667 0.0000000000
41973  -10.766  -24.956  41.659 0.0000000000
41023  -10.329  -25.494  41.158 0.0000000000
42000  -11.581  -24.664  39.644 0.0000000000
40974  -9.860  -25.720  44.654 0.0000000000
39977  -9.246  -26.160  46.087 0.0000000000
40012  -8.962  -26.996  44.768 0.0000000000
39959  -9.044  -26.032  46.916 0.0000000000
39976  -8.738  -26.748  46.594 0.0000000000
39958  -8.513  -26.490  47.506 0.0000000000
39957  -7.783  -27.104  48.042 0.0000000000
37265  -7.402  -29.835  43.485 0.0000000000
38171  -7.720  -28.843  44.718 0.0000000000
37234  -7.175  -29.455  45.312 0.0000000000
38154  -7.549  -28.771  45.656 0.0000000000
39074  -7.970  -28.134  45.989 0.0000000000
39035  -5.997  -27.471  48.501 0.0000000000
35537  -4.321  -31.907  45.870 0.0000000000
43690  -13.134  -21.767  43.652 0.0000000000
44442  -28.079  -19.019  51.103 0.0000000000
44443  -28.267  -19.134  50.608 0.0000000000
44449  -28.016  -19.903  50.689 0.0000000000
44458  -28.511  -20.242  50.556 0.0000000000
44459  -28.943  -20.962  51.216 0.0000000000
44461  -31.968  -20.535  50.254 0.0000000000
44465  -27.930  -20.330  51.028 0.0000000000
44466  -28.386  -20.231  50.533 0.0000000000
44470  -32.013  -20.681  49.955 0.0000000000
44475  -30.472  -20.691  49.925 0.0000000000
44476  -31.000  -20.390  49.650 0.0000000000
44509  -27.380  -21.384  43.143 0.0000000000
44539  -15.004  -20.918  40.371 0.0000000000
44542  -26.733  -22.233  40.933 0.0000000000
44545  -28.273  -20.793  40.165 0.0000000000
44555  -28.507  -21.281  39.685 0.0000000000
44567  -28.814  -21.488  39.062 0.0000000000
45251  -28.363  -19.361  51.470 0.0000000000
45252  -29.357  -19.870  51.361 0.0000000000
45259  -31.720  -19.554  50.260 0.0000000000
45264  -27.841  -19.332  50.110 0.0000000000
45265  -28.322  -19.886  49.951 0.0000000000
45266  -29.135  -20.137  50.530 0.0000000000
45267  -32.311  -19.511  50.146 0.0000000000
45274  -29.779  -19.879  50.163 0.0000000000
45280  -30.962  -18.394  49.303 0.0000000000
45305  -26.625  -20.642  45.643 0.0000000000
45307  -27.933  -19.999  45.623 0.0000000000
45348  -28.010  -20.352  40.728 0.0000000000
45356  -23.313  -20.978  40.657 0.0000000000
45357  -24.021  -21.289  40.860 0.0000000000
45386  -23.029  -21.125  37.324 0.0000000000
45394  -22.529  -20.612  35.832 0.0000000000
46030  -28.147  -18.848  51.123 0.0000000000
46037  -28.418  -19.257  51.887 0.0000000000
46039  -29.928  -19.474  51.381 0.0000000000
46044  -30.670  -19.282  51.118 0.0000000000
46045  -31.305  -18.887  50.888 0.0000000000
46053  -32.875  -19.063  50.274 0.0000000000
46064  -28.813  -18.759  49.702 0.0000000000
46073  -28.215  -19.179  48.791 0.0000000000
46074  -29.002  -18.695  49.033 0.0000000000
46099  -28.286  -19.430  45.969 0.0000000000
46168  -21.995  -20.542  38.882 0.0000000000
46844  -31.587  -18.398  50.921 0.0000000000
46867  -30.306  -17.854  48.663 0.0000000000
46951  -17.326  -18.997  37.127 0.0000000000
47759  -18.292  -17.753  37.592 0.0000000000
47764  -17.939  -18.075  37.276 0.0000000000
47769  -18.941  -18.466  35.757 0.0000000000
48565  -19.111  -16.781  39.518 0.0000000000
48574  -18.689  -17.464  38.101 0.0000000000
49264  -30.249  -15.079  51.934 0.0000000000
49273  -30.903  -15.082  51.346 0.0000000000
50945  -31.741  -13.759  50.921 0.0000000000
51000  -33.589  -12.286  37.669 0.0000000000
51011  -32.403  -12.858  35.908 0.0000000000
51022  -32.224  -12.725  35.105 0.0000000000
51759  -34.407  -13.582  49.076 0.0000000000
51864  -33.491  -11.614  35.669 0.0000000000
51891  -33.367  -11.887  33.804 0.0000000000
52747  -34.155  -10.644  42.596 0.0000000000
52822  -33.554  -11.137  34.962 0.0000000000
52869  -33.439  -11.205  29.783 0.0000000000
53543  -33.144  -12.004  46.742 0.0000000000
53616  -34.175  -10.611  43.071 0.0000000000
53780  -33.743  -10.932  30.852 0.0000000000
53797  -33.597  -10.608  29.309 0.0000000000
53811  -31.967  -10.349  27.464 0.0000000000
53819  -30.938  -10.537  26.364 0.0000000000
53820  -31.613  -10.059  26.926 0.0000000000
54684  -33.986  -10.030  29.850 0.0000000000
55580  -34.787  -8.133  31.295 0.0000000000
55604  -32.911  -8.691  27.780 0.0000000000
55605  -33.432  -8.279  28.199 0.0000000000
55648  -31.248  -7.992  24.822 0.0000000000
56266  -35.543  -8.298  47.563 0.0000000000
56466  -35.424  -7.540  31.747 0.0000000000
56535  -31.831  -7.602  25.579 0.0000000000
57174  -34.871  -7.031  47.182 0.0000000000
57208  -36.091  -6.189  44.980 0.0000000000
57209  -37.286  -6.406  45.386 0.0000000000
57416  -34.855  -5.951  28.536 0.0000000000
58320  -35.457  -5.512  28.807 0.0000000000
58329  -35.633  -4.708  28.365 0.0000000000
58367  -31.822  -5.535  23.413 0.0000000000
58368  -32.238  -5.013  23.530 0.0000000000
58981  -36.064  -4.282  43.827 0.0000000000
58988  -36.165  -4.115  43.816 0.0000000000
59157  -32.494  -4.501  23.210 0.0000000000
59175  -32.939  -4.208  21.089 0.0000000000
59176  -41.027  -4.953  21.743 0.0000000000
59812  -36.112  -4.027  44.159 0.0000000000
59958  -34.041  -4.032  25.494 0.0000000000
59959  -34.655  -3.027  25.538 0.0000000000
59964  -33.432  -3.648  23.859 0.0000000000
59993  -43.891  -4.395  22.712 0.0000000000
60004  -44.235  -4.636  21.763 0.0000000000
60010  -33.722  -3.898  20.721 0.0000000000
60012  -35.435  -3.551  20.569 0.0000000000
60573  -36.359  -2.389  47.039 0.0000000000
60590  -37.003  -2.891  43.746 0.0000000000
60591  -36.835  -2.717  44.286 0.0000000000
60600  -37.568  -3.080  43.514 0.0000000000
60729  -35.160  -2.469  25.782 0.0000000000
60747  -41.887  -2.686  23.379 0.0000000000
60758  -33.879  -2.807  22.510 0.0000000000
60765  -45.200  -3.548  22.586 0.0000000000
60774  -37.430  -2.530  21.954 0.0000000000
60776  -39.827  -3.260  22.383 0.0000000000
60778  -45.187  -3.328  21.699 0.0000000000
60785  -35.022  -2.975  21.057 0.0000000000
60789  -38.658  -3.390  21.600 0.0000000000
60806  -42.902  -3.304  18.139 0.0000000000
61376  -36.365  -1.269  44.092 0.0000000000
61377  -36.258  -1.651  44.698 0.0000000000
61390  -37.105  -2.431  44.145 0.0000000000
61612  -35.091  -1.819  23.106 0.0000000000
61615  -37.362  -0.941  22.752 0.0000000000
61616  -38.001  -1.514  22.530 0.0000000000
61625  -36.322  -1.758  22.384 0.0000000000
61633  -44.850  -2.595  21.183 0.0000000000
62247  -36.133  -1.114  44.293 0.0000000000
62261  -36.913  -0.867  44.518 0.0000000000
62415  -36.612  -0.634  26.180 0.0000000000
62417  -37.783  -0.086  26.996 0.0000000000
62422  -36.203  -0.474  25.400 0.0000000000
62446  -36.712  0.048  23.708 0.0000000000
62447  -37.031  -0.310  23.173 0.0000000000
62477  -42.827  -0.088  20.381 0.0000000000
63135  -36.397  -0.290  44.466 0.0000000000
63144  -37.310  -0.948  44.165 0.0000000000
63281  -36.720  0.164  25.511 0.0000000000
63283  -38.058  1.232  25.735 0.0000000000
63314  -37.667  -0.034  23.168 0.0000000000
63364  -40.740  0.560  17.756 0.0000000000
63941  -36.605  -0.577  43.836 0.0000000000
63949  -37.060  -0.404  43.993 0.0000000000
63955  -36.947  -0.050  43.944 0.0000000000
64176  -40.322  1.642  15.422 0.0000000000
64749  -38.050  -0.618  43.539 0.0000000000
64945  -43.427  2.830  21.395 0.0000000000
64990  -40.520  2.006  14.702 0.0000000000
64991  -40.995  2.476  14.389 0.0000000000
65005  -41.485  2.002  12.842 0.0000000000
65742  -42.542  3.555  19.161 0.0000000000
104476  -38.069  -0.558  43.802 0.0000000000
104481  -37.641  -0.337  43.951 0.0000000000
104496  -37.058  -0.128  43.930 0.0000000000
104507  -36.142  -0.533  43.802 0.0000000000
104524  -37.008  -0.544  43.414 0.0000000000
104539  -36.696  -1.156  43.260 0.0000000000
104583  -36.834  -1.027  43.890 0.0000000000
104630  -36.298  -3.026  43.611 0.0000000000
104790  -34.244  -7.828  47.070 0.0000000000
105031  -31.440  -18.155  49.147 0.0000000000
105036  -36.793  -2.257  43.366 0.0000000000
105113  -36.693  -2.447  43.000 0.0000000000
105160  -36.025  -0.929  43.947 0.0000000000
105183  -36.422  -1.113  43.394 0.0000000000
105249  -30.633  -13.540  35.143 0.0000000000
105307  -37.793  -1.409  43.900 0.0000000000
105326  -37.113  -1.028  42.873 0.0000000000
105345  -32.525  -19.504  49.468 0.0000000000
105869  -35.925  -0.976  43.671 0.0000000000
106422  -33.673  -10.869  35.859 0.0000000000
108331  -38.064  -2.916  21.836 0.0000000000
108567  -28.456  -19.076  44.939 0.0000000000
108714  -43.321  3.883  17.047 0.0000000000
109394  -32.976  -11.942  30.881 0.0000000000
110191  -37.141  0.621  24.122 0.0000000000
110724  -33.701  -5.604  26.977 0.0000000000
111477  -32.305  -19.717  49.915 0.0000000000
112293  -33.713  -11.876  38.446 0.0000000000
112403  -42.565  -5.492  20.209 0.0000000000
112605  -35.933  -8.143  48.524 0.0000000000
113171  -42.467  3.485  17.959 0.0000000000
114216  -14.621  -20.176  41.720 0.0000000000
116652  -29.536  -21.085  51.097 0.0000000000
116936  -32.701  -4.662  24.016 0.0000000000
117380  -31.464  -15.749  51.426 0.0000000000
117746  -33.923  -7.668  28.585 0.0000000000
118437  -23.172  -20.945  39.955 0.0000000000
118788  -31.366  -19.063  50.592 0.0000000000
119832  -37.159  -1.761  42.175 0.0000000000
119966  -36.839  -2.800  43.144 0.0000000000
120119  -36.845  -4.064  42.979 0.0000000000
120196  -38.201  -0.818  42.482 0.0000000000
120236  -32.172  -18.949  49.153 0.0000000000
120426  -35.852  -3.073  43.083 0.0000000000
121646  -43.682  -3.213  23.775 0.0000000000
121858  -35.944  -4.597  43.717 0.0000000000
121969  -30.727  -20.351  50.229 0.0000000000
122091  -34.398  -8.819  30.798 0.0000000000
122147  -36.945  -3.789  28.959 0.0000000000
122760  -32.683  -5.182  24.677 0.0000000000
122776  -35.226  -7.167  29.865 0.0000000000
123719  -16.030  -19.632  39.071 0.0000000000
123853  -40.580  1.195  13.897 0.0000000000
124929  -34.498  -2.785  21.523 0.0000000000
125109  -29.972  -18.099  48.667 0.0000000000
125507  -14.881  -19.107  41.346 0.0000000000
125536  -42.710  -4.732  22.508 0.0000000000
126376  -28.199  -22.470  38.140 0.0000000000
126487  -29.942  -17.689  52.114 0.0000000000
126955  -19.644  -18.936  34.088 0.0000000000
127081  -24.673  -21.294  42.296 0.0000000000
127143  -32.364  -16.674  50.762 0.0000000000
128089  -37.134  -0.028  43.215 0.0000000000
