#!ascii label  , from subject sub-v2s7x29798_ses-1 vox2ras=TkReg
1538
51076  -37.443  -13.361  30.624 0.0000000000
62480  -50.448  -0.457  20.411 0.0000000000
55675  -44.002  -8.599  22.862 0.0000000000
38174  -14.511  -28.371  44.494 0.0000000000
105040  -40.374  -10.141  41.613 0.0000000000
40049  -30.640  -26.320  42.192 0.0000000000
41931  -37.902  -24.484  45.090 0.0000000000
104369  -40.470  -12.434  47.114 0.0000000000
59001  -44.426  -5.164  43.296 0.0000000000
42020  -22.408  -24.664  38.360 0.0000000000
40991  -25.834  -25.049  43.645 0.0000000000
41073  -27.462  -25.535  37.568 0.0000000000
44520  -36.215  -21.954  42.052 0.0000000000
114412  -36.126  -20.601  48.298 0.0000000000
53744  -42.381  -9.975  35.197 0.0000000000
55581  -42.740  -8.617  30.918 0.0000000000
126721  -48.201  -5.824  20.776 0.0000000000
123521  -38.622  -11.518  25.266 0.0000000000
113638  -47.290  -0.637  13.928 0.0000000000
35532  -11.388  -31.116  46.033 0.0000000000
55469  -42.430  -8.219  39.567 0.0000000000
51855  -39.509  -12.832  36.823 0.0000000000
42054  -33.854  -24.870  36.314 0.0000000000
39177  -35.279  -27.669  39.522 0.0000000000
58330  -44.622  -5.144  27.865 0.0000000000
65796  -54.946  3.628  10.463 0.0000000000
51787  -39.106  -12.302  47.230 0.0000000000
56296  -40.836  -7.407  45.803 0.0000000000
114247  -24.758  -25.455  38.100 0.0000000000
116853  -35.544  -20.623  48.276 0.0000000000
106350  -37.987  -15.227  48.265 0.0000000000
105667  -38.262  -16.409  48.077 0.0000000000
52838  -40.084  -11.152  33.541 0.0000000000
55550  -42.767  -9.231  33.033 0.0000000000
53791  -40.559  -10.992  30.222 0.0000000000
60018  -49.753  -3.416  20.458 0.0000000000
59168  -51.120  -4.997  22.598 0.0000000000
64144  -51.639  1.514  19.568 0.0000000000
37283  -12.977  -29.073  42.042 0.0000000000
37235  -12.894  -29.707  45.170 0.0000000000
104414  -42.118  -8.556  42.439 0.0000000000
55446  -42.744  -8.494  42.057 0.0000000000
54564  -41.270  -9.240  40.700 0.0000000000
53705  -40.706  -10.901  37.788 0.0000000000
52797  -39.950  -11.850  39.144 0.0000000000
40047  -28.583  -25.888  42.717 0.0000000000
40969  -27.657  -25.272  46.138 0.0000000000
111915  -30.477  -26.076  45.466 0.0000000000
40037  -32.318  -26.688  44.247 0.0000000000
42941  -32.873  -23.717  34.054 0.0000000000
106752  -34.657  -21.610  36.148 0.0000000000
42872  -36.498  -23.820  43.589 0.0000000000
42010  -37.343  -24.511  39.635 0.0000000000
125214  -37.143  -25.053  41.824 0.0000000000
38255  -35.758  -28.257  41.434 0.0000000000
41025  -17.485  -25.492  40.839 0.0000000000
41952  -18.824  -23.974  43.561 0.0000000000
42829  -18.522  -23.390  47.672 0.0000000000
55660  -40.552  -8.517  24.368 0.0000000000
55619  -41.400  -7.885  26.118 0.0000000000
56539  -43.845  -6.789  25.300 0.0000000000
66594  -57.143  5.713  9.419 0.0000000000
38124  -13.511  -28.494  48.375 0.0000000000
104370  -41.194  -13.228  46.558 0.0000000000
104359  -41.966  -9.484  44.567 0.0000000000
109405  -41.017  -9.347  45.398 0.0000000000
105383  -43.114  -4.047  43.580 0.0000000000
121352  -21.732  -24.462  41.122 0.0000000000
41957  -23.527  -24.536  43.674 0.0000000000
41017  -24.031  -24.878  40.971 0.0000000000
40072  -26.907  -25.656  40.724 0.0000000000
121296  -28.977  -26.022  40.139 0.0000000000
119688  -35.591  -20.338  39.902 0.0000000000
119913  -35.447  -20.679  43.892 0.0000000000
104334  -36.575  -21.959  46.321 0.0000000000
41906  -35.774  -23.836  47.719 0.0000000000
43667  -37.116  -22.169  47.720 0.0000000000
47691  -39.444  -17.133  47.508 0.0000000000
106072  -20.266  -24.291  38.153 0.0000000000
55495  -43.775  -7.756  37.540 0.0000000000
58208  -46.076  -5.673  37.114 0.0000000000
56410  -44.036  -7.816  35.113 0.0000000000
57320  -43.951  -6.969  33.165 0.0000000000
56584  -46.827  -7.533  21.910 0.0000000000
124504  -46.808  -6.763  24.913 0.0000000000
57468  -49.795  -6.399  23.491 0.0000000000
33935  -6.794  -34.099  50.353 0.0000000000
51951  -37.533  -12.738  27.879 0.0000000000
119033  -37.442  -10.199  23.271 0.0000000000
54795  -44.112  -9.260  20.640 0.0000000000
56621  -45.869  -7.258  19.048 0.0000000000
58433  -47.233  -4.704  18.228 0.0000000000
60815  -47.791  -2.075  17.951 0.0000000000
63365  -48.666  0.510  17.252 0.0000000000
61686  -45.901  -0.372  16.058 0.0000000000
37205  -12.302  -29.174  49.292 0.0000000000
36305  -10.097  -30.678  49.978 0.0000000000
35520  -8.342  -31.552  51.007 0.0000000000
124703  -43.796  -7.917  40.848 0.0000000000
105425  -44.920  -7.036  43.094 0.0000000000
118982  -43.392  -7.927  41.150 0.0000000000
56363  -43.021  -7.577  39.279 0.0000000000
54598  -42.544  -9.403  37.419 0.0000000000
52825  -40.226  -11.245  35.661 0.0000000000
51038  -38.177  -13.746  33.516 0.0000000000
41930  -25.426  -24.595  45.848 0.0000000000
40130  -30.607  -25.797  37.222 0.0000000000
40090  -31.384  -26.461  39.377 0.0000000000
42914  -36.271  -23.122  37.638 0.0000000000
40109  -34.358  -26.764  38.265 0.0000000000
39146  -32.668  -27.420  41.478 0.0000000000
38212  -34.138  -28.332  42.474 0.0000000000
39138  -14.579  -28.107  41.758 0.0000000000
111189  -16.280  -26.746  41.019 0.0000000000
39096  -15.739  -27.198  44.317 0.0000000000
108518  -40.854  -10.598  28.246 0.0000000000
56498  -42.861  -7.678  28.793 0.0000000000
58294  -45.489  -5.285  30.602 0.0000000000
58333  -47.880  -4.685  27.820 0.0000000000
107090  -50.734  0.646  16.172 0.0000000000
106365  -53.171  0.475  15.560 0.0000000000
64183  -54.984  1.445  14.016 0.0000000000
64202  -53.513  1.768  11.596 0.0000000000
121016  -56.028  3.506  13.186 0.0000000000
52700  -38.847  -11.531  47.395 0.0000000000
118013  -39.675  -10.059  47.299 0.0000000000
55390  -39.477  -8.574  47.256 0.0000000000
50167  -37.386  -14.990  48.642 0.0000000000
110506  -38.245  -13.934  48.095 0.0000000000
50964  -38.498  -12.987  47.630 0.0000000000
123071  -38.987  -11.993  31.929 0.0000000000
52853  -40.021  -11.191  31.752 0.0000000000
51924  -38.528  -12.269  30.270 0.0000000000
60797  -49.436  -2.224  19.644 0.0000000000
60781  -51.158  -2.548  21.685 0.0000000000
117864  -51.296  -1.021  21.714 0.0000000000
63325  -51.553  0.744  21.311 0.0000000000
63341  -50.368  0.811  19.370 0.0000000000
38188  -13.806  -28.774  42.956 0.0000000000
37267  -13.268  -29.181  43.421 0.0000000000
38155  -13.922  -28.918  45.687 0.0000000000
119795  -40.733  -9.455  42.055 0.0000000000
54554  -41.406  -8.869  41.625 0.0000000000
54553  -40.701  -10.024  40.743 0.0000000000
53677  -40.502  -10.714  40.107 0.0000000000
53676  -39.904  -11.372  40.615 0.0000000000
124762  -21.000  -23.595  46.001 0.0000000000
40048  -29.267  -25.995  42.725 0.0000000000
40020  -29.263  -25.744  44.353 0.0000000000
40035  -30.580  -26.039  43.725 0.0000000000
40023  -31.781  -26.397  44.875 0.0000000000
40050  -31.432  -26.455  42.643 0.0000000000
41944  -36.815  -24.309  44.109 0.0000000000
41971  -36.749  -24.401  43.012 0.0000000000
40995  -36.914  -24.945  43.352 0.0000000000
116127  -37.138  -25.881  42.860 0.0000000000
117085  -19.982  -23.945  42.638 0.0000000000
42871  -19.975  -23.704  44.144 0.0000000000
42841  -19.482  -23.406  46.005 0.0000000000
56366  -45.228  -6.813  39.545 0.0000000000
55662  -42.456  -8.404  23.812 0.0000000000
56553  -42.478  -7.348  25.024 0.0000000000
55652  -43.903  -7.835  24.058 0.0000000000
104363  -40.770  -13.312  47.039 0.0000000000
104383  -41.009  -10.627  46.291 0.0000000000
105321  -40.826  -10.290  46.492 0.0000000000
118388  -42.143  -6.138  44.997 0.0000000000
59825  -42.712  -4.568  43.676 0.0000000000
58170  -42.671  -4.937  42.801 0.0000000000
42007  -22.204  -24.602  39.228 0.0000000000
41980  -23.147  -24.677  40.863 0.0000000000
42008  -22.899  -24.798  38.924 0.0000000000
41072  -26.593  -25.521  37.752 0.0000000000
113129  -25.855  -25.540  39.202 0.0000000000
41042  -27.165  -25.629  38.974 0.0000000000
40073  -27.837  -25.799  40.768 0.0000000000
40104  -28.675  -25.768  38.650 0.0000000000
105077  -35.505  -19.415  43.762 0.0000000000
108310  -35.748  -21.323  47.964 0.0000000000
104322  -35.988  -20.915  47.395 0.0000000000
105222  -35.840  -22.121  47.783 0.0000000000
42845  -36.466  -23.038  46.968 0.0000000000
42811  -35.719  -22.891  47.933 0.0000000000
42812  -36.057  -23.436  48.248 0.0000000000
44485  -36.471  -21.339  48.043 0.0000000000
104357  -39.031  -14.737  47.204 0.0000000000
104350  -39.079  -16.280  47.957 0.0000000000
107965  -39.843  -14.867  47.220 0.0000000000
49309  -40.081  -15.786  47.242 0.0000000000
124207  -21.064  -24.389  38.152 0.0000000000
55507  -43.268  -9.093  36.149 0.0000000000
116360  -43.814  -8.309  35.797 0.0000000000
54629  -43.297  -9.013  35.303 0.0000000000
114261  -42.561  -9.343  32.192 0.0000000000
55551  -43.239  -8.407  33.095 0.0000000000
55571  -43.198  -8.137  32.198 0.0000000000
57339  -44.134  -6.399  32.285 0.0000000000
107600  -43.568  -7.266  31.140 0.0000000000
56600  -47.379  -7.104  21.557 0.0000000000
56572  -48.172  -7.049  23.174 0.0000000000
57494  -49.109  -6.222  22.086 0.0000000000
59170  -52.881  -4.473  24.046 0.0000000000
55718  -45.111  -8.362  19.575 0.0000000000
55740  -44.656  -8.178  17.920 0.0000000000
58440  -46.207  -5.260  16.794 0.0000000000
59236  -46.273  -4.234  16.611 0.0000000000
60043  -47.475  -2.960  17.768 0.0000000000
60813  -46.819  -2.601  17.152 0.0000000000
61670  -46.334  -0.995  16.551 0.0000000000
36344  -11.686  -30.663  44.111 0.0000000000
35530  -10.957  -31.386  46.776 0.0000000000
39028  -12.979  -27.677  50.231 0.0000000000
38123  -12.914  -28.864  48.820 0.0000000000
123722  -11.999  -28.058  51.466 0.0000000000
37194  -10.065  -29.236  52.222 0.0000000000
37189  -9.245  -29.769  52.753 0.0000000000
36304  -9.205  -31.268  50.203 0.0000000000
36293  -8.215  -31.034  52.497 0.0000000000
35514  -7.746  -31.846  52.027 0.0000000000
119961  -43.256  -7.395  44.099 0.0000000000
105409  -43.373  -8.386  44.007 0.0000000000
105870  -44.526  -6.002  43.294 0.0000000000
118650  -42.262  -8.014  41.169 0.0000000000
55447  -43.357  -8.441  42.117 0.0000000000
56342  -42.810  -7.773  41.017 0.0000000000
56352  -43.436  -7.368  40.333 0.0000000000
55480  -42.681  -8.523  38.567 0.0000000000
54586  -42.244  -9.315  38.230 0.0000000000
52807  -40.297  -11.448  37.364 0.0000000000
53719  -40.760  -10.871  36.928 0.0000000000
52824  -39.745  -11.990  36.067 0.0000000000
51878  -39.265  -12.362  34.314 0.0000000000
51024  -38.978  -13.154  34.834 0.0000000000
40990  -24.941  -24.810  43.423 0.0000000000
107145  -24.327  -24.510  45.213 0.0000000000
40978  -25.773  -24.841  44.464 0.0000000000
41110  -32.797  -24.772  35.354 0.0000000000
41109  -31.576  -25.254  35.266 0.0000000000
40132  -32.162  -25.772  36.836 0.0000000000
40122  -31.467  -26.013  37.638 0.0000000000
120543  -32.305  -26.080  37.615 0.0000000000
105107  -35.933  -20.836  40.623 0.0000000000
44569  -36.071  -21.163  38.921 0.0000000000
43726  -36.948  -22.370  38.907 0.0000000000
40092  -36.281  -26.507  39.438 0.0000000000
41058  -36.319  -25.297  38.480 0.0000000000
39191  -34.868  -27.237  38.817 0.0000000000
39175  -33.709  -27.739  39.488 0.0000000000
38270  -34.205  -28.227  40.048 0.0000000000
39147  -33.542  -28.118  41.437 0.0000000000
38253  -34.553  -28.509  40.729 0.0000000000
41895  -37.238  -24.720  47.993 0.0000000000
110316  -16.832  -26.129  40.964 0.0000000000
127635  -16.747  -26.219  42.619 0.0000000000
40044  -16.266  -26.756  42.647 0.0000000000
109094  -18.247  -23.216  49.359 0.0000000000
51960  -38.049  -12.318  26.536 0.0000000000
52883  -39.522  -11.570  28.249 0.0000000000
53822  -40.107  -10.831  26.691 0.0000000000
57418  -43.129  -6.261  27.344 0.0000000000
56512  -42.333  -7.752  27.692 0.0000000000
57402  -43.563  -6.119  28.253 0.0000000000
57383  -43.906  -6.228  29.768 0.0000000000
57403  -44.354  -5.381  28.716 0.0000000000
57431  -49.271  -6.065  25.999 0.0000000000
57429  -47.069  -6.236  25.816 0.0000000000
58348  -49.717  -5.492  27.112 0.0000000000
111049  -47.845  0.271  15.612 0.0000000000
63375  -49.168  0.605  16.670 0.0000000000
62542  -48.761  0.108  15.234 0.0000000000
62558  -51.311  -0.424  14.245 0.0000000000
62559  -52.724  0.008  13.931 0.0000000000
63390  -54.093  0.550  15.215 0.0000000000
63403  -53.432  0.380  13.644 0.0000000000
65030  -53.382  2.869  9.520 0.0000000000
64218  -52.526  1.949  10.262 0.0000000000
65023  -54.450  3.021  11.059 0.0000000000
65008  -54.659  2.454  12.340 0.0000000000
127392  -55.716  3.810  11.923 0.0000000000
65791  -56.391  4.452  11.698 0.0000000000
66596  -58.352  5.526  9.961 0.0000000000
105337  -39.991  -12.153  47.252 0.0000000000
105370  -40.585  -10.510  47.093 0.0000000000
54502  -40.205  -9.474  47.054 0.0000000000
56295  -40.391  -8.102  46.410 0.0000000000
41051  -24.066  -25.259  38.112 0.0000000000
104336  -35.528  -19.165  49.054 0.0000000000
104341  -36.613  -17.845  48.708 0.0000000000
109749  -37.011  -17.871  48.399 0.0000000000
104342  -37.216  -18.158  48.185 0.0000000000
104351  -37.930  -15.893  48.253 0.0000000000
50966  -38.805  -13.874  47.341 0.0000000000
53749  -41.442  -10.496  34.351 0.0000000000
54655  -42.533  -9.762  33.767 0.0000000000
118501  -41.471  -10.515  32.945 0.0000000000
53783  -41.481  -10.462  31.475 0.0000000000
54679  -41.949  -9.943  30.948 0.0000000000
59196  -48.776  -4.601  20.276 0.0000000000
58388  -49.515  -5.529  21.686 0.0000000000
59198  -50.216  -3.876  21.159 0.0000000000
59995  -52.059  -3.671  22.970 0.0000000000
64152  -52.173  1.705  18.874 0.0000000000
36345  -12.249  -30.055  44.172 0.0000000000
107913  -12.509  -30.098  45.828 0.0000000000
104445  -43.772  -5.062  42.411 0.0000000000
104452  -43.825  -5.950  42.544 0.0000000000
104422  -42.793  -8.125  42.697 0.0000000000
55456  -41.773  -8.408  40.904 0.0000000000
55468  -41.752  -8.863  39.973 0.0000000000
54585  -41.650  -9.780  38.629 0.0000000000
53691  -41.022  -10.336  39.174 0.0000000000
115520  -40.589  -10.989  38.648 0.0000000000
51845  -39.572  -12.829  37.738 0.0000000000
41008  -27.047  -25.576  42.941 0.0000000000
40979  -26.682  -25.104  44.521 0.0000000000
40994  -28.301  -25.582  44.241 0.0000000000
123219  -28.920  -25.610  45.072 0.0000000000
122076  -32.211  -27.115  45.652 0.0000000000
42943  -34.067  -22.809  35.046 0.0000000000
42919  -34.845  -23.355  36.204 0.0000000000
43700  -36.419  -22.780  42.357 0.0000000000
43717  -37.388  -22.980  40.312 0.0000000000
42884  -37.261  -23.622  41.146 0.0000000000
108224  -37.356  -24.824  40.358 0.0000000000
40079  -36.562  -26.768  40.291 0.0000000000
39163  -35.533  -28.026  40.366 0.0000000000
109027  -36.693  -27.068  41.180 0.0000000000
109330  -19.075  -24.399  39.071 0.0000000000
41989  -18.804  -24.507  40.657 0.0000000000
41951  -18.165  -24.459  43.847 0.0000000000
121760  -17.826  -24.419  45.677 0.0000000000
41925  -18.327  -24.067  45.147 0.0000000000
54716  -39.990  -9.262  24.737 0.0000000000
54706  -40.632  -9.310  26.000 0.0000000000
55639  -41.270  -7.830  25.419 0.0000000000
56527  -42.593  -6.618  25.988 0.0000000000
57427  -44.309  -5.602  26.933 0.0000000000
61704  -46.903  -1.333  13.073 0.0000000000
62569  -48.991  -0.809  13.681 0.0000000000
61714  -48.230  -1.504  12.351 0.0000000000
65801  -53.738  3.316  8.813 0.0000000000
65803  -55.530  4.260  9.878 0.0000000000
65811  -54.604  3.863  8.523 0.0000000000
66607  -55.610  4.871  7.529 0.0000000000
39061  -14.950  -27.634  46.595 0.0000000000
38134  -14.340  -28.270  47.041 0.0000000000
105633  -41.925  -11.764  44.972 0.0000000000
105087  -41.394  -11.719  45.833 0.0000000000
105215  -41.301  -9.474  44.869 0.0000000000
119842  -42.854  -6.969  44.338 0.0000000000
55398  -41.126  -7.907  45.390 0.0000000000
57211  -42.424  -6.497  44.570 0.0000000000
58993  -43.681  -4.508  43.316 0.0000000000
104438  -43.146  -5.567  42.717 0.0000000000
104407  -41.785  -8.671  43.205 0.0000000000
116779  -20.894  -24.154  42.639 0.0000000000
41956  -22.201  -24.367  43.351 0.0000000000
41970  -22.605  -24.476  42.685 0.0000000000
108125  -23.583  -24.612  42.624 0.0000000000
110392  -25.105  -25.136  41.957 0.0000000000
41039  -24.355  -25.190  39.546 0.0000000000
41028  -25.379  -25.348  40.464 0.0000000000
110129  -25.901  -25.407  42.071 0.0000000000
40045  -27.504  -25.755  42.276 0.0000000000
40074  -28.761  -26.005  41.097 0.0000000000
40075  -29.696  -26.184  40.759 0.0000000000
120159  -35.416  -20.214  43.070 0.0000000000
119687  -35.606  -21.196  43.211 0.0000000000
105366  -36.269  -20.884  46.764 0.0000000000
105205  -35.701  -21.071  44.766 0.0000000000
43692  -35.712  -21.959  44.034 0.0000000000
43686  -36.225  -22.707  44.574 0.0000000000
42856  -37.067  -23.191  45.205 0.0000000000
41919  -37.246  -24.237  46.348 0.0000000000
40958  -36.426  -25.871  46.899 0.0000000000
40928  -35.712  -25.079  47.827 0.0000000000
41885  -36.519  -24.423  48.193 0.0000000000
43671  -37.978  -22.310  47.186 0.0000000000
46869  -37.952  -18.276  47.525 0.0000000000
46088  -38.153  -19.473  47.212 0.0000000000
46089  -38.868  -19.426  46.842 0.0000000000
126608  -39.759  -18.227  47.027 0.0000000000
42018  -19.841  -24.327  38.961 0.0000000000
57270  -44.419  -6.424  38.523 0.0000000000
57284  -45.153  -6.226  37.014 0.0000000000
57298  -45.091  -6.329  36.080 0.0000000000
58231  -45.671  -5.379  34.696 0.0000000000
55534  -43.526  -8.273  34.053 0.0000000000
56437  -43.899  -7.431  33.936 0.0000000000
55677  -45.356  -8.180  22.322 0.0000000000
56569  -45.601  -7.496  23.637 0.0000000000
56570  -46.480  -7.403  23.429 0.0000000000
57454  -48.535  -6.842  23.898 0.0000000000
57444  -50.320  -6.246  25.255 0.0000000000
57480  -50.296  -6.059  23.290 0.0000000000
57469  -50.842  -6.153  24.141 0.0000000000
108800  -35.534  -14.474  29.161 0.0000000000
51089  -37.472  -12.990  29.174 0.0000000000
50313  -35.455  -14.015  27.716 0.0000000000
51117  -36.342  -13.287  26.207 0.0000000000
51980  -37.221  -12.272  24.660 0.0000000000
53837  -37.985  -10.575  23.889 0.0000000000
114481  -39.360  -9.363  23.738 0.0000000000
54761  -40.523  -9.258  23.088 0.0000000000
113787  -42.621  -9.476  22.548 0.0000000000
54782  -44.153  -9.150  21.474 0.0000000000
55694  -45.550  -8.292  21.428 0.0000000000
56613  -46.456  -7.308  20.408 0.0000000000
57503  -47.358  -6.316  20.374 0.0000000000
57530  -45.685  -6.598  17.115 0.0000000000
57522  -46.925  -5.865  19.074 0.0000000000
58408  -47.608  -5.433  19.662 0.0000000000
59223  -48.428  -3.707  19.167 0.0000000000
60037  -48.453  -2.848  18.804 0.0000000000
61649  -48.764  -1.091  18.711 0.0000000000
62500  -48.988  0.011  18.598 0.0000000000
115554  -47.868  -0.527  17.696 0.0000000000
62532  -47.342  0.155  16.497 0.0000000000
62553  -46.402  -0.190  14.648 0.0000000000
62567  -46.276  -0.695  13.756 0.0000000000
37218  -13.260  -29.432  47.043 0.0000000000
37217  -12.637  -29.815  47.546 0.0000000000
36311  -12.041  -30.174  48.024 0.0000000000
38106  -11.390  -28.468  51.789 0.0000000000
36306  -11.069  -30.222  49.415 0.0000000000
36309  -10.888  -31.021  48.031 0.0000000000
35526  -10.155  -31.462  48.437 0.0000000000
35525  -9.371  -31.826  48.912 0.0000000000
34738  -8.639  -32.401  48.925 0.0000000000
35519  -7.535  -32.539  51.063 0.0000000000
56365  -44.522  -6.723  39.771 0.0000000000
55438  -45.231  -8.306  42.784 0.0000000000
109632  -44.379  -6.949  42.486 0.0000000000
104439  -44.847  -7.574  42.430 0.0000000000
56364  -43.906  -6.835  39.833 0.0000000000
57250  -44.430  -6.395  39.260 0.0000000000
110699  -43.873  -7.044  38.240 0.0000000000
124555  -43.075  -9.098  36.884 0.0000000000
54611  -42.666  -9.590  36.502 0.0000000000
54597  -41.821  -9.890  37.803 0.0000000000
53733  -41.370  -10.454  36.517 0.0000000000
115099  -41.342  -10.506  35.770 0.0000000000
52829  -40.096  -11.239  34.470 0.0000000000
51893  -39.130  -12.209  33.462 0.0000000000
51061  -37.294  -13.844  31.500 0.0000000000
105245  -39.513  -11.705  41.382 0.0000000000
105080  -39.506  -12.552  40.020 0.0000000000
104390  -39.204  -13.889  38.785 0.0000000000
50227  -39.013  -14.210  36.948 0.0000000000
50232  -38.208  -14.676  35.200 0.0000000000
122517  -37.607  -14.550  33.671 0.0000000000
104434  -36.703  -14.566  31.774 0.0000000000
50274  -35.597  -14.802  30.096 0.0000000000
40968  -26.873  -24.949  45.698 0.0000000000
41090  -28.564  -25.508  36.210 0.0000000000
107073  -29.895  -25.540  35.909 0.0000000000
41075  -29.012  -25.606  37.080 0.0000000000
113075  -29.592  -25.870  38.458 0.0000000000
122345  -30.622  -26.272  39.609 0.0000000000
121250  -31.151  -26.518  40.761 0.0000000000
44580  -35.308  -20.811  37.941 0.0000000000
43746  -35.777  -22.621  37.150 0.0000000000
42056  -35.119  -23.859  36.639 0.0000000000
42023  -37.134  -24.082  38.846 0.0000000000
41079  -35.321  -25.167  37.447 0.0000000000
41077  -33.846  -25.803  37.274 0.0000000000
39188  -32.698  -26.796  38.771 0.0000000000
40078  -32.177  -26.818  39.494 0.0000000000
39145  -31.894  -26.807  41.075 0.0000000000
39131  -32.723  -27.232  42.644 0.0000000000
39132  -33.488  -27.747  43.200 0.0000000000
38223  -13.972  -28.435  41.783 0.0000000000
38189  -14.435  -28.366  43.149 0.0000000000
40085  -16.141  -26.614  39.340 0.0000000000
40084  -15.438  -27.108  39.505 0.0000000000
111190  -15.624  -27.281  41.028 0.0000000000
115044  -15.603  -27.414  42.752 0.0000000000
39095  -15.112  -27.815  44.227 0.0000000000
39062  -15.463  -27.015  46.626 0.0000000000
117583  -17.512  -24.273  47.844 0.0000000000
52882  -38.826  -11.976  28.758 0.0000000000
52872  -40.392  -11.089  29.318 0.0000000000
54686  -41.733  -9.769  29.187 0.0000000000
54700  -41.494  -9.203  27.440 0.0000000000
55594  -42.080  -9.030  28.831 0.0000000000
56491  -42.900  -7.986  29.656 0.0000000000
57369  -43.845  -6.594  30.593 0.0000000000
56541  -45.734  -6.759  25.033 0.0000000000
57428  -45.636  -5.742  26.521 0.0000000000
58345  -46.141  -4.944  27.585 0.0000000000
63350  -50.173  0.949  18.560 0.0000000000
63368  -50.771  1.230  17.940 0.0000000000
63369  -52.174  1.269  16.962 0.0000000000
62557  -50.296  -0.420  14.430 0.0000000000
63388  -51.567  0.435  15.643 0.0000000000
64172  -53.921  1.344  16.762 0.0000000000
63380  -54.583  1.001  15.982 0.0000000000
64177  -55.740  1.614  15.597 0.0000000000
63422  -53.027  1.006  11.984 0.0000000000
64195  -54.223  1.598  12.774 0.0000000000
64999  -55.730  2.805  13.565 0.0000000000
66588  -57.154  5.235  10.958 0.0000000000
51783  -38.529  -12.165  47.656 0.0000000000
118368  -38.888  -10.249  47.237 0.0000000000
50962  -37.790  -13.306  48.258 0.0000000000
51782  -38.166  -12.459  48.241 0.0000000000
51077  -38.078  -12.728  30.699 0.0000000000
51914  -38.643  -12.281  31.216 0.0000000000
60798  -49.855  -1.238  19.902 0.0000000000
61628  -50.479  -1.522  20.665 0.0000000000
61634  -50.907  -0.759  21.137 0.0000000000
62472  -51.483  -0.124  21.726 0.0000000000
62481  -50.953  0.200  20.915 0.0000000000
62491  -50.614  0.516  20.147 0.0000000000
62490  -49.993  -0.017  19.716 0.0000000000
108517  -13.962  -28.730  43.868 0.0000000000
38173  -13.933  -28.851  44.830 0.0000000000
121427  -40.863  -9.512  41.285 0.0000000000
119956  -40.086  -10.795  41.058 0.0000000000
42855  -21.273  -23.759  45.441 0.0000000000
41939  -21.560  -23.961  44.797 0.0000000000
109558  -30.112  -26.138  42.831 0.0000000000
110561  -30.863  -26.236  43.015 0.0000000000
41959  -36.784  -24.519  43.632 0.0000000000
41945  -37.515  -24.687  44.439 0.0000000000
40971  -38.044  -25.212  44.793 0.0000000000
42862  -20.329  -23.669  44.741 0.0000000000
55663  -43.441  -8.430  23.449 0.0000000000
55651  -42.980  -7.910  24.289 0.0000000000
120673  -40.385  -13.021  47.190 0.0000000000
104381  -40.809  -11.018  46.827 0.0000000000
104373  -40.850  -11.724  47.049 0.0000000000
127567  -41.337  -5.221  45.200 0.0000000000
58983  -41.985  -4.960  44.942 0.0000000000
41994  -22.884  -24.749  39.817 0.0000000000
120438  -27.071  -25.551  38.263 0.0000000000
41054  -26.349  -25.554  38.591 0.0000000000
40103  -27.953  -25.779  39.229 0.0000000000
41055  -27.785  -25.639  38.413 0.0000000000
44479  -35.903  -21.188  48.187 0.0000000000
42834  -35.918  -22.964  47.626 0.0000000000
43659  -35.900  -22.252  48.142 0.0000000000
43666  -36.239  -22.257  48.143 0.0000000000
104362  -39.975  -13.903  47.261 0.0000000000
104355  -39.237  -15.553  47.368 0.0000000000
125705  -40.340  -14.376  47.243 0.0000000000
42035  -21.782  -24.506  37.803 0.0000000000
42019  -21.573  -24.495  38.681 0.0000000000
54628  -42.798  -9.595  35.642 0.0000000000
54673  -42.435  -9.324  31.344 0.0000000000
55570  -42.816  -8.692  31.744 0.0000000000
55582  -43.146  -7.987  31.389 0.0000000000
57492  -47.886  -6.396  21.076 0.0000000000
57493  -48.477  -6.480  21.763 0.0000000000
58387  -48.664  -5.827  21.269 0.0000000000
59158  -52.973  -5.312  24.499 0.0000000000
113974  -44.193  -8.654  18.312 0.0000000000
60058  -46.268  -3.204  16.607 0.0000000000
60828  -46.252  -2.058  16.627 0.0000000000
36333  -11.528  -30.912  45.080 0.0000000000
35539  -10.798  -31.645  45.186 0.0000000000
38113  -12.397  -28.023  50.722 0.0000000000
39016  -12.633  -27.693  51.722 0.0000000000
36297  -8.789  -30.376  52.220 0.0000000000
35501  -8.413  -30.996  53.073 0.0000000000
119988  -43.822  -6.474  43.606 0.0000000000
111541  -43.676  -7.127  43.464 0.0000000000
58159  -44.960  -5.162  43.079 0.0000000000
55457  -42.299  -7.992  40.475 0.0000000000
56351  -42.856  -7.512  40.103 0.0000000000
55479  -42.032  -9.056  39.035 0.0000000000
52815  -39.861  -12.042  37.041 0.0000000000
120768  -39.424  -12.825  36.067 0.0000000000
51865  -39.444  -12.431  35.241 0.0000000000
51012  -39.109  -13.386  35.725 0.0000000000
40977  -25.215  -24.742  44.101 0.0000000000
41111  -33.107  -25.016  35.980 0.0000000000
41094  -32.351  -25.307  35.877 0.0000000000
41095  -33.175  -25.492  36.619 0.0000000000
44533  -36.372  -21.616  41.227 0.0000000000
44546  -36.545  -21.518  40.443 0.0000000000
40091  -35.625  -26.899  39.048 0.0000000000
39176  -34.525  -27.813  39.420 0.0000000000
38252  -33.863  -28.331  40.703 0.0000000000
38271  -34.916  -28.289  40.099 0.0000000000
122534  -38.066  -23.782  47.128 0.0000000000
40964  -17.147  -25.383  44.967 0.0000000000
52910  -39.054  -11.492  25.879 0.0000000000
52901  -39.448  -11.453  26.693 0.0000000000
110659  -39.696  -10.873  25.889 0.0000000000
57419  -43.848  -5.651  27.585 0.0000000000
121405  -45.001  -4.746  28.829 0.0000000000
62554  -47.173  0.034  14.973 0.0000000000
62555  -48.241  -0.309  14.485 0.0000000000
62572  -52.666  0.094  13.208 0.0000000000
63411  -52.530  0.346  12.387 0.0000000000
65031  -53.994  3.027  10.197 0.0000000000
65024  -55.321  3.631  11.385 0.0000000000
65797  -55.970  4.393  10.767 0.0000000000
52713  -39.578  -11.503  47.221 0.0000000000
53560  -40.020  -10.724  47.163 0.0000000000
54501  -39.766  -9.271  47.255 0.0000000000
55391  -40.190  -8.653  47.108 0.0000000000
111772  -40.235  -7.245  46.354 0.0000000000
48485  -36.681  -16.353  49.084 0.0000000000
105331  -37.315  -15.833  48.619 0.0000000000
106665  -37.078  -16.698  48.829 0.0000000000
104344  -37.181  -17.279  48.503 0.0000000000
104354  -37.484  -17.315  48.271 0.0000000000
104347  -37.546  -16.506  48.365 0.0000000000
104358  -38.396  -14.622  47.730 0.0000000000
107983  -39.552  -12.990  47.248 0.0000000000
53748  -40.667  -10.792  34.044 0.0000000000
53759  -41.237  -10.583  33.639 0.0000000000
53758  -40.694  -10.812  33.177 0.0000000000
52861  -39.898  -11.320  30.843 0.0000000000
53772  -40.887  -10.800  32.193 0.0000000000
53782  -40.706  -10.900  31.164 0.0000000000
53792  -41.333  -10.516  30.556 0.0000000000
59197  -49.472  -4.244  20.669 0.0000000000
60767  -51.761  -2.687  22.403 0.0000000000
116431  -52.483  -2.702  23.237 0.0000000000
64145  -52.443  1.886  19.912 0.0000000000
107115  -53.035  2.116  19.385 0.0000000000
37251  -13.277  -29.328  44.406 0.0000000000
37266  -12.699  -29.655  43.794 0.0000000000
37250  -12.669  -29.793  44.507 0.0000000000
36334  -12.219  -30.253  44.948 0.0000000000
104429  -42.893  -7.154  43.020 0.0000000000
104432  -43.552  -6.503  42.670 0.0000000000
55445  -41.994  -8.388  41.604 0.0000000000
54574  -41.133  -9.791  39.974 0.0000000000
115583  -41.540  -9.599  39.343 0.0000000000
52789  -40.438  -11.077  39.398 0.0000000000
52798  -40.202  -11.585  38.196 0.0000000000
52806  -39.712  -12.493  38.494 0.0000000000
40032  -27.958  -25.731  43.098 0.0000000000
40993  -27.357  -25.456  43.810 0.0000000000
40021  -30.145  -25.891  44.539 0.0000000000
40982  -29.653  -25.815  45.313 0.0000000000
40024  -32.368  -26.860  45.165 0.0000000000
43774  -34.433  -22.291  35.565 0.0000000000
42931  -34.463  -23.171  35.707 0.0000000000
43759  -34.864  -22.597  36.120 0.0000000000
107834  -36.282  -23.029  43.155 0.0000000000
42883  -36.811  -23.250  41.853 0.0000000000
42878  -36.583  -23.603  42.682 0.0000000000
41995  -37.287  -24.549  41.130 0.0000000000
41031  -37.202  -25.479  41.009 0.0000000000
41030  -36.991  -26.130  40.491 0.0000000000
127817  -36.842  -26.565  40.798 0.0000000000
40080  -36.978  -26.362  41.287 0.0000000000
40052  -36.935  -27.013  42.203 0.0000000000
42003  -18.877  -24.506  39.871 0.0000000000
41966  -19.174  -23.994  42.743 0.0000000000
42861  -18.884  -23.730  44.825 0.0000000000
42842  -20.376  -23.397  46.400 0.0000000000
55637  -40.289  -8.842  24.491 0.0000000000
54717  -40.481  -8.864  25.120 0.0000000000
55638  -40.794  -8.321  24.926 0.0000000000
56537  -42.116  -6.929  25.692 0.0000000000
56538  -42.953  -6.897  25.469 0.0000000000
57426  -43.303  -6.413  25.976 0.0000000000
57440  -44.241  -6.180  26.010 0.0000000000
61713  -47.374  -1.552  12.385 0.0000000000
65810  -53.173  3.315  8.000 0.0000000000
65823  -53.919  3.671  7.892 0.0000000000
39049  -14.682  -27.565  47.559 0.0000000000
39024  -13.421  -27.148  50.808 0.0000000000
50181  -41.268  -14.280  46.521 0.0000000000
105824  -41.617  -12.839  45.892 0.0000000000
104374  -41.292  -12.361  46.239 0.0000000000
105144  -41.022  -9.874  46.010 0.0000000000
104394  -41.103  -9.933  45.345 0.0000000000
104398  -41.265  -8.881  45.120 0.0000000000
105046  -42.475  -7.786  44.461 0.0000000000
105220  -41.667  -8.016  45.032 0.0000000000
54509  -40.577  -9.021  46.446 0.0000000000
54503  -40.665  -9.872  46.736 0.0000000000
55397  -40.815  -8.327  45.880 0.0000000000
58984  -42.524  -5.311  44.416 0.0000000000
57202  -41.858  -6.627  45.114 0.0000000000
58134  -42.578  -5.920  44.460 0.0000000000
58143  -43.222  -5.374  44.064 0.0000000000
104471  -43.596  -3.692  43.033 0.0000000000
58171  -43.398  -4.157  42.236 0.0000000000
108578  -43.315  -3.846  42.757 0.0000000000
104415  -42.224  -7.326  43.374 0.0000000000
117163  -21.790  -24.348  42.683 0.0000000000
41969  -22.236  -24.450  42.143 0.0000000000
121814  -23.508  -24.675  41.629 0.0000000000
41981  -24.282  -24.856  41.828 0.0000000000
41005  -24.593  -24.845  42.642 0.0000000000
41018  -24.844  -25.097  41.131 0.0000000000
41052  -24.559  -25.357  38.811 0.0000000000
107172  -25.928  -25.509  39.904 0.0000000000
41029  -26.132  -25.521  40.655 0.0000000000
41019  -25.626  -25.360  41.286 0.0000000000
41020  -26.407  -25.564  41.403 0.0000000000
41007  -26.706  -25.596  42.166 0.0000000000
40060  -27.223  -25.720  41.497 0.0000000000
125350  -28.443  -25.911  40.501 0.0000000000
40063  -29.661  -26.170  41.833 0.0000000000
119719  -35.552  -19.927  44.429 0.0000000000
121322  -35.578  -20.735  42.393 0.0000000000
104327  -35.524  -20.413  47.961 0.0000000000
104324  -35.705  -20.076  47.716 0.0000000000
119987  -36.293  -21.627  45.413 0.0000000000
43683  -35.970  -22.005  44.845 0.0000000000
43676  -36.704  -22.369  45.491 0.0000000000
42846  -36.990  -23.193  46.212 0.0000000000
41918  -36.561  -23.987  46.972 0.0000000000
42847  -37.517  -23.854  45.604 0.0000000000
40943  -35.942  -24.903  47.623 0.0000000000
41894  -35.504  -24.446  48.101 0.0000000000
41884  -35.872  -24.376  48.184 0.0000000000
42822  -36.856  -23.152  48.081 0.0000000000
42823  -36.835  -23.928  48.177 0.0000000000
44490  -37.650  -21.516  47.329 0.0000000000
105354  -38.003  -17.646  47.810 0.0000000000
105493  -37.569  -18.070  47.918 0.0000000000
104346  -38.628  -17.786  47.438 0.0000000000
46877  -38.571  -18.656  47.187 0.0000000000
45288  -38.525  -20.153  46.911 0.0000000000
47697  -39.268  -18.036  47.194 0.0000000000
46878  -39.312  -18.747  46.862 0.0000000000
121138  -39.815  -17.716  47.211 0.0000000000
50175  -40.701  -14.871  47.008 0.0000000000
41978  -21.003  -24.380  41.151 0.0000000000
56386  -44.446  -6.811  37.540 0.0000000000
56411  -44.492  -7.265  35.706 0.0000000000
119268  -45.523  -5.765  35.583 0.0000000000
119199  -44.948  -6.278  35.141 0.0000000000
55533  -43.042  -9.033  33.883 0.0000000000
127439  -43.632  -7.752  33.379 0.0000000000
57321  -44.379  -6.591  33.730 0.0000000000
57309  -44.858  -5.977  34.208 0.0000000000
128191  -44.848  -5.744  33.438 0.0000000000
111734  -44.517  -6.044  32.952 0.0000000000
58271  -45.313  -5.195  32.133 0.0000000000
55678  -46.110  -7.855  22.097 0.0000000000
56583  -45.904  -7.739  22.860 0.0000000000
109041  -46.744  -7.526  22.650 0.0000000000
57467  -49.022  -6.713  23.317 0.0000000000
57443  -48.732  -6.509  24.911 0.0000000000
57455  -49.738  -6.444  24.200 0.0000000000
58389  -50.301  -5.242  22.121 0.0000000000
58378  -49.885  -5.874  22.487 0.0000000000
58379  -50.801  -5.600  22.954 0.0000000000
58369  -51.597  -5.819  24.001 0.0000000000
34728  -6.895  -33.521  50.041 0.0000000000
34736  -7.077  -33.462  49.374 0.0000000000
112502  -6.671  -33.955  49.739 0.0000000000
51127  -35.925  -13.355  25.527 0.0000000000
51969  -36.619  -12.918  25.241 0.0000000000
51142  -35.800  -13.169  24.680 0.0000000000
52916  -36.957  -11.762  23.937 0.0000000000
52928  -37.357  -10.986  23.692 0.0000000000
54729  -38.370  -9.939  23.516 0.0000000000
54760  -39.116  -9.513  22.736 0.0000000000
53862  -40.052  -9.727  22.452 0.0000000000
54762  -41.552  -9.471  22.825 0.0000000000
53863  -41.063  -9.930  22.301 0.0000000000
54763  -42.802  -9.925  21.667 0.0000000000
55693  -44.784  -8.670  21.837 0.0000000000
55706  -44.813  -8.842  21.002 0.0000000000
128107  -45.402  -7.885  19.092 0.0000000000
56612  -45.793  -7.761  19.887 0.0000000000
56622  -46.292  -7.103  19.725 0.0000000000
56614  -47.082  -6.861  20.770 0.0000000000
57502  -46.783  -6.636  20.044 0.0000000000
58432  -46.699  -5.309  17.795 0.0000000000
58423  -47.063  -5.387  18.648 0.0000000000
109995  -47.290  -5.532  19.263 0.0000000000
59211  -47.609  -4.950  19.103 0.0000000000
59212  -48.112  -4.421  19.290 0.0000000000
59222  -47.806  -4.183  18.669 0.0000000000
60044  -48.018  -2.700  18.291 0.0000000000
60807  -48.358  -2.039  18.473 0.0000000000
60808  -48.881  -2.116  19.068 0.0000000000
61648  -48.066  -1.203  18.111 0.0000000000
61655  -47.457  -1.195  17.492 0.0000000000
61671  -46.935  -0.619  16.917 0.0000000000
62531  -46.569  -0.165  16.307 0.0000000000
62541  -47.002  0.232  15.789 0.0000000000
125854  -10.283  -32.083  46.267 0.0000000000
38125  -14.070  -28.038  47.929 0.0000000000
38143  -13.845  -28.909  46.567 0.0000000000
38133  -13.716  -28.762  47.473 0.0000000000
37210  -13.121  -29.196  47.938 0.0000000000
37209  -12.516  -29.563  48.410 0.0000000000
37208  -11.832  -29.853  48.895 0.0000000000
38101  -11.552  -28.314  52.749 0.0000000000
37197  -10.320  -29.491  51.312 0.0000000000
37203  -10.681  -29.843  50.386 0.0000000000
108373  -10.582  -30.871  48.924 0.0000000000
35522  -8.572  -31.930  49.909 0.0000000000
34729  -7.559  -32.841  49.868 0.0000000000
34713  -7.787  -32.431  52.426 0.0000000000
56353  -44.553  -7.609  40.148 0.0000000000
114505  -43.892  -7.242  40.298 0.0000000000
104397  -41.788  -11.394  45.023 0.0000000000
108078  -42.021  -11.192  44.716 0.0000000000
104412  -42.095  -10.123  44.435 0.0000000000
104437  -44.211  -7.452  43.293 0.0000000000
104426  -43.561  -8.939  43.573 0.0000000000
104436  -45.016  -8.032  43.123 0.0000000000
105364  -44.775  -8.874  43.221 0.0000000000
104428  -43.334  -7.856  42.507 0.0000000000
104379  -44.012  -7.170  42.485 0.0000000000
55437  -43.931  -8.140  42.271 0.0000000000
55448  -44.017  -8.518  42.182 0.0000000000
117333  -43.377  -7.157  39.768 0.0000000000
56375  -43.727  -6.891  39.126 0.0000000000
55481  -43.357  -7.732  38.400 0.0000000000
127760  -42.664  -9.017  37.953 0.0000000000
55494  -43.136  -8.640  37.636 0.0000000000
53706  -41.200  -10.391  38.235 0.0000000000
53732  -40.762  -10.842  36.069 0.0000000000
53742  -40.770  -10.783  35.076 0.0000000000
128270  -40.212  -11.182  35.084 0.0000000000
51877  -38.771  -12.990  33.927 0.0000000000
51892  -38.620  -12.785  33.011 0.0000000000
51050  -38.084  -13.325  32.495 0.0000000000
120419  -39.468  -12.222  40.730 0.0000000000
119569  -39.132  -13.500  40.165 0.0000000000
120240  -38.660  -15.335  38.567 0.0000000000
104391  -39.187  -13.934  37.536 0.0000000000
104389  -38.738  -14.968  37.402 0.0000000000
124923  -37.728  -15.387  35.519 0.0000000000
104402  -37.663  -15.148  34.913 0.0000000000
50237  -37.918  -14.532  34.335 0.0000000000
110418  -37.109  -14.986  33.437 0.0000000000
106594  -36.144  -14.871  31.278 0.0000000000
108148  -22.706  -24.404  43.975 0.0000000000
41940  -22.389  -24.210  44.744 0.0000000000
41941  -23.388  -24.413  44.720 0.0000000000
126008  -24.865  -24.547  45.529 0.0000000000
124355  -27.409  -25.190  45.262 0.0000000000
41092  -30.658  -25.610  36.256 0.0000000000
109090  -31.005  -25.447  35.538 0.0000000000
40121  -29.793  -25.744  37.616 0.0000000000
40120  -29.089  -25.721  37.918 0.0000000000
40107  -31.362  -26.271  38.532 0.0000000000
121503  -30.804  -26.232  38.949 0.0000000000
40076  -30.474  -26.318  40.381 0.0000000000
128182  -31.073  -26.429  40.055 0.0000000000
45378  -35.435  -20.441  38.982 0.0000000000
43747  -36.176  -22.261  37.778 0.0000000000
109786  -35.924  -21.448  38.131 0.0000000000
42920  -35.324  -23.021  36.585 0.0000000000
42913  -35.720  -23.505  37.132 0.0000000000
42896  -37.417  -23.601  39.536 0.0000000000
40110  -35.210  -26.414  38.271 0.0000000000
41057  -35.671  -25.600  38.065 0.0000000000
40126  -35.120  -25.791  37.717 0.0000000000
41078  -34.640  -25.512  37.270 0.0000000000
40125  -34.515  -26.125  37.741 0.0000000000
40124  -33.702  -26.334  37.827 0.0000000000
40108  -33.526  -26.852  38.409 0.0000000000
105799  -33.153  -27.653  39.985 0.0000000000
39174  -32.912  -27.286  39.472 0.0000000000
39161  -32.468  -27.237  40.317 0.0000000000
40066  -32.032  -26.802  42.110 0.0000000000
113540  -33.277  -27.793  42.212 0.0000000000
38254  -35.187  -28.545  40.955 0.0000000000
37305  -35.495  -28.684  42.324 0.0000000000
128280  -36.234  -26.183  47.137 0.0000000000
38204  -14.222  -28.419  42.401 0.0000000000
107377  -17.443  -25.508  40.043 0.0000000000
41036  -17.621  -25.274  39.348 0.0000000000
40071  -16.534  -26.416  40.234 0.0000000000
40070  -15.887  -26.940  40.232 0.0000000000
39157  -15.237  -27.414  40.267 0.0000000000
40029  -15.976  -26.934  43.490 0.0000000000
39112  -15.526  -27.472  43.624 0.0000000000
39111  -15.032  -27.871  43.348 0.0000000000
108705  -15.410  -27.532  45.055 0.0000000000
118016  -15.981  -26.787  45.238 0.0000000000
41901  -17.959  -23.912  47.161 0.0000000000
107379  -17.574  -24.578  46.395 0.0000000000
58209  -46.203  -5.722  37.382 0.0000000000
51943  -37.674  -12.741  28.566 0.0000000000
51933  -38.076  -12.510  29.021 0.0000000000
51944  -38.212  -12.385  28.185 0.0000000000
52884  -40.272  -11.111  28.372 0.0000000000
53806  -40.835  -10.768  28.822 0.0000000000
53798  -41.198  -10.546  29.537 0.0000000000
54707  -41.214  -8.773  26.478 0.0000000000
54699  -41.016  -9.735  26.962 0.0000000000
55606  -41.711  -8.273  27.044 0.0000000000
55600  -42.377  -8.373  28.505 0.0000000000
55595  -42.542  -8.514  29.246 0.0000000000
56492  -43.386  -7.228  29.673 0.0000000000
57384  -44.566  -5.484  29.770 0.0000000000
57370  -44.586  -5.670  30.536 0.0000000000
56557  -46.144  -7.097  24.215 0.0000000000
56556  -45.228  -7.175  24.408 0.0000000000
58346  -47.281  -5.504  26.877 0.0000000000
119219  -46.449  -5.783  26.465 0.0000000000
111800  -47.013  -4.578  27.946 0.0000000000
62517  -48.729  0.388  17.923 0.0000000000
63349  -49.413  0.649  18.267 0.0000000000
63366  -49.280  0.734  17.486 0.0000000000
63387  -49.900  0.485  15.956 0.0000000000
63376  -49.955  0.820  16.832 0.0000000000
108979  -50.700  1.029  17.059 0.0000000000
126172  -51.335  1.219  17.270 0.0000000000
63377  -51.472  0.888  16.496 0.0000000000
62556  -49.323  -0.392  14.463 0.0000000000
105584  -49.865  -0.780  13.710 0.0000000000
63395  -52.248  -0.086  14.423 0.0000000000
62545  -51.690  0.008  14.928 0.0000000000
63389  -52.393  0.213  15.192 0.0000000000
116796  -53.060  1.004  16.372 0.0000000000
63379  -53.810  0.791  15.944 0.0000000000
63397  -54.656  0.896  14.566 0.0000000000
63391  -54.991  1.031  15.358 0.0000000000
64184  -55.493  1.578  14.719 0.0000000000
64185  -56.204  2.168  15.195 0.0000000000
64209  -53.049  1.908  10.884 0.0000000000
64208  -52.390  1.391  10.869 0.0000000000
64201  -52.856  1.384  11.376 0.0000000000
64194  -53.639  1.289  12.356 0.0000000000
64203  -54.037  1.910  12.120 0.0000000000
65009  -55.409  2.978  12.821 0.0000000000
64992  -56.218  2.696  14.429 0.0000000000
65000  -56.522  3.581  13.813 0.0000000000
66593  -56.082  4.870  9.281 0.0000000000
65804  -56.611  5.124  10.118 0.0000000000
53559  -39.312  -10.822  47.351 0.0000000000
104356  -37.982  -14.569  48.354 0.0000000000
52852  -39.496  -11.589  32.240 0.0000000000
52846  -40.071  -11.125  32.661 0.0000000000
51915  -39.345  -11.672  31.419 0.0000000000
52860  -39.156  -11.765  30.569 0.0000000000
60792  -49.993  -2.436  20.333 0.0000000000
60780  -50.611  -2.442  21.025 0.0000000000
61629  -50.983  -1.687  21.382 0.0000000000
62465  -52.277  0.028  22.752 0.0000000000
62473  -51.991  0.629  22.036 0.0000000000
63326  -52.281  1.320  21.656 0.0000000000
63332  -51.207  0.972  20.582 0.0000000000
63342  -51.014  1.200  19.830 0.0000000000
111258  -13.258  -29.053  42.688 0.0000000000
37236  -13.478  -29.300  45.233 0.0000000000
122120  -41.358  -9.028  42.601 0.0000000000
52781  -39.969  -11.597  39.977 0.0000000000
40033  -28.839  -25.818  43.434 0.0000000000
40034  -29.704  -25.920  43.582 0.0000000000
40022  -31.014  -26.083  44.688 0.0000000000
40036  -31.491  -26.290  43.764 0.0000000000
40051  -32.166  -26.704  43.180 0.0000000000
41009  -36.991  -25.135  42.678 0.0000000000
40067  -37.106  -25.920  42.134 0.0000000000
40996  -37.191  -25.548  43.428 0.0000000000
41953  -19.578  -23.821  43.436 0.0000000000
42870  -19.206  -23.732  44.204 0.0000000000
111029  -19.570  -23.596  44.978 0.0000000000
42854  -20.404  -23.572  45.488 0.0000000000
55661  -41.427  -8.325  24.136 0.0000000000
55649  -41.141  -7.948  24.860 0.0000000000
55650  -41.941  -7.803  24.584 0.0000000000
56554  -43.439  -7.359  24.774 0.0000000000
105427  -40.797  -13.953  47.000 0.0000000000
105156  -41.145  -11.012  46.134 0.0000000000
105304  -41.036  -11.374  46.498 0.0000000000
57201  -41.157  -6.670  45.435 0.0000000000
58125  -41.498  -6.127  45.234 0.0000000000
58133  -42.020  -5.600  45.063 0.0000000000
119891  -42.845  -4.328  42.836 0.0000000000
124138  -22.044  -24.572  39.962 0.0000000000
41993  -22.299  -24.563  40.612 0.0000000000
41026  -23.792  -24.919  40.086 0.0000000000
108047  -25.904  -25.534  37.959 0.0000000000
41053  -25.390  -25.524  38.550 0.0000000000
41041  -26.523  -25.588  39.447 0.0000000000
40086  -26.557  -25.601  40.126 0.0000000000
40087  -27.305  -25.700  39.893 0.0000000000
40088  -28.194  -25.832  39.999 0.0000000000
125641  -28.621  -25.871  39.462 0.0000000000
104333  -36.003  -19.955  48.614 0.0000000000
105373  -35.795  -20.956  47.798 0.0000000000
104323  -36.276  -22.051  47.101 0.0000000000
41883  -35.496  -24.013  48.095 0.0000000000
42821  -35.529  -23.513  47.919 0.0000000000
44486  -37.082  -21.257  47.697 0.0000000000
105752  -38.602  -17.025  47.923 0.0000000000
48492  -39.533  -16.250  47.390 0.0000000000
48500  -39.992  -16.611  47.195 0.0000000000
106073  -20.692  -24.403  38.891 0.0000000000
42006  -21.262  -24.474  39.643 0.0000000000
55508  -43.603  -8.509  36.775 0.0000000000
56397  -44.171  -7.638  36.665 0.0000000000
55521  -43.674  -8.406  34.900 0.0000000000
119275  -42.899  -8.752  32.452 0.0000000000
56453  -43.602  -7.538  32.661 0.0000000000
56468  -43.596  -7.325  31.846 0.0000000000
57354  -44.043  -6.389  31.430 0.0000000000
56585  -47.616  -7.220  22.433 0.0000000000
56601  -48.010  -6.852  21.883 0.0000000000
56586  -48.562  -6.775  22.518 0.0000000000
57479  -49.453  -6.457  22.841 0.0000000000
59169  -51.961  -4.691  23.242 0.0000000000
58380  -51.879  -5.443  23.658 0.0000000000
64167  -56.143  2.451  17.283 0.0000000000
54742  -37.935  -9.620  23.040 0.0000000000
54806  -43.956  -9.272  19.751 0.0000000000
55717  -44.642  -8.832  20.119 0.0000000000
107776  -44.437  -8.800  19.210 0.0000000000
119465  -44.885  -8.301  18.707 0.0000000000
56632  -45.310  -7.646  18.206 0.0000000000
59229  -46.781  -4.514  17.396 0.0000000000
59230  -47.380  -3.917  17.918 0.0000000000
60042  -46.829  -3.600  17.238 0.0000000000
60814  -47.287  -2.108  17.480 0.0000000000
60829  -46.828  -1.595  17.066 0.0000000000
112679  -10.683  -31.739  46.118 0.0000000000
109650  -10.405  -31.884  46.732 0.0000000000
38120  -13.256  -28.110  49.295 0.0000000000
38119  -12.665  -28.437  49.717 0.0000000000
38118  -12.122  -28.706  50.077 0.0000000000
124951  -10.616  -29.002  53.403 0.0000000000
36298  -9.531  -29.827  51.803 0.0000000000
36301  -9.847  -30.168  50.917 0.0000000000
110146  -9.164  -30.431  51.486 0.0000000000
35515  -8.446  -30.969  51.723 0.0000000000
35512  -8.521  -31.610  53.116 0.0000000000
105147  -42.562  -8.491  44.368 0.0000000000
105535  -42.383  -9.044  44.380 0.0000000000
104427  -43.520  -7.700  43.528 0.0000000000
120029  -44.287  -6.686  43.312 0.0000000000
104444  -45.097  -6.210  42.566 0.0000000000
52816  -40.259  -11.375  36.511 0.0000000000
119513  -39.858  -11.610  35.177 0.0000000000
41958  -24.206  -24.659  43.297 0.0000000000
41942  -24.379  -24.599  44.177 0.0000000000
41943  -25.123  -24.672  44.918 0.0000000000
40970  -28.409  -25.667  46.422 0.0000000000
42076  -33.245  -24.069  34.906 0.0000000000
42075  -32.462  -24.506  34.573 0.0000000000
41093  -31.526  -25.545  36.083 0.0000000000
40131  -31.286  -25.760  36.812 0.0000000000
40123  -32.097  -26.341  38.237 0.0000000000
45368  -35.856  -20.731  39.652 0.0000000000
44557  -36.359  -21.258  39.751 0.0000000000
44558  -36.599  -21.701  39.138 0.0000000000
43736  -36.678  -22.747  38.229 0.0000000000
108043  -36.627  -25.752  39.191 0.0000000000
42009  -36.938  -24.948  39.015 0.0000000000
40111  -35.991  -26.102  38.699 0.0000000000
39190  -34.100  -27.373  38.817 0.0000000000
39162  -33.185  -27.823  40.653 0.0000000000
38232  -34.293  -28.503  41.430 0.0000000000
41016  -17.652  -25.282  41.712 0.0000000000
41024  -17.021  -25.891  40.328 0.0000000000
41015  -17.127  -25.812  41.512 0.0000000000
40059  -16.634  -26.382  41.830 0.0000000000
40058  -15.950  -27.034  41.845 0.0000000000
40014  -16.329  -26.553  44.250 0.0000000000
42816  -18.676  -23.077  48.506 0.0000000000
42828  -17.944  -23.644  48.288 0.0000000000
113147  -38.132  -12.360  27.291 0.0000000000
52892  -38.968  -11.874  27.615 0.0000000000
52893  -39.856  -11.298  27.509 0.0000000000
53813  -40.611  -10.615  27.459 0.0000000000
56525  -41.920  -7.408  26.628 0.0000000000
117327  -42.489  -6.871  27.063 0.0000000000
57401  -42.933  -6.876  27.984 0.0000000000
56499  -43.459  -6.732  28.898 0.0000000000
116905  -43.890  -5.930  29.088 0.0000000000
58305  -45.250  -4.813  29.717 0.0000000000
57442  -47.679  -6.580  25.183 0.0000000000
57430  -48.060  -6.167  25.917 0.0000000000
58347  -48.484  -5.512  26.887 0.0000000000
58334  -48.983  -4.680  28.001 0.0000000000
62533  -48.243  0.428  16.537 0.0000000000
121663  -48.441  0.366  15.824 0.0000000000
63386  -49.038  0.398  15.886 0.0000000000
62543  -49.690  0.078  15.175 0.0000000000
63396  -53.173  0.205  14.630 0.0000000000
108446  -53.955  0.491  14.356 0.0000000000
63404  -54.307  1.025  13.645 0.0000000000
65029  -52.154  2.454  9.031 0.0000000000
106495  -52.677  2.431  9.589 0.0000000000
64219  -53.232  2.436  10.238 0.0000000000
65022  -53.722  2.450  10.943 0.0000000000
65016  -54.177  2.426  11.618 0.0000000000
65017  -54.745  2.950  11.702 0.0000000000
107506  -55.273  3.273  12.116 0.0000000000
65781  -56.038  3.875  12.499 0.0000000000
67440  -57.354  5.982  8.681 0.0000000000
124320  -57.859  6.014  9.318 0.0000000000
105284  -40.393  -11.299  47.136 0.0000000000
126866  -40.332  -10.005  47.191 0.0000000000
57200  -40.643  -6.602  45.988 0.0000000000
42021  -23.227  -24.970  38.166 0.0000000000
41088  -25.233  -25.500  36.808 0.0000000000
41089  -26.837  -25.492  36.879 0.0000000000
127576  -27.491  -25.514  36.915 0.0000000000
46861  -35.285  -18.412  49.302 0.0000000000
104332  -35.182  -19.846  49.127 0.0000000000
105280  -36.495  -17.282  49.096 0.0000000000
125264  -36.264  -17.824  49.103 0.0000000000
127934  -35.917  -19.685  48.777 0.0000000000
104337  -36.227  -19.186  48.610 0.0000000000
45281  -36.407  -19.917  48.268 0.0000000000
46076  -36.874  -19.279  48.123 0.0000000000
104348  -37.848  -17.072  48.251 0.0000000000
104352  -38.501  -15.497  47.779 0.0000000000
53743  -41.730  -10.345  35.154 0.0000000000
53750  -42.217  -10.130  34.480 0.0000000000
53760  -41.942  -10.303  33.656 0.0000000000
54668  -42.217  -9.997  32.802 0.0000000000
53773  -41.668  -10.380  32.237 0.0000000000
54667  -42.076  -9.935  31.826 0.0000000000
54680  -42.324  -9.282  30.491 0.0000000000
58396  -48.443  -5.329  20.554 0.0000000000
58397  -49.100  -5.023  20.971 0.0000000000
59180  -49.874  -4.746  21.379 0.0000000000
59181  -50.601  -4.501  21.851 0.0000000000
60006  -50.740  -3.218  21.376 0.0000000000
122178  -50.822  -3.850  21.724 0.0000000000
59182  -51.294  -4.209  22.329 0.0000000000
59980  -53.152  -3.578  24.089 0.0000000000
64129  -53.253  1.940  22.087 0.0000000000
64153  -53.133  1.981  18.538 0.0000000000
37282  -12.623  -29.518  42.808 0.0000000000
36360  -12.062  -30.061  43.427 0.0000000000
122425  -11.950  -30.583  45.674 0.0000000000
36324  -12.043  -30.526  46.401 0.0000000000
104456  -44.314  -4.553  41.928 0.0000000000
105440  -45.195  -4.721  41.825 0.0000000000
127356  -39.918  -12.036  37.763 0.0000000000
40992  -26.618  -25.326  43.531 0.0000000000
40980  -27.589  -25.344  44.627 0.0000000000
40981  -28.211  -25.451  45.401 0.0000000000
119270  -29.069  -25.743  45.926 0.0000000000
114340  -31.234  -26.381  45.518 0.0000000000
42942  -33.537  -23.227  34.516 0.0000000000
42930  -33.902  -23.632  35.336 0.0000000000
42067  -33.573  -24.408  35.673 0.0000000000
42055  -34.386  -24.036  36.077 0.0000000000
43707  -36.627  -22.425  41.592 0.0000000000
110343  -36.909  -22.191  40.768 0.0000000000
125877  -37.105  -22.851  41.153 0.0000000000
42889  -37.480  -24.004  40.348 0.0000000000
41982  -36.982  -24.238  42.065 0.0000000000
41044  -37.165  -25.432  39.895 0.0000000000
41043  -36.796  -26.131  39.828 0.0000000000
39178  -35.951  -27.300  39.834 0.0000000000
39164  -36.177  -27.604  40.766 0.0000000000
39148  -36.475  -27.937  42.004 0.0000000000
41037  -18.352  -24.730  39.239 0.0000000000
42002  -18.101  -24.874  40.172 0.0000000000
41988  -18.181  -24.816  41.137 0.0000000000
40976  -17.567  -24.960  44.322 0.0000000000
40965  -17.691  -24.714  45.062 0.0000000000
41911  -18.304  -23.862  46.093 0.0000000000
42853  -18.872  -23.621  45.507 0.0000000000
123482  -18.847  -23.515  46.082 0.0000000000
42840  -18.826  -23.384  46.784 0.0000000000
53830  -39.786  -9.986  25.213 0.0000000000
54705  -40.164  -10.086  25.968 0.0000000000
107454  -40.220  -9.460  25.371 0.0000000000
55618  -40.957  -8.428  25.612 0.0000000000
56552  -41.667  -7.440  25.311 0.0000000000
56536  -41.662  -7.273  25.891 0.0000000000
56526  -42.182  -6.835  26.267 0.0000000000
57417  -42.829  -6.448  26.544 0.0000000000
108613  -43.550  -5.979  26.683 0.0000000000
62568  -48.227  -0.897  13.605 0.0000000000
61705  -47.801  -1.333  13.049 0.0000000000
61706  -48.664  -1.269  12.974 0.0000000000
61715  -49.033  -1.377  12.313 0.0000000000
65038  -52.793  2.876  8.748 0.0000000000
125378  -53.881  3.205  9.516 0.0000000000
65802  -54.543  3.595  9.493 0.0000000000
65812  -55.236  4.178  9.100 0.0000000000
66600  -55.616  4.616  8.357 0.0000000000
66599  -54.718  4.198  7.595 0.0000000000
66601  -56.570  5.388  8.747 0.0000000000
39076  -14.958  -27.879  45.655 0.0000000000
110839  -14.458  -28.375  46.145 0.0000000000
39029  -13.559  -27.302  49.853 0.0000000000
119933  -41.558  -12.085  45.650 0.0000000000
105025  -41.323  -11.099  45.485 0.0000000000
105178  -41.325  -10.421  45.566 0.0000000000
104431  -41.500  -9.412  44.631 0.0000000000
104405  -42.046  -8.364  44.790 0.0000000000
104421  -43.402  -6.806  44.023 0.0000000000
58144  -43.891  -5.604  43.592 0.0000000000
104387  -40.872  -9.586  46.154 0.0000000000
55411  -41.072  -8.605  45.322 0.0000000000
56297  -41.437  -7.283  45.224 0.0000000000
56309  -42.162  -7.181  44.865 0.0000000000
57212  -43.232  -6.164  44.130 0.0000000000
104470  -44.296  -4.635  43.203 0.0000000000
105238  -43.665  -3.721  42.564 0.0000000000
105264  -42.387  -8.037  43.153 0.0000000000
108358  -21.845  -24.194  44.078 0.0000000000
126538  -22.918  -24.491  43.267 0.0000000000
111255  -22.919  -24.545  42.002 0.0000000000
41006  -25.425  -25.122  42.757 0.0000000000
41038  -23.690  -25.040  39.060 0.0000000000
41027  -24.591  -25.147  40.284 0.0000000000
41040  -25.142  -25.414  39.532 0.0000000000
109530  -26.241  -25.369  42.840 0.0000000000
40046  -28.146  -25.872  42.346 0.0000000000
40061  -28.022  -25.883  41.666 0.0000000000
40062  -28.732  -25.981  42.048 0.0000000000
40064  -30.479  -26.357  41.255 0.0000000000
119645  -35.417  -19.970  42.267 0.0000000000
104980  -35.610  -20.417  41.490 0.0000000000
44532  -35.907  -21.136  41.739 0.0000000000
44519  -35.861  -21.559  42.567 0.0000000000
104365  -36.316  -19.910  46.362 0.0000000000
119942  -35.923  -20.080  45.322 0.0000000000
105039  -36.265  -20.913  45.810 0.0000000000
44511  -35.804  -21.967  43.213 0.0000000000
43699  -36.078  -22.326  42.793 0.0000000000
122252  -35.963  -22.504  43.444 0.0000000000
43693  -36.070  -23.015  43.903 0.0000000000
42864  -36.567  -23.515  44.320 0.0000000000
42865  -37.373  -23.933  44.781 0.0000000000
41920  -37.669  -24.542  45.788 0.0000000000
40959  -37.426  -25.033  46.279 0.0000000000
118822  -36.702  -24.922  46.768 0.0000000000
108790  -35.845  -25.909  47.541 0.0000000000
127235  -35.862  -25.526  47.605 0.0000000000
40914  -36.258  -24.929  48.124 0.0000000000
40915  -36.824  -25.042  48.124 0.0000000000
112399  -37.567  -23.076  47.420 0.0000000000
45282  -37.068  -20.065  47.806 0.0000000000
118592  -37.354  -20.772  47.503 0.0000000000
46876  -37.833  -18.903  47.416 0.0000000000
45287  -37.731  -20.136  47.339 0.0000000000
117118  -38.155  -20.862  47.098 0.0000000000
45289  -39.222  -20.075  46.536 0.0000000000
115228  -40.211  -17.254  47.200 0.0000000000
48501  -40.549  -16.529  47.061 0.0000000000
42016  -18.509  -24.589  38.397 0.0000000000
42004  -19.563  -24.384  39.725 0.0000000000
42005  -20.299  -24.379  39.683 0.0000000000
57271  -45.047  -5.975  37.914 0.0000000000
56398  -44.697  -6.880  36.614 0.0000000000
58218  -45.663  -5.800  36.348 0.0000000000
115078  -46.031  -5.342  35.606 0.0000000000
54642  -42.821  -9.523  34.706 0.0000000000
54643  -43.285  -8.880  34.579 0.0000000000
56424  -43.879  -7.825  34.535 0.0000000000
56425  -44.358  -7.080  34.627 0.0000000000
57340  -44.813  -5.510  32.319 0.0000000000
55676  -44.621  -8.418  22.611 0.0000000000
55664  -44.318  -8.160  23.330 0.0000000000
55665  -45.094  -7.937  23.103 0.0000000000
56558  -47.063  -7.121  23.994 0.0000000000
56571  -47.350  -7.295  23.229 0.0000000000
56559  -47.785  -7.055  23.729 0.0000000000
57453  -47.762  -6.838  24.416 0.0000000000
57432  -50.784  -5.977  26.287 0.0000000000
57456  -51.515  -6.168  25.011 0.0000000000
33944  -7.449  -33.430  48.472 0.0000000000
50285  -36.188  -14.142  29.661 0.0000000000
106333  -37.277  -13.272  29.799 0.0000000000
115889  -36.160  -13.908  28.972 0.0000000000
51098  -36.477  -13.538  28.433 0.0000000000
51109  -36.843  -13.161  27.752 0.0000000000
51107  -35.823  -13.659  26.985 0.0000000000
126850  -36.813  -13.058  26.522 0.0000000000
51958  -37.035  -12.882  26.017 0.0000000000
51971  -37.692  -12.478  25.959 0.0000000000
52908  -37.952  -11.990  25.111 0.0000000000
51979  -36.486  -12.528  24.299 0.0000000000
52917  -37.675  -11.491  24.285 0.0000000000
52918  -38.406  -11.149  24.562 0.0000000000
53838  -38.750  -10.217  24.145 0.0000000000
54731  -39.723  -9.251  24.128 0.0000000000
54744  -39.909  -8.924  24.036 0.0000000000
54743  -38.772  -9.684  23.357 0.0000000000
119023  -39.588  -9.183  23.443 0.0000000000
126906  -40.163  -8.792  23.818 0.0000000000
54745  -40.968  -8.816  23.624 0.0000000000
54746  -42.000  -8.972  23.370 0.0000000000
123312  -43.436  -8.994  22.692 0.0000000000
53864  -41.966  -10.029  22.097 0.0000000000
114148  -43.491  -9.440  21.978 0.0000000000
54764  -44.099  -8.909  22.238 0.0000000000
55695  -46.238  -7.812  21.481 0.0000000000
55707  -45.345  -8.378  20.471 0.0000000000
55708  -46.042  -7.897  20.802 0.0000000000
56599  -46.684  -7.458  21.172 0.0000000000
58395  -47.815  -5.733  20.289 0.0000000000
57520  -45.947  -6.742  18.120 0.0000000000
57521  -46.579  -5.974  18.390 0.0000000000
57510  -46.516  -6.504  19.168 0.0000000000
57511  -47.188  -5.993  19.713 0.0000000000
58409  -48.134  -4.972  19.837 0.0000000000
124178  -48.517  -4.294  19.686 0.0000000000
59213  -49.064  -3.760  19.935 0.0000000000
60036  -47.940  -3.404  18.435 0.0000000000
60028  -48.972  -2.966  19.420 0.0000000000
61639  -49.287  -1.451  19.302 0.0000000000
62489  -49.415  -0.540  19.213 0.0000000000
62499  -48.365  -0.316  18.129 0.0000000000
62516  -48.099  0.178  17.431 0.0000000000
62515  -47.529  -0.227  17.187 0.0000000000
128030  -47.754  0.205  16.937 0.0000000000
61703  -46.123  -1.237  13.002 0.0000000000
124062  -13.255  -29.520  46.039 0.0000000000
37226  -12.637  -29.967  46.676 0.0000000000
36317  -12.117  -30.391  47.205 0.0000000000
36316  -11.550  -30.884  46.910 0.0000000000
38107  -11.986  -27.979  52.125 0.0000000000
38112  -11.736  -28.582  50.814 0.0000000000
37204  -11.565  -29.372  49.949 0.0000000000
122383  -10.704  -28.946  51.744 0.0000000000
37198  -11.043  -29.070  50.958 0.0000000000
110956  -11.547  -30.701  47.662 0.0000000000
36315  -11.100  -31.101  47.362 0.0000000000
35529  -10.492  -31.592  47.500 0.0000000000
35523  -9.706  -31.335  49.371 0.0000000000
34737  -7.866  -32.955  48.919 0.0000000000
34723  -7.081  -33.376  50.649 0.0000000000
33918  -7.260  -33.282  51.268 0.0000000000
104393  -42.268  -11.425  44.390 0.0000000000
120013  -43.186  -9.437  44.035 0.0000000000
105404  -44.984  -5.719  41.978 0.0000000000
57243  -44.984  -6.219  42.250 0.0000000000
104451  -44.528  -7.085  42.479 0.0000000000
109069  -45.079  -7.355  42.705 0.0000000000
55449  -45.203  -8.221  42.580 0.0000000000
55458  -43.733  -8.630  41.497 0.0000000000
54627  -42.064  -10.086  35.972 0.0000000000
53720  -41.310  -10.415  37.376 0.0000000000
54610  -41.971  -9.978  36.938 0.0000000000
52828  -39.629  -11.827  34.609 0.0000000000
52837  -39.613  -11.683  33.892 0.0000000000
52845  -39.550  -11.582  33.062 0.0000000000
51906  -39.039  -12.071  32.632 0.0000000000
51062  -37.955  -13.086  31.520 0.0000000000
119831  -39.634  -11.028  42.145 0.0000000000
51836  -39.418  -13.016  39.383 0.0000000000
51006  -39.202  -13.581  36.559 0.0000000000
105207  -38.149  -15.302  36.121 0.0000000000
51005  -38.747  -14.431  36.348 0.0000000000
51023  -38.691  -13.992  35.381 0.0000000000
108617  -38.494  -13.848  34.508 0.0000000000
104418  -36.714  -15.013  32.709 0.0000000000
50247  -37.527  -14.219  32.843 0.0000000000
117568  -37.616  -13.715  32.085 0.0000000000
50275  -36.779  -14.144  30.947 0.0000000000
51075  -36.770  -13.780  30.119 0.0000000000
41927  -22.815  -24.159  45.510 0.0000000000
40967  -26.027  -24.769  45.269 0.0000000000
106615  -27.579  -25.471  36.240 0.0000000000
41074  -28.077  -25.560  36.964 0.0000000000
41056  -28.356  -25.618  37.769 0.0000000000
40105  -29.308  -25.953  39.277 0.0000000000
40106  -30.536  -26.000  38.212 0.0000000000
40089  -30.120  -26.098  39.058 0.0000000000
106074  -29.863  -26.144  39.872 0.0000000000
44592  -34.980  -21.195  36.972 0.0000000000
45388  -35.685  -20.978  38.479 0.0000000000
109391  -35.631  -21.723  37.386 0.0000000000
43760  -35.279  -22.114  36.662 0.0000000000
41096  -34.742  -24.759  36.793 0.0000000000
43727  -37.302  -22.834  39.409 0.0000000000
42905  -37.131  -23.220  38.779 0.0000000000
42904  -36.709  -23.621  38.196 0.0000000000
42022  -36.575  -24.477  38.301 0.0000000000
41080  -35.968  -24.825  37.839 0.0000000000
42038  -36.187  -23.996  37.673 0.0000000000
42037  -35.542  -24.368  37.226 0.0000000000
109284  -34.050  -25.309  36.839 0.0000000000
40133  -32.996  -25.961  37.369 0.0000000000
109872  -32.885  -26.388  38.038 0.0000000000
109382  -31.939  -26.541  38.874 0.0000000000
39189  -33.399  -27.262  38.948 0.0000000000
40077  -31.691  -26.697  40.174 0.0000000000
40065  -31.288  -26.535  41.663 0.0000000000
39118  -32.907  -27.145  43.729 0.0000000000
107552  -34.855  -28.636  41.432 0.0000000000
38233  -34.886  -28.669  42.348 0.0000000000
38222  -13.405  -28.653  41.498 0.0000000000
38203  -13.602  -28.735  42.228 0.0000000000
118324  -14.612  -28.246  43.814 0.0000000000
111194  -14.922  -27.774  41.014 0.0000000000
39139  -15.299  -27.631  41.814 0.0000000000
39125  -14.880  -27.976  42.536 0.0000000000
122711  -14.911  -28.018  44.943 0.0000000000
39077  -15.460  -27.261  45.903 0.0000000000
51923  -37.876  -12.740  29.883 0.0000000000
51934  -38.461  -12.271  29.529 0.0000000000
110913  -39.749  -11.411  29.952 0.0000000000
52871  -39.626  -11.504  29.050 0.0000000000
110068  -41.811  -9.900  30.060 0.0000000000
53823  -40.560  -10.176  26.618 0.0000000000
53814  -41.176  -10.024  27.866 0.0000000000
55599  -41.944  -8.709  27.984 0.0000000000
54693  -41.644  -9.527  28.341 0.0000000000
54687  -42.208  -9.198  29.650 0.0000000000
55588  -42.657  -8.591  30.071 0.0000000000
56481  -43.163  -7.781  30.488 0.0000000000
55653  -44.754  -7.656  23.860 0.0000000000
56555  -44.335  -7.265  24.584 0.0000000000
56540  -44.769  -6.723  25.156 0.0000000000
110546  -46.162  -6.288  25.726 0.0000000000
57441  -45.233  -6.267  25.796 0.0000000000
109555  -44.859  -5.797  26.480 0.0000000000
58344  -45.104  -5.297  27.247 0.0000000000
108684  -45.999  -4.196  28.777 0.0000000000
58331  -45.368  -4.667  28.260 0.0000000000
58322  -45.777  -4.374  29.409 0.0000000000
62501  -49.668  0.402  18.993 0.0000000000
63351  -51.048  1.332  18.895 0.0000000000
63367  -50.001  0.992  17.726 0.0000000000
63352  -51.635  1.479  17.962 0.0000000000
64165  -52.560  1.645  17.829 0.0000000000
62544  -50.754  0.116  15.207 0.0000000000
63370  -53.006  1.455  17.084 0.0000000000
121655  -53.452  1.751  17.671 0.0000000000
64166  -54.403  1.932  17.635 0.0000000000
106303  -55.118  1.655  16.792 0.0000000000
63381  -55.299  1.292  16.003 0.0000000000
108945  -55.915  1.886  16.371 0.0000000000
64178  -56.633  2.440  15.993 0.0000000000
63412  -53.213  0.605  12.745 0.0000000000
63413  -53.780  0.931  13.016 0.0000000000
64189  -54.958  2.025  13.275 0.0000000000
109737  -55.476  2.050  13.973 0.0000000000
107407  -57.686  5.746  10.159 0.0000000000
35511  -8.025  -31.693  52.730 0.0000000000
36294  -8.624  -30.473  52.819 0.0000000000
36300  -9.197  -30.839  50.845 0.0000000000
36310  -11.379  -30.515  48.487 0.0000000000
38098  -10.834  -28.711  53.060 0.0000000000
38156  -14.475  -28.426  45.292 0.0000000000
38269  -33.613  -27.992  40.147 0.0000000000
40913  -35.622  -24.935  48.005 0.0000000000
41071  -25.286  -25.527  37.671 0.0000000000
41076  -29.882  -25.642  36.739 0.0000000000
41108  -30.379  -25.488  35.433 0.0000000000
41125  -32.148  -24.997  35.082 0.0000000000
41900  -17.241  -24.734  47.243 0.0000000000
41936  -18.062  -24.415  44.542 0.0000000000
41937  -18.586  -24.015  44.350 0.0000000000
41960  -36.988  -24.973  43.879 0.0000000000
41979  -22.393  -24.512  41.451 0.0000000000
42835  -37.394  -23.891  47.665 0.0000000000
43716  -37.006  -22.038  39.796 0.0000000000
44570  -36.439  -21.915  38.476 0.0000000000
45297  -39.139  -20.899  46.459 0.0000000000
46077  -37.440  -19.430  47.576 0.0000000000
46868  -37.341  -18.674  47.881 0.0000000000
50255  -37.191  -14.259  32.160 0.0000000000
50314  -36.157  -13.603  27.725 0.0000000000
51099  -37.127  -13.113  28.516 0.0000000000
51108  -36.554  -13.278  27.016 0.0000000000
51905  -38.570  -12.576  32.117 0.0000000000
51959  -37.325  -12.786  26.872 0.0000000000
51970  -37.317  -12.551  25.400 0.0000000000
52733  -42.191  -11.972  44.529 0.0000000000
52870  -39.020  -11.834  29.697 0.0000000000
52900  -38.688  -11.948  26.660 0.0000000000
52909  -38.376  -11.990  25.888 0.0000000000
53807  -41.274  -10.255  28.670 0.0000000000
53829  -39.164  -10.741  24.995 0.0000000000
53839  -39.453  -9.745  24.415 0.0000000000
54730  -39.109  -9.628  23.825 0.0000000000
54747  -42.817  -8.887  23.149 0.0000000000
54781  -43.507  -9.636  21.156 0.0000000000
57225  -45.192  -5.727  42.570 0.0000000000
57235  -45.285  -5.984  42.188 0.0000000000
58158  -44.408  -5.661  43.331 0.0000000000
58183  -45.483  -5.399  41.819 0.0000000000
58991  -42.481  -4.853  44.228 0.0000000000
58992  -43.089  -4.727  44.077 0.0000000000
58994  -43.982  -5.070  43.534 0.0000000000
59826  -44.233  -4.946  43.362 0.0000000000
60007  -51.293  -3.382  22.034 0.0000000000
60752  -53.220  -2.585  24.105 0.0000000000
62540  -46.405  0.077  15.525 0.0000000000
62581  -51.988  -0.204  12.826 0.0000000000
63378  -52.314  0.710  16.011 0.0000000000
104329  -35.382  -20.400  48.207 0.0000000000
104330  -35.515  -20.325  48.651 0.0000000000
104338  -36.056  -18.435  49.086 0.0000000000
104339  -36.721  -18.496  48.408 0.0000000000
104343  -37.462  -17.618  48.183 0.0000000000
104345  -40.892  -10.935  45.136 0.0000000000
104349  -40.898  -11.408  45.088 0.0000000000
104353  -41.278  -11.224  45.500 0.0000000000
104360  -42.622  -9.205  44.267 0.0000000000
104366  -43.866  -8.167  43.412 0.0000000000
104371  -41.050  -12.308  46.785 0.0000000000
104375  -41.313  -11.767  46.097 0.0000000000
104378  -42.440  -9.175  44.330 0.0000000000
104382  -41.548  -12.199  45.652 0.0000000000
104385  -41.121  -10.741  45.372 0.0000000000
104406  -41.363  -9.970  44.749 0.0000000000
104409  -37.183  -15.303  34.308 0.0000000000
104413  -42.079  -8.909  44.661 0.0000000000
104430  -41.047  -11.284  45.525 0.0000000000
104450  -45.048  -6.419  42.377 0.0000000000
104457  -45.442  -5.753  41.927 0.0000000000
104459  -45.490  -5.529  42.256 0.0000000000
104460  -45.722  -5.374  41.836 0.0000000000
104462  -44.871  -4.532  42.914 0.0000000000
104463  -44.729  -4.282  42.470 0.0000000000
104466  -44.335  -3.740  42.976 0.0000000000
104940  -35.600  -20.157  40.541 0.0000000000
105065  -41.119  -10.748  46.108 0.0000000000
105166  -43.023  -8.979  44.164 0.0000000000
105191  -44.295  -6.148  43.386 0.0000000000
105211  -42.803  -4.214  43.210 0.0000000000
105305  -36.214  -14.463  30.474 0.0000000000
105342  -41.883  -10.857  44.763 0.0000000000
105374  -42.377  -9.416  44.335 0.0000000000
105754  -41.526  -9.110  44.756 0.0000000000
107577  -41.058  -11.208  45.097 0.0000000000
109462  -40.844  -8.979  45.784 0.0000000000
111292  -45.394  -4.836  42.330 0.0000000000
116575  -41.059  -10.164  46.020 0.0000000000
118729  -36.804  -20.651  47.916 0.0000000000
119806  -41.610  -10.752  44.936 0.0000000000
119921  -41.388  -11.462  45.518 0.0000000000
119983  -41.226  -10.926  45.980 0.0000000000
119989  -43.137  -7.959  44.174 0.0000000000
120007  -42.824  -9.556  44.168 0.0000000000
120020  -41.763  -11.032  44.898 0.0000000000
121333  -44.588  -6.283  43.221 0.0000000000
124847  -36.781  -13.520  29.237 0.0000000000
125357  -23.015  -24.589  41.487 0.0000000000
126481  -49.459  -2.986  19.945 0.0000000000
126680  -38.483  -14.583  35.750 0.0000000000
127870  -38.985  -9.461  23.350 0.0000000000
128334  -36.942  -25.604  46.536 0.0000000000
