#!ascii label  , from subject sub-v2s7x29798_ses-1 vox2ras=TkReg
766
13319  30.872  -64.627  -41.038 0.3000000119
20452  32.225  -55.726  -37.307 0.6000000238
124077  31.938  -53.142  -35.216 0.6999999881
22141  31.318  -53.270  -34.919 0.6999999881
13307  31.268  -64.036  -40.441 0.4000000060
109094  32.380  -61.090  -36.383 0.4000000060
108753  32.919  -64.338  -39.765 0.5000000000
108051  33.494  -65.328  -40.266 0.5000000000
19633  32.747  -56.439  -37.467 0.6999999881
21303  31.784  -54.993  -37.020 0.6999999881
21302  32.690  -54.975  -36.983 0.5000000000
22155  33.069  -53.176  -35.829 0.6000000238
118640  32.280  -53.373  -35.708 0.6000000238
22991  32.957  -52.553  -34.595 0.6999999881
22980  31.624  -52.550  -33.573 0.6999999881
14076  32.004  -63.807  -38.898 0.5000000000
15542  33.055  -61.255  -36.822 0.4000000060
13292  31.929  -63.957  -39.879 0.6000000238
17222  33.172  -59.604  -37.230 0.4000000060
116473  32.939  -58.725  -37.478 0.5000000000
14075  33.179  -64.017  -38.840 0.6000000238
18048  33.174  -57.828  -37.574 0.6000000238
19632  33.353  -57.029  -37.533 0.6000000238
13281  34.487  -64.611  -38.953 0.6000000238
112030  33.624  -56.288  -37.402 0.6000000238
21289  33.147  -54.258  -36.621 0.6000000238
22154  33.900  -52.972  -35.957 0.6000000238
22989  34.655  -52.219  -34.906 0.6999999881
23004  33.422  -52.723  -35.333 0.6999999881
22990  33.818  -52.345  -34.751 0.6999999881
22978  33.412  -52.200  -33.941 0.6999999881
22963  32.115  -52.053  -33.019 0.6999999881
23843  33.845  -51.724  -33.373 0.6999999881
22962  32.981  -51.900  -33.191 0.6999999881
23830  34.269  -51.178  -32.847 0.6999999881
14063  32.142  -63.580  -37.892 0.5000000000
14769  32.770  -62.858  -37.134 0.5000000000
14770  31.855  -62.744  -36.721 0.5000000000
14062  33.312  -63.647  -37.934 0.5000000000
18047  33.863  -58.438  -37.587 0.5000000000
18845  34.137  -57.551  -37.558 0.6000000238
14061  34.854  -64.147  -38.395 0.6000000238
116502  35.472  -62.589  -37.770 0.5000000000
20450  34.064  -55.587  -37.188 0.6999999881
21288  34.065  -54.133  -36.637 0.6000000238
21301  33.634  -54.905  -36.940 0.6999999881
115806  34.973  -52.486  -35.493 0.6000000238
22168  34.429  -53.385  -36.335 0.6000000238
23003  34.240  -52.567  -35.444 0.6000000238
22976  35.163  -51.892  -34.302 0.6000000238
23842  34.722  -51.559  -33.542 0.6999999881
23832  32.560  -51.486  -32.530 0.6999999881
23841  35.640  -51.377  -33.725 0.6000000238
23831  33.405  -51.331  -32.696 0.6999999881
23815  32.969  -50.844  -32.110 0.6999999881
23829  35.150  -50.971  -33.043 0.6999999881
16334  33.608  -60.429  -37.175 0.4000000060
14049  32.261  -63.270  -37.278 0.5000000000
14768  33.346  -62.208  -37.120 0.4000000060
114837  34.442  -58.898  -37.582 0.5000000000
107792  34.081  -56.803  -37.479 0.6000000238
14788  33.892  -63.087  -37.713 0.4000000060
15556  33.931  -61.493  -37.275 0.4000000060
15555  34.860  -61.708  -37.599 0.4000000060
16332  35.350  -61.096  -37.633 0.4000000060
107283  34.842  -55.623  -37.171 0.6999999881
112424  35.016  -53.978  -36.623 0.6000000238
22167  35.374  -53.235  -36.315 0.6000000238
22988  35.595  -52.184  -35.135 0.6000000238
23002  35.712  -52.644  -35.837 0.6000000238
23853  36.112  -51.693  -34.520 0.6000000238
23816  32.178  -51.082  -31.856 0.6999999881
24676  33.807  -50.697  -32.284 0.6999999881
24675  34.670  -50.522  -32.452 0.6000000238
16333  34.507  -60.807  -37.462 0.4000000060
17220  34.689  -59.505  -37.557 0.4000000060
18844  34.820  -56.908  -37.487 0.6999999881
112324  35.018  -60.251  -37.601 0.4000000060
19630  35.507  -56.180  -37.314 0.8000000119
16331  36.209  -61.500  -37.658 0.5000000000
21300  34.670  -54.861  -36.907 0.6999999881
125309  36.167  -52.329  -35.525 0.5000000000
24664  31.772  -50.666  -31.180 0.6999999881
24686  37.105  -50.401  -33.609 0.6000000238
24687  36.094  -50.747  -33.241 0.6000000238
24662  33.367  -50.178  -31.730 0.8000000119
121608  32.566  -50.396  -31.471 0.8000000119
24673  36.537  -50.046  -32.892 0.6000000238
24674  35.579  -50.314  -32.622 0.6000000238
114838  35.192  -58.946  -37.593 0.5000000000
18046  34.728  -58.270  -37.575 0.6000000238
114839  36.136  -59.113  -37.604 0.5000000000
116390  37.972  -59.255  -37.402 0.6999999881
123010  36.275  -59.845  -37.591 0.4000000060
20449  35.554  -55.277  -37.034 0.6999999881
108208  36.100  -53.905  -36.629 0.6999999881
23001  36.866  -52.382  -35.860 0.6000000238
23007  36.423  -53.045  -36.288 0.6000000238
23852  37.182  -51.365  -34.834 0.6000000238
24647  32.151  -49.974  -30.824 0.6000000238
23840  36.628  -51.085  -34.002 0.6000000238
25472  33.691  -49.330  -31.557 0.6999999881
24663  32.865  -49.676  -31.231 0.6999999881
25480  35.959  -49.550  -32.386 0.6999999881
25471  34.497  -49.314  -31.842 0.6999999881
18842  36.922  -57.467  -37.495 0.5000000000
18045  35.818  -58.141  -37.573 0.6000000238
112361  35.034  -57.603  -37.546 0.6000000238
18841  38.197  -57.729  -37.357 0.6999999881
18044  37.217  -58.527  -37.520 0.6000000238
18043  38.517  -58.584  -37.215 0.6999999881
17217  37.997  -60.163  -37.323 0.6999999881
20436  36.352  -54.811  -36.892 0.6999999881
21286  37.024  -54.362  -36.768 0.6999999881
23000  38.140  -52.232  -36.022 0.5000000000
23006  37.528  -52.861  -36.289 0.6000000238
25450  31.141  -49.408  -29.733 0.5000000000
23839  37.849  -50.640  -34.483 0.6000000238
23858  37.672  -51.735  -35.534 0.6000000238
25462  32.361  -49.255  -30.690 0.6000000238
26201  31.861  -48.855  -30.136 0.5000000000
24672  37.518  -49.747  -33.380 0.6000000238
26200  32.412  -48.534  -30.692 0.5000000000
26881  32.363  -47.774  -30.957 0.5000000000
25479  37.145  -49.178  -32.796 0.6999999881
115425  36.220  -48.801  -32.329 0.6999999881
123576  35.265  -48.838  -32.032 0.6999999881
26889  34.137  -47.634  -32.199 0.5000000000
26215  36.909  -48.218  -32.660 0.6999999881
26901  35.408  -47.092  -32.892 0.6000000238
19629  36.695  -56.523  -37.389 0.6000000238
19628  37.971  -56.842  -37.375 0.6999999881
19617  39.226  -57.188  -36.687 0.6999999881
20448  36.523  -55.642  -37.171 0.6999999881
22165  38.260  -53.478  -36.436 0.6999999881
26188  31.317  -48.438  -29.567 0.4000000060
23857  38.923  -51.598  -35.712 0.5000000000
27583  31.670  -47.331  -30.555 0.4000000060
25478  38.864  -49.137  -33.744 0.6000000238
24685  38.445  -49.918  -34.143 0.6000000238
26890  33.550  -47.901  -31.805 0.5000000000
26209  32.963  -48.220  -31.285 0.5000000000
26217  34.917  -47.835  -32.225 0.5000000000
26903  33.438  -47.093  -32.614 0.4000000060
109969  37.659  -47.427  -33.146 0.6000000238
26900  36.477  -47.253  -32.902 0.6999999881
26216  35.865  -48.036  -32.380 0.6000000238
19627  38.781  -57.079  -37.152 0.6000000238
20447  37.671  -55.998  -37.265 0.6999999881
109729  39.368  -56.465  -36.286 0.6999999881
20429  39.463  -55.561  -36.005 0.6999999881
21285  38.137  -54.380  -36.683 0.6000000238
23850  39.695  -50.958  -35.362 0.6000000238
23856  39.689  -51.640  -35.469 0.5000000000
24693  39.561  -50.248  -34.976 0.6000000238
25477  40.013  -48.266  -33.641 0.6000000238
24684  39.846  -49.674  -34.538 0.6000000238
26891  32.790  -47.522  -31.847 0.4000000060
27589  31.884  -47.020  -31.845 0.4000000060
26898  39.132  -47.431  -33.535 0.6000000238
27598  32.434  -46.791  -32.700 0.4000000060
118557  36.050  -46.265  -33.407 0.5000000000
20434  39.325  -55.603  -36.382 0.6999999881
113712  38.742  -55.340  -36.815 0.6000000238
20422  39.133  -55.232  -35.415 0.6999999881
21271  39.469  -54.156  -36.069 0.6000000238
118193  38.966  -54.029  -36.394 0.6000000238
20430  39.117  -56.084  -35.686 0.6999999881
22152  39.552  -53.133  -35.698 0.5000000000
24683  40.346  -49.975  -34.594 0.6000000238
24692  40.243  -50.539  -35.034 0.6000000238
112098  40.225  -49.338  -34.045 0.6000000238
26222  40.014  -47.367  -33.516 0.6000000238
26899  38.357  -46.600  -33.544 0.6000000238
115889  37.142  -46.467  -33.472 0.5000000000
21263  39.269  -54.431  -35.056 0.6999999881
21262  39.556  -53.841  -35.460 0.6999999881
22986  40.146  -52.199  -35.046 0.6000000238
23837  40.387  -50.776  -34.664 0.5000000000
24670  40.400  -49.475  -33.853 0.6000000238
23826  40.404  -50.390  -33.943 0.6000000238
26213  40.187  -47.888  -33.360 0.6000000238
26908  40.143  -46.824  -33.373 0.6000000238
27595  37.874  -45.820  -33.665 0.5000000000
14785  36.819  -63.458  -37.264 0.5000000000
15552  37.875  -61.773  -36.980 0.5000000000
14767  37.238  -63.214  -36.790 0.5000000000
14766  37.638  -62.381  -36.637 0.5000000000
17216  38.549  -60.200  -36.910 0.6999999881
17196  38.304  -59.828  -35.792 0.6999999881
15551  38.236  -61.313  -36.676 0.5000000000
15526  38.262  -61.271  -36.199 0.5000000000
18042  38.931  -58.673  -36.708 0.6999999881
17195  38.707  -59.554  -36.110 0.6999999881
18830  39.158  -57.926  -36.495 0.6999999881
108761  31.925  -65.057  -40.985 0.3000000119
22992  31.992  -52.788  -34.520 0.6999999881
22170  32.688  -53.724  -36.218 0.6000000238
22979  32.513  -52.358  -33.784 0.6999999881
23833  31.729  -51.684  -32.325 0.6999999881
113589  36.937  -60.378  -37.569 0.6000000238
24660  35.037  -49.803  -32.145 0.6999999881
26207  34.249  -48.477  -31.805 0.6999999881
25461  32.989  -48.951  -31.140 0.6000000238
26882  31.857  -48.065  -30.169 0.5000000000
22999  39.250  -52.387  -35.890 0.5000000000
21272  39.440  -54.730  -35.778 0.6999999881
22998  39.846  -52.210  -35.362 0.5000000000
26909  39.577  -46.669  -33.567 0.6000000238
22137  39.837  -52.947  -35.205 0.6000000238
25487  40.311  -48.814  -33.630 0.6000000238
22127  39.748  -52.732  -34.566 0.5000000000
18022  36.478  -59.313  -35.270 0.6000000238
18792  33.531  -57.461  -33.828 0.6000000238
19594  32.984  -56.882  -33.401 0.4000000060
109817  35.117  -58.267  -34.807 0.5000000000
18021  37.303  -58.875  -35.423 0.6000000238
18847  31.734  -57.679  -37.483 0.5000000000
18779  32.193  -57.170  -33.056 0.4000000060
18846  32.505  -57.277  -37.540 0.5000000000
110976  31.712  -56.666  -37.502 0.5000000000
18004  34.577  -58.975  -34.580 0.5000000000
20411  32.181  -55.766  -32.414 0.4000000060
20453  31.285  -55.706  -37.325 0.5000000000
18804  34.175  -58.054  -34.337 0.6000000238
18816  36.131  -58.525  -35.178 0.5000000000
18020  38.478  -58.980  -35.800 0.6000000238
20404  31.137  -55.670  -31.808 0.4000000060
116369  30.634  -55.524  -31.386 0.4000000060
19593  33.848  -56.618  -33.691 0.4000000060
20439  29.329  -55.144  -36.906 0.5000000000
120551  34.851  -57.396  -34.537 0.5000000000
20437  30.901  -54.958  -37.033 0.5000000000
21293  29.727  -54.631  -36.439 0.5000000000
18815  36.911  -57.880  -35.266 0.6000000238
107553  37.966  -58.206  -35.524 0.6000000238
18814  38.817  -58.023  -35.923 0.6000000238
22171  31.860  -53.879  -36.111 0.5000000000
21274  30.234  -54.161  -35.918 0.5000000000
21275  29.384  -54.401  -35.781 0.4000000060
18803  35.789  -57.565  -34.943 0.5000000000
112828  35.482  -56.742  -34.559 0.5000000000
19602  36.678  -56.836  -34.978 0.6000000238
108879  37.019  -55.947  -34.681 0.6000000238
19613  37.968  -57.384  -35.422 0.6000000238
20423  38.164  -55.647  -34.936 0.6000000238
117249  39.025  -56.972  -35.862 0.6000000238
19582  32.524  -56.325  -32.903 0.4000000060
20403  31.820  -55.317  -31.910 0.4000000060
22142  30.524  -53.542  -34.596 0.5000000000
22158  29.960  -54.026  -35.150 0.5000000000
21266  29.055  -54.291  -34.898 0.4000000060
22157  30.780  -53.730  -35.384 0.6000000238
19603  34.640  -56.681  -34.159 0.6000000238
106312  36.007  -56.091  -34.485 0.6000000238
21265  37.251  -55.198  -34.289 0.6000000238
21230  30.972  -54.418  -30.504 0.4000000060
22144  28.718  -54.056  -34.037 0.4000000060
22145  27.794  -54.003  -33.923 0.4000000060
109910  33.999  -55.887  -33.338 0.6000000238
120594  33.294  -56.139  -33.181 0.4000000060
21258  34.994  -55.014  -33.019 0.6000000238
19592  34.449  -56.153  -33.755 0.6000000238
20425  35.188  -56.022  -34.082 0.5000000000
21256  36.474  -54.795  -33.579 0.6000000238
21257  35.696  -54.769  -33.123 0.5000000000
21264  38.323  -54.855  -34.586 0.6000000238
20396  30.381  -55.058  -30.830 0.4000000060
21248  32.651  -55.123  -32.103 0.4000000060
22981  30.752  -52.811  -33.262 0.6000000238
22133  29.302  -53.599  -33.463 0.5000000000
22134  28.347  -53.647  -33.279 0.5000000000
107995  26.929  -53.660  -34.117 0.5000000000
21247  33.594  -54.996  -32.371 0.4000000060
20410  32.959  -55.625  -32.671 0.4000000060
20409  34.236  -55.305  -32.901 0.5000000000
21245  35.345  -54.463  -32.545 0.5000000000
21244  36.161  -54.290  -32.779 0.5000000000
22130  37.044  -54.095  -33.065 0.6000000238
21255  37.542  -54.455  -33.871 0.6000000238
22139  38.559  -54.067  -34.249 0.6000000238
21229  31.836  -54.215  -30.832 0.4000000060
21239  31.259  -54.936  -31.303 0.4000000060
22101  31.504  -53.791  -30.117 0.4000000060
110863  30.780  -54.041  -29.750 0.4000000060
22964  31.270  -52.289  -32.771 0.6000000238
118219  32.354  -53.597  -30.377 0.4000000060
21238  32.233  -54.661  -31.502 0.4000000060
22966  29.490  -52.689  -32.269 0.6000000238
22121  28.040  -53.163  -32.664 0.5000000000
22122  27.398  -53.302  -33.299 0.4000000060
21237  33.164  -54.501  -31.662 0.4000000060
21246  34.527  -54.691  -32.425 0.5000000000
22116  36.643  -53.685  -32.334 0.5000000000
22129  37.960  -53.741  -33.446 0.6000000238
22128  38.898  -53.280  -33.946 0.6000000238
22089  32.005  -53.272  -29.641 0.4000000060
22951  30.893  -51.934  -32.070 0.6000000238
22965  30.398  -52.530  -32.497 0.6000000238
22967  28.551  -52.710  -32.154 0.5000000000
23834  26.866  -51.852  -32.492 0.5000000000
22100  33.241  -53.424  -30.571 0.4000000060
21236  34.070  -54.303  -31.820 0.4000000060
22108  34.535  -53.690  -31.339 0.5000000000
22107  35.406  -53.512  -31.480 0.5000000000
22115  37.537  -53.414  -32.639 0.5000000000
22090  31.278  -53.575  -29.359 0.4000000060
23818  30.526  -51.581  -31.368 0.6000000238
22953  29.116  -52.255  -31.583 0.5000000000
109377  27.983  -51.538  -31.231 0.5000000000
22118  34.945  -54.098  -31.940 0.5000000000
22106  36.278  -53.316  -31.650 0.4000000060
22947  37.676  -52.381  -31.489 0.4000000060
22975  38.453  -53.017  -33.081 0.4000000060
22959  39.005  -52.193  -32.856 0.6000000238
23838  40.004  -51.480  -33.739 0.4000000060
22930  31.725  -53.153  -28.844 0.4000000060
22929  32.455  -52.723  -29.117 0.4000000060
23817  31.360  -51.333  -31.625 0.6000000238
22941  32.840  -53.021  -29.896 0.4000000060
23803  30.962  -50.964  -30.947 0.5000000000
23819  29.671  -51.746  -31.094 0.5000000000
23820  28.755  -51.666  -30.919 0.5000000000
23807  27.348  -50.977  -31.294 0.4000000060
23805  29.412  -51.259  -30.448 0.4000000060
22938  35.495  -52.505  -30.401 0.5000000000
22949  35.884  -52.905  -31.031 0.5000000000
22937  36.377  -52.307  -30.561 0.6000000238
22960  38.062  -52.713  -32.260 0.4000000060
23828  38.565  -51.926  -31.987 0.4000000060
23827  39.586  -51.261  -32.801 0.4000000060
23799  37.557  -51.314  -30.515 0.5000000000
24648  30.573  -50.699  -30.371 0.5000000000
24649  29.923  -50.781  -30.068 0.6000000238
24632  30.489  -50.192  -29.850 0.4000000060
23812  39.001  -51.050  -31.874 0.5000000000
24671  40.072  -50.249  -32.944 0.5000000000
24646  37.053  -50.974  -29.855 0.5000000000
23814  37.260  -52.037  -30.789 0.5000000000
23813  38.100  -51.643  -31.185 0.5000000000
24659  38.371  -50.831  -31.016 0.5000000000
26897  40.371  -46.874  -33.145 0.5000000000
24657  40.288  -49.539  -33.042 0.4000000060
24658  39.345  -50.072  -31.886 0.5000000000
119425  37.676  -50.544  -30.342 0.5000000000
25451  30.219  -49.554  -29.331 0.4000000060
26887  40.310  -47.654  -32.883 0.4000000060
26206  39.618  -48.105  -32.007 0.4000000060
26205  40.208  -48.511  -32.775 0.5000000000
25469  39.957  -49.277  -32.531 0.5000000000
25470  39.171  -49.148  -31.583 0.5000000000
24644  38.424  -50.012  -30.850 0.5000000000
25460  38.138  -49.250  -30.593 0.5000000000
22156  31.536  -53.537  -35.571 0.5000000000
22131  31.087  -53.051  -34.097 0.6000000238
21290  32.252  -54.369  -36.589 0.6000000238
105985  32.429  -58.002  -37.517 0.5000000000
25463  31.784  -49.540  -30.332 0.5000000000
22974  39.408  -52.466  -33.724 0.6000000238
21292  30.546  -54.492  -36.503 0.5000000000
21291  31.389  -54.431  -36.556 0.5000000000
21273  31.052  -54.020  -36.002 0.5000000000
22143  29.654  -53.866  -34.288 0.4000000060
21267  28.136  -54.372  -34.700 0.4000000060
20417  34.714  -55.617  -33.460 0.6000000238
22132  30.221  -53.354  -33.748 0.6000000238
22110  32.754  -54.045  -31.023 0.4000000060
22119  29.870  -53.101  -32.941 0.6000000238
22120  28.937  -53.227  -32.731 0.5000000000
22135  26.414  -52.743  -33.738 0.5000000000
22159  25.929  -53.826  -35.135 0.5000000000
22969  26.972  -52.540  -32.953 0.5000000000
22952  30.023  -52.165  -31.790 0.5000000000
22968  27.631  -52.481  -32.311 0.5000000000
22954  28.241  -52.111  -31.623 0.5000000000
22948  36.777  -52.690  -31.210 0.5000000000
22950  35.017  -53.111  -30.859 0.5000000000
26198  38.540  -48.435  -31.034 0.4000000060
7623  24.843  -72.815  -37.346 0.3000000119
7638  23.819  -72.861  -38.734 0.3000000119
7024  24.650  -73.173  -38.538 0.3000000119
7649  24.670  -73.101  -39.847 0.3000000119
113406  24.334  -73.145  -39.726 0.3000000119
7648  25.236  -73.077  -39.422 0.3000000119
8319  24.494  -72.151  -41.169 0.3000000119
117375  24.956  -72.616  -40.095 0.3000000119
7637  27.257  -72.161  -38.111 0.3000000119
8303  25.742  -72.623  -39.235 0.3000000119
125868  25.331  -71.904  -39.917 0.3000000119
8318  24.908  -71.507  -40.737 0.3000000119
8288  26.556  -72.159  -38.638 0.3000000119
8901  26.299  -70.747  -37.871 0.3000000119
8914  26.051  -71.029  -38.480 0.3000000119
8304  25.673  -71.428  -39.232 0.4000000060
8923  25.232  -70.563  -39.957 0.4000000060
9526  25.459  -69.664  -40.324 0.4000000060
106230  25.614  -69.917  -41.417 0.3000000119
9493  25.753  -69.260  -37.002 0.3000000119
9503  25.694  -69.534  -37.730 0.4000000060
9513  25.591  -69.448  -38.430 0.4000000060
9520  25.509  -69.518  -39.332 0.4000000060
9486  25.978  -69.472  -36.010 0.3000000119
10213  25.749  -68.886  -39.693 0.4000000060
10176  25.982  -68.698  -35.371 0.4000000060
10183  25.847  -68.472  -36.306 0.4000000060
10226  25.908  -69.176  -40.715 0.4000000060
10225  26.401  -68.486  -40.132 0.3000000119
10190  25.793  -68.263  -37.263 0.4000000060
10191  25.644  -68.836  -37.887 0.3000000119
10201  25.669  -68.754  -38.765 0.4000000060
10212  26.014  -68.196  -39.099 0.5000000000
13291  34.081  -65.021  -39.684 0.5000000000
10936  26.138  -67.764  -35.648 0.4000000060
12557  32.297  -66.186  -41.062 0.3000000119
12547  33.650  -66.345  -40.334 0.4000000060
125202  29.572  -68.438  -40.893 0.3000000119
18049  31.956  -58.467  -37.333 0.4000000060
18038  31.421  -58.898  -36.866 0.4000000060
15554  36.478  -62.545  -37.587 0.4000000060
14784  37.293  -62.638  -37.100 0.4000000060
14787  35.330  -63.505  -38.041 0.4000000060
10946  26.083  -67.721  -36.654 0.4000000060
10200  25.863  -68.143  -38.196 0.5000000000
125595  36.112  -64.069  -37.937 0.4000000060
12548  32.898  -65.668  -40.752 0.4000000060
10986  26.741  -67.807  -39.395 0.4000000060
13305  34.403  -66.037  -39.865 0.5000000000
10999  27.347  -68.205  -40.296 0.5000000000
11768  33.199  -67.152  -39.953 0.4000000060
11795  31.777  -66.884  -41.128 0.4000000060
10984  28.921  -67.757  -40.028 0.3000000119
10981  31.809  -67.341  -40.658 0.4000000060
18848  30.887  -57.357  -37.464 0.4000000060
16330  37.590  -61.077  -37.342 0.4000000060
11733  26.483  -67.264  -36.223 0.4000000060
10957  26.204  -67.636  -37.579 0.4000000060
116692  35.997  -64.680  -38.105 0.4000000060
112994  35.520  -65.296  -38.691 0.5000000000
10945  26.671  -67.192  -36.990 0.4000000060
10970  26.401  -67.644  -38.494 0.4000000060
13280  35.975  -65.577  -37.910 0.5000000000
11732  27.297  -66.824  -36.320 0.4000000060
11754  27.522  -66.864  -37.294 0.4000000060
10956  26.919  -67.196  -37.887 0.4000000060
11773  27.845  -66.912  -38.198 0.5000000000
10968  28.297  -67.180  -39.112 0.5000000000
13279  36.370  -64.943  -37.367 0.4000000060
12519  35.505  -66.147  -38.524 0.5000000000
11731  28.355  -66.576  -36.039 0.4000000060
11748  33.999  -66.892  -39.535 0.4000000060
11786  29.465  -67.370  -39.445 0.4000000060
11770  31.291  -67.309  -39.180 0.4000000060
11784  31.724  -67.532  -40.184 0.4000000060
119023  32.375  -67.391  -39.581 0.4000000060
14059  36.935  -63.893  -37.034 0.4000000060
111229  37.369  -62.702  -36.100 0.3000000119
123077  28.143  -66.669  -36.803 0.4000000060
11753  28.491  -66.712  -37.550 0.4000000060
21268  26.664  -54.047  -34.879 0.4000000060
11711  28.661  -66.478  -35.175 0.4000000060
11772  28.913  -66.889  -38.482 0.5000000000
11771  30.078  -67.015  -38.792 0.5000000000
12506  35.348  -66.092  -37.303 0.5000000000
12520  34.694  -66.600  -37.879 0.4000000060
108167  29.363  -66.450  -35.791 0.4000000060
11785  30.699  -67.616  -39.890 0.4000000060
11749  33.879  -66.996  -38.413 0.4000000060
11769  31.912  -67.131  -38.583 0.4000000060
107097  33.015  -67.274  -38.912 0.4000000060
15527  37.645  -61.689  -35.807 0.4000000060
14038  36.491  -64.164  -36.276 0.3000000119
111700  29.150  -66.570  -36.776 0.4000000060
11752  29.555  -66.700  -37.787 0.4000000060
13260  35.891  -64.587  -35.955 0.3000000119
11730  30.159  -66.463  -36.348 0.4000000060
111540  30.095  -66.575  -37.166 0.4000000060
11751  30.767  -66.778  -38.024 0.5000000000
12498  30.295  -66.091  -34.743 0.4000000060
112907  31.013  -66.030  -35.031 0.4000000060
11750  31.742  -66.788  -37.739 0.4000000060
127903  32.325  -67.066  -38.223 0.4000000060
12507  34.192  -66.179  -36.611 0.4000000060
17197  37.335  -59.852  -35.449 0.4000000060
108179  30.964  -66.551  -37.007 0.4000000060
10263  23.827  -69.126  -43.347 0.3000000119
8272  27.495  -71.568  -37.581 0.3000000119
8887  26.341  -70.276  -36.689 0.3000000119
10927  26.475  -67.390  -34.802 0.4000000060
11713  26.674  -67.050  -35.514 0.4000000060
108239  26.873  -66.897  -34.788 0.4000000060
121694  28.127  -66.439  -34.593 0.4000000060
109768  36.650  -63.384  -35.843 0.3000000119
11710  29.576  -66.319  -34.928 0.4000000060
15528  36.744  -61.596  -35.384 0.4000000060
113616  35.897  -63.768  -35.561 0.4000000060
12485  30.712  -65.671  -34.314 0.4000000060
12510  31.203  -66.246  -36.024 0.4000000060
12509  32.297  -66.143  -36.160 0.4000000060
12508  33.057  -65.936  -36.044 0.4000000060
12494  34.779  -65.603  -36.127 0.4000000060
12484  31.649  -65.459  -34.611 0.4000000060
13290  35.028  -65.720  -39.319 0.4000000060
16314  37.058  -60.799  -35.398 0.4000000060
7650  23.527  -73.162  -39.676 0.3000000119
124399  25.016  -73.291  -39.132 0.3000000119
7661  24.332  -72.819  -40.583 0.3000000119
9551  23.240  -69.956  -43.393 0.3000000119
9569  24.081  -69.956  -43.805 0.3000000119
8273  26.856  -71.450  -38.050 0.3000000119
8902  25.752  -70.155  -38.102 0.3000000119
9502  25.982  -70.157  -37.406 0.3000000119
8915  25.541  -70.274  -38.919 0.4000000060
113356  26.368  -69.676  -35.156 0.3000000119
122478  26.175  -68.098  -34.747 0.4000000060
10969  27.248  -67.281  -38.802 0.4000000060
10985  27.771  -67.644  -39.687 0.5000000000
10983  30.091  -68.018  -40.504 0.3000000119
11712  27.578  -66.652  -35.272 0.4000000060
11728  33.273  -66.527  -37.084 0.4000000060
16295  34.435  -60.522  -34.453 0.4000000060
17174  34.888  -59.874  -34.684 0.4000000060
17154  33.338  -59.400  -33.893 0.4000000060
18793  32.753  -57.775  -33.506 0.3000000119
18005  33.882  -58.868  -34.231 0.5000000000
17173  35.594  -60.143  -34.979 0.4000000060
17198  36.315  -60.030  -35.210 0.4000000060
16242  27.861  -60.803  -30.197 0.3000000119
16241  28.484  -60.449  -30.689 0.3000000119
17955  29.178  -58.267  -30.956 0.3000000119
17967  30.233  -58.202  -31.914 0.3000000119
19577  30.538  -56.283  -31.720 0.3000000119
19583  31.701  -56.515  -32.525 0.3000000119
17117  28.624  -59.606  -30.594 0.3000000119
106783  28.701  -58.749  -30.531 0.3000000119
124054  28.725  -57.985  -30.506 0.3000000119
16232  27.558  -60.377  -29.568 0.3000000119
108650  29.765  -56.730  -31.320 0.3000000119
20405  29.959  -55.804  -31.125 0.3000000119
17105  28.217  -59.136  -30.040 0.3000000119
18758  28.434  -57.401  -30.156 0.3000000119
19572  29.265  -56.216  -30.727 0.3000000119
17945  27.552  -58.396  -28.994 0.3000000119
18748  27.909  -57.713  -29.480 0.3000000119
19554  27.975  -56.167  -28.974 0.3000000119
19555  27.647  -56.797  -28.409 0.3000000119
20373  27.805  -56.171  -28.224 0.3000000119
17095  27.320  -59.165  -28.687 0.3000000119
20398  28.902  -55.852  -30.215 0.3000000119
20397  29.503  -55.327  -30.357 0.3000000119
22091  30.728  -53.844  -29.119 0.3000000119
109755  27.326  -57.418  -27.773 0.3000000119
20385  28.471  -55.972  -29.709 0.3000000119
21208  29.756  -54.443  -28.507 0.3000000119
20363  27.877  -55.896  -27.641 0.3000000119
20372  28.188  -55.587  -28.308 0.3000000119
20384  28.552  -55.406  -29.113 0.3000000119
21199  29.515  -54.660  -27.675 0.3000000119
22076  31.099  -53.609  -28.681 0.3000000119
21219  30.187  -54.260  -29.244 0.3000000119
22063  30.913  -53.858  -28.123 0.3000000119
124584  31.894  -53.102  -27.802 0.3000000119
22913  32.172  -52.662  -28.228 0.3000000119
22885  32.370  -52.920  -26.943 0.3000000119
22896  32.278  -52.629  -27.493 0.3000000119
23744  32.644  -51.964  -26.969 0.3000000119
17992  32.682  -58.742  -33.541 0.3000000119
19584  30.967  -56.896  -32.230 0.3000000119
120130  30.152  -54.593  -30.054 0.3000000119
16296  33.658  -60.320  -34.091 0.5000000000
17118  28.072  -59.977  -30.089 0.3000000119
18757  29.075  -57.254  -30.790 0.3000000119
18769  29.686  -57.722  -31.409 0.3000000119
18781  30.805  -57.758  -32.319 0.3000000119
18780  31.465  -57.447  -32.660 0.3000000119
17956  28.296  -58.271  -30.056 0.3000000119
17944  27.880  -58.662  -29.542 0.3000000119
19566  27.807  -56.984  -29.054 0.3000000119
20362  28.385  -55.328  -27.507 0.3000000119
21188  29.305  -54.845  -26.808 0.3000000119
109816  28.901  -55.431  -29.795 0.3000000119
126510  27.650  -56.274  -27.167 0.3000000119
115058  35.071  -64.887  -35.643 0.3000000119
13261  34.095  -64.927  -35.296 0.4000000060
14027  32.764  -63.735  -34.139 0.4000000060
14736  33.301  -63.255  -34.203 0.4000000060
14039  35.091  -64.067  -35.257 0.3000000119
14726  32.965  -62.414  -33.861 0.4000000060
110121  32.151  -62.340  -33.487 0.3000000119
14026  34.184  -63.581  -34.685 0.4000000060
15496  32.508  -61.477  -33.550 0.3000000119
110510  34.480  -62.071  -34.537 0.3000000119
121178  33.870  -62.575  -34.332 0.4000000060
15495  33.388  -61.759  -34.009 0.4000000060
15510  34.867  -61.381  -34.665 0.3000000119
15511  33.965  -61.271  -34.263 0.4000000060
112155  33.184  -60.919  -33.837 0.4000000060
14735  35.385  -62.230  -34.969 0.3000000119
16294  35.260  -60.704  -34.813 0.3000000119
16315  36.099  -60.796  -35.145 0.3000000119
15509  35.772  -61.510  -35.069 0.3000000119
127679  32.438  -65.869  -35.666 0.3000000119
8843  29.347  -70.410  -33.210 0.3000000119
9472  28.325  -70.228  -33.481 0.3000000119
9481  26.772  -69.787  -34.406 0.3000000119
10169  26.251  -68.971  -34.546 0.3000000119
13250  33.132  -64.971  -34.889 0.3000000119
12497  31.865  -65.897  -35.404 0.3000000119
9460  28.262  -69.254  -31.729 0.3000000119
110236  27.364  -69.480  -32.970 0.3000000119
9461  27.651  -69.243  -32.217 0.3000000119
124977  26.319  -68.397  -34.096 0.3000000119
108474  26.446  -67.718  -34.051 0.3000000119
14028  32.586  -64.412  -34.341 0.3000000119
10124  29.160  -68.171  -30.053 0.3000000119
108741  28.020  -68.709  -31.092 0.3000000119
9470  26.701  -68.723  -33.017 0.3000000119
9469  26.975  -68.731  -32.380 0.3000000119
110613  27.858  -68.236  -30.585 0.3000000119
10147  27.399  -68.716  -31.687 0.3000000119
10155  26.601  -68.073  -32.660 0.3000000119
10148  26.778  -68.077  -31.856 0.3000000119
11695  26.781  -67.046  -33.964 0.3000000119
11694  27.413  -66.625  -34.314 0.3000000119
11693  28.922  -66.298  -34.362 0.3000000119
10881  28.251  -67.975  -30.077 0.3000000119
11680  26.873  -66.836  -33.125 0.3000000119
10914  26.613  -67.413  -33.120 0.3000000119
11679  27.337  -66.535  -33.463 0.3000000119
12483  32.352  -65.055  -34.591 0.3000000119
10882  27.386  -67.717  -30.303 0.3000000119
10868  27.735  -67.425  -29.654 0.3000000119
10893  26.719  -67.405  -31.302 0.3000000119
10903  26.644  -67.401  -32.126 0.3000000119
11678  28.191  -66.242  -33.803 0.3000000119
13251  31.839  -64.715  -34.087 0.3000000119
14015  31.991  -63.817  -33.766 0.3000000119
12495  33.641  -65.537  -35.644 0.3000000119
11649  26.667  -66.803  -30.681 0.3000000119
11668  26.785  -66.777  -32.373 0.3000000119
12477  27.996  -66.000  -32.977 0.3000000119
12486  29.813  -65.941  -34.130 0.3000000119
9474  26.596  -69.120  -33.713 0.3000000119
9468  28.512  -69.794  -32.532 0.3000000119
9473  27.363  -69.974  -33.855 0.3000000119
7025  24.241  -73.232  -39.434 0.3000000119
7624  24.103  -72.387  -37.627 0.3000000119
8886  27.461  -70.998  -36.743 0.3000000119
8900  26.801  -70.886  -37.387 0.3000000119
10137  28.672  -68.507  -30.577 0.3000000119
10138  27.140  -68.081  -31.034 0.3000000119
10162  26.469  -68.201  -33.451 0.3000000119
10224  29.350  -68.861  -41.581 0.3000000119
10278  24.497  -69.401  -43.900 0.3000000119
11667  27.258  -66.336  -32.643 0.3000000119
11709  30.272  -66.295  -35.455 0.4000000060
11729  31.999  -66.479  -36.960 0.4000000060
11782  32.974  -66.720  -40.693 0.4000000060
11783  32.482  -67.249  -40.321 0.4000000060
12487  29.079  -66.006  -33.753 0.3000000119
12496  32.586  -65.546  -35.215 0.3000000119
12534  34.849  -66.550  -39.102 0.4000000060
12569  31.322  -65.843  -41.337 0.3000000119
13249  33.495  -64.177  -34.625 0.3000000119
13269  36.692  -64.364  -36.931 0.3000000119
13270  36.350  -64.747  -36.670 0.3000000119
13271  35.833  -65.336  -36.705 0.5000000000
13306  32.459  -64.626  -40.482 0.5000000000
14040  34.392  -64.336  -35.064 0.4000000060
14048  36.926  -63.667  -36.549 0.4000000060
14060  36.492  -64.235  -37.495 0.4000000060
14727  32.513  -63.089  -33.778 0.3000000119
14750  37.863  -61.998  -36.250 0.5000000000
14751  36.486  -62.416  -35.430 0.3000000119
14786  36.208  -63.474  -37.758 0.4000000060
15472  28.303  -61.208  -30.774 0.3000000119
15541  38.013  -61.775  -36.558 0.5000000000
15543  32.366  -61.968  -36.568 0.4000000060
15553  37.149  -61.844  -37.411 0.4000000060
16276  33.068  -60.155  -33.732 0.4000000060
16312  38.549  -60.311  -36.113 0.6999999881
16313  38.010  -60.681  -35.742 0.4000000060
16324  38.504  -60.642  -36.570 0.5000000000
16329  38.260  -60.919  -37.008 0.6999999881
17106  27.702  -59.478  -29.449 0.3000000119
17175  34.104  -59.658  -34.323 0.4000000060
17212  38.795  -59.681  -36.518 0.6999999881
17218  37.066  -59.543  -37.565 0.6999999881
17219  35.507  -59.694  -37.594 0.5000000000
17221  33.843  -59.276  -37.504 0.5000000000
18003  35.547  -59.303  -34.995 0.4000000060
18019  38.883  -58.772  -36.282 0.6000000238
18050  31.105  -58.170  -37.269 0.5000000000
18737  27.556  -57.597  -28.667 0.3000000119
18768  30.308  -57.248  -31.847 0.3000000119
18840  39.036  -57.864  -36.925 0.6999999881
18843  35.768  -57.123  -37.496 0.6000000238
19542  27.580  -56.560  -27.715 0.3000000119
19565  28.174  -56.765  -29.635 0.3000000119
19573  28.671  -56.539  -30.250 0.3000000119
19604  34.188  -57.228  -34.137 0.6000000238
19611  39.215  -57.290  -36.307 0.6999999881
19612  38.054  -56.478  -35.253 0.6000000238
19618  38.918  -56.292  -36.957 0.6000000238
19631  34.482  -56.229  -37.352 0.6000000238
20347  28.898  -54.922  -27.367 0.3000000119
20371  28.879  -54.902  -28.269 0.3000000119
20416  35.562  -55.338  -33.668 0.5000000000
20424  36.290  -55.495  -34.173 0.6000000238
20428  39.491  -55.001  -36.140 0.6000000238
20435  37.535  -55.159  -37.003 0.6000000238
20438  30.088  -54.989  -36.945 0.5000000000
20451  33.150  -55.648  -37.262 0.6999999881
21231  29.343  -54.812  -29.378 0.3000000119
21284  39.189  -54.784  -36.420 0.6000000238
21287  35.527  -54.561  -36.795 0.6999999881
22117  35.786  -53.897  -32.109 0.5000000000
22138  39.456  -53.596  -34.754 0.6999999881
22140  32.598  -52.920  -35.229 0.6000000238
22153  34.746  -52.840  -35.966 0.6000000238
22164  39.136  -53.324  -36.163 0.5000000000
22166  37.197  -53.632  -36.554 0.6999999881
22169  33.543  -53.552  -36.300 0.6000000238
22914  31.550  -53.334  -28.213 0.3000000119
22955  27.459  -51.721  -31.802 0.5000000000
22961  37.170  -53.066  -31.889 0.4000000060
22973  40.155  -51.807  -34.555 0.4000000060
22977  34.278  -52.030  -34.117 0.6999999881
22987  36.574  -51.980  -35.238 0.5000000000
23005  38.510  -52.813  -36.227 0.5000000000
23761  32.716  -51.984  -27.775 0.3000000119
23804  30.183  -51.224  -30.671 0.6000000238
23849  40.210  -51.358  -35.154 0.5000000000
23851  38.491  -51.007  -35.279 0.6000000238
24631  31.302  -50.231  -30.416 0.5000000000
24661  34.180  -49.995  -31.991 0.6999999881
25476  40.371  -48.897  -33.438 0.5000000000
26189  30.612  -48.784  -29.173 0.4000000060
26208  33.513  -48.582  -31.478 0.5000000000
26214  38.359  -48.324  -33.251 0.6000000238
27606  39.841  -46.142  -33.493 0.6000000238
111103  32.700  -66.925  -37.842 0.4000000060
112325  35.968  -60.539  -37.626 0.4000000060
112680  34.390  -62.425  -37.598 0.4000000060
112839  34.219  -59.984  -37.449 0.4000000060
113607  33.376  -58.371  -33.903 0.3000000119
116641  32.381  -66.985  -40.782 0.4000000060
118480  38.644  -59.455  -37.028 0.6999999881
120052  34.975  -63.055  -34.892 0.3000000119
120314  35.901  -62.998  -35.316 0.4000000060
121640  35.648  -61.882  -37.699 0.5000000000
121720  27.375  -54.180  -34.585 0.4000000060
121949  27.503  -52.904  -32.783 0.4000000060
123282  36.925  -45.818  -33.650 0.5000000000
124757  27.074  -68.590  -40.769 0.5000000000
125475  38.281  -55.681  -37.096 0.6000000238
125917  33.904  -61.913  -34.271 0.4000000060
125975  28.623  -61.500  -31.172 0.3000000119
126052  31.160  -56.238  -32.117 0.3000000119
126313  37.181  -62.168  -35.666 0.4000000060
126646  33.701  -59.794  -37.345 0.4000000060
126823  35.725  -55.720  -34.139 0.6000000238
127118  37.898  -59.394  -35.581 0.6000000238
127204  27.619  -58.937  -29.180 0.3000000119
127257  33.609  -55.583  -32.898 0.6000000238
127281  36.761  -61.077  -37.579 0.4000000060
127582  31.569  -55.882  -32.189 0.4000000060
