#!ascii label  , from subject sub-v2s7x29798_ses-1 vox2ras=TkReg
1485
23801  35.973  -51.923  -29.920 0.6000000238
23802  35.118  -52.103  -29.758 0.5000000000
25435  35.779  -50.051  -28.335 0.6999999881
25449  36.412  -50.083  -28.964 0.6000000238
122418  36.721  -49.491  -29.241 0.6000000238
25434  36.156  -49.222  -28.581 0.6000000238
23789  35.578  -51.522  -29.299 0.6999999881
24630  35.919  -50.813  -28.878 0.6000000238
24629  36.566  -50.659  -29.370 0.5000000000
24645  37.087  -50.142  -29.643 0.5000000000
26187  36.667  -48.687  -29.207 0.6000000238
23774  35.224  -51.198  -28.744 0.5000000000
22938  35.495  -52.505  -30.401 0.5000000000
23800  36.800  -51.662  -30.153 0.6000000238
22099  34.134  -53.270  -30.720 0.5000000000
22109  33.649  -53.862  -31.198 0.5000000000
26844  34.781  -47.962  -26.959 0.6000000238
122707  34.701  -47.168  -26.913 0.6999999881
25420  34.850  -49.721  -27.248 0.6000000238
25436  35.229  -50.070  -27.805 0.6999999881
25419  35.438  -49.284  -27.801 0.6000000238
26162  35.276  -48.313  -27.571 0.6000000238
26855  35.587  -47.744  -28.089 0.6000000238
24616  35.225  -50.647  -28.266 0.6000000238
26175  36.107  -48.193  -28.618 0.6000000238
23790  34.759  -51.699  -29.089 0.5000000000
24617  34.558  -50.519  -27.571 0.5000000000
26867  36.547  -47.696  -29.217 0.6000000238
22939  34.615  -52.666  -30.257 0.5000000000
22940  33.719  -52.815  -30.106 0.5000000000
26866  37.116  -47.152  -29.846 0.6000000238
27567  37.100  -46.005  -29.829 0.6999999881
27582  37.789  -46.454  -30.470 0.6000000238
28321  37.749  -45.240  -30.485 0.6999999881
27581  38.478  -45.626  -31.134 0.6000000238
29115  38.441  -44.178  -32.234 0.6000000238
28335  38.299  -44.583  -31.199 0.6000000238
28359  33.464  -45.683  -33.204 0.5000000000
29132  32.158  -45.319  -33.062 0.6999999881
29131  32.983  -45.072  -32.976 0.6000000238
29121  31.353  -45.233  -33.096 0.8000000119
28361  31.595  -45.827  -33.080 0.6999999881
26832  34.333  -47.511  -26.219 0.6000000238
25406  34.486  -49.358  -26.562 0.6999999881
26163  34.912  -48.871  -27.073 0.6999999881
26149  34.490  -48.511  -26.378 0.6000000238
26843  35.129  -47.391  -27.477 0.6999999881
27535  34.444  -46.596  -26.502 0.6999999881
27544  34.966  -46.359  -27.312 0.8000000119
24602  33.765  -50.756  -27.000 0.5000000000
24601  34.262  -50.124  -26.773 0.5000000000
27543  35.501  -46.766  -28.047 0.8000000119
24618  33.874  -51.058  -27.667 0.5000000000
23775  34.435  -51.210  -28.325 0.5000000000
28297  35.622  -45.629  -28.046 0.8000000119
27553  36.496  -46.663  -29.235 0.6000000238
22928  33.313  -52.431  -29.392 0.5000000000
28306  36.632  -45.501  -29.257 0.8000000119
28307  36.348  -44.912  -28.707 0.8000000119
27554  36.029  -46.158  -28.654 0.6999999881
29096  37.219  -43.767  -29.962 0.6999999881
29085  36.906  -44.249  -29.353 0.6999999881
107347  36.606  -43.607  -30.538 0.6999999881
28336  37.695  -44.179  -30.618 0.6999999881
29104  37.437  -43.811  -30.959 0.6000000238
29118  34.510  -44.265  -31.912 0.6999999881
119084  36.276  -44.364  -32.411 0.6999999881
122069  36.778  -43.878  -31.484 0.6000000238
29119  33.486  -44.384  -32.245 0.6999999881
29129  35.073  -44.706  -32.653 0.6000000238
29120  32.486  -44.645  -32.667 0.8000000119
29130  33.976  -44.910  -32.813 0.6000000238
29894  31.934  -44.232  -32.457 0.8999999762
28338  30.367  -45.746  -32.358 0.6999999881
29895  30.602  -44.737  -33.028 0.8000000119
28346  30.837  -46.019  -32.934 0.6999999881
27522  34.086  -46.766  -25.859 0.6000000238
27523  33.809  -46.375  -25.316 0.6999999881
28280  33.832  -45.582  -25.354 0.6999999881
26818  33.844  -47.280  -25.246 0.6000000238
26120  33.839  -48.663  -24.299 0.4000000060
25395  34.216  -49.080  -25.826 0.6000000238
26134  34.090  -48.251  -25.578 0.6000000238
28279  34.133  -46.034  -25.970 0.6999999881
26135  33.873  -48.963  -24.998 0.6000000238
28289  34.595  -45.685  -26.674 0.8000000119
24575  33.624  -50.333  -25.478 0.4000000060
24589  33.995  -49.799  -26.065 0.6000000238
28298  35.246  -45.174  -27.370 0.8000000119
121580  33.406  -50.854  -25.851 0.5000000000
23760  33.207  -51.377  -27.309 0.4000000060
29079  36.125  -44.205  -28.106 0.8000000119
22912  32.926  -52.129  -28.599 0.5000000000
29097  36.929  -43.513  -29.424 0.8000000119
29873  35.870  -42.825  -29.466 0.8000000119
112578  36.887  -43.397  -29.672 0.6999999881
29086  36.771  -43.629  -28.941 0.8000000119
29105  35.195  -43.755  -30.864 0.8000000119
29882  36.178  -43.237  -29.940 0.6999999881
29874  34.211  -43.071  -29.704 0.8999999762
29883  34.727  -43.440  -30.244 0.8999999762
29106  34.039  -43.851  -31.226 0.8999999762
29117  35.658  -44.060  -31.617 0.6999999881
29107  33.031  -43.906  -31.724 0.8999999762
29896  29.448  -44.368  -33.144 0.8000000119
29108  29.870  -45.179  -31.783 0.8000000119
29122  30.005  -45.095  -32.802 0.8000000119
28347  30.518  -45.456  -33.037 0.6999999881
114529  33.512  -45.970  -24.127 0.6999999881
28266  33.582  -45.318  -24.584 0.6000000238
116144  33.587  -46.037  -23.408 0.5000000000
29043  33.594  -44.508  -24.297 0.6999999881
26096  34.042  -48.111  -23.067 0.4000000060
26785  33.773  -47.350  -23.391 0.5000000000
26803  33.676  -47.341  -24.290 0.6000000238
29055  34.273  -45.141  -26.051 0.6999999881
116288  33.868  -49.322  -24.209 0.5000000000
29068  34.900  -44.708  -26.757 0.6999999881
24531  34.785  -50.242  -22.707 0.5000000000
25381  33.760  -49.780  -24.815 0.6000000238
23702  34.144  -51.237  -23.916 0.4000000060
24552  33.947  -50.588  -24.015 0.4000000060
29846  36.183  -42.488  -27.314 0.8000000119
124763  35.610  -44.214  -27.364 0.8000000119
107474  33.328  -51.362  -25.409 0.4000000060
29860  36.684  -42.931  -28.497 0.8000000119
29856  36.335  -43.148  -27.737 0.8000000119
23761  32.716  -51.984  -27.775 0.3000000119
30570  36.078  -41.863  -28.291 0.8000000119
29861  36.504  -42.472  -28.719 0.8000000119
29862  35.211  -42.465  -28.985 0.8000000119
29872  36.835  -43.020  -29.204 0.8000000119
30580  33.689  -42.614  -29.208 0.8999999762
29875  33.114  -42.999  -30.092 0.8999999762
29884  33.572  -43.448  -30.631 0.8999999762
30589  32.228  -42.814  -30.694 0.8999999762
29885  32.600  -43.423  -31.234 0.8999999762
29109  29.295  -44.598  -32.534 0.8000000119
115537  28.867  -44.065  -31.921 0.8000000119
29886  31.528  -43.569  -32.091 0.8999999762
30598  30.412  -43.743  -32.801 0.8000000119
28239  33.793  -45.738  -22.712 0.6000000238
28251  33.538  -45.249  -23.554 0.6000000238
29028  33.602  -44.297  -23.356 0.6000000238
26095  34.486  -48.158  -22.429 0.4000000060
26784  34.166  -47.296  -22.563 0.4000000060
27483  33.769  -46.580  -22.952 0.5000000000
29056  33.915  -44.598  -25.300 0.6999999881
25355  34.331  -48.888  -22.858 0.4000000060
29836  34.642  -44.140  -26.159 0.6999999881
25353  35.245  -49.616  -22.108 0.5000000000
25354  34.802  -48.890  -22.265 0.4000000060
29080  35.535  -43.654  -26.903 0.6999999881
106504  36.006  -42.008  -26.895 0.8000000119
30571  34.481  -42.059  -28.478 0.8000000119
30572  33.158  -42.082  -28.748 0.8999999762
30581  32.680  -42.410  -29.610 0.8999999762
30590  31.307  -42.652  -31.440 1.0000000000
29897  28.664  -44.099  -33.053 0.8000000119
29903  28.756  -43.672  -33.332 0.8000000119
30591  30.495  -42.529  -32.131 1.0000000000
30599  29.609  -43.417  -33.237 0.8000000119
29016  33.794  -44.836  -22.603 0.6000000238
122709  33.924  -43.324  -22.558 0.6000000238
28238  34.280  -45.304  -21.992 0.6000000238
30505  33.848  -42.743  -22.965 0.6999999881
26767  35.321  -47.548  -21.656 0.4000000060
27465  34.876  -46.739  -21.765 0.4000000060
27482  34.240  -46.366  -22.216 0.4000000060
26076  34.968  -48.236  -21.915 0.4000000060
29837  34.388  -43.590  -25.528 0.6999999881
24512  36.037  -49.956  -21.850 0.5000000000
26074  36.460  -48.539  -21.503 0.4000000060
30543  34.792  -42.754  -25.664 0.8000000119
30530  34.774  -41.971  -25.393 0.8000000119
30566  35.424  -41.409  -27.816 0.8000000119
30565  36.200  -41.638  -27.573 0.8000000119
31234  33.798  -41.548  -28.058 0.8000000119
30582  31.866  -42.057  -30.119 0.8999999762
31242  32.299  -41.718  -29.187 0.8999999762
31250  31.089  -41.569  -30.762 1.0000000000
30600  29.157  -42.788  -33.482 0.8000000119
114765  29.889  -42.409  -32.776 0.8000000119
28994  34.743  -44.603  -21.658 0.6000000238
29799  34.233  -43.571  -22.023 0.6000000238
30519  33.807  -42.866  -23.849 0.6999999881
31179  33.944  -41.941  -23.550 0.6999999881
27464  35.782  -46.798  -21.458 0.4000000060
28217  35.403  -45.984  -21.516 0.5000000000
108847  34.691  -45.934  -21.754 0.5000000000
31192  34.126  -42.270  -24.445 0.8000000119
26766  36.282  -47.610  -21.425 0.4000000060
116835  37.127  -47.935  -21.524 0.4000000060
108662  37.016  -47.232  -21.457 0.4000000060
30556  35.855  -41.391  -26.866 0.8000000119
122825  35.446  -41.347  -26.177 0.8000000119
31228  35.651  -41.058  -27.203 0.8000000119
31229  34.582  -40.897  -27.425 0.8000000119
31235  32.727  -41.394  -28.442 0.8999999762
31230  33.178  -40.853  -27.734 0.8000000119
31243  31.676  -41.254  -29.609 1.0000000000
31870  31.649  -40.494  -29.201 1.0000000000
31887  29.980  -40.597  -32.268 1.0000000000
31256  29.608  -41.709  -32.945 0.8999999762
29898  28.223  -43.441  -33.207 0.8000000119
30604  28.201  -42.317  -33.403 0.8999999762
31888  29.264  -41.031  -33.177 1.0000000000
31257  28.796  -41.947  -33.482 1.0000000000
33119  30.667  -39.165  -31.621 1.0000000000
32494  30.043  -39.591  -32.477 1.0000000000
110995  30.455  -38.824  -32.698 1.0000000000
33118  31.283  -38.592  -32.299 1.0000000000
30479  34.758  -43.011  -21.593 0.6999999881
30504  34.184  -42.809  -22.186 0.6999999881
31145  35.020  -41.612  -21.509 0.6999999881
29776  35.321  -43.607  -21.396 0.6000000238
29777  34.711  -43.886  -21.648 0.6000000238
31165  34.114  -42.037  -22.511 0.6999999881
28218  35.002  -45.255  -21.561 0.6000000238
108446  36.391  -46.033  -21.411 0.5000000000
112706  34.151  -40.947  -23.778 0.8000000119
27462  37.189  -46.538  -21.534 0.4000000060
31191  34.373  -41.458  -24.606 0.8000000119
31205  35.081  -40.990  -25.604 0.8000000119
31220  35.375  -40.791  -26.494 0.8000000119
31221  34.971  -40.477  -26.805 0.8000000119
122506  32.452  -40.808  -28.298 0.8999999762
31866  32.545  -40.259  -27.980 0.8000000119
31236  32.047  -41.044  -28.825 0.8999999762
123562  32.217  -39.808  -28.362 1.0000000000
31869  32.072  -40.376  -28.573 1.0000000000
31876  31.218  -40.607  -30.008 1.0000000000
32479  31.813  -39.797  -28.883 1.0000000000
33110  31.804  -39.217  -29.215 1.0000000000
114909  31.627  -38.973  -29.918 1.0000000000
33116  31.335  -38.749  -30.933 1.0000000000
32497  29.320  -40.069  -33.061 1.0000000000
31890  28.693  -40.975  -33.307 1.0000000000
33115  32.203  -38.411  -31.722 1.0000000000
32496  29.738  -39.174  -32.887 1.0000000000
33123  30.199  -38.529  -32.913 1.0000000000
33833  32.314  -38.327  -32.905 1.0000000000
33122  31.163  -38.308  -32.984 1.0000000000
115592  35.091  -42.306  -21.450 0.6999999881
31164  34.471  -41.379  -22.010 0.6999999881
29775  36.211  -43.520  -21.277 0.5000000000
30478  35.560  -42.819  -21.316 0.6999999881
31178  34.107  -41.191  -22.822 0.6999999881
106913  35.688  -44.251  -21.364 0.6000000238
28991  37.252  -44.837  -21.550 0.5000000000
28992  36.435  -44.468  -21.357 0.5000000000
31833  34.528  -40.597  -24.798 0.8000000119
31847  34.907  -40.326  -25.783 0.6999999881
31859  34.024  -39.839  -26.708 0.8000000119
31858  34.819  -40.131  -26.304 0.8000000119
31865  33.183  -40.090  -27.367 0.6999999881
122033  33.936  -40.438  -27.133 0.6999999881
32478  32.659  -39.413  -27.836 0.8999999762
116927  33.168  -38.579  -27.435 0.8000000119
33100  33.410  -37.851  -27.370 0.8000000119
33807  33.467  -37.424  -27.691 0.8000000119
33808  33.099  -37.905  -27.969 0.8000000119
33104  32.179  -39.198  -28.606 1.0000000000
33101  32.654  -38.557  -28.292 0.8999999762
33811  33.387  -37.319  -28.372 0.8999999762
33812  32.882  -37.866  -28.808 0.8999999762
33103  32.253  -38.537  -29.246 1.0000000000
33109  32.149  -38.377  -30.380 1.0000000000
32491  31.042  -39.407  -30.517 1.0000000000
33832  33.558  -38.340  -32.563 1.0000000000
33840  30.709  -37.772  -33.140 1.0000000000
33831  34.722  -38.185  -32.156 1.0000000000
33839  32.028  -37.900  -33.200 1.0000000000
120842  34.821  -38.463  -33.141 1.0000000000
34645  35.120  -37.932  -33.699 1.0000000000
113393  32.594  -37.337  -33.596 1.0000000000
30477  36.357  -42.536  -21.258 0.6999999881
31143  36.472  -41.658  -21.261 0.6999999881
31787  35.714  -41.096  -21.335 0.6999999881
31788  34.921  -40.825  -21.659 0.6999999881
30476  37.164  -42.191  -21.346 0.6000000238
31806  34.487  -40.552  -22.300 0.6999999881
29774  37.115  -43.943  -21.443 0.5000000000
31821  34.206  -40.302  -23.112 0.6999999881
28990  37.902  -44.363  -21.832 0.5000000000
32434  34.333  -39.495  -23.438 0.8000000119
123222  34.327  -39.392  -24.172 0.6999999881
116715  34.646  -39.731  -25.823 0.6999999881
107924  34.478  -39.719  -24.992 0.6999999881
32469  34.341  -39.375  -26.184 0.6999999881
121814  33.297  -39.378  -27.183 0.6999999881
32470  33.716  -38.949  -26.691 0.6999999881
33096  33.683  -38.095  -26.773 0.8000000119
117806  34.300  -36.633  -26.431 0.8000000119
33805  33.807  -37.264  -27.019 0.8000000119
34596  34.107  -36.563  -27.121 0.8000000119
34603  34.244  -36.222  -27.542 0.8000000119
34613  33.900  -36.741  -28.778 0.8999999762
34612  34.238  -36.160  -28.258 0.8000000119
33820  33.509  -37.350  -29.329 1.0000000000
33821  32.926  -37.935  -29.846 1.0000000000
33827  33.138  -38.093  -31.115 1.0000000000
34640  35.867  -38.095  -32.926 1.0000000000
108418  31.434  -37.064  -33.323 1.0000000000
34646  30.495  -36.556  -32.868 1.0000000000
123741  33.826  -37.561  -33.840 1.0000000000
34649  34.392  -36.957  -34.026 1.0000000000
31786  36.539  -40.916  -21.268 0.6999999881
107871  36.131  -40.312  -21.368 0.6999999881
32397  34.930  -40.042  -21.886 0.6000000238
32418  35.081  -39.270  -22.074 0.6000000238
109283  34.780  -38.893  -22.573 0.6000000238
109486  34.509  -38.852  -23.119 0.6999999881
32443  34.366  -38.884  -24.688 0.6999999881
112838  34.384  -38.803  -23.849 0.6999999881
33083  34.322  -38.238  -25.273 0.6999999881
33095  34.162  -38.515  -26.124 0.6999999881
34577  34.602  -36.549  -25.474 0.8000000119
33804  34.221  -37.518  -26.023 0.8000000119
35497  34.568  -35.927  -26.892 0.8000000119
35506  35.145  -35.353  -27.214 0.8000000119
35521  34.750  -35.570  -28.614 0.8000000119
34626  34.352  -36.866  -29.863 0.8000000119
34625  34.509  -36.167  -29.203 0.8000000119
33826  33.950  -37.591  -30.543 1.0000000000
34632  35.104  -36.274  -30.227 1.0000000000
35537  34.945  -35.529  -29.509 0.6999999881
34633  35.517  -37.305  -31.522 1.0000000000
34639  36.137  -37.065  -32.371 1.0000000000
35553  35.722  -36.453  -32.795 1.0000000000
34647  29.742  -36.917  -32.575 1.0000000000
34644  35.948  -37.391  -33.392 1.0000000000
35560  35.209  -36.454  -33.544 1.0000000000
34650  33.082  -36.555  -33.822 1.0000000000
34651  31.876  -36.149  -33.390 1.0000000000
107728  31.011  -36.132  -33.092 1.0000000000
111932  35.434  -40.395  -21.535 0.6999999881
33061  34.563  -38.167  -23.577 0.6000000238
33774  34.615  -37.443  -24.033 0.6999999881
33789  34.452  -37.403  -24.916 0.6999999881
33070  34.399  -38.133  -24.358 0.6999999881
127323  34.705  -36.050  -26.118 0.6999999881
35496  35.209  -35.504  -26.290 0.6999999881
35520  35.189  -35.198  -28.078 0.6999999881
127235  35.024  -34.942  -29.568 0.8000000119
36446  35.179  -35.002  -28.894 0.6999999881
118696  35.800  -36.465  -31.341 0.8999999762
120045  35.724  -35.995  -31.695 1.0000000000
35563  30.570  -35.572  -32.467 1.0000000000
35568  32.594  -35.606  -33.658 1.0000000000
35567  33.697  -35.800  -34.036 1.0000000000
32395  36.541  -39.450  -21.500 0.6000000238
33026  35.791  -38.953  -21.817 0.6000000238
33043  35.283  -38.547  -22.329 0.6000000238
33748  36.405  -37.602  -22.391 0.6000000238
33044  34.838  -38.273  -22.901 0.6000000238
34523  36.080  -37.099  -22.911 0.6000000238
33763  35.440  -37.185  -23.238 0.6000000238
34542  35.067  -36.917  -23.755 0.6000000238
34555  34.799  -36.711  -24.508 0.6000000238
35459  35.074  -35.987  -24.922 0.6999999881
35480  35.547  -35.555  -25.462 0.6999999881
36412  35.729  -35.123  -26.871 0.6999999881
36426  36.094  -34.887  -27.396 0.6999999881
36427  35.662  -35.009  -27.694 0.6999999881
36445  35.593  -34.678  -28.618 0.6999999881
39200  40.819  -31.027  -32.404 0.3000000119
36460  35.192  -34.381  -29.182 0.6999999881
39978  40.880  -29.860  -31.262 0.3000000119
33822  27.888  -37.282  -29.695 0.8999999762
35546  35.217  -35.479  -30.499 1.0000000000
34635  28.718  -36.864  -31.121 1.0000000000
34641  29.902  -36.007  -32.072 1.0000000000
34642  29.276  -36.426  -31.637 1.0000000000
36483  34.918  -35.140  -32.332 1.0000000000
37424  34.282  -34.304  -33.975 1.0000000000
36498  34.525  -35.592  -33.771 1.0000000000
35562  31.160  -35.540  -32.982 1.0000000000
37425  34.078  -33.986  -34.184 1.0000000000
33730  36.875  -38.104  -21.927 0.6000000238
33747  37.243  -37.504  -22.266 0.6000000238
34521  37.488  -36.875  -22.668 0.6000000238
107858  36.720  -36.569  -23.212 0.6000000238
35441  37.751  -35.820  -23.865 0.6000000238
35442  37.053  -36.060  -23.734 0.6999999881
35457  36.912  -35.669  -24.486 0.6999999881
120325  36.262  -36.096  -23.936 0.6000000238
35458  35.872  -35.741  -24.682 0.6999999881
35517  41.946  -35.994  -28.766 0.3000000119
35535  41.753  -36.197  -29.300 0.3000000119
36392  35.976  -35.174  -26.086 0.6999999881
38318  40.383  -32.456  -32.199 0.3000000119
110666  40.322  -31.724  -31.520 0.4000000060
39191  40.566  -30.795  -31.450 0.4000000060
39173  40.199  -30.732  -30.475 0.4000000060
123248  27.475  -37.087  -28.868 0.6999999881
42796  39.615  -27.671  -28.090 0.3000000119
39961  40.461  -29.696  -30.346 0.3000000119
37368  35.321  -33.708  -28.993 0.6999999881
34627  28.644  -36.621  -29.841 0.8999999762
42808  39.993  -27.651  -28.776 0.3000000119
36461  34.936  -34.493  -29.923 0.8000000119
34634  29.223  -36.217  -30.527 0.8999999762
40912  40.143  -28.601  -29.228 0.3000000119
40928  39.903  -29.664  -29.167 0.3000000119
107940  34.666  -33.821  -30.251 0.8000000119
37408  34.473  -34.088  -31.909 1.0000000000
36493  30.713  -34.776  -31.945 1.0000000000
37417  34.511  -34.031  -33.246 1.0000000000
35561  31.730  -35.022  -33.221 1.0000000000
114532  31.024  -35.032  -32.617 1.0000000000
36500  33.030  -34.726  -33.825 1.0000000000
108748  32.972  -33.781  -33.779 1.0000000000
37426  33.676  -33.064  -34.183 1.0000000000
35456  37.886  -35.543  -24.604 0.6999999881
36421  41.187  -34.946  -27.182 0.3000000119
35478  37.296  -35.358  -25.304 0.6999999881
35479  36.381  -35.379  -25.328 0.6999999881
36391  36.803  -35.125  -26.039 0.6999999881
35519  40.805  -35.601  -28.793 0.4000000060
36411  36.398  -35.004  -26.774 0.6999999881
35544  41.708  -36.254  -30.355 0.3000000119
35536  40.969  -35.456  -29.819 0.5000000000
36425  36.656  -34.769  -27.587 0.6999999881
36443  36.810  -34.416  -28.470 0.6999999881
35545  40.995  -35.265  -31.036 0.5000000000
36444  36.091  -34.545  -28.211 0.6999999881
115232  40.328  -34.099  -32.467 0.4000000060
37398  39.529  -33.232  -30.444 0.6000000238
109055  35.809  -34.151  -28.862 0.6999999881
41923  38.630  -28.011  -26.145 0.4000000060
39174  39.514  -31.588  -29.736 0.4000000060
34614  27.301  -36.524  -28.154 0.6999999881
42790  39.193  -27.672  -27.085 0.4000000060
39192  39.865  -31.915  -30.620 0.4000000060
34615  26.771  -37.224  -28.588 0.6000000238
116943  39.466  -27.082  -27.797 0.3000000119
41929  39.379  -28.426  -27.618 0.3000000119
39962  39.794  -30.624  -29.522 0.4000000060
39156  39.168  -31.294  -28.964 0.4000000060
37386  34.860  -33.697  -29.505 0.6999999881
38276  35.230  -32.811  -28.582 0.6999999881
34628  28.103  -36.620  -28.819 0.6999999881
40884  39.111  -29.091  -27.270 0.4000000060
122338  39.414  -30.573  -28.734 0.4000000060
39947  38.874  -30.938  -28.238 0.4000000060
41946  39.806  -28.263  -28.514 0.3000000119
40913  39.522  -29.174  -28.143 0.3000000119
39931  39.265  -30.158  -28.113 0.4000000060
35554  30.230  -35.262  -31.512 1.0000000000
37399  34.395  -33.541  -31.043 0.8999999762
109459  34.396  -33.275  -32.181 1.0000000000
36491  31.997  -34.066  -33.156 1.0000000000
38340  34.542  -32.391  -34.425 1.0000000000
38339  34.484  -32.989  -34.164 1.0000000000
38330  34.679  -32.763  -33.499 1.0000000000
37409  32.226  -33.080  -33.037 1.0000000000
38331  33.791  -32.329  -34.325 1.0000000000
38332  32.952  -32.492  -33.665 1.0000000000
35440  38.620  -35.618  -23.934 0.6000000238
36368  39.012  -35.425  -25.186 0.6000000238
35477  38.166  -35.395  -25.316 0.6000000238
36389  38.536  -35.376  -26.030 0.6999999881
36407  40.041  -35.375  -26.422 0.5000000000
36388  39.501  -35.382  -25.812 0.6000000238
36390  37.660  -35.191  -26.057 0.6999999881
35505  40.677  -35.555  -27.932 0.5000000000
106702  39.631  -35.445  -27.232 0.4000000060
36410  37.167  -34.976  -26.824 0.6999999881
36422  39.777  -35.363  -27.924 0.6000000238
36424  38.201  -34.927  -27.804 0.6999999881
36440  39.972  -35.143  -28.675 0.6000000238
119429  37.418  -34.779  -27.731 0.6999999881
36470  40.390  -34.782  -30.409 0.6000000238
36471  39.814  -34.165  -30.493 0.6000000238
115173  37.573  -34.404  -28.636 0.6999999881
37385  39.000  -33.480  -29.879 0.6000000238
38292  38.533  -33.144  -29.572 0.6000000238
37367  36.285  -34.031  -28.891 0.6000000238
40880  37.561  -29.075  -25.674 0.4000000060
38291  39.193  -32.603  -29.887 0.4000000060
37365  37.835  -33.768  -29.291 0.6000000238
41915  37.941  -28.275  -25.538 0.4000000060
39175  38.799  -32.156  -29.302 0.5000000000
107920  35.727  -33.432  -28.705 0.6999999881
41922  38.915  -28.590  -26.760 0.4000000060
35539  28.776  -35.840  -28.749 0.8999999762
39932  38.600  -30.545  -27.512 0.4000000060
37369  34.778  -32.921  -29.072 0.6999999881
40895  38.948  -29.778  -27.359 0.4000000060
121073  29.723  -35.593  -29.989 0.8999999762
38310  34.216  -32.682  -31.290 0.8999999762
121393  30.190  -35.112  -30.467 0.8999999762
124053  31.103  -34.079  -31.487 1.0000000000
38319  34.473  -32.518  -32.465 1.0000000000
36492  31.274  -34.401  -32.446 1.0000000000
39217  34.855  -32.033  -34.296 1.0000000000
37418  31.548  -33.644  -32.206 1.0000000000
39212  35.165  -31.332  -34.351 1.0000000000
42012  35.179  -28.908  -34.724 0.8999999762
40965  35.133  -30.053  -34.663 1.0000000000
40005  34.852  -30.972  -34.690 1.0000000000
38321  32.346  -32.165  -32.629 1.0000000000
116684  34.537  -30.311  -34.541 1.0000000000
40006  33.511  -30.919  -33.909 1.0000000000
39203  32.511  -31.329  -32.435 0.8999999762
40959  34.516  -29.353  -34.509 1.0000000000
40960  33.406  -29.995  -33.453 0.8999999762
36408  38.953  -35.358  -26.871 0.6999999881
36409  37.988  -35.080  -26.872 0.6999999881
36423  38.992  -35.122  -27.880 0.6999999881
36442  38.381  -34.549  -28.689 0.6999999881
115333  39.418  -34.597  -29.302 0.6000000238
36459  38.718  -34.115  -29.454 0.6999999881
37366  36.969  -33.891  -29.066 0.6000000238
42783  37.461  -27.645  -25.108 0.3000000119
36458  39.346  -34.076  -29.907 0.6000000238
38274  37.275  -32.996  -28.972 0.6000000238
41916  37.120  -28.455  -25.263 0.4000000060
42784  36.616  -27.844  -24.956 0.4000000060
38273  38.097  -32.627  -29.075 0.6000000238
39158  37.715  -31.977  -28.455 0.5000000000
38275  36.412  -33.095  -28.698 0.6000000238
39157  38.460  -31.686  -28.637 0.4000000060
39911  37.147  -29.804  -25.945 0.5000000000
39147  38.194  -31.246  -27.847 0.4000000060
38269  35.731  -32.532  -28.259 0.6000000238
40886  37.959  -29.661  -26.169 0.5000000000
39159  35.179  -32.097  -28.067 0.6000000238
39915  38.309  -30.156  -26.783 0.4000000060
39135  37.913  -30.847  -27.089 0.4000000060
126349  29.236  -35.965  -29.584 0.8999999762
38293  34.289  -32.032  -29.278 0.8999999762
108381  34.398  -32.940  -30.055 0.8000000119
36474  30.053  -34.883  -29.541 0.8999999762
36473  30.539  -34.429  -29.984 0.8999999762
38312  31.133  -33.017  -30.045 0.8999999762
37400  30.979  -33.855  -30.461 0.8999999762
106624  34.891  -31.910  -33.472 1.0000000000
40012  35.079  -30.912  -34.607 1.0000000000
38322  31.816  -32.620  -31.732 1.0000000000
39204  31.973  -31.843  -31.385 0.8999999762
120053  33.181  -29.317  -33.157 1.0000000000
40951  32.541  -29.734  -32.099 1.0000000000
40000  32.592  -30.499  -32.247 0.8999999762
42003  33.469  -28.521  -33.659 1.0000000000
41987  32.500  -28.964  -32.287 0.8999999762
121960  37.672  -25.924  -24.810 0.3000000119
42776  36.906  -27.083  -24.722 0.3000000119
110146  35.937  -27.971  -25.025 0.3000000119
40882  35.884  -29.150  -25.598 0.5000000000
112437  35.557  -28.423  -25.384 0.4000000060
38268  36.937  -32.160  -28.253 0.5000000000
124405  36.282  -32.169  -28.061 0.5000000000
40881  36.717  -29.175  -25.543 0.5000000000
39148  37.444  -31.439  -27.622 0.5000000000
39149  36.657  -31.558  -27.518 0.5000000000
40887  36.300  -29.819  -25.942 0.5000000000
39136  37.125  -30.985  -26.923 0.5000000000
39917  36.721  -30.444  -26.374 0.5000000000
39916  37.546  -30.356  -26.477 0.5000000000
38277  34.780  -32.333  -28.552 0.6999999881
39918  35.879  -30.409  -26.443 0.5000000000
38294  34.016  -31.962  -30.574 0.8999999762
38320  34.332  -31.849  -32.008 0.8999999762
39201  34.914  -30.983  -33.152 0.8999999762
40958  35.299  -29.447  -34.482 0.8999999762
40004  35.257  -30.451  -34.372 0.8999999762
37410  31.438  -33.253  -31.129 0.8999999762
39193  32.083  -31.033  -31.204 0.8999999762
120060  34.271  -27.773  -34.447 0.6999999881
39194  31.554  -31.568  -30.452 0.8999999762
39980  32.045  -30.201  -31.163 0.8999999762
43566  37.063  -26.281  -24.609 0.3000000119
43567  36.401  -26.593  -24.595 0.3000000119
43568  35.784  -26.505  -24.614 0.4000000060
43569  35.338  -25.945  -24.620 0.3000000119
42785  35.341  -27.673  -25.135 0.3000000119
42786  34.675  -27.332  -25.414 0.4000000060
41919  34.849  -28.147  -25.639 0.4000000060
40888  35.486  -29.710  -26.111 0.5000000000
40889  34.754  -29.474  -26.487 0.4000000060
39919  35.094  -30.239  -26.663 0.5000000000
39137  36.291  -31.025  -26.934 0.5000000000
39150  35.802  -31.666  -27.606 0.5000000000
39933  35.460  -30.926  -27.053 0.5000000000
39934  34.713  -30.610  -27.327 0.5000000000
39151  34.974  -31.391  -27.637 0.5000000000
39161  33.990  -31.134  -28.925 0.6000000238
124387  33.695  -30.025  -29.189 0.6999999881
39176  33.876  -31.188  -29.960 0.6999999881
39979  33.817  -30.390  -30.533 0.6999999881
39999  34.397  -30.237  -31.905 0.8000000119
39202  34.108  -31.093  -31.311 0.8000000119
38311  31.533  -32.408  -30.647 0.8999999762
39998  35.181  -29.946  -33.473 0.8999999762
39981  31.473  -30.690  -30.420 0.8999999762
40952  31.885  -29.328  -31.340 0.8999999762
108643  33.152  -27.634  -33.518 1.0000000000
44416  34.839  -25.269  -24.696 0.3000000119
122559  34.527  -26.650  -25.291 0.4000000060
44423  34.229  -25.360  -25.224 0.3000000119
42791  34.253  -27.678  -26.100 0.4000000060
43576  34.124  -26.118  -25.565 0.3000000119
41924  34.394  -28.580  -26.416 0.4000000060
42792  33.808  -27.081  -26.636 0.4000000060
122573  34.526  -29.931  -27.055 0.4000000060
126783  34.001  -28.519  -27.038 0.4000000060
41930  33.749  -28.351  -27.683 0.4000000060
40896  34.141  -29.162  -27.193 0.4000000060
40897  33.802  -29.145  -28.013 0.4000000060
39949  33.861  -30.355  -28.702 0.5000000000
39935  34.095  -29.977  -27.846 0.5000000000
40935  33.954  -29.612  -31.002 0.6000000238
40950  34.607  -29.398  -32.317 0.8000000119
40949  35.320  -29.160  -33.686 0.6999999881
42847  35.146  -27.499  -34.625 0.6999999881
40936  31.275  -29.800  -30.582 0.8999999762
42004  31.963  -27.710  -32.484 0.8999999762
41988  31.751  -28.495  -31.792 0.8000000119
43638  31.879  -26.329  -33.101 0.6999999881
107163  30.968  -26.253  -32.604 0.8000000119
45353  33.846  -24.623  -25.529 0.3000000119
44424  33.733  -25.432  -25.956 0.3000000119
43581  33.744  -26.257  -26.314 0.3000000119
44432  33.485  -25.563  -26.851 0.4000000060
42797  33.591  -27.275  -27.602 0.4000000060
43587  33.525  -26.403  -27.162 0.4000000060
121347  33.448  -26.989  -28.383 0.5000000000
113719  33.556  -28.026  -29.331 0.5000000000
107817  33.455  -27.135  -29.166 0.5000000000
41947  33.630  -28.619  -28.624 0.5000000000
41974  33.725  -28.218  -30.439 0.5000000000
116399  33.743  -29.071  -30.381 0.5000000000
111873  34.192  -28.805  -31.407 0.6000000238
41985  34.892  -28.543  -32.922 0.6999999881
42833  35.216  -27.557  -33.800 0.6999999881
43636  35.070  -26.749  -34.249 0.6999999881
42854  34.891  -26.838  -34.558 0.6999999881
43649  34.502  -25.977  -34.226 0.6999999881
42848  32.686  -26.811  -33.498 0.8000000119
43650  34.110  -25.928  -34.410 0.6999999881
115536  34.688  -23.798  -24.632 0.3000000119
106062  33.602  -23.825  -25.830 0.3000000119
45361  33.458  -24.565  -26.491 0.3000000119
112754  33.365  -25.792  -27.582 0.4000000060
43599  33.400  -26.419  -27.961 0.4000000060
44437  33.248  -25.665  -28.265 0.3000000119
117000  33.513  -26.918  -29.961 0.5000000000
42822  33.563  -27.511  -29.922 0.6000000238
43610  33.367  -26.349  -29.538 0.3000000119
42828  33.812  -27.173  -30.960 0.5000000000
43618  33.528  -26.343  -30.484 0.4000000060
41986  34.382  -27.883  -31.999 0.6999999881
42834  34.581  -26.891  -32.760 0.6000000238
42001  35.322  -28.427  -34.443 0.6999999881
108072  34.591  -25.981  -33.534 0.6000000238
46263  33.155  -23.893  -27.267 0.3000000119
45370  33.224  -24.895  -27.609 0.3000000119
44447  33.194  -25.620  -29.096 0.3000000119
46273  32.916  -24.017  -28.087 0.3000000119
45383  33.011  -24.840  -28.579 0.3000000119
45384  32.763  -24.034  -28.897 0.3000000119
44462  33.245  -25.647  -30.000 0.3000000119
45397  32.957  -24.779  -29.582 0.4000000060
43624  33.968  -26.242  -31.805 0.5000000000
44474  33.489  -25.606  -31.074 0.5000000000
116380  33.176  -25.048  -30.510 0.5000000000
44481  33.973  -25.393  -32.515 0.6000000238
118582  34.039  -21.822  -25.020 0.4000000060
47070  33.613  -22.180  -25.688 0.3000000119
46252  33.410  -23.015  -26.178 0.3000000119
47082  33.141  -22.190  -26.745 0.3000000119
47088  33.152  -23.069  -27.010 0.3000000119
47089  32.919  -22.550  -27.425 0.3000000119
46264  32.917  -23.186  -27.735 0.3000000119
46274  32.722  -23.278  -28.452 0.3000000119
127590  32.627  -23.377  -29.108 0.3000000119
45398  32.715  -23.836  -29.722 0.4000000060
46284  32.546  -22.996  -29.682 0.4000000060
118701  33.384  -24.752  -31.693 0.6000000238
45411  32.915  -24.337  -30.573 0.4000000060
46296  32.626  -23.397  -30.752 0.4000000060
109747  32.975  -24.001  -31.596 0.5000000000
45417  33.949  -24.678  -33.180 0.6000000238
44494  31.947  -25.495  -33.501 0.6999999881
43639  30.376  -26.863  -32.038 0.8000000119
47910  33.768  -21.231  -25.370 0.4000000060
47924  33.339  -21.306  -26.222 0.3000000119
47083  32.821  -21.958  -27.464 0.3000000119
122775  32.587  -22.676  -28.901 0.3000000119
47937  32.565  -21.854  -28.730 0.4000000060
47101  32.466  -22.170  -29.473 0.4000000060
47112  32.376  -22.461  -30.358 0.4000000060
46301  32.789  -23.365  -32.232 0.4000000060
45418  33.498  -24.003  -33.035 0.5000000000
47117  32.374  -22.664  -31.495 0.4000000060
44506  34.154  -25.035  -34.276 0.6000000238
114452  33.047  -23.403  -33.517 0.4000000060
44508  32.660  -24.627  -34.093 0.6999999881
46319  33.022  -23.541  -34.020 0.4000000060
46320  32.169  -23.210  -33.778 0.4000000060
45448  32.515  -23.903  -34.033 0.6000000238
45449  31.357  -23.746  -33.582 0.5000000000
45432  31.559  -24.635  -33.526 0.6000000238
44495  30.716  -25.426  -32.799 0.6999999881
44496  29.754  -25.272  -32.415 0.6999999881
49599  34.381  -19.673  -24.681 0.3000000119
48778  33.497  -20.438  -25.766 0.3000000119
48789  33.072  -20.495  -26.665 0.3000000119
47931  32.683  -21.369  -27.972 0.3000000119
120462  32.430  -21.496  -29.285 0.4000000060
111527  32.240  -21.566  -30.054 0.3000000119
47960  32.074  -21.940  -31.007 0.3000000119
123870  31.935  -21.283  -30.764 0.3000000119
47127  32.478  -22.735  -32.763 0.4000000060
47118  32.056  -22.102  -32.088 0.3000000119
47970  31.764  -21.405  -31.607 0.3000000119
47128  32.078  -22.286  -32.982 0.3000000119
47138  31.703  -22.261  -33.270 0.3000000119
122171  31.775  -22.640  -33.586 0.3000000119
47139  31.203  -22.174  -33.449 0.4000000060
46321  31.086  -22.833  -33.539 0.5000000000
45433  30.481  -24.546  -32.959 0.5000000000
45434  29.510  -24.432  -32.542 0.5000000000
49607  33.739  -19.611  -25.305 0.3000000119
49624  33.199  -19.547  -26.238 0.3000000119
118266  32.828  -19.814  -27.112 0.3000000119
48795  32.590  -20.470  -28.208 0.3000000119
109413  32.500  -21.046  -28.762 0.3000000119
48815  32.006  -20.745  -30.234 0.3000000119
47961  31.646  -20.703  -31.069 0.3000000119
48835  31.287  -20.749  -32.114 0.3000000119
47986  31.192  -21.630  -33.211 0.3000000119
117958  30.549  -22.225  -33.389 0.4000000060
46308  30.236  -23.650  -33.051 0.5000000000
46309  29.236  -23.560  -32.653 0.5000000000
50456  33.538  -18.747  -25.560 0.3000000119
50464  33.075  -18.595  -26.332 0.3000000119
49625  32.861  -19.122  -26.880 0.3000000119
109692  32.513  -19.649  -28.345 0.3000000119
48800  32.408  -20.226  -28.940 0.3000000119
48807  32.125  -20.065  -29.698 0.3000000119
48816  31.723  -20.005  -30.480 0.3000000119
48827  31.315  -19.947  -31.355 0.3000000119
47987  30.617  -21.649  -33.371 0.4000000060
121411  29.726  -21.873  -33.297 0.4000000060
47129  28.818  -22.636  -32.790 0.4000000060
47140  28.799  -21.736  -33.080 0.4000000060
119201  28.394  -23.533  -32.444 0.5000000000
123488  27.770  -23.029  -32.434 0.4000000060
111506  34.382  -17.379  -24.676 0.3000000119
51270  33.886  -18.026  -25.035 0.3000000119
49636  32.655  -19.161  -27.629 0.3000000119
49640  32.462  -18.804  -28.383 0.3000000119
49646  32.254  -19.271  -29.133 0.3000000119
49653  31.465  -19.238  -30.740 0.3000000119
121170  31.128  -21.117  -32.887 0.3000000119
48828  30.836  -19.865  -32.207 0.3000000119
47978  30.707  -21.055  -33.243 0.3000000119
111636  30.063  -21.063  -33.458 0.4000000060
47988  29.240  -21.094  -33.349 0.3000000119
118163  33.691  -17.108  -25.254 0.3000000119
51281  33.369  -17.893  -25.746 0.3000000119
51290  32.937  -17.786  -26.515 0.3000000119
50465  32.754  -18.445  -27.070 0.3000000119
50481  32.581  -18.293  -27.805 0.3000000119
50487  32.442  -18.106  -28.391 0.3000000119
51308  32.351  -17.552  -28.734 0.3000000119
50492  32.285  -18.321  -28.960 0.3000000119
49647  31.869  -19.296  -29.975 0.3000000119
51313  32.057  -17.679  -29.426 0.3000000119
123913  33.438  -16.674  -25.648 0.3000000119
51291  32.682  -17.658  -27.275 0.3000000119
113158  32.852  -16.976  -26.736 0.3000000119
52183  32.632  -16.876  -27.537 0.3000000119
51304  32.526  -17.544  -28.030 0.3000000119
50497  31.639  -18.664  -30.276 0.3000000119
50507  31.296  -18.425  -30.907 0.3000000119
49664  30.933  -19.065  -31.589 0.3000000119
52168  33.194  -16.303  -26.142 0.3000000119
53735  33.207  -14.779  -26.393 0.3000000119
115359  32.591  -16.208  -27.802 0.3000000119
52966  32.906  -15.308  -26.946 0.4000000060
52196  32.445  -16.751  -28.378 0.3000000119
52199  32.208  -16.899  -29.148 0.3000000119
52200  31.821  -16.954  -29.852 0.3000000119
116645  32.481  -15.187  -28.347 0.4000000060
53736  32.879  -14.645  -27.218 0.4000000060
116068  32.295  -16.250  -28.911 0.4000000060
54554  33.135  -13.814  -26.839 0.3000000119
53743  32.624  -14.614  -27.950 0.4000000060
31883  30.637  -40.630  -30.918 1.0000000000
32492  30.497  -39.880  -31.203 1.0000000000
31251  30.316  -41.542  -31.823 0.8999999762
42014  34.259  -26.992  -34.425 0.6999999881
43637  32.843  -25.897  -33.944 0.8000000119
44507  33.422  -25.134  -34.261 0.6999999881
23791  33.830  -51.846  -28.869 0.5000000000
110391  33.792  -48.104  -24.741 0.5000000000
105939  33.845  -49.994  -24.216 0.5000000000
23743  33.173  -51.244  -26.384 0.4000000060
29826  33.672  -43.675  -24.077 0.6999999881
25368  34.165  -49.773  -23.406 0.5000000000
24551  34.431  -50.753  -23.388 0.5000000000
117608  35.321  -42.975  -26.347 0.8000000119
23744  32.644  -51.964  -26.969 0.4000000060
30564  36.520  -42.254  -28.063 0.8000000119
123605  33.845  -43.884  -24.835 0.6999999881
25330  35.850  -49.145  -21.673 0.4000000060
30602  28.387  -42.933  -33.471 0.8000000119
29015  34.219  -44.370  -22.009 0.6000000238
27463  36.554  -46.841  -21.415 0.4000000060
26073  37.223  -48.755  -21.657 0.4000000060
107265  35.823  -45.114  -21.384 0.5000000000
32485  31.400  -39.759  -29.665 1.0000000000
123832  30.909  -40.023  -30.352 1.0000000000
33838  33.607  -38.135  -33.357 1.0000000000
35507  34.661  -35.687  -27.735 0.8000000119
36490  34.784  -35.432  -33.326 1.0000000000
36472  34.832  -34.610  -31.034 1.0000000000
34541  35.784  -36.649  -23.509 0.6000000238
121045  35.426  -36.303  -24.195 0.6999999881
36489  40.807  -35.188  -33.361 0.4000000060
33828  28.275  -37.219  -30.601 1.0000000000
35555  29.696  -35.730  -31.057 1.0000000000
38309  40.030  -32.622  -31.118 0.4000000060
39218  34.950  -31.571  -34.599 1.0000000000
123935  40.649  -34.933  -32.082 0.4000000060
37397  40.044  -33.541  -31.248 0.5000000000
36482  40.250  -34.475  -31.258 0.5000000000
40879  38.320  -28.868  -26.066 0.4000000060
40885  38.617  -29.382  -26.680 0.4000000060
39214  33.139  -31.815  -33.708 1.0000000000
39948  34.312  -30.893  -28.080 0.5000000000
40914  33.705  -29.544  -28.806 0.5000000000
40929  33.655  -29.725  -29.816 0.5000000000
42809  33.541  -27.736  -28.459 0.5000000000
44493  34.346  -25.105  -33.917 0.6999999881
45447  33.520  -24.294  -34.158 0.6000000238
47945  32.299  -20.857  -29.483 0.3000000119
29116  37.595  -44.022  -32.118 0.5000000000
29128  37.009  -44.707  -33.052 0.5000000000
27607  39.026  -45.915  -33.669 0.5000000000
28356  37.520  -45.200  -33.506 0.5000000000
27594  40.244  -46.003  -32.862 0.5000000000
28354  39.360  -44.806  -33.087 0.5000000000
122371  38.409  -44.472  -33.071 0.5000000000
26888  39.902  -46.965  -32.321 0.5000000000
26880  37.956  -47.637  -30.543 0.4000000060
26879  38.729  -46.728  -31.247 0.5000000000
26199  37.784  -48.574  -30.340 0.4000000060
25448  37.329  -49.199  -29.830 0.5000000000
31245  27.586  -41.072  -28.723 0.6999999881
31871  26.896  -40.970  -28.455 0.6999999881
31884  27.868  -40.952  -31.410 0.8000000119
31258  27.862  -42.011  -32.692 0.8000000119
31252  28.340  -41.590  -30.370 0.8000000119
31260  27.964  -41.896  -33.172 0.8999999762
31878  27.286  -40.292  -28.930 0.6999999881
31889  27.649  -40.061  -31.277 0.8999999762
32495  27.878  -40.263  -32.626 0.8999999762
32498  28.489  -39.986  -33.042 0.8999999762
32486  27.300  -38.757  -29.853 0.6000000238
32493  27.505  -39.348  -30.649 0.8000000119
120829  27.614  -39.685  -31.899 0.8999999762
33126  27.980  -39.332  -32.465 0.8999999762
33125  28.616  -38.967  -32.770 0.8999999762
33124  29.376  -38.694  -32.909 0.8999999762
33040  39.415  -38.144  -22.135 0.5000000000
33023  38.111  -38.787  -21.713 0.5000000000
33024  37.250  -38.741  -21.643 0.5000000000
31785  37.987  -40.324  -21.499 0.6000000238
32394  37.599  -39.516  -21.511 0.5000000000
31142  37.381  -41.211  -21.350 0.6000000238
33112  26.909  -38.259  -29.297 0.6000000238
33117  27.591  -38.456  -30.663 0.8999999762
33121  27.654  -38.850  -31.657 0.8999999762
33120  28.063  -38.436  -32.208 0.8999999762
33842  28.736  -38.086  -32.533 0.8999999762
33841  29.610  -37.888  -32.846 0.8999999762
34519  39.320  -36.496  -22.672 0.5000000000
34520  38.388  -36.606  -22.694 0.5000000000
33745  38.925  -37.294  -22.272 0.5000000000
33746  38.062  -37.369  -22.235 0.5000000000
33744  39.828  -37.347  -22.392 0.5000000000
33041  38.541  -38.066  -21.962 0.5000000000
33829  27.875  -37.752  -30.657 0.8999999762
33111  27.476  -38.001  -29.907 0.6999999881
33836  27.833  -38.175  -31.453 0.8999999762
33835  28.250  -37.615  -31.636 0.8999999762
33834  28.942  -37.221  -32.158 0.8999999762
35439  39.728  -35.467  -23.558 0.5000000000
34540  37.643  -36.289  -23.198 0.5000000000
35424  39.928  -35.923  -22.964 0.5000000000
34538  40.558  -36.151  -22.937 0.5000000000
126772  39.218  -35.549  -23.725 0.5000000000
35454  40.175  -35.044  -24.120 0.5000000000
36367  39.875  -35.122  -24.933 0.5000000000
36387  40.434  -34.890  -25.549 0.4000000060
120531  28.058  -35.997  -28.188 0.6000000238
35523  27.429  -35.537  -27.804 0.6000000238
36464  28.993  -34.815  -28.480 0.8000000119
35522  28.263  -35.177  -28.072 0.6999999881
37370  27.869  -33.489  -28.353 0.6999999881
38278  27.237  -32.633  -28.695 0.6999999881
35538  29.497  -35.297  -29.091 0.8000000119
37389  28.987  -33.711  -28.504 0.6999999881
38296  28.237  -32.644  -28.730 0.6999999881
39180  28.617  -31.684  -29.274 0.6999999881
38297  27.507  -31.905  -29.168 0.6999999881
38295  30.459  -32.731  -29.365 0.8000000119
39179  29.737  -32.191  -29.143 0.8000000119
37387  30.616  -33.641  -29.611 0.8000000119
124134  29.592  -31.488  -29.409 0.6999999881
39964  30.088  -30.960  -29.638 0.8000000119
39195  31.106  -32.128  -29.826 0.8000000119
39965  29.092  -30.834  -29.705 0.6999999881
39982  30.642  -30.345  -30.012 0.8000000119
40938  29.161  -29.431  -30.531 0.6000000238
39177  30.948  -31.223  -29.808 0.8000000119
41975  29.707  -28.765  -30.907 0.6000000238
41976  28.706  -28.717  -30.997 0.6000000238
40937  30.222  -29.514  -30.432 0.8000000119
115442  30.128  -28.207  -31.312 0.6000000238
41989  29.296  -28.093  -31.320 0.6000000238
42837  28.977  -27.285  -31.594 0.6000000238
40953  30.870  -28.804  -31.034 0.6999999881
42836  29.976  -27.496  -31.622 0.6000000238
43640  29.929  -26.149  -32.175 0.6999999881
43626  29.072  -26.460  -31.806 0.6000000238
43625  29.639  -26.855  -31.807 0.6000000238
43641  29.175  -25.799  -32.023 0.6000000238
42835  30.927  -27.857  -31.714 0.6999999881
125031  30.611  -27.320  -31.895 0.6999999881
116799  37.703  -49.852  -30.240 0.4000000060
26186  37.210  -48.187  -29.801 0.5000000000
28334  38.948  -44.967  -31.703 0.5000000000
117685  29.138  -39.378  -33.032 0.8999999762
36366  40.666  -34.687  -24.765 0.3000000119
36463  29.686  -34.418  -28.862 0.8000000119
28343  40.034  -45.326  -33.054 0.5000000000
112411  38.913  -47.624  -31.382 0.5000000000
31885  27.661  -40.122  -30.109 0.8000000119
32393  38.476  -39.564  -21.693 0.5000000000
37388  29.953  -33.473  -28.953 0.8000000119
107776  29.278  -32.734  -28.834 0.6999999881
39178  30.369  -31.783  -29.452 0.8000000119
39984  28.613  -30.103  -30.207 0.6999999881
39983  29.626  -30.153  -30.010 0.6999999881
27461  37.886  -46.188  -21.906 0.4000000060
28237  38.517  -45.699  -22.434 0.4000000060
29014  38.526  -44.776  -22.388 0.4000000060
29773  37.825  -43.446  -21.706 0.5000000000
29013  39.175  -44.292  -22.863 0.4000000060
110019  39.705  -44.717  -23.494 0.4000000060
30475  38.014  -41.977  -21.607 0.5000000000
31141  38.404  -41.112  -21.690 0.5000000000
30502  39.324  -42.470  -22.536 0.5000000000
29797  39.301  -43.320  -22.723 0.4000000060
29798  38.547  -43.836  -22.262 0.4000000060
29027  39.829  -43.894  -23.366 0.4000000060
29026  40.283  -44.358  -23.945 0.4000000060
31784  38.849  -40.329  -21.818 0.5000000000
30503  38.518  -42.798  -22.061 0.5000000000
29812  39.985  -43.100  -23.254 0.4000000060
29811  40.452  -43.535  -23.838 0.4000000060
30541  42.301  -42.328  -25.209 0.4000000060
29824  41.408  -43.418  -24.815 0.4000000060
29835  41.919  -43.205  -25.281 0.4000000060
31140  39.209  -41.070  -22.098 0.5000000000
31163  38.838  -41.849  -22.091 0.5000000000
31162  39.576  -41.713  -22.504 0.4000000060
34572  48.046  -37.055  -25.896 0.3000000119
30501  40.037  -42.316  -23.011 0.4000000060
113062  46.146  -38.180  -25.485 0.3000000119
30517  41.194  -42.238  -24.063 0.4000000060
112516  47.132  -38.567  -25.627 0.3000000119
32455  45.451  -39.301  -25.595 0.3000000119
32456  44.699  -39.764  -25.538 0.3000000119
31203  43.715  -41.048  -25.587 0.3000000119
31846  43.033  -41.068  -25.164 0.4000000060
30529  41.608  -42.678  -24.685 0.4000000060
29825  41.020  -43.096  -24.275 0.4000000060
31845  44.680  -40.652  -25.952 0.3000000119
31204  43.058  -41.754  -25.539 0.4000000060
31805  39.664  -40.351  -22.244 0.4000000060
118794  39.801  -41.073  -22.476 0.4000000060
115331  40.741  -41.155  -23.257 0.4000000060
31804  40.320  -40.732  -22.749 0.4000000060
34573  47.199  -36.938  -25.760 0.3000000119
34574  45.947  -36.459  -25.516 0.3000000119
126312  45.141  -38.691  -25.355 0.3000000119
32441  44.074  -39.242  -25.014 0.3000000119
32442  43.227  -39.841  -24.672 0.4000000060
31189  42.500  -41.419  -24.895 0.4000000060
108878  41.833  -41.808  -24.499 0.4000000060
33081  45.643  -38.619  -25.457 0.3000000119
32457  43.926  -40.180  -25.303 0.3000000119
122288  43.312  -40.554  -25.070 0.3000000119
31783  39.261  -39.643  -21.968 0.4000000060
34552  44.333  -36.764  -24.724 0.3000000119
111236  43.069  -38.163  -24.147 0.3000000119
108149  42.172  -39.320  -23.742 0.4000000060
33059  42.317  -38.562  -23.682 0.4000000060
32432  41.677  -39.797  -23.540 0.4000000060
33788  45.174  -36.912  -25.135 0.3000000119
33771  44.534  -37.654  -24.854 0.3000000119
33772  43.749  -37.413  -24.441 0.3000000119
107839  42.769  -39.170  -24.137 0.4000000060
31819  41.730  -40.512  -23.807 0.4000000060
31820  41.050  -40.415  -23.265 0.4000000060
33069  43.916  -38.322  -24.658 0.3000000119
115663  43.413  -38.962  -24.514 0.4000000060
32431  42.364  -40.052  -24.108 0.4000000060
31176  41.355  -41.286  -23.803 0.4000000060
108698  45.310  -37.985  -25.239 0.3000000119
31190  42.091  -40.953  -24.302 0.4000000060
34517  40.848  -36.712  -22.839 0.4000000060
33762  41.516  -37.258  -23.079 0.4000000060
33743  40.671  -37.391  -22.677 0.4000000060
32417  39.822  -39.093  -22.214 0.4000000060
34554  42.812  -36.033  -24.052 0.3000000119
32415  40.995  -38.809  -22.838 0.4000000060
32416  40.524  -39.119  -22.594 0.4000000060
33773  42.982  -37.039  -23.978 0.4000000060
33761  42.339  -37.613  -23.588 0.4000000060
106676  41.619  -38.907  -23.296 0.4000000060
109520  40.343  -39.861  -22.574 0.4000000060
39966  28.096  -30.746  -29.862 0.6000000238
39181  27.611  -31.248  -29.591 0.6000000238
41977  27.617  -28.604  -31.110 0.5000000000
41990  28.400  -27.983  -31.334 0.5000000000
118879  28.459  -26.717  -31.676 0.5000000000
44482  28.393  -25.939  -31.821 0.5000000000
44497  28.885  -25.142  -32.153 0.4000000060
51326  30.801  -17.432  -31.735 0.3000000119
52215  30.588  -16.863  -32.204 0.3000000119
52223  30.095  -16.931  -33.010 0.3000000119
117327  32.034  -16.203  -29.512 0.3000000119
116382  31.676  -16.186  -30.258 0.3000000119
52205  31.455  -16.917  -30.645 0.3000000119
111725  31.336  -16.129  -31.072 0.3000000119
114762  30.420  -16.253  -32.675 0.3000000119
115373  30.110  -16.025  -33.319 0.3000000119
52993  32.267  -15.475  -29.058 0.3000000119
52994  31.905  -15.452  -29.879 0.3000000119
53000  31.567  -15.438  -30.665 0.3000000119
53010  31.195  -15.381  -31.470 0.3000000119
53778  31.125  -14.701  -31.901 0.3000000119
53024  30.528  -15.468  -32.856 0.3000000119
53787  30.470  -14.741  -33.480 0.3000000119
53789  29.958  -14.701  -34.120 0.3000000119
53756  32.413  -14.615  -28.706 0.3000000119
53763  32.139  -14.679  -29.531 0.3000000119
53764  31.792  -14.729  -30.321 0.3000000119
116775  31.679  -14.165  -30.761 0.3000000119
53770  31.461  -14.746  -31.086 0.3000000119
115451  31.436  -14.069  -31.510 0.3000000119
53786  30.799  -14.710  -32.726 0.3000000119
54613  30.754  -14.072  -33.398 0.3000000119
116742  32.590  -13.900  -28.257 0.3000000119
54589  32.311  -13.137  -29.465 0.3000000119
54590  32.015  -13.875  -30.044 0.3000000119
54595  31.737  -13.397  -30.934 0.3000000119
55381  31.663  -12.651  -31.496 0.3000000119
54601  31.401  -13.341  -32.001 0.3000000119
55389  31.445  -12.605  -32.476 0.3000000119
54576  32.551  -13.139  -28.605 0.3000000119
55355  32.487  -12.398  -29.025 0.3000000119
54594  32.060  -13.093  -30.195 0.3000000119
56202  32.156  -11.793  -30.314 0.3000000119
116139  31.659  -12.069  -31.911 0.3000000119
56170  32.591  -11.645  -28.632 0.3000000119
56187  32.397  -11.690  -29.467 0.3000000119
109923  32.343  -10.987  -29.986 0.3000000119
57026  32.493  -10.906  -29.087 0.3000000119
110711  32.588  -10.171  -28.624 0.3000000119
118324  40.904  -44.025  -24.540 0.4000000060
27481  38.497  -46.669  -22.452 0.4000000060
27494  39.149  -46.102  -23.047 0.4000000060
29042  40.569  -44.890  -24.463 0.4000000060
28250  39.709  -45.531  -23.627 0.4000000060
29052  42.234  -43.726  -25.904 0.4000000060
29053  41.577  -44.076  -25.321 0.4000000060
29054  41.131  -44.820  -25.028 0.4000000060
123819  48.376  -37.750  -25.731 0.3000000119
108433  46.354  -39.827  -25.863 0.3000000119
31844  45.539  -40.157  -25.949 0.3000000119
31218  44.384  -41.416  -26.258 0.3000000119
125672  43.734  -41.710  -26.016 0.3000000119
30540  42.835  -42.474  -25.808 0.3000000119
33785  47.572  -37.720  -25.670 0.3000000119
116766  46.516  -36.897  -25.601 0.3000000119
34575  45.283  -35.892  -25.362 0.3000000119
35473  46.734  -36.128  -25.904 0.3000000119
35437  41.493  -35.533  -23.621 0.4000000060
35436  42.185  -35.574  -23.845 0.4000000060
34536  42.130  -36.440  -23.515 0.4000000060
35451  43.336  -35.517  -24.478 0.3000000119
35450  44.088  -35.880  -24.728 0.3000000119
36355  40.993  -34.924  -24.094 0.4000000060
54564  32.826  -13.198  -27.662 0.3000000119
55350  32.706  -12.372  -28.179 0.3000000119
56165  32.790  -11.602  -27.840 0.3000000119
57019  32.646  -10.926  -28.247 0.3000000119
57015  32.745  -10.280  -27.782 0.3000000119
35492  49.103  -36.149  -26.985 0.3000000119
28216  37.260  -45.689  -21.569 0.4000000060
121271  37.705  -42.689  -21.570 0.5000000000
31177  40.691  -41.859  -23.469 0.4000000060
33787  45.959  -37.350  -25.426 0.3000000119
33039  40.366  -38.293  -22.486 0.4000000060
114965  32.350  -13.885  -29.098 0.3000000119
55380  31.958  -12.560  -30.653 0.3000000119
56203  31.869  -11.927  -31.164 0.3000000119
57811  32.683  -9.504  -28.087 0.3000000119
26783  37.744  -47.220  -21.845 0.3000000119
28324  30.439  -45.572  -30.678 0.6999999881
122434  30.377  -45.497  -29.533 0.6999999881
22862  33.482  -52.096  -24.932 0.3000000119
23701  34.633  -51.550  -23.552 0.3000000119
29863  29.159  -43.621  -28.473 0.6999999881
26094  37.818  -48.211  -21.921 0.3000000119
29088  29.692  -44.269  -28.860 0.6999999881
29098  30.154  -44.901  -29.902 0.6999999881
26093  38.365  -48.671  -22.361 0.3000000119
26793  39.160  -47.055  -23.113 0.3000000119
26792  39.222  -47.845  -23.095 0.3000000119
109148  40.770  -46.998  -24.823 0.3000000119
26802  39.827  -47.544  -23.741 0.3000000119
27493  39.833  -46.477  -23.800 0.3000000119
27520  41.316  -46.593  -25.453 0.3000000119
27521  40.828  -46.129  -24.882 0.3000000119
27508  40.400  -46.459  -24.409 0.3000000119
24511  36.813  -50.108  -21.948 0.4000000060
30583  29.092  -42.906  -29.432 0.6999999881
25352  38.137  -49.510  -22.373 0.3000000119
25328  37.369  -49.492  -21.921 0.3000000119
29887  29.301  -43.518  -30.302 0.6999999881
29099  29.647  -44.248  -30.574 0.6999999881
25351  38.774  -49.167  -22.774 0.3000000119
26106  39.551  -48.427  -23.413 0.3000000119
26801  40.476  -47.675  -24.411 0.3000000119
28265  40.320  -45.701  -24.297 0.3000000119
26831  41.790  -47.176  -26.032 0.3000000119
23676  35.073  -51.059  -22.928 0.4000000060
30584  28.724  -42.271  -29.806 0.6999999881
23673  37.753  -51.009  -22.782 0.3000000119
24529  37.569  -50.203  -22.305 0.3000000119
25367  39.148  -49.603  -23.209 0.3000000119
123969  38.645  -49.770  -22.842 0.3000000119
30592  28.880  -43.148  -30.913 0.6999999881
120673  39.812  -49.278  -23.667 0.3000000119
114060  41.583  -44.869  -25.578 0.3000000119
28278  40.841  -45.433  -24.823 0.3000000119
27534  41.876  -46.248  -26.133 0.3000000119
28277  41.344  -45.631  -25.427 0.3000000119
24550  38.850  -50.276  -23.211 0.3000000119
30593  28.431  -42.558  -31.422 0.6999999881
24562  39.764  -50.728  -24.204 0.3000000119
24549  39.504  -50.159  -23.640 0.3000000119
29888  28.394  -43.515  -32.486 0.6999999881
109137  42.338  -45.022  -26.490 0.3000000119
23698  39.055  -50.963  -23.701 0.3000000119
30601  27.972  -42.862  -32.720 0.6999999881
29067  42.069  -44.514  -26.027 0.3000000119
36364  42.214  -34.376  -24.661 0.3000000119
27599  31.590  -46.392  -32.773 0.5000000000
28323  30.731  -46.059  -29.851 0.6999999881
28337  30.819  -46.227  -31.199 0.6000000238
27568  31.190  -46.702  -30.137 0.6000000238
126662  30.693  -46.143  -32.340 0.6000000238
29089  28.893  -44.167  -28.091 0.6999999881
30573  28.973  -43.113  -28.653 0.6999999881
23700  35.353  -51.801  -23.293 0.3000000119
30574  28.437  -42.458  -28.556 0.6999999881
23675  35.851  -51.291  -22.719 0.4000000060
31244  28.218  -41.572  -28.992 0.6999999881
23674  36.802  -51.435  -22.792 0.4000000060
112767  37.049  -50.715  -22.354 0.4000000060
31877  27.930  -40.857  -29.580 0.6999999881
23699  38.331  -51.443  -23.457 0.3000000119
22841  38.139  -52.115  -23.915 0.3000000119
26782  38.556  -47.734  -22.480 0.3000000119
23718  38.855  -51.741  -24.112 0.3000000119
22824  37.583  -51.795  -23.326 0.3000000119
110618  36.398  -45.432  -33.506 0.5000000000
27596  34.934  -46.311  -33.287 0.5000000000
28357  35.773  -45.092  -33.192 0.4000000060
24650  29.198  -50.739  -29.925 0.4000000060
23806  28.103  -51.013  -30.687 0.5000000000
28358  34.610  -45.498  -33.296 0.4000000060
23821  26.751  -51.173  -32.059 0.4000000060
121950  26.337  -51.290  -32.666 0.4000000060
123302  28.795  -51.109  -30.343 0.5000000000
23835  25.771  -51.013  -33.011 0.4000000060
23845  25.429  -51.402  -33.580 0.4000000060
24665  26.558  -50.455  -31.698 0.4000000060
24651  27.778  -50.357  -30.387 0.5000000000
127893  27.573  -50.646  -30.798 0.4000000060
25452  29.423  -49.537  -29.235 0.5000000000
26177  30.211  -48.201  -28.767 0.4000000060
106747  31.090  -46.475  -32.196 0.5000000000
26868  31.227  -47.505  -29.575 0.4000000060
26869  30.831  -48.076  -29.094 0.4000000060
121460  31.343  -46.765  -31.128 0.4000000060
24688  25.044  -50.683  -33.311 0.4000000060
25484  22.540  -49.381  -32.965 0.4000000060
25473  26.311  -49.720  -31.377 0.4000000060
116190  23.312  -48.628  -32.675 0.4000000060
25464  27.413  -49.781  -30.298 0.5000000000
24652  27.082  -50.195  -30.895 0.4000000060
26211  23.820  -47.949  -32.148 0.4000000060
24635  28.080  -49.816  -29.778 0.5000000000
125062  24.402  -47.647  -31.612 0.4000000060
26893  23.941  -47.161  -31.700 0.4000000060
25453  28.686  -49.354  -29.293 0.5000000000
26178  29.405  -48.318  -28.682 0.5000000000
27590  24.168  -46.470  -31.277 0.4000000060
28348  23.763  -45.916  -31.290 0.4000000060
25437  29.854  -48.923  -28.934 0.5000000000
26857  29.800  -47.541  -28.516 0.6000000238
26856  30.532  -47.454  -28.875 0.6000000238
27569  30.745  -46.711  -29.232 0.5000000000
24680  23.012  -50.130  -33.140 0.4000000060
25483  23.628  -49.322  -32.825 0.4000000060
24678  25.462  -50.334  -32.699 0.4000000060
25465  26.773  -49.307  -30.619 0.5000000000
26218  24.152  -48.733  -32.388 0.4000000060
25454  27.445  -49.184  -29.919 0.5000000000
26892  25.022  -47.736  -31.251 0.4000000060
111550  28.037  -49.083  -29.430 0.5000000000
26858  28.843  -47.590  -28.487 0.5000000000
28340  24.376  -45.721  -30.712 0.4000000060
27555  30.139  -46.739  -28.585 0.6000000238
28308  30.384  -45.973  -28.909 0.6000000238
121785  24.024  -49.836  -33.016 0.4000000060
25474  25.590  -49.342  -31.709 0.4000000060
25482  24.457  -49.413  -32.604 0.4000000060
25475  24.896  -48.995  -32.026 0.4000000060
26203  25.439  -48.534  -31.337 0.4000000060
26190  27.541  -48.405  -29.439 0.5000000000
26883  25.298  -47.099  -30.712 0.4000000060
26884  24.621  -47.093  -31.238 0.4000000060
26179  28.044  -47.862  -28.854 0.5000000000
27585  24.852  -46.448  -30.746 0.4000000060
28309  29.597  -45.992  -28.286 0.6000000238
27557  28.746  -46.626  -28.204 0.6000000238
24679  24.735  -50.040  -32.919 0.4000000060
26210  24.611  -48.272  -31.785 0.4000000060
26191  26.920  -48.657  -30.105 0.5000000000
26202  26.248  -48.532  -30.649 0.5000000000
107498  25.762  -47.809  -30.669 0.5000000000
26871  26.624  -47.877  -29.915 0.5000000000
26872  26.000  -47.105  -30.113 0.5000000000
26859  28.019  -47.139  -28.556 0.5000000000
26870  27.358  -47.520  -29.156 0.5000000000
116064  26.695  -47.022  -29.462 0.5000000000
27584  25.511  -46.430  -30.202 0.5000000000
28327  24.911  -45.225  -30.014 0.4000000060
29087  30.056  -45.186  -28.799 0.6000000238
107581  29.288  -44.996  -28.147 0.6000000238
27558  27.937  -46.321  -28.307 0.6000000238
27570  27.305  -46.760  -28.837 0.5000000000
27572  26.184  -46.416  -29.607 0.5000000000
28310  28.660  -45.718  -28.016 0.6000000238
27559  27.170  -46.064  -28.585 0.6000000238
27571  26.753  -46.429  -29.115 0.5000000000
110630  28.422  -44.884  -27.929 0.6000000238
30576  26.772  -42.393  -28.060 0.5000000000
124495  26.889  -43.070  -27.965 0.6000000238
107518  26.067  -43.094  -28.241 0.5000000000
29865  27.406  -43.555  -27.902 0.6000000238
29866  26.458  -43.744  -28.191 0.6000000238
29091  26.069  -44.380  -28.577 0.5000000000
29100  25.422  -44.672  -29.274 0.5000000000
28311  27.788  -45.544  -28.116 0.6000000238
28325  26.471  -45.847  -29.032 0.5000000000
28326  25.659  -45.658  -29.621 0.5000000000
29101  24.713  -44.549  -29.778 0.5000000000
31237  27.482  -41.785  -28.338 0.5000000000
30575  27.617  -42.724  -28.048 0.6000000238
29090  26.917  -44.475  -28.122 0.6000000238
28313  26.189  -45.088  -28.808 0.5000000000
29864  28.414  -43.356  -28.128 0.6000000238
112187  33.065  -46.406  -33.020 0.4000000060
27589  31.884  -47.020  -31.845 0.4000000060
28360  32.408  -45.980  -33.105 0.4000000060
109363  28.005  -44.177  -27.861 0.6000000238
120274  35.506  -45.714  -33.440 0.5000000000
26902  34.423  -47.028  -32.830 0.5000000000
27597  33.938  -46.334  -33.111 0.5000000000
24634  28.914  -50.097  -29.559 0.5000000000
24677  26.128  -50.689  -32.406 0.4000000060
24666  25.859  -50.023  -32.063 0.4000000060
118180  22.943  -47.968  -32.621 0.4000000060
25481  25.175  -49.673  -32.353 0.4000000060
25466  26.040  -49.083  -31.147 0.4000000060
24689  24.052  -50.496  -33.377 0.4000000060
28312  26.981  -45.345  -28.377 0.6000000238
26894  23.285  -47.261  -32.213 0.3000000119
27591  23.417  -46.483  -31.784 0.3000000119
26904  22.538  -47.336  -32.616 0.3000000119
27600  22.878  -46.752  -32.275 0.3000000119
27601  22.205  -46.639  -32.559 0.3000000119
22825  36.886  -52.190  -23.485 0.3000000119
22927  34.229  -52.256  -29.591 0.5000000000
23672  38.462  -50.819  -23.155 0.3000000119
23717  39.438  -51.362  -24.324 0.3000000119
23719  33.732  -51.299  -24.508 0.4000000060
23776  33.451  -51.548  -28.106 0.4000000060
23788  36.331  -51.278  -29.548 0.6000000238
24528  38.262  -50.287  -22.727 0.3000000119
24530  36.328  -50.686  -22.271 0.4000000060
24563  33.671  -50.557  -24.717 0.4000000060
24590  33.666  -50.496  -26.247 0.5000000000
24633  29.697  -50.210  -29.580 0.5000000000
25329  36.613  -49.359  -21.667 0.3000000119
25331  35.279  -48.860  -21.883 0.4000000060
25350  39.264  -48.990  -23.161 0.3000000119
25396  33.877  -49.577  -25.425 0.6000000238
25438  29.174  -48.960  -28.954 0.5000000000
25439  28.521  -48.538  -28.952 0.5000000000
26075  35.650  -48.341  -21.614 0.4000000060
26092  38.967  -48.473  -22.855 0.3000000119
26107  33.805  -48.076  -23.894 0.5000000000
26119  40.213  -48.421  -24.041 0.3000000119
26176  35.698  -48.561  -28.132 0.6000000238
26768  34.662  -47.502  -22.040 0.4000000060
26854  35.998  -47.218  -28.642 0.6000000238
27495  33.588  -46.645  -23.788 0.5000000000
27509  33.630  -46.593  -24.605 0.5000000000
27556  29.454  -46.897  -28.325 0.6000000238
27588  39.532  -45.760  -32.005 0.5000000000
27605  40.147  -46.084  -33.239 0.5000000000
28215  37.920  -45.268  -21.912 0.4000000060
28236  39.121  -45.186  -22.980 0.4000000060
28249  40.115  -45.039  -23.987 0.4000000060
28288  41.914  -45.330  -26.048 0.3000000119
28322  37.254  -44.725  -29.877 0.6999999881
28339  25.080  -45.885  -30.291 0.4000000060
28344  39.485  -44.886  -32.491 0.5000000000
28345  38.773  -44.360  -31.937 0.6000000238
28355  38.614  -45.206  -33.530 0.5000000000
28365  39.581  -45.402  -33.397 0.5000000000
28993  35.276  -44.670  -21.474 0.6000000238
29103  38.131  -44.016  -31.475 0.6000000238
29114  38.949  -44.448  -32.597 0.5000000000
29800  33.848  -43.989  -22.557 0.6000000238
29813  33.712  -43.486  -23.218 0.6000000238
29876  29.404  -43.530  -29.233 0.6999999881
30518  40.576  -42.693  -23.661 0.4000000060
30531  34.154  -43.018  -24.830 0.6999999881
30539  43.433  -42.298  -26.181 0.3000000119
30542  35.446  -42.059  -26.211 0.8000000119
30603  28.014  -42.696  -33.220 0.8999999762
31144  35.678  -41.997  -21.304 0.6999999881
31161  40.207  -41.479  -22.878 0.4000000060
31238  26.451  -41.626  -28.224 0.5000000000
31259  28.296  -41.701  -33.337 0.8999999762
31832  42.740  -40.644  -24.702 0.4000000060
31891  28.109  -41.027  -33.118 0.8999999762
31892  27.806  -41.110  -32.651 0.8999999762
32396  35.615  -39.726  -21.632 0.6000000238
32433  41.064  -39.499  -23.014 0.4000000060
32458  34.403  -39.065  -25.538 0.6999999881
33022  38.952  -38.867  -21.883 0.5000000000
33025  36.506  -38.670  -21.736 0.6000000238
33042  36.027  -38.238  -22.090 0.6000000238
33060  41.213  -38.150  -22.896 0.4000000060
33082  44.773  -39.094  -25.336 0.3000000119
33729  37.706  -38.071  -21.895 0.6000000238
33749  35.516  -37.750  -22.695 0.6000000238
33764  34.930  -37.588  -23.339 0.6000000238
33786  46.731  -37.606  -25.584 0.3000000119
33813  26.403  -37.803  -28.863 0.6000000238
34518  40.200  -36.622  -22.664 0.5000000000
34522  36.781  -37.105  -22.670 0.6000000238
34537  41.229  -36.221  -23.127 0.4000000060
34539  38.404  -36.024  -23.265 0.5000000000
34553  43.573  -36.469  -24.379 0.3000000119
34595  47.646  -36.309  -26.191 0.3000000119
34604  33.788  -36.784  -27.794 0.8000000119
34648  35.283  -37.162  -33.855 1.0000000000
35438  40.572  -35.514  -23.424 0.4000000060
35453  41.792  -34.930  -24.165 0.3000000119
35455  39.326  -35.347  -24.286 0.5000000000
35481  34.965  -35.852  -25.611 0.6999999881
35518  41.305  -35.709  -28.518 0.3000000119
35566  34.616  -36.132  -33.956 1.0000000000
36406  40.962  -34.638  -26.277 0.4000000060
36439  41.476  -35.379  -27.985 0.3000000119
36441  39.168  -34.847  -28.693 0.6000000238
36447  28.365  -34.332  -28.231 0.6999999881
36457  40.079  -34.791  -29.606 0.6000000238
36462  30.230  -34.193  -29.305 0.8000000119
36484  30.621  -34.585  -30.963 0.8999999762
36499  34.210  -35.053  -34.070 1.0000000000
39160  34.553  -31.679  -28.353 0.5000000000
39213  34.306  -31.727  -34.536 1.0000000000
39963  33.748  -30.475  -29.486 0.6000000238
41917  36.295  -28.528  -25.244 0.4000000060
41918  35.116  -28.960  -25.860 0.4000000060
41925  33.916  -27.927  -26.898 0.4000000060
41945  40.248  -27.977  -29.149 0.3000000119
41965  33.617  -28.886  -29.539 0.5000000000
42002  34.867  -28.320  -34.781 0.8000000119
42013  35.003  -27.568  -34.772 0.6999999881
42777  35.983  -27.249  -24.739 0.3000000119
42778  35.135  -26.808  -24.866 0.4000000060
42787  34.129  -26.873  -25.841 0.4000000060
42838  28.122  -27.286  -31.530 0.5000000000
42849  31.270  -27.060  -32.426 0.6999999881
43575  34.658  -26.050  -24.963 0.3000000119
45352  34.420  -24.581  -24.888 0.3000000119
45430  34.039  -24.424  -34.004 0.6000000238
45431  33.537  -23.896  -33.959 0.6000000238
46307  32.359  -22.944  -33.537 0.3000000119
46322  29.935  -22.772  -33.155 0.4000000060
47093  32.709  -22.403  -28.086 0.3000000119
47925  32.917  -21.310  -27.094 0.3000000119
48768  34.016  -20.429  -24.972 0.4000000060
48790  32.764  -20.569  -27.473 0.3000000119
48836  30.755  -20.503  -32.835 0.3000000119
50493  31.947  -18.515  -29.642 0.3000000119
51314  31.609  -17.823  -30.232 0.3000000119
52169  32.785  -16.097  -27.024 0.4000000060
52214  31.041  -16.819  -31.445 0.3000000119
52952  33.436  -15.463  -25.796 0.3000000119
52965  33.092  -15.597  -26.467 0.3000000119
52974  32.661  -15.405  -27.658 0.4000000060
52989  32.455  -15.887  -28.376 0.4000000060
53011  30.804  -16.012  -31.956 0.3000000119
53023  30.857  -15.248  -32.170 0.3000000119
53028  30.176  -15.316  -33.580 0.3000000119
55369  32.240  -12.443  -29.843 0.3000000119
105810  40.412  -35.370  -27.101 0.5000000000
106394  37.023  -40.290  -21.338 0.5000000000
107084  31.098  -14.039  -32.473 0.3000000119
107415  37.168  -25.440  -24.557 0.3000000119
108393  33.996  -48.815  -23.603 0.5000000000
108437  28.479  -50.567  -30.055 0.5000000000
108705  34.265  -40.076  -24.010 0.8000000119
109112  34.551  -39.613  -22.603 0.6000000238
109227  27.615  -44.888  -27.994 0.6000000238
109458  37.070  -43.052  -21.355 0.5000000000
109530  36.630  -45.217  -21.409 0.5000000000
111154  34.347  -33.251  -34.260 1.0000000000
113650  37.800  -48.931  -21.997 0.3000000119
113785  30.395  -14.158  -33.990 0.3000000119
113976  32.477  -28.272  -32.620 1.0000000000
114373  27.251  -39.508  -29.546 0.6999999881
114512  34.575  -42.174  -21.794 0.6999999881
115088  34.629  -49.501  -22.617 0.5000000000
116162  31.606  -21.639  -32.656 0.3000000119
116313  32.654  -19.941  -27.757 0.3000000119
116327  35.534  -50.502  -22.356 0.5000000000
116822  32.805  -14.023  -27.579 0.4000000060
117017  41.741  -36.058  -31.437 0.3000000119
118661  33.205  -17.124  -25.999 0.3000000119
120019  33.348  -26.367  -28.726 0.3000000119
121035  39.158  -35.854  -23.239 0.5000000000
121048  46.268  -39.003  -25.622 0.3000000119
121070  33.357  -23.675  -26.536 0.3000000119
121236  42.468  -43.017  -25.779 0.4000000060
121706  38.608  -35.478  -24.671 0.6999999881
121769  35.129  -44.195  -21.477 0.6000000238
122431  39.652  -42.806  -22.865 0.4000000060
122702  44.624  -38.498  -25.074 0.3000000119
122875  40.260  -47.021  -24.244 0.3000000119
123949  33.621  -45.972  -24.804 0.6999999881
124592  22.419  -48.670  -32.906 0.3000000119
124709  39.068  -44.870  -33.345 0.5000000000
124772  39.968  -45.429  -32.699 0.5000000000
124840  31.694  -33.126  -31.998 1.0000000000
124944  35.111  -28.125  -34.734 0.6999999881
125116  38.824  -36.205  -22.919 0.5000000000
125213  41.827  -38.120  -23.294 0.4000000060
125922  29.903  -32.793  -29.006 0.8000000119
126083  34.460  -46.978  -22.130 0.4000000060
126105  28.018  -42.018  -31.850 0.8000000119
126474  42.603  -43.381  -26.141 0.4000000060
126587  39.780  -39.738  -22.226 0.4000000060
126910  27.643  -40.393  -32.092 0.8999999762
